line_hom_a line_hom_b line_hom_c centroid_x centroid_y centroid_z point1_x point1_y point1_z point2_x point2_y point2_z
0.16097507719575516 0.9869584715284735 -326.53620386661794 302.54172037718513 281.50579288679694 1.0 276.88565911568656 285.690352380686 1.0 328.19778163868375 277.3212333929078 1.0
-0.07375626276734595 0.9972762975738441 -114.84449243300074 396.91103391199397 144.5127767461068 1.0 389.40586170131485 143.95771145975465 1.0 404.41620612267315 145.06784203245894 1.0
-0.9998731169126254 -0.015929534689736916 433.20545560465575 430.01421222175094 203.76018364539283 1.0 430.5421282940723 170.62367972476503 1.0 429.48629614942956 236.89668756602066 1.0
-0.9989409680596121 -0.046010241600377574 597.2146966794348 589.4145207297818 183.09803339883328 1.0 590.3377203023533 163.05419440431652 1.0 588.4913211572103 203.14187239335004 1.0
-0.9945811583716934 -0.10396306753852719 406.47500147260575 392.53880283954766 154.50971791167962 1.0 393.1918062150573 148.26264509041704 1.0 391.885799464038 160.7567907329422 1.0
0.17018588525637457 -0.9854119770225569 127.37467798262706 225.6078997721685 168.2240139064092 1.0 235.7375254408931 169.97345409177862 1.0 215.4782741034439 166.47457372103977 1.0
-0.9996543315240667 -0.02629101491329756 594.2012712979019 592.2695824235209 81.26037755957651 1.0 594.391154848411 0.592549741687538 1.0 590.1480099986308 161.92820537746547 1.0
0.9993672911177842 0.03556708371376116 -202.45080025952223 196.19673972900534 179.32861748621224 1.0 195.7960725669331 190.58660140253332 1.0 196.59740689107755 168.07063356989113 1.0
0.9988055066747225 -0.048862663008178646 8.698632725412544 4.627343107906853 272.6099578451885 1.0 5.151857661883182 283.33160076413674 1.0 4.102828553930524 261.88831492624024 1.0
-0.9941400153156417 -0.10810009226737866 612.3082754435344 586.7563694175869 268.1800612387784 1.0 587.1812798264235 264.27238242474243 1.0 586.3314590087504 272.08774005281447 1.0
-0.9994079336892636 -0.03440613432160674 595.51532489272 587.8864930935666 231.84527246471745 1.0 588.4474813436043 215.5500356167344 1.0 587.325504843529 248.14050931270052 1.0
0.9999012367746717 0.014054063344173974 -9.20649060651559 4.648108922577691 324.3788386692171 1.0 4.314110987867798 348.14171349182504 1.0 4.982106857287586 300.61596384660913 1.0
0.998640853653472 0.05211953006565663 -460.7164635931329 449.44077284789114 228.0631946348048 1.0 448.9202859279233 238.03603018066215 1.0 449.961259767859 218.09035908894745 1.0
-0.9993297097792456 -0.03660780179864172 596.3356042336942 583.3415944075512 365.6329343634685 1.0 586.7322469784199 273.073980175342 1.0 579.9509418366824 458.19188855159507 1.0
-0.10326157209629057 0.9946542352637938 -112.26938342256769 429.25185059179717 157.43622134016053 1.0 417.800841429775 156.24741706402347 1.0 440.7028597538194 158.6250256162976 1.0
0.9972547095135843 0.07404758168216376 -310.6669595919622 300.16187418718437 152.99779796992067 1.0 299.41657738613685 163.03527290084168 1.0 300.9071709882319 142.96032303899966 1.0
0.9932466966147933 0.11602154827358926 -341.15254289556947 325.4588312684643 154.2095767578091 1.0 324.5608936226132 161.89671430922778 1.0 326.35676891431535 146.52243920639043 1.0
0.9999924526101789 0.0038851927467179375 -482.89828641481273 481.908761228319 255.6275594336631 1.0 481.8601872513217 268.1297989767694 1.0 481.9573352053164 243.1253198905568 1.0
0.9995989977966935 0.028316843112290865 -418.26656327195417 413.4063761303472 177.49026575333903 1.0 413.2112747481236 184.37744400855996 1.0 413.60147751257085 170.6030874981181 1.0
0.013430583483340164 0.9999098056461376 -172.45088914023398 340.63864745818194 167.89105617322548 1.0 335.6395493610454 167.95820303382817 1.0 345.6377455553184 167.82390931262276 1.0
-0.9999988078018556 -0.0015441485898636522 408.20759236325347 407.8616094130361 224.37555837933093 1.0 407.9060051223147 195.62466183896527 1.0 407.8172137037575 253.12645491969656 1.0
-0.9999989602056221 -0.0014420775550537386 19.513370930568342 19.190723815763388 223.7515368579926 1.0 19.287162651980942 156.87667593041834 1.0 19.094284979545833 290.62639778556684 1.0
-0.9414223024117815 -0.33722996385508286 474.09507270590024 437.14649908876095 185.49837128171438 1.0 442.690489057568 170.02158582256388 1.0 431.6025091199538 200.9751567408649 1.0
-0.9989958340927121 -0.0448031635647124 597.6434853417016 588.8272019078153 209.97543224237074 1.0 589.0814757895207 204.30577571966953 1.0 588.5729280261098 215.645088765072 1.0
-0.9983183766413842 -0.05796911988387718 342.75525885739484 334.11119066241037 158.8072649027357 1.0 334.5132586948829 151.88302823532672 1.0 333.70912262993784 165.73150157014467 1.0
0.9989730736121459 0.0453078160795925 -443.717983361985 434.33667697705295 216.90160837741934 1.0 433.939357705662 225.6619346983675 1.0 434.7339962484439 208.14128205647117 1.0
0.9999216028487858 0.01252150774927103 -239.46517384241548 237.01875705900534 196.8611470844126 1.0 236.69009324891354 223.10703139530935 1.0 237.3474208690971 170.6152627735159 1.0
-0.9999592839091604 -0.009023886295771708 20.773114857706133 19.736192997136428 114.9976193386709 1.0 19.956192163874793 90.61896450839146 1.0 19.516193830398063 139.37627416895035 1.0
-0.6583030263621982 0.7527530308689372 -15.128218083064244 221.28666545277972 213.61840211869668 1.0 208.62888090310128 202.5488248013191 1.0 233.94445000245815 224.68797943607422 1.0
0.012942187244675166 0.9999162463873281 -288.8384722409774 271.2302881528192 285.35205833104544 1.0 265.6062303415043 285.42485203705024 1.0 276.85434596413415 285.2792646250407 1.0
0.9999999999115027 1.330393795533227e-05 -137.08668278375188 137.08368941002777 224.99998614646853 1.0 137.08281633887827 290.6250027647757 1.0 137.08456248117724 159.37496952816136 1.0
-0.999941349847211 0.010830367756333732 206.70132455144812 208.7235897604626 185.59143916502006 1.0 208.4934579436984 164.343931723417 1.0 208.95372157722682 206.83894660662313 1.0
0.9999957479596304 0.002916172604552138 -4.736398633956913 4.118548941427173 211.87607475689632 1.0 3.961789385298005 265.6310854639125 1.0 4.275308497556342 158.12106404988015 1.0
0.10343759553082874 -0.994635945374387 297.1370678462457 41.19554060388708 303.0236710372017 1.0 61.792771952806206 305.16568902401644 1.0 20.598309254967965 300.881653050387 1.0
-0.9996686152727492 -0.025742176261229606 491.8636937279861 485.1387514750287 267.4874787554142 1.0 485.76683741344556 243.0964640269852 1.0 484.51066553661184 291.8784934838432 1.0
-0.9999799386893844 -0.006334210193485698 88.15895553112941 86.73154506053575 225.6240913080306 1.0 87.15914582397183 158.11888195389676 1.0 86.30394429709968 293.1293006621644 1.0
-0.07892076104998436 -0.9968808923212898 413.65615347957004 110.09771245513443 406.2342465806131 1.0 152.0560959512168 402.91249813158106 1.0 68.13932895905207 409.55599502964515 1.0
-0.9995766678768447 -0.029094415894190984 446.1645060820018 440.04143249920884 216.85801425381766 1.0 440.29695897432083 208.07906837376794 1.0 439.78590602409685 225.63696013386735 1.0
-0.009818969213910586 0.999951792759819 -153.99189191452194 459.983885301516 158.51610114695308 1.0 435.5866891081576 158.27653427976725 1.0 484.3810814948745 158.7556680141389 1.0
-0.9999839080342149 0.005673065539793989 17.499638029970193 19.450105112741262 343.7566653629566 1.0 19.19832665085034 299.37600229561775 1.0 19.701883574632184 388.1373284302954 1.0
-0.9984092452637016 -0.05638243495953339 318.2124893880386 309.71813185460354 159.39437743421996 1.0 310.2850330216593 149.35580129352203 1.0 309.1512306875478 169.43295357491792 1.0
0.027359408195923706 0.9996256613268634 -155.93123601292288 528.1157021201341 141.53528507475798 1.0 519.338065362642 141.77552595325344 1.0 536.893338877626 141.29504419626252 1.0
0.9996156055532365 -0.027724377981057258 -393.09317837474987 397.52687685376475 154.40892336837803 1.0 397.7015288114176 160.70608258794553 1.0 397.3522248961119 148.11176414881052 1.0
-0.35788447981889704 -0.9337658695330202 430.4712535406739 186.1235164873723 389.6699885191721 1.0 219.39193999665477 376.91919859367533 1.0 152.85509297808986 402.42077844466877 1.0
0.9999959816671272 -0.0028348985164226765 -195.2754760218071 195.88400248272336 214.37780938868053 1.0 195.92298218069013 228.12769888474855 1.0 195.84502278475657 200.6279198926125 1.0
-0.02982617550019067 0.9995551006598044 -158.99508463206618 317.5062643284972 168.5400655583014 1.0 311.8303691342107 168.37069996147363 1.0 323.18215952278376 168.70943115512915 1.0
0.6632584332551897 -0.7483904400216982 20.056349193569364 220.44023262296042 222.16370442233745 1.0 232.36527847652587 232.73223497318574 1.0 208.51518676939494 211.59517387148912 1.0
0.9999999266833607 -0.000382927242658398 -553.6711615719742 553.7504202443572 206.87499983907696 1.0 553.7695666967321 256.8752318369224 1.0 553.7312737919822 156.87476784123152 1.0
-0.02445611764994975 -0.9997009044256647 171.76896358738813 316.88278702857986 164.06831297287243 1.0 323.1443293948475 163.91513414098213 1.0 310.62124466231217 164.2214918047627 1.0
-0.022888773010487827 -0.999738017717679 150.3858505739554 528.7544541128242 138.31954716613848 1.0 536.9038009290904 138.13296973669642 1.0 520.605107296558 138.50612459558053 1.0
-0.13552652688041308 0.9907737181171757 -133.99068103621178 365.59119567597384 185.24712826761487 1.0 355.6909474952685 183.89288740852658 1.0 375.49144385667915 186.6013691267032 1.0
0.9999185252045906 -0.012764910993674189 0.008063022942142098 4.6834749321266305 367.5040407435374 1.0 4.915125611587721 385.65001966059856 1.0 4.451824252665541 349.3580618264762 1.0
-0.9999575835414647 -0.00921038098640229 431.017860879822 428.3822684915439 288.12736964133467 1.0 428.670080688877 256.88002061376955 1.0 428.09445629421083 319.37471866889985 1.0
0.009521898845540522 0.999954665693588 -129.42901607819974 510.6268809076653 124.57252597944644 1.0 496.86622573886154 124.7035594863253 1.0 524.387536076469 124.44149247256757 1.0
0.02969975935813751 0.9995588648469227 -172.33809309307915 536.844186902819 156.46297124602194 1.0 485.5837307994663 157.98606634767071 1.0 588.1046430061717 154.9398761443732 1.0
0.9990415516558809 0.04377188669694012 -629.1555470706788 614.3683263371738 351.2770912759611 1.0 608.9756958580709 474.3575049362269 1.0 619.7609568162766 228.1966776156952 1.0
-0.6807495102226968 0.7325162826392042 -35.377474239825204 178.0837293334954 213.79440904437828 1.0 160.27868830944732 197.24764654382952 1.0 195.8887703575435 230.34117154492705 1.0
0.9999592363799907 0.009029151585045372 -64.01197168950736 63.01575040807877 110.6183700788737 1.0 62.778693887083605 136.8718730221447 1.0 63.25280692907395 84.36486713560268 1.0
-0.07120338256321729 0.9974618179717739 -66.83345473609332 106.36803025057236 74.59655792922416 1.0 60.75239962942871 71.3403057705359 1.0 151.983660871716 77.85281008791242 1.0
0.9996491857905027 0.026485946242964256 -350.5491513486023 344.2815770306133 241.1978461587408 1.0 343.93363249818924 254.33018681016614 1.0 344.6295215630373 228.06550550731544 1.0
-0.025207920747558506 -0.9996822298768668 308.09495888733284 98.76771099943718 305.7023733368585 1.0 109.40170940122495 305.43422713906625 1.0 88.13371259764943 305.9705195346507 1.0
-0.979709813462237 0.20042125986478782 274.0324066499201 310.03467091483157 148.24576484011743 1.0 309.24813003138934 144.40095405149415 1.0 310.8212117982738 152.09057562874074 1.0
-0.08382869999064635 0.9964801799623906 -287.48506105012314 40.72581665010837 291.9265823500256 1.0 20.657527573819074 290.23834146161647 1.0 60.79410572639766 293.6148232384348 1.0
-0.18956369551332122 0.9818684256779687 -48.34718663291217 166.9526924968594 81.47258217747464 1.0 154.43655591186933 79.05616359984094 1.0 179.46882908184946 83.88900075510834 1.0
0.9994527982481458 0.03307724405012185 -393.4473474003087 386.2177102232528 224.95756216605446 1.0 385.120574628999 258.10830586383776 1.0 387.31484581750664 191.8068184682712 1.0
0.02027975301283532 0.9997943446618102 -296.67313306807534 101.23084790133277 294.6807991547646 1.0 88.08590132088324 294.9474302588929 1.0 114.37579448178231 294.41416805063625 1.0
-0.9996514143648432 -0.02640169991437058 214.4106594697169 208.4584615495666 228.19983428770826 1.0 208.92033024113476 210.71203265847973 1.0 207.99659285799848 245.6876359169368 1.0
0.9771117769997947 0.21272652690321336 -274.6543671685793 227.16165722221857 247.69847644780646 1.0 225.44453140560955 255.58571027061237 1.0 228.87878303882758 239.81124262500055 1.0
0.9999033587719688 0.013902270193586454 -346.9787240584394 344.8662776674331 154.34707150034427 1.0 344.7272684008219 164.3451387691789 1.0 345.00528693404436 144.3490042315096 1.0
0.9952092739637037 -0.09776758673833327 -183.67435841435264 222.32654888779007 384.4534384153278 1.0 223.05629295540285 391.88174965770304 1.0 221.59680482017725 377.02512717295264 1.0
-0.6846024519835884 0.728916650062309 -33.20733344666783 217.2506223984711 249.60006362876933 1.0 208.547054651378 241.42562582417827 1.0 225.9541901455642 257.7745014333604 1.0
0.11318368818222105 0.9935740801417224 -79.57563556121379 30.594256786263852 76.60512312287156 1.0 0.41629131001626796 80.04286722540515 1.0 60.772222262511434 73.16737902033798 1.0
0.1537914287084317 -0.9881033328836714 133.64179096236128 184.06005689704745 163.89849592763136 1.0 195.2339263862701 165.6376311939137 1.0 172.88618740782482 162.15936066134904 1.0
0.9408301934719897 0.3388783661602762 -516.4706906784098 469.14559658944916 221.5672517646455 1.0 465.9969898904305 230.30874884918916 1.0 472.2942032884679 212.82575468010188 1.0
0.9998487949640048 0.017389284316139224 -416.15841395580674 411.35196004031104 279.98003338768234 1.0 411.0149046082853 299.3600412948629 1.0 411.68901547233673 260.60002548050176 1.0
0.9999967897090104 0.0025338847000383425 -413.13756927261716 412.5703569250825 224.3735945938867 1.0 412.4974999481089 253.12657734815804 1.0 412.6432139020561 195.62061183961538 1.0
-0.34782471888974653 -0.937559579402434 428.22563655222586 338.69205321966194 331.09380477852505 1.0 349.4583345845581 327.09962790539265 1.0 327.9257718547658 335.0879816516574 1.0
0.9999970317948399 0.0024364731703611243 -5.546492336427206 5.270906317781681 113.11500045617392 1.0 5.203896083973549 140.6178827875554 1.0 5.337916551589813 85.61211812479243 1.0
-0.10194763399622685 -0.9947897666957434 89.57419517536859 41.95125762874813 85.74411053731694 1.0 63.29732602409743 83.55653157251133 1.0 20.605189233398832 87.93168950212257 1.0
-0.9380380542028243 -0.3465322623759286 516.2107312363338 461.34360813908495 240.8228029519052 1.0 463.95366312947914 233.7575707343759 1.0 458.73355314869076 247.88803516943454 1.0
-0.9999372363221299 0.011203723330251367 83.12055031318752 86.78114507818725 326.24404882397806 1.0 86.56400811077418 306.8644789525824 1.0 86.99828204560032 345.62361869537375 1.0
0.2553061069564452 -0.9668602751953067 48.15221174487757 178.99415200032232 97.06729531430196 1.0 197.44767434376485 101.940074835817 1.0 160.5406296568798 92.19451579278692 1.0
-0.9942936255769886 0.10667795525302828 525.8477053835454 547.4337929174577 173.06504699988932 1.0 547.0218081439202 169.22513618428084 1.0 547.8457776909952 176.90495781549777 1.0
0.6579580220722759 -0.753054607044362 22.15643132364564 178.4530467891732 185.33987272134084 1.0 195.8540763823531 200.54348067493422 1.0 161.05201719599327 170.13626476774746 1.0
-0.9990765181446104 -0.04296639258818328 340.02172255142574 324.9054384483647 358.7996909106382 1.0 325.90158016532274 335.63689463644624 1.0 323.90929673140664 381.96248718483025 1.0
0.18883945949867204 -0.9820079727457662 387.9288509557416 34.18554430168721 401.6102125541938 1.0 68.12282168826086 408.1363277145605 1.0 0.24826691511355747 395.08409739382716 1.0
-0.1445480353680465 0.9894977844701008 -130.96826534075734 229.95248085640458 165.95029039352107 1.0 211.84861214287295 163.30563701867453 1.0 248.05634956993623 168.59494376836764 1.0
-0.03679371879645429 0.9993228818840922 -204.52982646482124 628.114148595735 227.79472575584361 1.0 618.0587448635957 227.42449937154666 1.0 638.1695523278742 228.16495214014054 1.0
-0.05043468023905355 -0.9987273617104843 293.03776022836405 279.43433760975904 279.3000266714091 1.0 290.7186845877547 278.7301790299396 1.0 268.1499906317634 279.86987431287855 1.0
-0.05989692274389329 -0.9982045675340361 193.3052477123548 461.2709735423408 165.974531909202 1.0 473.17810702859003 165.26004844787204 1.0 449.36384005609153 166.68901537053196 1.0
-0.9999614526079376 -0.008780278937677407 88.72468164601621 87.75123882603019 111.2522060320093 1.0 87.97627298416266 85.62369408497577 1.0 87.52620466789772 136.88071797904283 1.0
0.9997538126619124 0.02218815152214243 -348.9711210810018 344.14713720409236 221.23107189119608 1.0 343.9937081277887 228.14427977400413 1.0 344.3005662803961 214.31786400838803 1.0
-0.9722677557011349 -0.2338705009698279 629.2079260130042 585.0670827530108 258.11748929341456 1.0 587.3697379171726 248.5446814389427 1.0 582.764427588849 267.69029714788644 1.0
-0.9998392707883799 -0.01792854119444183 412.10589346447784 407.1516560094883 279.9825465568916 1.0 407.49936745408667 260.59136723886775 1.0 406.80394456488995 299.3737258749154 1.0
0.9999996804270775 -0.0007994659108847949 -196.672384637352 196.77238082492605 125.00008204055848 1.0 196.79186700134417 149.37406712931175 1.0 196.75289464850792 100.62609695180521 1.0
0.07355527881591115 -0.9972911415220299 76.9163336385703 113.66638187814067 85.50872708993076 1.0 136.8496569327399 87.21861118446358 1.0 90.48310682354145 83.79884299539793 1.0
-0.02091027912979637 -0.9997813562108037 156.7620907821239 42.50590569763726 155.90736860715742 1.0 63.14801976134716 155.47564184588117 1.0 21.863791633927367 156.33909536843368 1.0
-0.052271265421705876 -0.9986329229557844 146.07518485483803 508.10821555855875 119.6793363297905 1.0 519.3601022292941 119.09038082758241 1.0 496.8563288878234 120.2682918319986 1.0
-0.0037186251778534877 -0.9999930858894909 167.35321873303192 437.5003810302946 165.72746465881735 1.0 448.12988235528775 165.68793725426536 1.0 426.87087970530143 165.76699206336934 1.0
0.9994957352954533 0.031753348267558 -255.8136257322042 249.41133715237135 205.58644269783326 1.0 248.37735303887564 238.13301709666865 1.0 250.44532126586705 173.03986829899785 1.0
-0.6619086594414153 0.7495845026122595 -13.769545299885888 180.7116351052067 177.9441023300285 1.0 166.12260057439187 165.06148768793886 1.0 195.30066963602152 190.8267169721181 1.0
0.061727495816864146 0.998093039881643 -163.40955368098057 221.1368513273274 150.04546032449787 1.0 211.7205605074581 150.6278149036489 1.0 230.55314214719675 149.4631057453468 1.0
-0.0026810124038663704 0.999996406079787 -127.71865719379605 353.125225600716 128.66585271855877 1.0 344.3736128674764 128.642389451942 1.0 361.8768383339557 128.6893159851755 1.0
-0.9922512914971632 -0.12424723144686807 168.8593187528324 134.63365592860106 283.8606491910075 1.0 135.81839296709364 274.3992161849005 1.0 133.44891889010844 293.3220821971144 1.0
-0.9998770654967685 -0.01567972874673594 385.7654151823899 382.25482195985506 226.89075727288179 1.0 382.5881288933388 205.63618304239077 1.0 381.9215150263713 248.14533150337283 1.0
0.03673068808425149 0.9993252005993131 -113.66091692487092 476.89646900407774 96.20910331866136 1.0 463.165019726476 96.7138094744331 1.0 490.62791828167957 95.7043971628896 1.0
-0.9875319361587465 0.15741878879777205 311.17939869950106 353.26256943192016 239.35307056910713 1.0 351.84037703297304 230.43126127271643 1.0 354.68476183086733 248.27487986549784 1.0
-0.006995236401346571 -0.9999755330345285 168.96188463457125 501.2575866426878 165.45951761034146 1.0 528.131271559382 165.27152523177085 1.0 474.38390172599367 165.64750998891208 1.0
-0.9588313609516286 0.2839760927536819 500.1760358452243 582.2763391357238 204.69603019939422 1.0 579.4716579740555 195.22616170025108 1.0 585.0810202973921 214.16589869853732 1.0
-0.15416530945380014 0.988045068486764 -128.75538037634587 260.47591405053885 170.95549146346616 1.0 250.42797921367077 169.38770570864244 1.0 270.5238488874069 172.5232772182899 1.0
0.04883962295212666 -0.9988066335532089 249.0738465487224 228.09932692419775 260.52503350486813 1.0 236.85894380957484 260.9533610424666 1.0 219.33971003882067 260.0967059672696 1.0
-0.9999480644580606 -0.010191584105444613 400.937814815426 398.69726912812735 221.87446256097215 1.0 398.977588052869 194.37094953235305 1.0 398.41695020338574 249.37797558959124 1.0
0.9994170097808741 -0.03414147859505079 -383.1113250176146 389.09840479282275 168.71674713500647 1.0 389.5050555400813 180.62055712140736 1.0 388.69175404556427 156.81293714860556 1.0
0.9999946282713801 0.0032777169469629538 -62.72585505292145 61.99076249616456 224.37128227054117 1.0 61.76950436143198 291.8746542133002 1.0 62.212020630897136 156.86791032778217 1.0
0.012168449411815507 -0.9999259616786195 136.5776942414584 398.1227766286672 141.43270254844043 1.0 405.6292708127592 141.52405170651795 1.0 390.61628244457523 141.34135339036288 1.0
0.06095658864452634 -0.9981404181280418 291.31528807916374 412.565439313129 317.05345671286693 1.0 424.5484233951445 317.78525939128286 1.0 400.58245523111344 316.32165403445094 1.0
-0.9990919920660952 -0.04260506295502278 407.1685564948588 399.9427848286026 178.12256012859802 1.0 400.15675120932013 173.10503209978265 1.0 399.72881844788503 183.1400881574134 1.0
0.008744104605788424 -0.9999617695865392 121.99093991860033 353.12427003638334 125.08347746770204 1.0 361.87906587338335 125.16003324506211 1.0 344.3694741993833 125.00692169034197 1.0
-0.16489266747017697 -0.9863115168214196 317.3172183989639 434.9385731186529 249.00757286424823 1.0 440.81722050727296 248.02477398935517 1.0 429.0599257300329 249.99037173914127 1.0
0.9999370703312994 0.011218528301790109 -139.17151571044855 137.8971030388034 114.37244317059049 1.0 137.60247788358942 140.63316174484186 1.0 138.1917281940174 88.11172459633912 1.0
-0.05291840426123932 0.9985988396200168 -91.28359524947395 275.6042439207095 106.01667841479534 1.0 270.552190386895 105.74895668245931 1.0 280.656297454524 106.28440014713136 1.0
0.029657532086778522 -0.9995601186474588 172.61314418736816 471.2375087194795 186.67099881414805 1.0 481.87169110056095 186.98652121175064 1.0 460.60332633839806 186.35547641654546 1.0
0.2754039274223453 -0.9613285997827941 43.28880753229818 260.952477736744 119.78853515604169 1.0 272.7541459980344 123.1695078952584 1.0 249.15080947545366 116.40756241682496 1.0
-0.048301924765585036 -0.9988327808316764 176.81385237345702 541.9143819970336 150.81437809782295 1.0 549.4270373936589 150.45107833161444 1.0 534.4017266004083 151.1776778640315 1.0
0.9702543208456599 -0.242087903209407 -31.843925879911875 95.9933172773577 253.18904483935756 1.0 97.27763873457529 258.33642488891854 1.0 94.70899582014013 248.04166478979658 1.0
0.1844803182307203 -0.9828362082185882 108.94599363542441 232.59259890873187 154.50667062364118 1.0 240.7810445136031 156.0436582095377 1.0 224.40415330386068 152.96968303774466 1.0
-0.9999972425271234 0.002348390544514125 245.9411991369412 246.45999469631002 220.62597459721852 1.0 246.3425685991928 170.6233148640399 1.0 246.57742079342725 270.6286343303971 1.0
0.06627984975977524 -0.9978010731181951 272.933544311618 567.5012079474614 311.2318151176013 1.0 583.1815684809269 312.2733974212656 1.0 551.8208474139959 310.1902328139369 1.0
0.9162322948103342 0.4006474534382928 -517.6514670922597 475.71264202963084 204.14002563418398 1.0 472.9167337380872 210.53392992099808 1.0 478.5085503211744 197.74612134736992 1.0
0.028954895963296163 0.9995807191016415 -114.60870194678127 290.0001833051327 106.25632805852894 1.0 281.8639059690544 106.4920119400732 1.0 298.136460641211 106.02064417698469 1.0
-0.8464761223562622 -0.5324266844183395 372.20151798558857 213.68770538353974 359.3358171864237 1.0 219.58012449029215 349.96778169393 1.0 207.79528627678732 368.70385267891737 1.0
-0.9998814385174493 -0.015398341088452635 356.66511514696356 352.28005929686014 287.4869877721045 1.0 352.848102189783 250.60148551879934 1.0 351.71201640393735 324.37249002540966 1.0
-0.9998116711454763 -0.019406757619183035 163.1229919851485 160.86101004100703 118.11744954418083 1.0 161.32206912061818 94.36426738318225 1.0 160.39995096139592 141.8706317051794 1.0
0.10021876829029336 -0.9949654257723615 320.6032237086097 227.4236558483575 345.13293978154024 1.0 234.35424747475176 345.8310297234908 1.0 220.49306422196327 344.4348498395897 1.0
-0.21091646029355166 -0.9775040904145817 395.5654184915891 388.31528005793155 320.8818635335219 1.0 399.96681653336856 318.3678067081043 1.0 376.6637435824945 323.39592035893946 1.0
0.17962601569767636 0.9837349716689847 -429.0406541101636 148.29505468342535 409.0563168726248 1.0 135.53573202688048 411.3861174365997 1.0 161.05437733997022 406.7265163086499 1.0
0.9999995145174262 -0.0009853755183381302 -237.736607922259 237.8679011616393 133.12463747902615 1.0 237.88637755049155 151.875235132834 1.0 237.84942477278707 114.37403982521829 1.0
0.07977153105323825 0.996813173485093 -94.40312406047748 446.2196306711905 58.99550938940873 1.0 325.5670543866795 68.65092024446702 1.0 566.8722069557015 49.340098534350446 1.0
-0.14708347378762934 -0.98912408308491 310.902110604038 221.88629843616056 281.3259810400164 1.0 235.6116192840917 279.28501580250315 1.0 208.16097758822943 283.3669462775297 1.0
0.9998082728791671 0.019581049062218976 -406.1340398623374 401.8178429582233 224.3616400880394 1.0 401.2542768236772 253.13732426325365 1.0 402.3814090927695 195.5859559128251 1.0
-0.019728219697959373 -0.9998053797352507 100.49209469019956 478.1092651741077 91.07757560909245 1.0 489.37954211950085 90.85518982867742 1.0 466.83898822871447 91.29996138950747 1.0
-0.9999873782234145 -0.005024280432220938 210.09663445318802 209.46805340188786 125.634888177003 1.0 209.59364305018858 100.63865939748511 1.0 209.3424637535871 150.6311169565209 1.0
-0.9640095856767908 -0.2658674833883637 321.3107045235631 267.9441965561065 236.99750647945467 1.0 271.0484503303108 225.74178480725965 1.0 264.8399427819021 248.25322815164967 1.0
0.9999929247907504 -0.003761697547694519 -233.8325848070216 235.1649468216508 353.74937951555546 1.0 235.1861150646286 359.376650964066 1.0 235.14377857867296 348.12210806704485 1.0
-0.9999391931272902 -0.011027694588816257 377.256355818288 374.04664738222186 293.1213788074203 1.0 374.2535560953292 274.3598752157827 1.0 373.8397386691145 311.88288239905785 1.0
-0.21389595031736217 0.9768564492482161 3.4901206229537247 176.7117363982215 35.120620017995655 1.0 168.10087977872095 33.23515633385652 1.0 185.322593017722 37.00608370213479 1.0
-0.048072189332362424 0.9988438639811497 -259.54781966113336 226.89818043320207 270.76835700038 1.0 218.1383907357509 270.3467673165137 1.0 235.65797013065327 271.1899466842462 1.0
-0.9996933658711337 -0.024762355163506184 342.254892880756 336.5078131206592 236.2563860182307 1.0 336.710861732853 228.05900942706236 1.0 336.3047645084653 244.45376260939904 1.0
0.9995256586009685 0.030797042038158255 -369.6656191810661 362.7559060273305 229.95011303140546 1.0 361.77471595230946 261.79488093908463 1.0 363.73709610235164 198.1053451237263 1.0
-0.17612949683148804 0.9843670049051251 -396.7915191883264 39.73991207190252 410.20360078464455 1.0 0.17770702795262938 403.12486771739117 1.0 79.30211711585241 417.2823338518979 1.0
-0.9998819636367703 -0.015364204954248699 419.86940424122787 417.0282015076474 188.12735409723186 1.0 417.39335337734985 164.3637575043122 1.0 416.663049637945 211.89095069015153 1.0
0.04820115574387596 0.9988376487622774 -141.0705541078161 41.21360743363786 139.24586319857696 1.0 20.606435850903903 140.24030858029738 1.0 61.82077901637182 138.25141781685653 1.0
0.9999977393089409 -0.0021263529827497338 -136.43245251941866 137.13578681686926 330.62444547392045 1.0 137.18628758604268 354.37433809121654 1.0 137.08528604769586 306.8745528566244 1.0
0.26695237324025145 -0.9637097231124098 45.31158042343445 223.94514689920175 109.05178846219303 1.0 237.5192246853071 112.81187533549516 1.0 210.3710691130964 105.2917015888909 1.0
0.9999992912409869 -0.0011905954493513947 -61.42383836006615 61.82273172710843 335.0000622304119 1.0 61.8562189722852 363.1265106059884 1.0 61.78924448193167 306.8736138548354 1.0
0.999971599547673 -0.00753658397871993 -181.5519487208677 183.083308993468 202.50031421669576 1.0 183.17280338646188 214.3746397155312 1.0 182.99381460047414 190.6259887178603 1.0
0.9994358282712443 0.033586085925152186 -535.9860218064191 526.7742660717638 283.12161483181444 1.0 526.1015132882043 303.1410132504653 1.0 527.4470188553234 263.10221641316366 1.0
0.3651030430332604 -0.9309671143321084 104.48791766945601 538.073796531489 323.25556244321444 1.0 549.5236635531601 327.7459265254488 1.0 526.6239295098179 318.76519836098004 1.0
0.9999416060247882 -0.010806689621121704 -137.6994648247285 140.78089272937177 284.380069792718 1.0 140.86201115902628 291.8859476952735 1.0 140.69977429971723 276.87419189016254 1.0
5.481607588495146e-05 0.9999999984975989 -170.22973188892186 185.00001203712623 170.21959116996157 1.0 175.62497780524888 170.2201050725502 1.0 194.37504626900358 170.2190772673729 1.0
0.045184362047520736 -0.9989786651507421 250.12652014567723 258.11676760520663 262.05700958006275 1.0 266.9053261397921 262.4545209830141 1.0 249.32820907062109 261.6594981771114 1.0
-0.999996237816817 -0.0027430552695817258 173.32135787566145 172.78710999452753 195.0007875615464 1.0 172.8196883560254 183.12416251013533 1.0 172.75453163302964 206.87741261295744 1.0
-0.014710003134764626 -0.9998918020504896 201.20661402434612 290.0012799848413 196.96200517177436 1.0 298.1245218632794 196.84249932799082 1.0 281.8780381064031 197.08151101555788 1.0
-0.25310730405253606 0.9674382112751476 -44.71291937951829 354.48355277277403 138.96008467104662 1.0 350.6677080785252 137.96175924624094 1.0 358.2993974670228 139.95841009585226 1.0
-0.00637889056767286 -0.9999796546705966 399.7739505287247 236.88390509311665 398.27099697551773 1.0 248.14142077884563 398.19918505385743 1.0 225.6263894073877 398.3428088971781 1.0
0.07445291390925972 0.997224530188874 -420.03709363478464 106.92896494302886 413.22280804246566 1.0 79.34938434344744 415.28190313877786 1.0 134.50854554261028 411.1637129461535 1.0
0.9914750580527907 -0.1302966202908401 -59.240108265228294 90.7938062361275 236.22781600064187 1.0 92.37033121813299 248.22417626360604 1.0 89.21728125412201 224.2314557376777 1.0
0.9939677857214293 0.1096724256503827 -438.1166548254809 421.75131556658346 172.4173916508774 1.0 420.84304976791884 180.6490591770716 1.0 422.65958136524813 164.18572412468322 1.0
-0.9999544922879294 -0.009540091885787898 284.4720330230311 282.3562056077917 223.1295909546381 1.0 282.427753040827 215.63027355478704 1.0 282.2846581747565 230.6289083544892 1.0
-0.021503367361857994 -0.9997687758637498 206.5320824514648 468.13061660089414 196.51113594703543 1.0 476.8900071433652 196.32273599171776 1.0 459.3712260584231 196.69953590235312 1.0
-0.9976047153770115 -0.06917247904732039 256.9574484490371 248.07791303349327 136.95840826313517 1.0 249.45804885893176 117.05410490028622 1.0 246.6977772080548 156.86271162598413 1.0
-0.19503058025040684 -0.9807971618878134 328.61342492491406 180.69772188196202 299.11571400927977 1.0 193.32002729027357 296.6057806167906 1.0 168.0754164736505 301.62564740176896 1.0
0.9999894206015403 -0.004599857062533643 -188.1444001928115 189.10661344327912 208.74835961178002 1.0 189.16124939219316 220.62598323264496 1.0 189.0519774943651 196.87073599091508 1.0
-0.27314302619006997 0.9619734337515412 -37.40506557158663 374.2409954774062 145.145779188672 1.0 357.6396542496332 140.43198936592825 1.0 390.8423367051792 149.85956901141577 1.0
0.02585534401285055 -0.9996656947129761 318.844034182497 373.12884695767514 328.60126202092215 1.0 380.6399874043416 328.79553008594075 1.0 365.61770651100863 328.4069939559035 1.0
0.9996188376866352 0.027607595730532192 -533.9814831582611 527.884416921419 228.13561687371063 1.0 527.1930610162657 253.16830690157664 1.0 528.5757728265721 203.10292684584462 1.0
0.99968747557722 0.024999023461828675 -552.2870035496471 545.3016553065833 286.2419141714041 1.0 544.7237335601528 309.3524621755043 1.0 545.8795770530137 263.1313661673039 1.0
-0.999109677226455 0.04218830255472452 271.82998860679555 282.075237470723 236.89293597890952 1.0 281.91383496653145 233.07057778715335 1.0 282.2366399749145 240.71529417066571 1.0
0.3144072421430142 0.9492881996991347 -435.4657439479891 173.7333500273104 401.18766947523284 1.0 159.8502484192685 405.78579646170454 1.0 187.6164516353523 396.5895424887612 1.0
-0.2236541815935218 0.974668562669245 -46.44406807316929 223.23923832308608 98.87715774473453 1.0 219.13184604735528 97.93464713846615 1.0 227.3466305988169 99.81966835100292 1.0
-0.24551425367533164 0.9693929808092511 -67.75681978531988 317.12917786587735 150.21416091353518 1.0 311.39698777601194 148.762392229731 1.0 322.86136795574276 151.66592959733933 1.0
-0.29347163545272664 0.9559677814574621 -28.60754574243955 275.0529387197101 114.36345829344904 1.0 227.61100672713548 99.79930493916841 1.0 322.4948707122847 128.92761164772966 1.0
0.9995397308660422 0.03033688217731183 -369.6994516498957 361.39029281406545 279.37925800639954 1.0 361.20019936601017 285.6424577906773 1.0 361.5803862621208 273.11605822212175 1.0
-0.055473361160720706 0.9984601675587926 -257.98645389596635 257.4548177051115 272.6882321673165 1.0 250.53173917312648 272.3035934523963 1.0 264.3778962370965 273.0728708822367 1.0
0.593146687092157 -0.8050944091170915 118.1748568648487 185.83119528483059 283.6934552270666 1.0 190.45774124890968 287.10202493044153 1.0 181.2046493207515 280.28488552369157 1.0
-0.29536231353474357 0.9553853168975353 -27.977000870103158 199.7682609363561 91.04286516934852 1.0 179.00254255122604 84.62303589631733 1.0 220.53397932148619 97.46269444237971 1.0
-0.9999965030826089 -0.002644583625816548 355.0143308441668 354.45028130868695 213.75350482950464 1.0 354.4883058076478 199.37529964773142 1.0 354.41225680972605 228.13171001127785 1.0
-0.040382526389471075 0.9991842930923222 8.556537500985973 417.4421005330653 8.307605711231687 1.0 400.5441824303451 7.624668010521483 1.0 434.34001863578555 8.990543411941891 1.0
0.9998730711478565 0.01593240701693973 -199.93584615013194 195.14134355309514 302.4823341919452 1.0 195.07148946888452 306.8661801254335 1.0 195.21119763730576 298.0984882584569 1.0
-0.9995216496002436 -0.030926881194323918 541.8652452514318 534.6976597602927 240.02932218709913 1.0 535.2585391377442 221.9023381871763 1.0 534.1367803828413 258.1563061870219 1.0
0.09961795964913298 0.9950257595235129 -55.229055041309216 193.17904711644218 36.16484515721238 1.0 185.62957210562453 36.92066809928367 1.0 200.72852212725985 35.40902221514111 1.0
0.2933036814300735 -0.956019325358837 37.012924550099015 291.66133630921865 128.19643386853693 1.0 299.39239589905924 130.5682983056961 1.0 283.930276719378 125.82456943137775 1.0
0.9990953698465364 -0.04252577984249892 -225.36650579899162 237.03715648682453 269.3947006031024 1.0 237.3569415860922 276.9076918570557 1.0 236.71737138755688 261.88170934914916 1.0
-0.9871933743106541 0.1595281847108675 322.08467700124123 354.65267235996623 175.68112734987528 1.0 353.62067273823175 169.29490042255298 1.0 355.6846719817007 182.06735427719755 1.0
0.9999261844329044 -0.012150131087903842 -527.3003442615817 529.5264327943125 179.9981599358727 1.0 529.6860760255448 193.13640889152498 1.0 529.3667895630801 166.85991098022043 1.0
-0.01642059418575305 0.9998651729541271 -148.1685103509422 410.6158532238807 154.93195566086143 1.0 404.3470154730326 154.829003739435 1.0 416.8846909747288 155.03490758228787 1.0
0.011052346942861838 -0.999938920948202 99.23411500424098 286.2510598104387 102.40411577631957 1.0 298.13151652218244 102.53543072633005 1.0 274.3706030986949 102.2728008263091 1.0
0.052453215134509894 -0.9986233825732567 384.39831904273046 265.5854361068189 398.87823178445683 1.0 279.36308144377773 399.60190980714066 1.0 251.80779076986008 398.15455376177295 1.0
-0.9994966388308895 -0.03172489504717755 288.9761077626148 282.5353737558566 207.5011227938628 1.0 282.7948959086486 199.32484611802158 1.0 282.2758516030646 215.677399469704 1.0
-0.9999944199838988 -0.0033406587772110818 72.13112450527264 71.3256016796359 241.24607671405113 1.0 71.87890217720816 75.62083718914248 1.0 70.77230118206364 406.87131623895976 1.0
-0.272823386902571 0.9620641348470537 -36.45936304245772 338.2803994867053 133.82701078826057 1.0 327.2115822524502 130.68810133568536 1.0 349.34921672096027 136.96592024083577 1.0
0.03686199872138002 -0.9993203655736559 143.87742135674932 561.86298402803 164.70075025550022 1.0 566.8561899932813 164.88493498569036 1.0 556.8697780627787 164.5165655253101 1.0
-0.4158558260103643 0.9094305536835882 -177.3355942029482 590.8342420667364 465.16741081474913 1.0 573.0514433088196 457.0358603227448 1.0 608.617040824653 473.2989613067534 1.0
-0.007957133831543768 -0.9999683415094635 169.0679297991823 581.2505812656343 164.44804731133883 1.0 588.12514596828 164.39334374813401 1.0 574.3760165629886 164.5027508745436 1.0
-0.9993999907138663 -0.03463608755509215 141.34341759049997 133.80294754555828 220.02349554809274 1.0 134.172234740557 209.36797278832856 1.0 133.43366035055956 230.67901830785695 1.0
0.36703542042544435 0.9302069663000366 -437.4240608974106 215.6809238446366 385.1417322333711 1.0 210.71433839707362 387.10141738287706 1.0 220.64750929219957 383.18204708386514 1.0
0.9181923652288722 0.396134800838565 -248.34973287544997 131.1974265458195 322.8326751719032 1.0 128.7279733844538 328.55656773134615 1.0 133.6668797071852 317.10878261246023 1.0
0.07849716169781622 -0.9969143371450663 170.14183205720175 441.2177168222783 205.40999651481962 1.0 449.3415615027732 206.04966907818044 1.0 433.09387214178344 204.77032395145878 1.0
0.999920816852847 -0.012584117940291987 -270.044586223398 271.83565985935354 140.61762940363 1.0 272.04043250861537 156.88864940602872 1.0 271.63088721009166 124.34660940123125 1.0
-0.9999911425928657 -0.004208887717093249 88.30913240585382 86.77102824246472 365.6245623906707 1.0 86.84994418816338 346.8748945419672 1.0 86.69211229676608 384.3742302393742 1.0
-0.9999437450617494 -0.010606918114270057 138.69739536299883 135.20476560288017 329.9955423573965 1.0 135.3307156697753 318.12187837460016 1.0 135.07881553598506 341.86920634019293 1.0
-0.07297792817999521 0.9973335560375753 -272.5547025441411 566.8922231246079 314.76462472230185 1.0 550.6832774317413 313.5785668909108 1.0 583.1011688174743 315.9506825536929 1.0
0.038737690064367246 -0.9992494139945627 152.40504972515959 113.07545213680135 156.90310081560514 1.0 136.83819844942306 157.8243061611822 1.0 89.31270582417962 155.9818954700281 1.0
-0.999275170250243 -0.038067494287749554 579.2741330981133 573.1220041910451 172.52369531605956 1.0 573.3844342249893 165.6348831744967 1.0 572.859574157101 179.4125074576224 1.0
0.12236738767142644 -0.9924848726476747 147.17753788201884 363.7481603143257 193.13992113411038 1.0 371.9033080980674 194.1454015780679 1.0 355.59301253058396 192.13444069015287 1.0
-0.10579800192876469 -0.994387642113417 434.46733961547534 105.63094431228595 425.68087015416404 1.0 133.34915196734394 422.73178786195143 1.0 77.91273665722794 428.62995244637665 1.0
-0.23490718226411333 0.9720178062776087 -373.1436817748216 31.940334646641574 391.60465305151433 1.0 25.749800843407957 390.10858904627014 1.0 38.13086844987519 393.1007170567585 1.0
0.9999976807631776 -0.0021537103486349227 -298.97142956274644 299.42171081121376 208.74989939820915 1.0 299.4419075969897 218.12754804426126 1.0 299.40151402543773 199.37225075215707 1.0
-0.019962190855991217 0.999800735614967 -295.8858816846163 127.50517836690167 298.4906429447078 1.0 116.8719384300153 298.278337874831 1.0 138.13841830378806 298.7029480145847 1.0
0.8466379356867296 0.5321693394551337 -328.17891791686634 185.3961918375107 321.7311785580809 1.0 176.15983377138875 336.4254695414198 1.0 194.63254990363268 307.036887574742 1.0
0.3272029784536903 0.9449540787207779 -419.1701401889717 225.20981279248355 365.6059341359362 1.0 214.75611996095566 369.2256649856579 1.0 235.6635056240114 361.98620328621456 1.0
0.19568885682298814 -0.9806660345475986 -11.069046682783338 192.93305263891978 27.211916076819122 1.0 199.3035369881888 28.483126413263868 1.0 186.56256828965078 25.940705740374373 1.0
0.029205676685243653 -0.9995734232408127 277.2866815182732 178.14004918219302 282.6099370304346 1.0 183.17227584721772 282.75696933598454 1.0 173.10782251716833 282.4629047248846 1.0
-0.0743435268910942 -0.9972326910051601 287.00470017592835 463.08980272196806 253.2778690996298 1.0 469.3515953441395 252.81105352850804 1.0 456.8280100997966 253.74468467075155 1.0
-0.9043153092625056 -0.4268651091778983 531.1140657892922 480.3061585166439 226.68953594260532 1.0 484.60840397095296 217.57521306897053 1.0 476.0039130623348 235.8038588162401 1.0
-0.9999875685066804 -0.004986264342891641 209.69249023593977 208.09635689162832 320.6248571761145 1.0 208.15868442108058 308.12516796151573 1.0 208.03402936217608 333.1245463907133 1.0
0.9997699899814935 0.0214468443460658 -551.7243506904445 546.715760597868 239.39839875470926 1.0 546.3935569685974 254.41830163691947 1.0 547.0379642271384 224.3784958724991 1.0
-0.06521619386410862 0.9978711580449046 -144.42649297755048 560.6169018269319 181.3739099195879 1.0 554.271463978643 180.95920176660604 1.0 566.9623396752207 181.78861807256973 1.0
-0.04154325126846583 -0.9991367064991883 310.2898199004052 128.73255060378065 305.20533298462084 1.0 135.64756967597677 304.9178123951221 1.0 121.81753153158455 305.4928535741196 1.0
-0.9999777733642283 0.006667291618037444 281.9611933091923 282.91335736075564 141.86807681479297 1.0 282.80496071410187 125.61046524314446 1.0 283.02175400740936 158.12568838644148 1.0
1.0 0.0 -176.875 176.875 196.875 1.0 176.875 208.125 1.0 176.875 185.625 1.0
0.044121110399955275 0.9990261896552437 -206.75360737986128 580.003965008571 181.33977895997384 1.0 573.0597018596918 181.64646621623464 1.0 586.94822815745 181.03309170371307 1.0
0.15770088406604024 0.987486927085513 -60.47032099940646 186.9945658372542 31.373693971589432 1.0 179.486428151762 32.572737643171266 1.0 194.50270352274643 30.1746503000076 1.0
-0.785494561807769 -0.6188685590417573 283.94061500444144 104.41329500301757 326.28017153076325 1.0 121.2708460615612 304.8838435247232 1.0 87.55574394447395 347.67649953680336 1.0
0.50366110677777 -0.8639013193180062 -58.886317552337005 456.9205054584499 198.22492003081072 1.0 473.32199117214134 207.78711221947293 1.0 440.51901974475845 188.6627278421485 1.0
-0.9993081415365973 -0.03719191119950382 543.8660998904412 533.5893060188874 286.244019345958 1.0 534.1726211478251 270.5709458568855 1.0 533.0059908899498 301.9170928350306 1.0
0.3980880793371672 0.9173471976790714 -443.76992565227505 339.7566254528264 336.31417195609623 1.0 328.5330068161902 341.1847256543858 1.0 350.98024408946264 331.4436182578067 1.0
0.8063564427539733 0.5914298667037016 -297.4831739126234 112.88902816576052 349.07668746184316 1.0 97.44826827469541 370.1286446255404 1.0 128.32978805682563 328.0247302981459 1.0
-0.08513010300180558 -0.9963698437643033 408.09631861189297 304.9808210094517 383.5255274909542 1.0 310.61806904538525 383.04387952765103 1.0 299.3435729735181 384.0071754542573 1.0
-0.9996179756189841 -0.02763879193097955 313.16898207043744 307.6549914785105 203.75428541435838 1.0 308.36344239451176 178.1315927783315 1.0 306.94654056250926 229.37697805038528 1.0
0.9985587866922618 0.053668887818529125 -359.2270725067424 343.28526062543233 306.25861342330836 1.0 342.37730295941634 323.15199694954276 1.0 344.1932182914483 289.3652298970739 1.0
-0.09916583873540233 0.9950709203006107 -260.3628451278 246.8744684086743 286.2553342065819 1.0 231.8369569077317 284.75674007619193 1.0 261.9119799096169 287.75392833697185 1.0
-0.22360592339608099 0.9746796350710248 -173.88536810739302 289.42087910609996 244.80001678975339 1.0 283.0747314000574 243.34411664907367 1.0 295.76702681214255 246.25591693043313 1.0
0.9999060027856922 0.01371078382658422 -305.6273960833907 300.91695439243955 345.6204332544089 1.0 300.71119447567736 360.6261819049188 1.0 301.12271430920174 330.6146846038991 1.0
-0.027560400974185013 -0.9996201400022622 339.27608640631286 560.6476761156234 323.9474663311498 1.0 573.1726188342006 323.60214271301834 1.0 548.1227333970463 324.2927899492813 1.0
-0.11251030596697308 -0.9936505578175951 432.10349246924176 169.3818683382453 415.68565869317564 1.0 177.06641889184021 414.81554280867135 1.0 161.6973177846504 416.5557745776799 1.0
0.9988677500303811 0.04757329029238968 -413.452797940848 400.3752020830857 284.4226368408613 1.0 399.7189809609055 298.20091687585403 1.0 401.0314232052659 270.64435680586854 1.0
0.9994519416633122 -0.033103116249610626 -290.3919547100769 298.4592155969632 238.75963114832842 1.0 299.1009218497379 258.13407781604235 1.0 297.8175093441884 219.3851844806145 1.0
0.3742375505853933 0.9273328721294448 -437.8829249081555 199.109725809939 391.84267024731673 1.0 187.91701825889243 396.35963668322415 1.0 210.30243336098556 387.32570381140937 1.0
0.9980434869877582 0.06252358020232368 -540.0130576509695 528.6602555090822 198.11937785332123 1.0 528.4189210676644 201.97172070802398 1.0 528.9015899505 194.2670349986185 1.0
-0.2957458985175077 -0.9552666452410407 423.7635368627245 359.1551582880499 332.4149057748177 1.0 365.21164330038863 330.53984752720146 1.0 353.0986732757112 334.289964022434 1.0
-0.12631250703600608 -0.991990499231862 48.73398653074859 176.99786484580034 26.589914422043442 1.0 185.76488592189762 25.473588799754875 1.0 168.23084376970303 27.706240044332006 1.0
-0.999966767641399 0.008152521868251814 240.0129314390344 241.62596399377338 196.8719348434567 1.0 241.44249680784912 174.368335117907 1.0 241.8094311796976 219.37553456900636 1.0
0.16738267602130677 -0.9858920020813366 378.1763356497642 45.106768763311166 391.24612685540285 1.0 50.78044991397634 392.20939253956004 1.0 39.433087612646 390.28286117124566 1.0
0.9984141093219883 0.05629623705702542 -381.9938264033027 364.6308212836632 318.69394257836564 1.0 364.2364752859124 325.68767126595515 1.0 365.025167281414 311.70021389077607 1.0
-0.9508809440416796 -0.3095568288027324 525.9307550067025 473.8663878524868 243.38095550113258 1.0 476.9253894121052 233.98446987978483 1.0 470.80738629286844 252.77744112248033 1.0
-0.9942915375114236 0.10669741530688136 272.35922888195336 296.24960665161444 208.05797346623552 1.0 295.3071032788257 199.27497600613327 1.0 297.1921100244032 216.84097092633777 1.0
-0.9999999430277284 0.0003375567211260802 331.34916735484694 331.4553055382036 314.37471972476897 1.0 331.4502420452445 299.3742994880597 1.0 331.4603690311627 329.3751399614783 1.0
-0.1439681058880179 -0.9895823283017015 430.01737538890416 291.90438526957007 392.07698323301946 1.0 296.9788365587875 391.338733246499 1.0 286.8299339803527 392.81523321953995 1.0
0.7590306250229193 0.6510549210913903 -278.8497483154912 124.46258438766287 283.2001250934005 1.0 115.19428040633359 294.0055523099828 1.0 133.73088836899214 272.39469787681816 1.0
0.26991273456211295 -0.9628847883943346 44.76295270852325 362.34323125611087 148.05925571289333 1.0 368.0457366563622 149.65776349387482 1.0 356.64072585585956 146.46074793191187 1.0
-0.06784365010131346 -0.9976959652824755 431.73017673751536 142.49405359144654 423.03755323360633 1.0 151.9105118783629 422.3972310077564 1.0 133.07759530453018 423.67787545945623 1.0
0.9997829693502152 0.020833007398521376 -253.0185101308677 249.9348102051666 150.6236416057087 1.0 249.80436090880963 156.8839468207242 1.0 250.06525950152357 144.36333639069326 1.0
-0.33064243119934567 -0.943756103392495 418.25965172426555 177.42183803640773 381.0269015007367 1.0 194.59730345514518 375.0095230460515 1.0 160.24637261767032 387.04427995542187 1.0
-0.9999989388750874 -0.0014567939797425944 215.9438518023039 215.60355503735434 233.74996875907436 1.0 215.62085444750693 221.8749939607777 1.0 215.58625562720175 245.62494355737107 1.0
-0.17376210938486525 0.9847876569809971 -380.3967495346828 45.633859512496215 394.3247891768002 1.0 39.35866897839146 393.2175552098954 1.0 51.90905004660097 395.43202314370507 1.0
1.0 0.0 -213.125 213.12499999999994 230.0 1.0 213.12499999999994 241.875 1.0 213.12499999999994 218.125 1.0
-0.9979055153839176 -0.0646883479952743 585.5698289335734 570.8753931958415 245.6412315188548 1.0 571.4454614421982 236.84715554050345 1.0 570.305324949485 254.4353074972061 1.0
0.13344778601285512 0.9910558452520559 -320.75565736720256 99.41062676948712 310.26458376869783 1.0 89.34073324472197 311.6205164365722 1.0 109.48052029425227 308.9086511008235 1.0
0.22998536235613817 -0.9731940880944129 61.72674441646474 382.9365174213268 153.92257306897403 1.0 387.951826580578 155.10779162756285 1.0 377.9212082620757 152.7373545103852 1.0
-0.9999631324374696 0.008586836777521862 372.76986378317974 374.7210583660318 225.62202834373767 1.0 374.3989716912577 188.11406020970458 1.0 375.0431450408058 263.12999647777076 1.0
-0.9999115209527408 -0.013302265445276086 401.5138923077074 397.87438937489117 276.2466660159537 1.0 398.0822188822897 260.6244308638595 1.0 397.6665598674927 291.8689011680478 1.0
0.07259775237489013 0.9973613018109908 -85.03489905897919 36.25877874788246 82.62060405632278 1.0 10.633072006128597 84.48589470785635 1.0 61.884485489636326 80.75531340478919 1.0
-0.7981777965979853 -0.6024219493162455 278.1423428407276 56.39594692214703 386.9851529379936 1.0 60.9889367198976 380.89967998879814 1.0 51.80295712439646 393.07062588718895 1.0
-0.9999936610471474 0.0035605990399251853 184.3757516967557 185.11129724950558 206.2496037126082 1.0 185.06900748026484 194.37252890196788 1.0 185.15358701874632 218.12667852324853 1.0
-0.3789622697681028 -0.9254121233765028 446.7875634642272 337.04017026883275 344.7783398081892 1.0 342.198848956158 342.6658274096913 1.0 331.88149158150753 346.89085220668704 1.0
-0.9999591241617966 0.009041570968191406 189.20810035093953 191.12595479268538 211.25112160939193 1.0 191.0185394324684 199.3714416398416 1.0 191.23337015290235 223.13080157894223 1.0
-0.14465637113074328 -0.9894819524838666 326.9690734502437 319.9874916606685 283.66444015961895 1.0 330.65853646603654 282.10439693311724 1.0 309.31644685530046 285.2244833861206 1.0
0.3502823434183971 0.9366441586265919 -425.7249931221904 181.7535161440225 386.5501559243372 1.0 160.65016836512797 394.44229943036595 1.0 202.85686392291703 378.6580124183085 1.0
-0.9991562883071259 -0.04106959381741646 581.2499355182061 569.5889445311357 295.63379403462307 1.0 570.001402349765 285.5993674713352 1.0 569.1764867125064 305.6682205979109 1.0
-0.999302065214528 -0.03735481840377795 360.2601512991316 354.6688408918492 156.30771017409734 1.0 355.11211976457145 144.44928034078583 1.0 354.225562019127 168.16614000740884 1.0
-0.9782748139343627 0.20731229684147595 81.770910362652 121.99143545883578 181.22532543814765 1.0 117.59362029521253 160.47271270625046 1.0 126.38925062245904 201.9779381700448 1.0
-0.9999525705049068 0.009739442521481095 240.65907971916945 241.9914580964603 135.62386570926452 1.0 241.8087336395725 116.86347054742052 1.0 242.17418255334806 154.38426087110852 1.0
0.9999653309318035 0.008326880235048214 -388.12682920203525 385.81907386734554 278.7516160858783 1.0 385.6890575455469 294.3651244568402 1.0 385.9490901891442 263.13810771491643 1.0
0.9984354159233501 0.05591708352522622 -541.7001700308681 525.1152465659388 311.29145729247654 1.0 524.7275096893926 318.21474808657894 1.0 525.5029834424851 304.36816649837414 1.0
0.1841825357007076 -0.9828920558956906 109.12370758737495 260.6501313365939 159.86588635562947 1.0 270.6503334304755 161.7398078794861 1.0 250.64992924271232 157.99196483177283 1.0
-0.021960032501987106 0.9997588494094523 -152.3714561195284 288.76370637888476 158.750999394257 1.0 283.14141899591436 158.6275039996041 1.0 294.3859937618551 158.87449478890989 1.0
0.9997582717867906 0.021986313785844425 -552.0479005667705 547.5771458585479 209.36295179454598 1.0 547.329859618971 220.60751356711472 1.0 547.8244320981247 198.11839002197723 1.0
0.07872388550067214 0.99689645894229 -94.32092285683488 253.1446624874512 74.62399004907394 1.0 181.84573354370798 80.25439295414908 1.0 324.4435914311944 68.99358714399878 1.0
-0.06894814371696163 -0.9976202451223538 363.9115386561963 352.48572235637573 340.41841479604363 1.0 363.0602127370793 339.6875841156649 1.0 341.91123197567214 341.1492454764224 1.0
0.19973355917123922 -0.9798502463850224 406.9615751766778 38.484967967593214 423.17519063061434 1.0 76.80148203390713 430.9856634633094 1.0 0.16845390127929072 415.36471779791935 1.0
-0.0710351867630578 0.9974738103035776 -72.74223660761801 113.72150330098793 81.02514973198339 1.0 86.80497514473119 79.10828676792133 1.0 140.6380314572447 82.94201269604547 1.0
-0.9995311801084594 -0.030617315215255545 460.148796835856 453.77878758783766 215.00088181206215 1.0 453.9515151321318 209.36202794875592 1.0 453.60606004354344 220.63973567536837 1.0
-0.9999156349863586 0.012989338313670018 176.81796449363407 179.43918351255223 200.63228524970754 1.0 179.29296033296896 189.3760657309006 1.0 179.58540669213548 211.88850476851445 1.0
-0.04568754418960173 0.9989557789541653 -133.91564924785663 111.85572767238617 139.1713884415375 1.0 89.31711839245085 138.1405783404865 1.0 134.39433695232148 140.2021985425885 1.0
1.0 0.0 -244.3749999999999 244.37499999999991 136.25 1.0 244.37499999999991 154.375 1.0 244.37499999999991 118.125 1.0
0.9928936597118722 -0.11900495999732544 -347.89455454568383 369.47623521452044 159.2879558419401 1.0 370.3889838298824 166.90328811988962 1.0 368.5634865991584 151.67262356399056 1.0
0.06783930567873701 -0.997696260695121 260.06242557631515 577.462396227824 299.9280295823741 1.0 583.146112790732 300.31449929313936 1.0 571.7786796649159 299.54155987160885 1.0
0.9997363132628017 0.02296309961005232 -248.52368678828734 243.67961645293377 213.74838334930848 1.0 242.8040495646817 251.86762803929562 1.0 244.55518334118588 175.6291386593213 1.0
-0.008591712179440051 0.9999630905597594 -268.3868634486983 320.00626124375685 271.14627299808285 1.0 310.63195328298974 271.0657286693564 1.0 329.38056920452397 271.2268173268093 1.0
-0.1182234187364828 0.99298702069174 -225.29695126243845 341.93766578670704 267.598654936504 1.0 333.3099625831623 266.57145463346654 1.0 350.5653689902518 268.62585523954135 1.0
0.9999928470647297 0.0037823034484477072 -77.74677668866337 76.8703139331739 231.87261831918195 1.0 76.27932430549367 388.1227469576506 1.0 77.46130356085413 75.62248968071333 1.0
-0.9999499554253292 -0.010004331306099304 142.3843601860035 141.26594091244348 112.50015948615082 1.0 141.54736120344762 84.3717220288859 1.0 140.98452062143934 140.62859694341574 1.0
0.9875772005646268 0.15713456947767643 -516.5298330966109 486.6675131275051 228.51809755014807 1.0 485.56976922347167 235.417323196585 1.0 487.7652570315385 221.61887190371112 1.0
-0.17344517162440284 -0.9848435268813931 250.3410831717137 466.2850863484917 172.0742247052503 1.0 471.9543886366466 171.07577867649545 1.0 460.61578406033675 173.07267073400516 1.0
0.9997391666636902 0.022838534072705665 -455.13587852097464 450.386342319228 213.10527017843532 1.0 450.27250543326875 218.08839182460383 1.0 450.5001792051872 208.12214853226683 1.0
0.9999750761399478 0.007060247793495352 -65.04958619408232 62.306477429064074 388.74863364864075 1.0 62.257908280831295 395.62770349472635 1.0 62.355046577296854 381.8695638025552 1.0
-0.9998851600876333 -0.015154756234529448 143.47644566759988 140.24383794014415 214.36922291845747 1.0 141.13436470542933 155.61377456352395 1.0 139.35331117485896 273.124671273391 1.0
-0.9996475702545579 0.02654685073899989 411.7944209295869 418.06240767640213 230.56027169004264 1.0 417.598001516717 213.0726045575154 1.0 418.5268138360873 248.04793882256988 1.0
-0.9998105307039745 -0.019465423022293125 370.9540793186037 366.9360773164934 209.98902092621628 1.0 367.1674222328791 198.1063568113744 1.0 366.7047324001078 221.87168504105816 1.0
-0.14116041687066022 0.989986735622706 -131.5105959909549 321.1770211051322 178.63681584399626 1.0 310.58905397722896 177.12709677422754 1.0 331.76498823303547 180.14653491376495 1.0
-0.997489795415017 0.07081036677568862 349.9480779216173 373.50508580992846 319.43675395793065 1.0 372.9628059028086 311.7977782225816 1.0 374.0473657170483 327.0757296932797 1.0
0.9978953477963528 0.06484500633353446 -403.65381300662466 384.0777667233576 314.35568525547393 1.0 383.74371188550134 319.4964322066121 1.0 384.4118215612139 309.21493830433576 1.0
0.6517289684031676 -0.7584519442549692 92.76463148620194 166.52819034085843 265.40360099522167 1.0 171.56702192613454 269.7334105974044 1.0 161.4893587555823 261.07379139303896 1.0
-0.4296675004424769 -0.902987175470125 446.3572882496184 156.96334625641333 419.62416509986804 1.0 161.5006199088559 417.4651986360824 1.0 152.4260726039708 421.7831315636536 1.0
0.9169721569568835 0.3989512042416221 -330.7389941048612 215.7316006248217 333.17137921372296 1.0 213.96184366787966 337.239089341786 1.0 217.50135758176376 329.1036690856599 1.0
-0.04822636724311767 0.9988364318057946 -147.60682423568744 113.14953127536432 153.24192251141295 1.0 86.87026384234274 151.9730925391083 1.0 139.42879870838593 154.51075248371757 1.0
0.9997314074054707 0.02317569949487611 -350.26430343301166 345.7364507188248 199.37758364231516 1.0 345.4171990507537 213.14916018125987 1.0 346.0557023868959 185.60600710337044 1.0
-0.7969336830265985 0.604066804962548 -25.08587205213899 248.4385960048042 369.2885547419461 1.0 244.59041214396387 364.21172000779256 1.0 252.28677986564455 374.3653894760996 1.0
0.030546814951295277 -0.9995333371610631 390.48333881965084 117.46545013476559 394.25551858765874 1.0 133.11403602363066 394.7337562207869 1.0 101.81686424590052 393.77728095453057 1.0
-0.03876398740695897 0.9992483941845056 -285.2785896680497 576.9090106232661 307.8732826404796 1.0 570.6441928826588 307.63025066022607 1.0 583.1738283638734 308.1163146207331 1.0
0.999990231829816 -0.004419982460483918 -232.07695313480494 233.42455957471128 304.37367593900024 1.0 233.4742838916714 315.6234561562445 1.0 233.3748352577512 293.1238957217559 1.0
-0.9943706624665866 -0.10595747083505708 505.32218205744255 486.3965033554774 204.4572093283448 1.0 487.72754959335384 191.96584539808237 1.0 485.06545711760094 216.94857325860718 1.0
-0.40629779355976225 0.9137407197605177 -184.50503866228655 553.2190800083512 447.9134193911251 1.0 544.5213209638356 444.0459324418433 1.0 561.9168390528667 451.7809063404069 1.0
0.0520105886243215 0.9986465333995566 -78.4582789710485 573.7789875465122 48.68158498782481 1.0 563.1827292481333 49.2334495493909 1.0 584.3752458448911 48.12972042625873 1.0
0.999944005902407 0.010582299364840711 -427.7143768980553 425.24470639881054 235.62758970137668 1.0 425.08591080587007 250.63252349224058 1.0 425.403501991751 220.6226559105128 1.0
-0.3318087755520227 0.9433466682331938 -123.66134156959534 535.0339459214331 319.2784902804158 1.0 528.133336475956 316.85129903909313 1.0 541.9345553669103 321.7056815217384 1.0
0.9786612934009067 0.2054801031702689 -362.215442431607 303.43700222413094 317.56550810748934 1.0 300.94343888763467 329.4418595518447 1.0 305.9305655606272 305.68915666313393 1.0
-0.9982501005252546 -0.059133212337220964 546.9570898645163 535.8065220056326 204.4227758399309 1.0 536.4727919866835 193.17522054447073 1.0 535.1402520245816 215.67033113539105 1.0
0.011767686020272726 0.9999307583856636 -109.46229915600165 262.5088916073214 106.3805429025613 1.0 255.63484364655702 106.46144014210734 1.0 269.3829395680858 106.29964566301527 1.0
-0.3317130307064212 0.9433803396613483 -108.00993553920416 539.0852533257391 304.04655118421226 1.0 533.4924452994454 302.07999832894814 1.0 544.6780613520327 306.0131040394764 1.0
0.999455092106605 0.033007860611948964 -645.3354702658594 636.1299024057097 289.3916748344792 1.0 634.8914202183261 326.8920552201077 1.0 637.3683845930933 251.89129444885072 1.0
0.9995368643718517 0.030431180747487057 -299.92676382248806 288.74390172028313 371.8748143361601 1.0 288.17184498291476 390.6644828099725 1.0 289.31595845765145 353.0851458623477 1.0
-0.9997837986903133 -0.020793168983273987 398.5151532079927 394.46775520594105 198.75192909174336 1.0 394.6366631779084 190.63044198323885 1.0 394.2988472339737 206.87341620024787 1.0
-0.9999979403671623 -0.0020295963720580357 333.14395269529547 332.62835610716115 254.37652901197114 1.0 332.64865202907947 244.3765702045855 1.0 332.6080601852428 264.3764878193568 1.0
0.9999241638360636 -0.012315298483958726 -375.7885489879793 378.3805162531989 208.13724829304286 1.0 378.61141058830447 226.88440454472882 1.0 378.1496219180933 189.3900920413569 1.0
0.063763295230291 -0.9979650505811187 281.9598291284159 478.0878530119585 313.08139084038663 1.0 523.0242067979011 315.9525234430338 1.0 433.1514992260159 310.2102582377395 1.0
0.16656476852193575 -0.9860305156977821 195.7340562343279 600.6303524558193 299.9683145192192 1.0 611.8761806031808 301.86801106246173 1.0 589.3845243084577 298.0686179759766 1.0
-0.14769059727327133 0.9890336129156907 -129.37945509089465 295.630965865743 174.9600486296423 1.0 284.3524735722232 173.27585181224464 1.0 306.90945815926284 176.64424544704 1.0
-0.07145067748609053 -0.9974441341181864 154.70233575957954 36.87195345559368 152.45747055235412 1.0 49.35268100113921 151.56342906356747 1.0 24.39122591004816 153.35151204114078 1.0
0.9108861022533871 0.41265785915408437 -672.3700596352083 525.892117873143 468.52915530628206 1.0 521.3882713085949 478.47078407045547 1.0 530.395964437691 458.5875265421086 1.0
0.34323229111103976 0.9392505492884561 -421.5740073394275 177.37157819137394 384.0235754475425 1.0 160.46971304966155 390.20005934849377 1.0 194.2734433330863 377.8470915465913 1.0
-0.9943400629784358 0.10624424293127804 210.67831013400237 252.94961091104523 384.39374014903774 1.0 251.87907204002636 374.3745649065889 1.0 254.02014978206412 394.41291539148654 1.0
0.9998999701838469 0.014143890071056594 -373.5107676833428 370.3920090702215 223.1217042722306 1.0 370.0028409385294 250.63388100158164 1.0 370.7811772019136 195.6095275428796 1.0
-0.2589850041613424 0.9658813424119702 -70.346586717556 541.0212120673228 217.89733203731276 1.0 536.0438922498702 216.56274657941756 1.0 545.9985318847755 219.23191749520797 1.0
0.8538685302416408 0.5204887444152662 -239.12344806493124 57.47979012137874 365.12463755367537 1.0 53.85551996054955 371.0702997195354 1.0 61.104060282207925 359.1789753878153 1.0
0.12669556796535683 -0.991941648010575 272.0695545056007 94.97943265714886 286.4110285528577 1.0 100.74978136275573 287.14804529984207 1.0 89.209083951542 285.6740118058734 1.0
-0.14005409316757866 0.9901438536833964 -132.27482971279846 183.63453484541708 159.5663068321614 1.0 161.75526091903544 156.47152231420966 1.0 205.51380877179875 162.6610913501131 1.0
-0.39159778559061564 -0.9201364976570194 449.02480029366063 191.1525651120295 406.6460574475502 1.0 205.124792817505 400.6996642296262 1.0 177.18033740655395 412.59245066547425 1.0
1.0 0.0 -219.375 219.37499999999994 235.625 1.0 219.37499999999994 246.875 1.0 219.37499999999994 224.375 1.0
0.9999958516189914 0.0028804070559870602 -249.37134327767046 248.6540740757983 249.37472369314483 1.0 248.6252649392632 259.3764409726386 1.0 248.68288321233342 239.37300641365107 1.0
0.9985852368232906 0.05317447506626192 -335.23262654069333 316.6381562916923 358.11238811731073 1.0 315.7053850845966 375.629280490557 1.0 317.57092749878797 340.5954957440645 1.0
0.2116143395163342 -0.977353247966704 201.48435402141726 600.506277405145 336.17332727287646 1.0 612.9635744516398 338.8705533701315 1.0 588.0489803586502 333.4761011756214 1.0
-0.999896336600534 -0.014398473975791616 225.22408184187256 221.80045517904446 239.37392655705867 1.0 221.96242121958107 228.12625886265303 1.0 221.63848913850785 250.62159425146433 1.0
-0.9999851021307484 -0.005458526958498732 334.86878310772363 333.7479341171737 206.2499887231549 1.0 333.8673562377045 184.37222897155578 1.0 333.6285119966429 228.12774847475401 1.0
0.14983408520186184 -0.9887111544388084 234.11619782542738 578.1211271467515 324.4005558219686 1.0 582.157295276056 325.01221632226765 1.0 574.0849590174471 323.78889532166966 1.0
0.057543356110105665 0.9983430082730012 -403.2378956311899 108.72207682666965 397.64054954824326 1.0 88.09356109790684 398.8295537449637 1.0 129.35059255543246 396.4515453515228 1.0
-0.9996175372668322 -0.02765464135716422 242.90970875744608 236.2937982914214 242.50121168946737 1.0 236.72621478603062 226.87088382398449 1.0 235.8613817968122 258.1315395549502 1.0
0.8400812873322189 0.5424605337480708 -282.2670130725627 92.60054121243917 376.93992186004596 1.0 88.26313591519714 383.6570428284829 1.0 96.93794650968118 370.222800891609 1.0
0.9998342591880148 0.01820588239975222 -164.367518042418 159.76274737267363 254.38206045327294 1.0 159.5579651420759 265.62833159404096 1.0 159.96752960327134 243.13578931250493 1.0
-0.9971806183232383 -0.07503875292463243 187.22810253893087 166.49415751277905 282.56540489722283 1.0 166.92209897480234 276.878544240901 1.0 166.06621605075574 288.2522655535446 1.0
-0.14367772172708326 -0.9896245309607654 327.2944592979187 293.8321945604393 288.0661403336892 1.0 304.32672650214056 286.5425014253935 1.0 283.337662618738 289.58977924198496 1.0
-0.055333501744203234 0.9984679281703165 -313.5069593585491 226.85781418896084 326.56011016113695 1.0 219.34624720779732 326.1438310870403 1.0 234.36938117012437 326.97638923523357 1.0
-0.28370339348498286 0.9589120838351683 -37.139206632582805 184.16288857580838 93.21693258680591 1.0 161.6035394648587 86.54253145506566 1.0 206.7222376867581 99.89133371854618 1.0
0.9999999571822746 -0.0002926353513972732 -243.49376160119147 243.59399970606748 342.50022854830524 1.0 243.59930372158445 360.6252269961627 1.0 243.5886956905505 324.37523010044777 1.0
0.06592919974200998 -0.9978243034830222 283.25979103821817 33.09598264082959 286.06417150998993 1.0 43.13474824430807 286.72746241233085 1.0 23.057217037351105 285.400880607649 1.0
0.039892279981391304 -0.9992039861799421 258.21515430764566 258.74995171171264 268.7512095034232 1.0 266.88693446367995 269.07607089172313 1.0 250.6129689597453 268.4263481151233 1.0
0.0699255716038625 -0.9975522113833808 270.67111728860044 268.82506278715863 290.1791607118077 1.0 274.46615537372645 290.5745852510797 1.0 263.1839702005908 289.78373617253567 1.0
0.18984884061241927 -0.981813331401708 375.9430560377377 194.2832412629665 420.47453516703854 1.0 210.5300371842123 423.6161052299664 1.0 178.03644534172068 417.33296510411066 1.0
-0.09618830814451691 -0.9953631545201456 55.000783765981836 523.0966686279334 4.706825035015985 1.0 529.3486813726744 4.102653054484406 1.0 516.8446558831923 5.3109970155475645 1.0
-0.01396588943503429 -0.9999024722103093 403.26299840623057 210.6474895811033 400.36016509895563 1.0 215.67269783958855 400.28997675071514 1.0 205.62228132261802 400.4303534471961 1.0
0.15501592443935608 0.9879119713669896 -317.3837492012546 175.00880813431363 293.80613398342985 1.0 161.91205964113055 295.86118001350405 1.0 188.1055566274967 291.75108795335564 1.0
0.9999675507287779 0.008055897807758824 -427.89960684923375 426.352604821279 193.75082660077737 1.0 426.19648630510295 213.12960398466836 1.0 426.50872333745497 174.37204921688638 1.0
-0.9999457915494023 -0.010412202583464125 419.5727787824532 416.64106265410646 283.7345481061101 1.0 416.82990911310276 265.5984985614903 1.0 416.4522161951102 301.8705976507299 1.0
0.9995390525621242 0.03035922270433346 -560.9717818272351 552.6884133295287 281.23673945562746 1.0 552.0993224204929 300.63181339493826 1.0 553.2775042385643 261.84166551631665 1.0
-0.018955427862688994 0.9998203297365694 -111.0711328175093 309.36161073911876 116.95622806966702 1.0 290.6065027548861 116.60065308696414 1.0 328.1167187233514 117.3118030523699 1.0
0.9985802670989169 0.05326772156433654 -319.59427475778375 300.2127341439955 371.8530083148529 1.0 299.67726637502 381.89112393278066 1.0 300.74820191297096 361.8148926969251 1.0
0.21235020394280682 -0.977193630190787 346.0256589716479 223.23645921261289 402.6120867530659 1.0 229.72339857230352 404.0217386924937 1.0 216.74951985292228 401.20243481363815 1.0
0.784909744159371 0.6196101141231241 -275.5914096347178 50.70177136621313 380.5539804283782 1.0 43.50292519678533 389.67333528765903 1.0 57.90061753564093 371.4346255690974 1.0
0.9996040384087045 0.028138343892440004 -166.40153554832173 159.90468069072045 233.13991024131155 1.0 159.7630549717791 238.17111041206277 1.0 160.04630640966178 228.1087100705603 1.0
0.08362903017152493 0.9964969570011593 -409.17734784289166 117.51081686302983 400.7538903036592 1.0 99.40840966163589 402.27309891477074 1.0 135.61322406442378 399.23468169254767 1.0
-0.08784147156765326 -0.9961344667628107 50.506306130289346 551.2689687336286 2.0901080693561886 1.0 573.0845559151464 0.16635847020367855 1.0 529.4533815521108 4.013857668508699 1.0
0.7858644777491036 0.6183987569619852 -270.1491687322892 44.66362200091082 380.0939314769826 1.0 36.567256788420416 390.38283608383796 1.0 52.75998721340123 369.8050268701273 1.0
0.9996163539927649 0.027697379482745983 -168.11703225909713 159.5058633160428 313.1113084560419 1.0 159.22851631558694 323.12094122867336 1.0 159.78321031649864 303.10167568341046 1.0
-0.9996776775384419 -0.02538781265384781 275.96572729690394 270.9903369348736 199.4160230941401 1.0 271.4352861290154 181.89557802519917 1.0 270.54538774073177 216.93646816308097 1.0
0.9998302349809455 0.018425558823199007 -328.15632363078726 324.0424527152867 226.2553895196604 1.0 323.68530593012326 245.6353257028176 1.0 324.39959950045005 206.87545333650323 1.0
-0.10209842432791176 -0.9947743019146392 58.157572720446375 420.5912130299324 15.295803836748952 1.0 515.6165735340333 5.542898519445141 1.0 325.56585252583164 25.048709154052762 1.0
0.9995189311229243 0.03101461473059036 -634.2348291144478 625.5803493176022 288.74861450977176 1.0 624.3573315782995 328.1632386845624 1.0 626.8033670569048 249.33399033498114 1.0
-0.9994524303000123 -0.0330883599986326 641.9579687187097 632.6465611829203 291.87985212605946 1.0 633.7647346683748 258.10479625805556 1.0 631.528387697466 325.65490799406336 1.0
-0.9999983100596246 0.001838444422612629 138.72803803117398 139.40619989472617 368.7499426406306 1.0 139.35449373272067 340.6250376996964 1.0 139.45790605673167 396.87484758156484 1.0
0.9999545726291172 -0.009531667121725516 -194.19449072083506 196.82464498055222 275.0004799890879 1.0 196.91400030045673 284.37462824523055 1.0 196.7352896606477 265.6263317329453 1.0
0.9991154935364063 0.042050333833435 -385.85866382788566 378.7811655997684 176.2776164094129 1.0 378.5426313988164 181.94518653747738 1.0 379.0196998007205 170.61004628134842 1.0
0.11730964175356821 -0.9930953871364269 26.65542610125603 113.71767153145689 40.273679575723136 1.0 151.97332297013156 44.79263799950625 1.0 75.46202009278221 35.75472115194003 1.0
-0.9999999922011792 -0.0001248905183235025 79.25043369507605 79.21835306343478 256.8749804362827 1.0 79.23333992551672 136.87498230799974 1.0 79.20336620135284 376.8749785645657 1.0
0.9999993427377551 -0.0011465269545845385 -368.4869461192516 368.823264150113 293.12491600062185 1.0 368.84332918020834 310.6256095753265 1.0 368.8031991200177 275.62422242591725 1.0
0.20027276932821295 0.9797401787543515 -327.0499615580766 170.0613259992259 299.05000856155027 1.0 160.69444593394596 300.9647315170015 1.0 179.42820606450582 297.13528560609905 1.0
0.12999181489592268 -0.9915150669859053 339.50162272268153 123.23144539214842 358.5630857251598 1.0 133.22357772656673 359.8730964956262 1.0 113.2393130577301 357.2530749546934 1.0
-0.13912124198016046 0.9902753556611907 -115.5489010083909 40.640029212771054 122.39302094482245 1.0 21.65019373616453 119.72518771904207 1.0 59.62986468937758 125.06085417060284 1.0
-0.9999608576950585 0.008847772474637854 293.57699218399983 296.8568081545362 369.38069103786654 1.0 296.6907721334074 350.6155699215388 1.0 297.0228441756651 388.1458121541943 1.0
-0.3088270259650962 0.9511182197989659 -129.92942800537935 630.9568405153054 341.47800537634896 1.0 623.2542370951734 338.9769786302408 1.0 638.6594439354375 343.97903212245706 1.0
-0.18669398063804457 0.9824181175006501 -383.10353728786316 36.97270141880878 396.9858771363959 1.0 13.248073649056455 392.4773637869482 1.0 60.69732918856111 401.4943904858436 1.0
0.9999764579929158 0.006861738842467295 -85.25276880995067 83.71085013517691 224.99973135752748 1.0 83.21764483933525 296.8756357196587 1.0 84.20405543101859 153.12382699539623 1.0
-0.9988600936079518 0.04773377627543781 220.99846437025263 237.58807638911435 341.870790983462 1.0 236.69266423876442 323.1337135070161 1.0 238.48348853946425 360.6078684599078 1.0
0.9981339204564833 0.06106289244844812 -359.97608724500714 343.7535908955953 276.17374836329157 1.0 343.4084226612578 281.8158676462456 1.0 344.09875912993283 270.5316290803375 1.0
0.14252882587242524 -0.9897906514993096 394.79868745870914 423.06497877773154 459.79181704966845 1.0 431.8135693227137 461.05160500232904 1.0 414.31638823274943 458.53202909700786 1.0
0.9995057942332394 0.03143512834682103 -433.0352781994212 424.4830292398757 278.73374092247406 1.0 424.0700294781747 291.8654084723161 1.0 424.89602900157666 265.602073372632 1.0
-0.9987751958591106 -0.049478360286040246 646.9634762914242 627.3209049532768 412.52208970148934 1.0 630.5731257922109 346.8724302017579 1.0 624.0686841143425 478.17174920122085 1.0
0.9999538896276678 0.009603052561450552 -277.80745725123 275.5153812233572 240.00494946119858 1.0 275.2092404005849 271.88301162383465 1.0 275.82152204612953 208.1268872985625 1.0
-0.16850800800658053 0.9857002846898515 -209.23134810368944 503.2035281725118 298.29064354022853 1.0 483.2523696744318 294.8799414960541 1.0 523.1546866705918 301.701345584403 1.0
0.9959740662310569 -0.08964183953475295 -141.39905972095022 161.2143713483942 213.80945934697215 1.0 162.51787411612887 228.29214911173116 1.0 159.91086858065952 199.32676958221313 1.0
-0.0966475151765036 0.9953186714867794 -291.4629143456958 33.08409094045739 296.0462995100945 1.0 8.07712180418227 293.61807074442066 1.0 58.09106007673252 298.4745282757684 1.0
0.9991025616371224 0.042356479199054366 -232.65250225098407 219.7967864694843 308.1693780158545 1.0 219.47827667338018 315.682371522672 1.0 220.11529626558843 300.6563845090369 1.0
0.30052092245411716 -0.9537752225589248 132.60103485094012 535.7194947502013 307.82509824717715 1.0 543.2587220881995 310.2006008819885 1.0 528.1802674122031 305.4495956123658 1.0
-0.9988715263775982 -0.0474939342662514 403.23848697833495 389.04278183341404 308.1389210707116 1.0 389.4592945924084 299.3790080047585 1.0 388.62626907441967 316.8988341366647 1.0
0.9988523862903944 0.04789478470548412 -651.5379385446187 632.893028405221 404.4537829040738 1.0 631.2143336234294 439.463195702493 1.0 634.5717231870125 369.4443701056546 1.0
0.9999999300488684 0.0003740351029942921 -15.11631871478554 15.03239563555206 224.3750121171057 1.0 15.008550811965229 288.1252369702598 1.0 15.056240459138891 160.62478726395165 1.0
-0.08146890341882282 -0.9966758840143242 83.58632648562953 47.49857289716871 79.9825410811209 1.0 58.10380164312003 79.11566312180025 1.0 36.893344151217384 80.84941904044153 1.0
0.0 1.0 -153.12500000000006 50.625 153.12500000000006 1.0 40.625 153.12500000000006 1.0 60.625 153.12500000000006 1.0
0.10305360319153964 0.9946758039025785 -364.0401466426879 396.30742069347116 324.92922588507633 1.0 383.1936776288129 326.28787808998453 1.0 409.42116375812947 323.5705736801681 1.0
-0.1914580647675692 0.9815007944140735 -109.26644167453829 182.7253971998785 146.96951182034013 1.0 170.81589885616657 144.64636596226586 1.0 194.63489554359046 149.2926576784144 1.0
0.9995388204629956 0.03036686331255554 -638.0159778242715 627.3348382090514 361.2639702868505 1.0 626.898515864713 375.625714432531 1.0 627.77116055339 346.90222614117005 1.0
0.999955132736523 0.009472724733822966 -154.53690793744025 152.73208117646232 191.25219853974298 1.0 151.8262364330513 286.874538055427 1.0 153.6379259198733 95.62985902405892 1.0
0.07001437462676637 0.9975459825720431 -108.22305376858246 234.4301267844623 92.03543160123373 1.0 221.94775034381 92.91152733578302 1.0 246.9125032251146 91.15933586668443 1.0
0.1568227474226008 -0.9876267644666314 362.34134811178666 259.3840839613172 408.06779169653834 1.0 270.55101143087865 409.840959768782 1.0 248.21715649175567 406.2946236242947 1.0
0.9981455335165833 0.060872768303201805 -292.4909083600712 281.6764518885158 186.23789137176738 1.0 280.95029642480347 198.14483848370003 1.0 282.4026073522282 174.3309442598347 1.0
0.081865798394628 -0.9966433620173317 213.79745494076005 601.9091508486022 263.959243759493 1.0 614.4273644924501 264.9875088275047 1.0 589.3909372047542 262.93097869148136 1.0
0.9986592238319768 0.051766346744903914 -639.3361807248673 619.1028798788502 406.8932918274141 1.0 615.6049622184428 474.37396132462067 1.0 622.6007975392577 339.4126223302075 1.0
-0.9987241653955397 -0.05049793515563606 331.11898090246916 313.8763964476513 349.3813909133658 1.0 315.45722490483286 318.1165168810668 1.0 312.29556799046975 380.6462649456648 1.0
0.00945016070431177 -0.9999553462343519 173.69652166845307 223.13503619436676 175.81303433328543 1.0 234.41946802726818 175.91967878963976 1.0 211.85060436146537 175.7063898769311 1.0
0.998726054873954 0.050460552076921884 -225.45698525256202 207.61686329425584 358.78748258214654 1.0 207.33020145203415 364.4611551636227 1.0 207.90352513647755 353.11381000067036 1.0
0.9999018908480507 0.014007450820650148 -307.21477772164366 304.0928683000833 225.00480318208747 1.0 303.47122602224135 269.3798502198303 1.0 304.7145105779252 180.62975614434467 1.0
-0.4491346937064655 -0.8934640602224576 493.00986600039573 300.89588418963194 400.5388701681478 1.0 323.1208004322375 389.36664579597874 1.0 278.6709679470264 411.71109454031694 1.0
-0.9997170118601647 -0.02378857283200126 187.32265076976046 179.95454035113357 311.8739182737163 1.0 180.16298514455218 303.1140062148509 1.0 179.746095557715 320.6338303325817 1.0
0.1654496871208416 -0.9862182319505232 351.49744375314793 118.23085605361156 376.2440095650782 1.0 134.44395881514802 378.9639479035218 1.0 102.0177532920751 373.52407122663465 1.0
-0.9999948888091548 -0.0031972418685790884 161.25146036725639 160.66278968961535 184.37512082339538 1.0 160.6987584767926 173.1252358248955 1.0 160.6268209024381 195.6250058218953 1.0
-0.9998499589684297 -0.0173222270747547 397.7848044712672 393.7948058250032 233.7507762531448 1.0 394.0439630151528 219.36926484166924 1.0 393.54564863485365 248.13228766462035 1.0
-0.21343139573154374 0.9769580540207882 -198.29804431504382 599.4703744191108 333.93843439268375 1.0 588.2115614242027 331.4787748792646 1.0 610.7291874140188 336.3980939061029 1.0
0.28188749763682996 -0.9594474653028409 187.7581461882427 598.0778587646021 371.4104524471393 1.0 609.2791032156707 374.7013994587441 1.0 586.8766143135333 368.1195054355345 1.0
-0.28458642741093787 0.9586503874371924 -36.62192341953701 228.7885714144419 106.12006934330945 1.0 211.74566187439456 101.06068502317572 1.0 245.8314809544892 111.17945366344318 1.0
-0.9795566304381578 -0.20116860531564668 439.69739713079764 391.73571033256553 278.22474887326916 1.0 393.7821497588536 268.25995687371636 1.0 389.68927090627744 288.189540872822 1.0
-0.11449111398612871 -0.9934242723117929 62.21613770502527 239.37957709869875 35.0397148807954 1.0 324.47384773147405 25.23268870867284 1.0 154.2853064659234 44.84674105291796 1.0
0.9995393826928503 0.03034835161908767 -572.5316066052847 564.1797368048458 283.76304781370595 1.0 563.7810225248764 296.89491837700416 1.0 564.578451084815 270.6311772504077 1.0
-0.1320706010048601 -0.9912403121091348 45.776141881071766 34.33908034948466 41.605409301413225 1.0 68.15495964510691 37.099858581247474 1.0 0.5232010538624099 46.110960021578975 1.0
-0.01371810947846479 0.9999059023089807 -301.75953318868443 106.24834551803193 303.24559433464515 1.0 90.62628593252666 303.0312690434571 1.0 121.87040510353718 303.45991962583327 1.0
-1.0 7.47939721852737e-17 11.874999999999982 11.875 222.5 1.0 11.874999999999995 163.125 1.0 11.875000000000004 281.875 1.0
-0.27904558575953664 0.9602778561791984 -38.0733889200799 265.6354926172796 116.83889182075896 1.0 251.95130128933263 112.86242484280965 1.0 279.31968394522664 120.81535879870827 1.0
0.1545164720017318 0.9879902124414686 -298.87691166494335 186.2891532350218 273.3753487976773 1.0 180.60762607069765 274.2639097590698 1.0 191.97068039934595 272.4867878362848 1.0
-0.19468339210512237 -0.9808661360442836 82.07700476437566 198.24034295020465 44.33112812122195 1.0 201.96756082995265 43.591345807122934 1.0 194.51312507045662 45.070910435320975 1.0
-0.047519981725288145 -0.9988702875432968 302.3369949177082 92.4776132512899 298.2794304141258 1.0 99.36675491536182 297.9516882737676 1.0 85.58847158721797 298.60717255448395 1.0
0.16589817175336566 -0.9861428885353738 383.03331112827834 241.31119281824937 429.0112536011802 1.0 261.98204475691625 432.4886974737437 1.0 220.6403408795825 425.5338097286168 1.0
0.16476218906955997 -0.9863333214755581 383.5496862192937 303.8143330937848 439.6148759953244 1.0 338.1702906517238 445.3538717806018 1.0 269.4583755358458 433.87588021004694 1.0
0.060388824149776574 -0.9981749295177711 31.10623487932371 211.89872649733684 43.98282156068858 1.0 220.69216517197935 44.514817913323256 1.0 203.10528782269432 43.4508252080539 1.0
0.999925551651917 -0.012202096279309006 -79.82491457097557 83.81207890923575 326.2492424507743 1.0 84.07907295049984 348.12861119919745 1.0 83.54508486797167 304.36987370235113 1.0
-0.9999975831808355 0.002198552361905737 260.6905843590392 261.2051274760904 233.75009865483185 1.0 261.1817648926808 223.12377592027178 1.0 261.22849005949996 244.3764213893919 1.0
1.0 0.0 -328.125 328.125 256.25 1.0 328.125 265.625 1.0 328.125 246.875 1.0
0.0 -1.0 190.625 618.75 190.62500000000003 1.0 630.625 190.62500000000003 1.0 606.875 190.62500000000003 1.0
-0.06852752284411032 -0.9976492262377844 406.06347676431574 102.45588091253674 399.9826978760758 1.0 116.84883364277323 398.99406041605897 1.0 88.06292818230024 400.97133533609264 1.0
0.9996709752831081 -0.025650364062126906 -625.5193311772222 634.8021432806037 353.75507676726653 1.0 635.0117175565338 361.92280960356675 1.0 634.5925690046736 345.5873439309663 1.0
1.0 0.0 -279.375 279.37500000000006 243.125 1.0 279.37500000000006 270.625 1.0 279.37500000000006 215.625 1.0
1.0 0.0 -630.625 630.625 279.375 1.0 630.625 289.375 1.0 630.625 269.375 1.0
-1.0 0.0 199.375 199.37499999999991 194.375 1.0 199.37499999999991 183.125 1.0 199.37499999999991 205.625 1.0
-0.06555551266500101 -0.9978489238152382 110.31006124621632 236.8740790382176 94.98598164080973 1.0 248.11661594036073 94.24738258770131 1.0 225.63154213607442 95.72458069391814 1.0
-1.0 0.0 273.125 273.12500000000006 260.625 1.0 273.12500000000006 249.375 1.0 273.12500000000006 271.875 1.0
0.9875595154248725 0.15724567877620999 -574.4033036556962 579.5604719974185 13.055015479545734 1.0 577.5420842823144 25.731217518169878 1.0 581.5788597125228 0.3788134409215882 1.0
-0.9999723931359804 -0.00743054277291871 74.06648579392564 73.67377631969063 53.12443360104665 1.0 73.78526589237835 38.12061783451082 1.0 73.56228674700293 68.12824936758248 1.0
-0.9999111089096425 -0.013333202131847076 309.08885658856127 305.67449784626217 258.11732603130946 1.0 305.80792912447635 248.11077126351975 1.0 305.54106656804805 268.1238807990992 1.0
0.9984236178704333 0.05612734875722062 -646.8666207273697 622.835638882577 445.6438682642133 1.0 622.1331840754322 458.1395140673617 1.0 623.5380936897218 433.148222461065 1.0
-1.0 0.0 301.875 301.875 258.125 1.0 301.875 248.125 1.0 301.875 268.125 1.0
-0.14291959736512314 0.9897343020674746 -360.7734537201481 123.24241206994228 382.311908197049 1.0 111.86857362731631 380.6695033543347 1.0 134.61625051256826 383.9543130397633 1.0
-0.09365069007621177 0.9956051166241812 -94.4494786650115 334.3685585008684 126.31847989575841 1.0 329.3541363182426 125.84680283233726 1.0 339.38298068349417 126.79015695917957 1.0
0.9999957242070904 -0.0029243063342986085 -8.818554309142502 9.352275053125542 182.49823875571644 1.0 9.419904692687192 205.62486868436125 1.0 9.284645413563894 159.3716088270716 1.0
-0.12441103327682904 0.9922307669080775 -327.403965627492 127.45936566980643 345.94907602082253 1.0 121.76712444286197 345.2353533301707 1.0 133.15160689675088 346.6627987114743 1.0
-1.0 0.0 285.625 285.6249999999999 361.875 1.0 285.6249999999999 353.125 1.0 285.6249999999999 370.625 1.0
-0.0673315349542366 -0.9977306572420768 256.3916171846604 174.38891539167832 245.2062007481998 1.0 181.896900585073 244.69952676377767 1.0 166.88093019828364 245.7128747326219 1.0
0.3751460780937232 0.9269657059950482 -443.15889065346 186.1017735493362 402.7587404426966 1.0 173.08517716498605 408.026599924592 1.0 199.11836993368632 397.4908809608012 1.0
1.0 6.609699867535816e-17 -9.375000000000018 9.375 246.25 1.0 9.374999999999998 273.125 1.0 9.375000000000002 219.375 1.0
-1.0 0.0 628.125 628.125 278.125 1.0 628.125 268.125 1.0 628.125 288.125 1.0
-1.0 0.0 11.875 11.875 128.75 1.0 11.875 116.875 1.0 11.875 140.625 1.0
-0.999996952489095 0.0024688079153102733 315.1780309469774 315.7607052690878 235.6246649687365 1.0 315.7421892661509 228.1247106813304 1.0 315.77922127202476 243.12461925614258 1.0
-1.0 0.0 146.8749999999999 146.87499999999994 223.75 1.0 146.87499999999994 205.625 1.0 146.87499999999994 241.875 1.0
0.9897498086538579 0.1428121712938069 -688.0887362197583 630.7452082579644 446.80216300210316 1.0 629.823540044887 453.1897203739394 1.0 631.6668764710417 440.4146056302669 1.0
-0.10769463732790818 -0.9941840197321674 67.6876519260109 431.12886497871057 21.381740954016408 1.0 450.4799041537993 19.285546381867935 1.0 411.7778258036219 23.47793552616488 1.0
-1.0 0.0 80.625 80.625 95.625 1.0 80.625 83.125 1.0 80.625 108.125 1.0
-1.0 0.0 205.625 205.62500000000003 260.0 1.0 205.62500000000003 246.875 1.0 205.62500000000003 273.125 1.0
1.0 0.0 -276.8749999999996 276.87499999999994 191.25 1.0 276.87499999999994 200.625 1.0 276.87499999999994 181.875 1.0
-0.9979748805950149 -0.06360925798471162 321.0155882972982 306.48834290516913 238.1401915801074 1.0 306.9669750535477 230.63086233684135 1.0 306.0097107567905 245.64952082337342 1.0
-0.17252503785435952 -0.9850051326329989 404.03301006203003 379.97894872516383 343.6298109884807 1.0 388.1807428441991 342.19325518386495 1.0 371.77715460612865 345.0663667930964 1.0
-1.0 1.4210854715202004e-16 6.874999999999964 6.874999999999998 205.0 1.0 6.874999999999997 195.625 1.0 6.875 214.375 1.0
-0.04278974911057899 0.9990840992484336 -125.50082324638207 97.45546673949711 129.7897927863782 1.0 90.5128973114201 129.49244964556186 1.0 104.39803616757412 130.08713592719454 1.0
-0.05958254817465555 0.9982233817903761 -112.5063283953411 359.3507839047974 134.1557072613944 1.0 350.5946741722494 133.63306739993737 1.0 368.1068936373454 134.67834712285148 1.0
0.9815175555889095 0.1913721193663584 -571.895597767652 575.4804302476447 36.84681240442724 1.0 573.5105210793844 46.95016726074037 1.0 577.450339415905 26.743457548114115 1.0
