line_hom_a line_hom_b line_hom_c centroid_x centroid_y centroid_z point1_x point1_y point1_z point2_x point2_y point2_z
-0.9999978595814203 0.0020690172976527994 8.52302531388314 9.071332938635262 264.99933515516864 1.0 9.051933267467184 255.62308215493084 1.0 9.09073260980334 274.3755881554064 1.0
0.9994035254605047 0.03453394412913933 -21.000920894914454 11.965864811700072 261.8349465993354 1.0 11.748665660636691 268.12063457311683 1.0 12.183063962763452 255.54925862555396 1.0
-0.9999706770757214 0.007658001614207433 81.32699646587498 83.27261086085895 253.74408317128166 1.0 83.19121032648692 243.11492016362484 1.0 83.35401139523096 264.3732461789385 1.0
-0.9999964039715188 0.0026817986559728793 156.45960940160478 157.06692528927152 226.24780916297888 1.0 157.03507454972473 214.37121845036916 1.0 157.0987760288183 238.1243998755886 1.0
0.9998351042236738 -0.018159415244864585 -82.66338259400078 87.36523226080598 258.1274477069542 1.0 87.47891599374469 264.3867344427127 1.0 87.25154852786727 251.86816097119564 1.0
-0.9999998733187333 -0.0005033512863003844 254.74786959399304 254.62458103848252 244.99949643776506 1.0 254.6381089192913 218.12387405785458 1.0 254.61105315767375 271.87511881767557 1.0
0.9996417121150717 0.026766535069898876 -258.8277918467381 251.89226190507404 262.48372712659545 1.0 251.7078601289547 269.3705246413133 1.0 252.07666368119337 255.59692961187764 1.0
0.9996554427677337 0.026248728442467485 -77.04883151286703 70.39579380095168 254.3853926648682 1.0 70.13296633607871 264.394902510078 1.0 70.65862126582466 244.3758828196584 1.0
0.9997525725955366 0.02224395622649318 -563.8231069687721 555.9671960069124 359.3548018501397 1.0 554.7150460719456 415.63256584193596 1.0 557.2193459418793 303.0770378583435 1.0
0.9998367559436087 0.018068244634183737 -583.9485286075449 578.396737334445 312.4936161216084 1.0 577.8658652524487 341.8703171255366 1.0 578.9276094164413 283.1169151176802 1.0
-0.9995567013337321 -0.02977248425691677 568.7017269733286 559.1248882833524 329.9925502503895 1.0 559.8885779920813 304.35306516367905 1.0 558.3611985746236 355.6320353371 1.0
-0.10248026309994536 0.9947350379246556 -215.38601922775584 615.6301628962412 279.94988582549433 1.0 608.1452164859282 279.17876663478177 1.0 623.1151093065542 280.72100501620685 1.0
0.16510130362521644 -0.9862766141104907 266.12770902692824 568.4383911073592 364.9864787213196 1.0 577.7613876714643 366.54713509743715 1.0 559.1153945432541 363.42582234520205 1.0
0.7881524427852639 0.6154800784197823 -659.3235177549682 606.2022980054433 294.96274879609985 1.0 595.8105467360843 308.26989623260215 1.0 616.594049274802 281.65560135959754 1.0
0.999369012955762 0.03551867035554919 -590.0261281125462 576.7828853263877 383.09951295830774 1.0 576.2052826402335 399.35119751080475 1.0 577.3604880125419 366.8478284058107 1.0
0.9999611645613962 -0.008813022694647885 -157.8997664073891 159.92196204972205 228.75068777693696 1.0 160.004629472175 238.1304675518756 1.0 159.8392946272691 219.37090800199832 1.0
0.7598643102214415 0.6500817102885548 -620.4366090149105 567.7155096090596 290.8093735168984 1.0 557.0506447850605 303.27526822649713 1.0 578.3803744330587 278.3434788072997 1.0
0.025807424739572715 0.9996669329473249 -222.6811768402725 228.1408943753768 216.86567869108927 1.0 203.10917215003775 217.51189821295313 1.0 253.17261660071586 216.21945916922542 1.0
0.9997234344775369 0.02351711199186852 -603.5683829160275 595.8401220312783 335.630060448447 1.0 595.1928889939214 363.14423970810685 1.0 596.4873550686352 308.1158811887872 1.0
-0.770419096409345 -0.6375377760476695 625.780375852545 564.7684435735471 299.07558271471794 1.0 568.4415219715303 294.63692849416657 1.0 561.0953651755639 303.51423693526925 1.0
0.9995256732355311 0.03079656706612455 -606.5859463686539 595.0319112821901 384.3374692472689 1.0 594.454156775036 403.0889249367304 1.0 595.609665789344 365.5860135578075 1.0
-0.9997019629635103 0.024412809074421542 167.2555150419509 172.0519271748671 194.3706794229679 1.0 171.86814069465984 186.84464239587825 1.0 172.2357136550744 201.89671645005754 1.0
-0.9996274888867561 -0.027292553232673072 589.6796423980047 581.8962597132654 293.1255804480794 1.0 582.2041176651923 281.8498574039598 1.0 581.5884017613384 304.40130349219896 1.0
-0.8268255144438483 -0.5624585039491051 671.1335559401019 611.477490714012 294.32991758026026 1.0 616.2565419702674 287.3046144054246 1.0 606.6984394577565 301.35522075509584 1.0
-0.9994994832582208 -0.03163515396753394 569.7944024074275 558.0518056570309 380.0174651985445 1.0 558.5464830220623 364.38834035736977 1.0 557.5571282919996 395.6465900397193 1.0
0.5909051166563623 -0.8067410632348716 35.17104394055532 247.66595539109414 225.00171675269365 1.0 252.70776393944934 228.69463707644505 1.0 242.62414684273892 221.30879642894223 1.0
-0.9997458508147253 -0.02254404086983785 94.6076346884572 88.50077494674775 271.88347363932587 1.0 88.72679335217336 261.860383087963 1.0 88.27475654132215 281.9065641906887 1.0
0.04451687876305275 -0.9990086323476868 254.80137421679362 606.8373219302093 282.0955380973893 1.0 614.3502542528543 282.43032228896953 1.0 599.3243896075645 281.76075390580905 1.0
-0.7725229843511636 -0.6349868019488057 625.9279243605397 572.9884564787446 288.6377660138985 1.0 577.2597855570452 283.441280234056 1.0 568.7171274004442 293.83425179374103 1.0
-0.08839499080341541 0.9960855011498079 -247.47997668309662 243.1775623068835 270.0326977516736 1.0 235.62610365398507 269.36256339332306 1.0 250.72902095978193 270.7028321100242 1.0
-0.9999691301203629 -0.007857404553981635 105.68237709775686 104.26639738447938 180.61923560952192 1.0 104.41375775867424 161.8654824858925 1.0 104.1190370102845 199.37298873315137 1.0
0.048646653644083285 -0.9988160506766162 251.9963785788697 590.0106589694435 281.0311493912449 1.0 596.8997574647267 281.36667822880514 1.0 583.1215604741604 280.6956205536847 1.0
-0.1794440206982152 0.9837681858220759 -289.6093663824528 585.742637878599 401.2300723954856 1.0 578.2634749044579 399.8658373095384 1.0 593.2218008527401 402.5943074814328 1.0
0.9999918481192043 -0.004037783443736106 -229.35975636699473 230.33070682006246 240.00118830181646 1.0 230.37360791942467 250.62601507505562 1.0 230.28780572070028 229.3763615285773 1.0
0.9999347640243617 0.011422245643668916 -216.7842724155741 213.9783348154698 246.8776082665041 1.0 213.76410013874138 265.6323004350266 1.0 214.1925694921982 228.1229160979816 1.0
-0.9999350457334933 -0.011397557367997564 584.9846219680879 581.3110430522763 325.62569578688453 1.0 581.5105685408129 308.12084610172377 1.0 581.1115175637398 343.1305454720453 1.0
-0.9997953301794331 -0.02023110850641181 628.2260925956016 621.7274579445428 327.50966148089685 1.0 622.0437601276541 311.8784149033818 1.0 621.4111557614316 343.14090805841187 1.0
-0.04896620876883599 0.998800435722175 -249.36667947080312 593.0947197439707 278.7426490620022 1.0 579.3165536376696 278.0671742285085 1.0 606.8728858502717 279.41812389549585 1.0
-0.03909624094489487 -0.9992354497034114 236.08749698661035 208.12500019064748 228.12500487263574 1.0 213.16619054774523 227.9277624780543 1.0 203.08380983354974 228.3222472672172 1.0
-0.999843795174865 -0.0176744236206652 618.9711551101547 614.4167294863273 263.1146894192934 1.0 614.681999668965 248.10833040880428 1.0 614.1514593036896 278.1210484297826 1.0
0.09558948430110648 -0.9954208408964766 248.40921593882848 227.5453302064053 271.40295401598917 1.0 252.0544264302891 273.75654334471704 1.0 203.03623398252148 269.04936468726135 1.0
0.013387632582625679 -0.9999103816311902 224.97021969393205 223.74349239679924 227.98604710054613 1.0 229.37585075583007 228.06145780301466 1.0 218.11113403776844 227.9106363980776 1.0
0.9992052214679386 0.03986132701262765 -629.6249035027108 617.4099528854222 318.74640774747405 1.0 617.0853439326067 326.88339125747405 1.0 617.7345618382377 310.60942423747406 1.0
0.9998925470854336 0.01465927293571648 -304.54408402840403 300.55412234257733 274.3831239035967 1.0 299.4732514421383 348.10811438912884 1.0 301.63499324301637 200.6581334180646 1.0
0.04085095510796303 -0.9991652513307131 257.55845542478943 631.256843320479 283.5826206080551 1.0 638.1458808510803 283.86427948532776 1.0 624.3678057898777 283.30096173078243 1.0
0.9998181621130051 0.019069418160304462 -624.3700051749258 619.464973999096 263.1267160638577 1.0 619.1789847398319 278.12126142322313 1.0 619.7509632583599 248.13217070449232 1.0
-0.031016407144977325 0.9995188755035179 -228.25376485622058 632.5041555350821 247.99108585149827 1.0 626.8458150280984 247.8154999799047 1.0 638.1624960420658 248.16667172309187 1.0
0.9993799414042208 0.035209838382135365 -51.38588184410446 43.6668965245951 219.9970721246077 1.0 43.42420414888886 226.88554146605227 1.0 43.90958890030135 213.10860278316312 1.0
0.9999354230752255 0.011364404048149335 -46.042122132569155 43.821861913950265 195.61871350933345 1.0 43.75083897538849 201.8679063238374 1.0 43.89288485251204 189.3695206948295 1.0
0.03684519072830141 -0.9993209854297042 213.1231015711822 10.582301128381918 213.6580854276687 1.0 20.637763270659402 214.02883259088784 1.0 0.5268389861044342 213.28733826444955 1.0
-0.9999600603311704 0.008937434893866081 171.12843656584695 172.6267555438573 166.87386708533109 1.0 172.45913540897433 148.11977911929284 1.0 172.7943756787403 185.62795505136936 1.0
-0.19774285568266214 0.9802539278301647 -277.68376071356545 629.449865169591 410.2538772289855 1.0 620.5574142156512 408.46003729044793 1.0 638.3423161235307 412.04771716752305 1.0
-0.9991312615935669 -0.041673997965723075 635.673789542712 619.9335596687939 390.6222287582883 1.0 620.6134301778945 374.3223796284622 1.0 619.2536891596933 406.9220778881145 1.0
-0.039302948135880304 0.9992273406326652 -197.83683456215448 11.861965562088647 198.45638396350762 1.0 0.5802529561445291 198.01263653246298 1.0 23.143678168032764 198.9001313945523 1.0
-0.9995032999551811 -0.03151433608222741 591.7103111929251 580.1410581695638 376.2544475636678 1.0 580.3976056890699 368.11783025805096 1.0 579.8845106500577 384.39106486928466 1.0
-0.06774791707002109 0.9977024705455397 -237.48845316068872 631.2736774925469 280.9013089430341 1.0 624.3879870667379 280.4337435137509 1.0 638.1593679183559 281.36887437231735 1.0
-0.9806016661660049 0.1960111535409528 -5.064014157833354 34.82070506015207 200.0358390253619 1.0 33.90775308316269 195.4685365346988 1.0 35.733657037141455 204.60314151602498 1.0
0.9990006939050637 0.04469467056821186 -630.5151606062515 617.6969495279457 300.6058492877414 1.0 617.3620744761093 308.09086718591243 1.0 618.0318245797819 293.12083138957047 1.0
-0.9250957836165439 0.3797338424935187 40.34262979179459 173.16100129597578 315.6102221675876 1.0 171.4831686559363 311.5227384428753 1.0 174.83883393601525 319.69770589229995 1.0
-0.9996207690686701 -0.027537575175751387 609.0636887046506 598.7748322838013 381.87568408030637 1.0 599.2226221288067 365.6208022910158 1.0 598.3270424387957 398.1305658695969 1.0
-0.9998672450595715 0.01629393313423392 229.7195592936866 233.78316885312898 247.4892744168419 1.0 233.52827808102478 231.84805802081462 1.0 234.03805962523322 263.1304908128692 1.0
-0.9997896026176412 -0.020512203627578256 628.4682665510825 622.5347853551089 295.65135932475465 1.0 622.7913969230902 283.14380127602936 1.0 622.2781737871275 308.15891737347994 1.0
0.9999560637836418 0.009373926729255896 -250.6697558196256 248.38403406316507 245.0024282730176 1.0 248.3078742548107 253.1267143251862 1.0 248.46019387151944 236.878142220849 1.0
0.05854243256157611 0.9982849210469791 -284.9256016155185 4.347739593281123 285.16014652913606 1.0 0.53753912023494 285.38358815340246 1.0 8.157940066327306 284.93670490486966 1.0
0.03667197902990638 0.9993273567525459 -368.08369076866785 631.8802677808817 345.1435493170468 1.0 625.5699592839112 345.37511658007577 1.0 638.1905762778522 344.91198205401787 1.0
-0.9999328013862957 -0.011592787057256223 543.8423623395095 540.6327106958283 280.00008939446195 1.0 541.0311859721359 245.62970914392855 1.0 540.2342354195208 314.3704696449954 1.0
-0.9999226558167666 -0.012437137305026364 70.07980298835885 69.38567562586967 56.24235897242008 1.0 70.0777279100073 0.6026453512402163 1.0 68.69362334173204 111.88207259359994 1.0
-0.9998091249274175 -0.019537495025507532 606.3827198920106 600.0862492977166 328.13889868252807 1.0 600.4280901992993 310.6455786724858 1.0 599.7444083961338 345.63221869257035 1.0
0.1002744772229109 0.9949598128656614 -200.2644432535849 160.07769380816285 185.14590620635897 1.0 150.67224781538104 186.0938099988329 1.0 169.48313980094468 184.19800241388504 1.0
0.998888139189975 0.04714324326549112 -633.4194761333807 615.3942476236657 396.86410947584136 1.0 614.9233393582572 406.84188462198546 1.0 615.8651558890741 386.8863343296972 1.0
-0.2193388422391167 0.975648744315906 -262.4034229263133 606.3311391140933 405.26408228031147 1.0 599.5193950346196 403.73271141684717 1.0 613.142883193567 406.7954531437758 1.0
-0.025206391720861355 -0.9996822684315325 360.6519349080017 155.01532891581184 356.8579428385097 1.0 168.1477387764363 356.52681696217985 1.0 141.88291905518733 357.18906871483955 1.0
-0.05209461908264695 -0.9986421534577009 299.15915082862773 18.741562410384233 298.5882533011612 1.0 36.91491867098995 297.6402319618141 1.0 0.5682061497785207 299.5362746405084 1.0
-0.9732870156562377 0.22959177937150738 -12.95704813801763 50.35854093998229 269.9154226337515 1.0 49.00275004289591 264.1679447419413 1.0 51.71433183706868 275.66290052556167 1.0
-0.17389324035147935 0.9847645104084847 -237.20050385092068 587.0671754414421 344.53670263937903 1.0 580.7921134458192 343.42862974246617 1.0 593.3422374370651 345.6447755362919 1.0
-0.9997904180124644 -0.020472421704863672 177.111888477882 170.19964744839444 339.37908812355283 1.0 170.5069313642365 324.372582342401 1.0 169.89236353255242 354.3855939047047 1.0
-0.08327392151775953 0.9965266950739724 -235.51002041023156 241.85068946397632 256.5409205868724 1.0 235.59216494788478 256.0179322093947 1.0 248.1092139800679 257.06390896435016 1.0
-0.9999572161619624 -0.009250180842472961 54.054408038389276 53.20103594860738 92.50070337636828 1.0 53.7387866639355 34.36911465978956 1.0 52.663285233279254 150.63229209294698 1.0
-0.9937935523394558 0.11124016958152055 56.0072137736399 88.44859513358736 286.69885980558956 1.0 87.74219114385632 280.38801244727875 1.0 89.15499912331842 293.0097071639004 1.0
-0.9993087939234062 0.03717437810302958 41.78436588522328 52.368110910169264 283.73165622925285 1.0 52.110986296924516 276.8197211744821 1.0 52.62523552341401 290.64359128402356 1.0
0.02301356651266603 -0.9997351528061655 186.1097304006733 11.856423937841647 186.43196498433636 1.0 23.129225004393472 186.69146106827515 1.0 0.5836228712898239 186.17246890039758 1.0
-0.9998309903924497 -0.018384522045815945 154.60225833425156 152.13448200356976 135.62977125900372 1.0 152.47913353266276 116.88610858370723 1.0 151.78983047447676 154.3734339343002 1.0
0.9997379638571773 -0.02289112541368627 -20.53268803139741 26.763611758081353 271.8918611738359 1.0 27.136477580435443 288.17625572830093 1.0 26.390745935727264 255.6074666193708 1.0
-0.09012221372431606 0.9959307137514279 -246.7892969950981 223.81328715343008 268.05062059860484 1.0 218.17787630344247 267.54066976162954 1.0 229.4486980034177 268.5605714355801 1.0
0.025927372080983172 0.999663829183078 -207.270360974418 312.51257143469076 199.23470814944358 1.0 303.1276744179972 199.4781156928498 1.0 321.8974684513843 198.99130060603733 1.0
-0.999998060675677 -0.0019694275526400784 217.8946814303839 217.40643677921736 248.1260466282652 1.0 217.4433634742164 229.3761193528568 1.0 217.36951008421835 266.8759739036736 1.0
-0.9999685623201106 -0.007929336129269406 174.4977012286668 172.35721282978506 270.62882374782293 1.0 172.67445489672292 230.62142736411934 1.0 172.03997076284722 310.63622013152656 1.0
0.9981118298765164 -0.061422919668086634 -555.621230821966 573.2943436152648 270.10496458609646 1.0 573.646269121451 275.82369324403015 1.0 572.9424181090784 264.38623592816276 1.0
0.11267984255446716 -0.9936313466683208 298.85212925546733 588.0592556670724 367.45474548580876 1.0 594.3698537784591 368.17038031757994 1.0 581.7486575556859 366.7391106540376 1.0
0.2011475635645504 0.9795609514839009 -178.54969501969322 77.6450226168638 166.33124018528667 1.0 50.625917449715345 171.87946785384904 1.0 104.66412778401225 160.78301251672428 1.0
-0.046012799237832934 0.9989408502540572 -279.26459320606546 453.7288043980204 300.4601578911497 1.0 448.08698598205166 300.2002867906294 1.0 459.3706228139891 300.7200289916701 1.0
0.13058256152496203 -0.9914374385837865 97.86294672032828 13.14936010074245 100.4400479236914 1.0 25.75987363436724 102.10098294115267 1.0 0.5388465671176612 98.77911290623011 1.0
0.04089936303586061 0.9991632709939157 -212.85570702281208 333.80097375728434 199.37027871053718 1.0 323.1426653832466 199.80656178477818 1.0 344.4592821313221 198.93399563629617 1.0
0.1313366574555544 -0.9913378245625466 76.38975428903808 13.200373044741806 78.80607924586641 1.0 25.8102540655651 80.47668999343674 1.0 0.5904920239185119 77.1354684982961 1.0
0.0500624916502314 0.9987460873163762 -214.87900922415042 444.9859005163381 192.8437154758729 1.0 345.5474611798361 197.82810149972394 1.0 544.4243398528401 187.85932945202183 1.0
-0.027145901729395003 0.9996314821069303 -230.9852422521763 593.741337762877 247.19398166507023 1.0 574.3466953275296 246.66730251675347 1.0 613.1359801982246 247.72066081338698 1.0
0.22084907298938186 0.9753079959478087 -180.59434952694485 162.41813362695186 148.38846382892933 1.0 154.0163128367034 150.29097497480186 1.0 170.8199544172003 146.48595268305684 1.0
0.21490418118516758 -0.976635138068016 281.26863352677515 574.2414511879272 414.35691449462877 1.0 590.6592023368519 417.96956698892785 1.0 557.8237000390023 410.74426200032974 1.0
0.08300695669163058 -0.9965489677586313 78.88661098820633 39.38000365371717 82.43992809584154 1.0 45.638640496477024 82.96123754892749 1.0 33.12136681095731 81.9186186427556 1.0
-0.0517076775162703 0.9986622632731615 -182.50370701344045 43.12597821097292 184.98110720823084 1.0 0.5782394452701922 182.7781154300768 1.0 85.67371697667565 187.18409898638487 1.0
-0.039989701210228754 0.9992000919721319 -192.18740049805547 11.86235283728869 192.81600751598248 1.0 0.6053699988666295 192.3654837581747 1.0 23.11933567571075 193.26653127379026 1.0
-0.999865119984041 0.01642381926651977 48.10593382282863 52.15759531921766 246.26589062296222 1.0 52.06522379659664 240.64240792080827 1.0 52.249966841838685 251.88937332511617 1.0
-0.9999373285685754 -0.011195487266783303 307.42776552039214 304.4030662776112 271.8753142353472 1.0 305.1868579453501 201.87009447877008 1.0 303.6192746098723 341.8805339919243 1.0
0.35745720888618254 0.9339295175843305 -130.2491907225037 217.07151623268143 56.38049918100283 1.0 68.88614448170114 113.09776572685197 1.0 365.2568879836617 -0.3367673648463132 1.0
0.9999624185533093 0.008669572135713208 -32.254708185046724 30.353981915214014 219.37265030085877 1.0 30.310541731759493 224.3831110513545 1.0 30.397422098668535 214.362189550363 1.0
-0.2737648176448114 -0.961796664903712 161.6939448489858 89.09245929306095 142.7573716850422 1.0 104.12021579989155 138.47988646407296 1.0 74.06470278623037 147.03485690601138 1.0
-0.15002740627937913 0.9886818382902975 -318.5867505568835 568.9667469673964 408.5716357065434 1.0 563.3756498623214 407.7232153508291 1.0 574.5578440724714 409.42005606225774 1.0
-0.10848477739022502 0.9940981103867934 -223.9459710515743 631.9578989463006 294.2403571463848 1.0 625.5792464041918 293.5442621695912 1.0 638.3365514884093 294.9364521231784 1.0
0.2822893664840275 0.9593293040296675 -159.10393081038222 88.84717184357682 139.70522780216942 1.0 73.11324338662435 144.33504644500823 1.0 104.58110030052929 135.07540915933063 1.0
0.002989882189993693 -0.9999955302922557 220.6289634966972 211.87495983479408 221.26343364849578 1.0 220.62675028309968 221.2896005878463 1.0 203.12316938648848 221.23726670914527 1.0
0.07393199444147701 -0.9972632852952652 147.5885665810966 25.67894879803364 149.89728859479305 1.0 50.72662446214412 151.75419503592676 1.0 0.6312731339231581 148.04038215365935 1.0
0.11556958345665042 -0.9932993865797242 298.80278276020687 630.6461037598259 374.1936170524924 1.0 638.1894252906168 375.07127643592855 1.0 623.102782229035 373.3159576690562 1.0
0.07972429815060475 -0.9968169522456936 100.0884989978036 38.76928875534818 103.50882687254942 1.0 44.4082055418869 103.95982109182275 1.0 33.130371968809456 103.0578326532761 1.0
0.11720272444974843 -0.9931080109341361 104.5645297469799 195.5956584366404 128.3736234152196 1.0 234.3953447129475 132.95261068479294 1.0 156.79597216033335 123.79463614564628 1.0
-0.9995899516459308 -0.028634394851049582 553.6513474264041 543.7091178173553 354.99882888322526 1.0 544.8376721596512 315.6024460955508 1.0 542.5805634750594 394.3952116708997 1.0
0.08371692426996555 -0.9964895767597254 275.458824678705 631.8633883071785 329.5132149543359 1.0 638.1738638389127 330.0433696238062 1.0 625.5529127754444 328.9830602848656 1.0
0.9999898079919672 0.004514854614311585 -77.136098767403 76.01380822999845 248.74893361762875 1.0 75.84166841222114 286.8759782363509 1.0 76.18594804777575 210.62188899890663 1.0
-0.999925793736549 -0.01218224200764514 76.31726564117977 73.9015065105234 198.75184582594875 1.0 74.00057263623412 190.62043829673334 1.0 73.8024403848127 206.88325335516416 1.0
-0.221772695807174 0.9750983906224124 -271.7211111715534 586.9535350581607 412.15469415186 1.0 580.6054604892602 410.71091204343975 1.0 593.3016096270612 413.5984762602803 1.0
0.059860484774326976 -0.9982067533144536 193.99620179033363 11.908949937997138 195.05886597166543 1.0 23.193329489774204 195.7355678954943 1.0 0.6245703862200713 194.38216404783654 1.0
-0.9999785542610449 -0.006549123452080702 75.16922300406345 73.54987405740104 247.50278261232867 1.0 73.79136780557357 210.62936421861707 1.0 73.30838030922853 284.3762010060403 1.0
-0.20874904116005144 0.9779692417529087 -272.5566012982925 219.73851728542974 325.6000214452658 1.0 176.70642554154378 316.4147551739599 1.0 262.7706090293157 334.78528771657164 1.0
0.030718425613717112 0.9995280778086298 -289.8852210923678 64.37250243916955 288.0437333944954 1.0 54.343558744757665 288.3519522106555 1.0 74.40144613358143 287.7355145783353 1.0
-0.999884258725997 -0.015214110291556261 154.87024033161455 150.76083072138604 271.25206678278823 1.0 151.22699825792685 240.6151400888283 1.0 150.29466318484523 301.88899347674817 1.0
0.9999521169045856 0.009785903026184659 -327.51600105358807 324.8772025992488 271.2426817767339 1.0 324.19845778937065 340.5988063632489 1.0 325.5559474091269 201.8865571902188 1.0
-0.02299007870290638 -0.9997356932115778 298.39551148272164 43.1102371692528 297.4830305217069 1.0 50.635003094198346 297.30998982504065 1.0 35.58547124430724 297.65607121837314 1.0
0.9990572457575985 -0.043412206799945376 -21.879577876708904 30.618030291544088 200.62530285594354 1.0 30.83488669033315 205.61587975744735 1.0 30.401173892755022 195.63472595443974 1.0
0.041293889740880704 -0.9991470435676963 236.56936935169466 601.2347148426377 261.61983969988717 1.0 608.123778360902 261.904558782201 1.0 594.3456513243735 261.3351206175734 1.0
-0.9999991460629889 -0.0013068562633171293 546.1049033302393 545.8080603708158 227.49942244793436 1.0 545.8578852907292 189.3736707761366 1.0 545.7582354509026 265.62517411973215 1.0
-0.06718940299862292 0.9977402388020085 -315.555840639447 150.57211661802208 326.4103005951605 1.0 134.31167891225488 325.31529704668316 1.0 166.83255432378928 327.5053041436378 1.0
0.10439472716755414 0.9945359425076662 -371.10817606682866 314.9436301454068 340.0879820107982 1.0 305.54102093862747 341.0749577256526 1.0 324.3462393521862 339.1010062959439 1.0
0.2516104277449996 -0.9678285967308355 181.42881791121542 635.1416651478987 352.5800798926524 1.0 638.3732229589391 353.42020142436274 1.0 631.9101073368585 351.7399583609421 1.0
0.9042954883033023 -0.4269070974278738 -422.5210212196555 587.3570442213706 254.44248771535916 1.0 589.8568252502462 259.73764612283986 1.0 584.857263192495 249.1473293078785 1.0
-0.059509971643405164 0.9982277111335875 -326.6033067328962 587.5173846606638 362.20838752659336 1.0 581.8751774280024 361.8720238004846 1.0 593.1595918933252 362.5447512527021 1.0
0.14433564680806554 -0.9895287873834179 243.06594193548023 471.9510999237415 314.47827811822486 1.0 482.01056765477557 315.9455823543583 1.0 461.89163219270745 313.01097388209143 1.0
-0.15428260778712574 0.9880267592198119 -93.35514632574835 40.40318510695457 100.79550392500983 1.0 34.11141044489467 99.81302911507848 1.0 46.69495976901446 101.77797873494116 1.0
-0.025460833437955434 0.9996758204341267 -208.53892384576224 13.744737683911604 208.95661578757307 1.0 0.6123381559556296 208.62214552212563 1.0 26.877137211867577 209.29108605302048 1.0
-0.9999994627386741 -0.0010365917050627993 45.747408517419196 45.61591546226813 126.87499058303848 1.0 45.63794302416615 105.6250134166387 1.0 45.593887900370106 148.12496774943827 1.0
-0.17626566471028207 0.9843426311220308 -283.6369691488407 291.80308088467154 340.4016270061825 1.0 286.6331054171177 339.47584249425347 1.0 296.97305635222534 341.3274115181115 1.0
-0.570980860456526 -0.8209633712854219 60.39528378325151 63.68117105372994 29.276036886373543 1.0 68.38766619859577 26.00266472198296 1.0 58.974675908864114 32.549409050764126 1.0
-0.4471387815857307 -0.8944645940460852 99.29753466706443 205.9140180268246 8.077895517858357 1.0 221.6646556917272 0.20422339985386673 1.0 190.163380361922 15.951567635862848 1.0
-0.19120027962424166 0.9815510445573432 -278.28581193322447 267.50022611284817 335.6238392208277 1.0 263.0505743379288 334.7570736376085 1.0 271.9498778877675 336.49060480404677 1.0
0.0012841853227115855 0.9999991754336884 -370.2196841846018 633.7500399847929 369.4061362848435 1.0 629.3734419694155 369.41175665241263 1.0 638.1266380001705 369.4005159172744 1.0
0.001130712135017474 -0.9999993607448294 274.3020009382671 4.374370054489384 274.3071224438171 1.0 8.12507195470977 274.31136341068157 1.0 0.6236681542690004 274.3028814769526 1.0
0.9999102282208717 0.013399085763000357 -154.53357090321208 151.70002719632095 212.48928013345392 1.0 151.3731171714935 236.88502498610242 1.0 152.02693722114842 188.0935352808054 1.0
0.9999435777788416 0.01062267663302265 -86.54489484011708 83.60840406821245 276.88013533484667 1.0 83.51546089202985 285.6291479738317 1.0 83.70134724439507 268.1311226958616 1.0
-0.11589965846992684 -0.9932609270310366 382.2968595284276 339.26452641012673 345.30324052082176 1.0 375.5312338021024 341.0714229931527 1.0 302.99781901815106 349.5350580484908 1.0
0.1743463380030824 -0.9846843933082898 21.70109012777246 29.4196861884873 27.2476184879828 1.0 58.26146079230285 32.35428801362766 1.0 0.5779115846717531 22.140948962337934 1.0
0.18127442675346792 -0.9834325509180595 266.3469540380245 629.9847050144217 386.95797688180767 1.0 636.8566286069804 388.22466671098994 1.0 623.112781421863 385.69128705262534 1.0
0.16950171692238214 -0.9855298919669381 282.815652048548 629.9461956831344 395.31283318865815 1.0 636.9368881042996 396.51516543400373 1.0 622.9555032619693 394.1105009433126 1.0
0.9999274307844618 0.01204712267661252 -31.178787794183815 29.690155926192396 123.74626699953129 1.0 29.42637211718157 145.64067892735105 1.0 29.95393973520322 101.85185507171153 1.0
-0.9999849894258084 0.005479135247995557 102.14883627717475 103.8866113186692 316.8776759878067 1.0 103.74278617733968 290.6284640370372 1.0 104.03043645999873 343.1268879385762 1.0
-0.9975368903512671 -0.07014379793199137 504.668594130739 484.4675759099328 305.0065096599259 1.0 485.1297044697917 295.5901723059833 1.0 483.8054473500739 314.4228470138684 1.0
-0.1746866055707758 0.9846240855444073 -285.1404548868856 628.7684741890076 401.1458699128741 1.0 621.7807664352722 399.9061491238527 1.0 635.7561819427431 402.3855907018956 1.0
-0.2262096982005996 0.974078627442361 -260.75320005183653 548.7217884611493 395.12148133904157 1.0 544.1575120210919 394.0615221458905 1.0 553.2860649012069 396.18144053219265 1.0
-0.9999946849111646 -0.003260390991986244 47.08033370547605 46.895154649350374 56.87302795718561 1.0 46.95221783229134 39.371176251261275 1.0 46.838091466409416 74.37487966310995 1.0
-0.21770118403657343 0.9760154683554324 -268.9788599685529 279.42204565668135 337.91408112584145 1.0 272.9370576335022 336.46759834264543 1.0 285.90703367986055 339.3605639090374 1.0
0.9999496062176636 0.010039174524803645 -342.8205493325396 340.0956658614242 273.13223525496875 1.0 339.5685097779693 325.6394923769149 1.0 340.6228219448791 220.62497813302258 1.0
-0.05659533812919035 0.9983971993660853 -266.6207706776333 473.0829914896591 293.8660712694771 1.0 461.7983948191544 293.22639042439437 1.0 484.3675881601638 294.50575211455987 1.0
-0.13710287425918022 0.9905568140545353 -93.91262799944305 14.130876749692439 96.76377009138525 1.0 0.38469787462440674 94.86116278293773 1.0 27.87705562476047 98.66637739983277 1.0
-0.09974908229382158 0.9950126233277348 -270.8505518654611 631.2633615532549 335.4917164263554 1.0 624.3327024791971 334.7969243542544 1.0 638.1940206273126 336.18650849845653 1.0
-0.09013278565842706 0.9959297570358322 -96.21097582739819 137.47324202955207 109.0456644334501 1.0 129.35814516976166 108.3112388570542 1.0 145.58833888934245 109.78009000984599 1.0
-0.18039145655232788 0.9835948975075713 -266.34741807897296 457.4431644881698 354.6848989303694 1.0 375.5709834731475 339.6695282509968 1.0 539.3153455031921 369.70026960974207 1.0
0.9999994562870876 0.0010427969740984646 -49.327363158218134 49.19573698353092 126.24981306496721 1.0 49.17422794835224 146.87609413232457 1.0 49.21724601870961 105.62353199760986 1.0
-0.08305321088396245 0.9965451139621647 -222.95731332717256 601.966768956991 273.89887573605506 1.0 596.949529216491 273.4807332311298 1.0 606.9840086974912 274.3170182409803 1.0
0.1615061682232389 -0.9868717027181634 306.9282919961782 629.3333201642098 414.00468160732044 1.0 638.1539315444996 415.44821590006904 1.0 620.51270878392 412.56114731457177 1.0
-0.9999566274037615 -0.009313608929668643 27.6773313334218 26.514257285842792 125.00246129576993 1.0 26.70639635300665 104.37342962345647 1.0 26.322118218678934 145.6314929680834 1.0
-0.21804817162447865 0.9759380076886143 -68.47772844450236 40.25415679164834 79.15981663238554 1.0 33.90231026471195 77.74066038401071 1.0 46.60600331858474 80.57897288076036 1.0
-0.08225138684806196 0.996611614101286 -144.9676037695659 11.187376626124852 146.38378576775207 1.0 0.5317919798972692 145.50436935073643 1.0 21.842961272352433 147.26320218476772 1.0
-0.9999526814553129 -0.009728044527516178 346.1631927210116 343.5285768149182 272.4978458834664 1.0 344.0333726861878 220.6095158459324 1.0 343.02378094364866 324.3861759210005 1.0
-0.9999180618004421 -0.012801159527454196 28.392700809510526 27.82697828870581 44.371184663909304 1.0 27.93897925666135 35.62261852365522 1.0 27.714977320750272 53.119750804163395 1.0
1.0 0.0 -50.625 50.625 53.75 1.0 50.625 68.125 1.0 50.625 39.375 1.0
0.20697077760137986 -0.9783471251141285 275.1716674241916 587.388978061379 405.52479869734844 1.0 593.152687855578 406.744120007088 1.0 581.6252682671799 404.3054773876089 1.0
0.9999980420003639 0.0019788874244599497 -76.77872582240326 76.38681022853147 198.1240339255089 1.0 76.37196860190798 205.62400455554314 1.0 76.40165185515497 190.6240632954747 1.0
-0.20129524040643795 0.9795306152386022 -78.81099417105263 149.9934580482659 111.28183404631935 1.0 145.67249777701093 110.39386921596326 1.0 154.31441831952085 112.16979887667543 1.0
0.11953732204814276 0.9928297077734723 -380.79817019987325 348.1705559345219 341.6283695701373 1.0 328.0854637226548 344.04662732098654 1.0 368.2556481463889 339.21011181928804 1.0
-0.9999941987823403 0.0034062298315150567 372.4129129790626 373.3539255792017 275.62634912833414 1.0 373.3155984643993 264.37435077405837 1.0 373.3922526940041 286.87834748260997 1.0
-0.15990533968343607 0.9871323530007132 -222.46886015254108 473.7126723746269 302.1054319964513 1.0 464.3800788099087 300.5936473410732 1.0 483.04526593934503 303.6172166518293 1.0
-0.20691357379053704 0.9783592249175288 -281.59384354285305 629.5664413971153 420.96979859891354 1.0 620.6849676243331 419.09145224917864 1.0 638.4479151698977 422.84814494864844 1.0
0.4255292648274766 0.9049446639300037 -89.01436952709611 198.95480520876615 4.810545557349978 1.0 188.80967709220886 9.581057038428895 1.0 209.09993332532343 0.04003407627106159 1.0
0.1686398732961538 -0.985677732899885 266.97637868544547 630.01786612536 378.6455748625966 1.0 637.0090162681365 379.8416926553803 1.0 623.0267159825835 377.449457069813 1.0
0.10245961164849554 -0.9947371652757523 106.36597181412499 89.32307194522159 116.12914758730274 1.0 105.52988037946832 117.79847628658197 1.0 73.11626351097483 114.4598188880235 1.0
-0.16384359081957717 0.9864863292247628 -28.038436207727937 39.88830581321876 35.0474998381835 1.0 31.779382353428307 33.700704552761486 1.0 47.99722927300921 36.39429512360551 1.0
0.9997802610007265 -0.0209625788804525 -83.64705256847698 87.45265594681652 180.62599267157802 1.0 87.58391791903951 186.886344968735 1.0 87.32139397459352 174.36564037442105 1.0
0.9996359959028809 0.026979171507952274 -208.2717426996829 201.87068152535835 239.98301532644874 1.0 201.61738893762083 249.3680473361676 1.0 202.1239741130959 230.59798331672988 1.0
-0.9999691496157174 -0.007854923094406673 376.4709710337047 374.6415148237306 234.3770935180297 1.0 374.86741402055316 205.6190490368045 1.0 374.415615626908 263.13513799925494 1.0
-0.15601911515391406 0.9877540360365985 -71.51571279667468 14.329086515871317 74.66567739047147 1.0 0.5285172481753642 72.48583045772106 1.0 28.12965578356727 76.8455243232219 1.0
0.1595761198639393 0.9871856269056847 -185.31380422223302 95.58747042839369 172.26783084019556 1.0 89.20125269372315 173.3001471735475 1.0 101.97368816306424 171.23551450684363 1.0
-0.9904177419830297 0.13810393319973488 170.7431385041223 205.51424598513108 237.51544354914364 1.0 204.5500385881338 230.6005926045563 1.0 206.4784533821284 244.43029449373094 1.0
0.01719776155873314 0.9998521075625979 -205.50050257785452 460.0020420797014 197.61872345632582 1.0 438.1227648840466 197.99505370501188 1.0 481.88131927535625 197.2423932076398 1.0
0.05824011604122426 0.9983026038649327 -292.27564559212084 11.264028400626751 292.1154629287454 1.0 0.6023908818728263 292.73745369975785 1.0 21.925665919380677 291.4934721577329 1.0
-0.041072974552407826 0.9991561493387394 -188.6661678477021 356.8597827583801 203.49518016606132 1.0 340.5858984396375 202.82619880920842 1.0 373.13366707712277 204.1641615229142 1.0
-0.9997531716512711 -0.022217015398653894 380.16447028728567 373.31370421377676 312.50419347949287 1.0 373.85572729147316 288.1134604619534 1.0 372.7716811360804 336.8949264970323 1.0
0.033165370186504964 -0.9994498777929748 289.6881547513408 67.55510706048692 292.0893297117003 1.0 80.7278211843418 292.5264481205228 1.0 54.38239293663204 291.6522113028779 1.0
-0.16415047928090262 0.9864353096639688 -30.742590911050357 13.696816825721136 33.44459553952265 1.0 0.5206653640757408 31.25198183610236 1.0 26.872968287366533 35.637209242942944 1.0
0.9999820551927553 0.005990767269174376 -45.40794496216439 45.04556139519158 60.62527295261313 1.0 44.94819074318611 76.8784339139642 1.0 45.14293204719704 44.37211199126207 1.0
0.160122986811638 -0.9870970717687901 33.21838578166832 13.807995265045884 35.89248133610826 1.0 25.67488448192701 37.817481216986145 1.0 1.9411060481647602 33.967481455230384 1.0
-0.17355120684237949 0.9848248466623665 -26.07268702467025 16.149482647717758 29.320390652127074 1.0 0.4609906674540598 26.55567901234732 1.0 31.837974627981453 32.08510229190683 1.0
0.22247815886030656 -0.9749376743310971 281.6626608685293 619.8645573230616 430.3546753513133 1.0 638.6354450958272 434.6381415274702 1.0 601.093669550296 426.0712091751564 1.0
0.9999999165498775 -0.0004085342551986286 -50.54718100034279 50.586251316392215 95.62501583016592 1.0 50.589825990826895 104.37501436978884 1.0 50.58267664195753 86.875017290543 1.0
-0.013124233819869885 -0.9999138735344367 205.97016212779906 458.13287183634725 199.97474231500792 1.0 478.1294269260801 199.71228024548796 1.0 438.1363167466144 200.23720438452787 1.0
-0.9998401377312132 0.017880128121147042 537.6116436270612 541.6766292179891 222.50354746210317 1.0 541.3972968779375 206.8835427586911 1.0 541.9559615580406 238.12355216551524 1.0
-0.9999998725567611 0.0005048628145178238 151.27134343065086 151.36002938352206 175.62525998954794 1.0 151.35561183445802 166.87526221980448 1.0 151.3644469325861 184.3752577592914 1.0
0.21206067326077582 -0.9772565020792578 282.91107307809256 618.1507369596313 423.63139426911766 1.0 635.7704315136494 427.4547960902613 1.0 600.5310424056132 419.807992447974 1.0
-0.5704266281951442 -0.8213485629414097 60.90714599954578 16.29427449071028 62.83867808581715 1.0 27.39756912146383 55.12743927218109 1.0 5.19097985995673 70.54991689945321 1.0
-0.6025893922256168 -0.798051392065174 60.76955045766013 38.35830506285838 47.18398225656164 1.0 43.346100072154286 43.417818331429196 1.0 33.37051005356246 50.95014618169409 1.0
0.0 -1.0 206.875 340.0 206.87500000000006 1.0 350.625 206.87500000000006 1.0 329.375 206.87500000000006 1.0
0.15231233282915554 0.988332410309477 -215.73493598370374 163.73813406840094 193.04800370849787 1.0 159.2764608790717 193.73559408264663 1.0 168.19980725773016 192.36041333434912 1.0
-0.1995229216020581 0.9798931593573754 -265.27148113820544 159.9670718016072 303.286716338634 1.0 151.6767452810626 301.598664786668 1.0 168.2573983221518 304.9747678906 1.0
0.9978452648554246 -0.06561118354067035 -114.3673768167607 137.3381713342723 345.59454515845886 1.0 137.7527386736394 351.89947724819586 1.0 136.92360399490516 339.28961306872185 1.0
-0.19561489545074215 -0.9806807904092927 174.46732642628473 524.2902121577403 73.3249311013725 1.0 561.9139332667351 65.82018506863716 1.0 486.6664910487454 80.82967713410785 1.0
-0.19732654986388165 -0.9803378156119538 175.42879899803168 360.04545380339124 106.47581899069618 1.0 485.7359679343725 81.17629967285588 1.0 234.35493967240993 131.7753383085365 1.0
-0.11424504764936821 0.9934526003225286 -282.80377998157326 95.00369759375803 295.59284644753166 1.0 88.07655831920428 294.7962393862201 1.0 101.93083686831177 296.38945350884313 1.0
0.2011836829616867 -0.9795535338663077 281.85337415523935 270.7100642654989 343.3358262427223 1.0 290.7627488504543 347.45430756976833 1.0 250.65737968054353 339.2173449156762 1.0
-0.19202871074164862 -0.9813893082008281 172.43366604149665 618.6807715987297 54.64619867222946 1.0 638.1658082655448 50.83355629003167 1.0 599.1957349319147 58.45884105442725 1.0
-0.1670295408482763 -0.9859518915667304 158.35336878252232 571.1609883798101 63.84957692302787 1.0 579.2651639459262 62.476653218189476 1.0 563.0568128136938 65.22250062786625 1.0
0.9998748789918509 -0.01581854484557211 -165.03792004799564 169.62668574779428 288.74601819950465 1.0 169.77496605041893 298.11867232736995 1.0 169.47840544516967 279.3733640716393 1.0
-0.19090712447789143 -0.9816081039924145 171.89650168439766 586.3391934607987 61.08361580170275 1.0 593.1978754164576 59.749711523062686 1.0 579.4805115051398 62.417520080342804 1.0
-0.23243018110152724 0.9726130838689717 -270.4438200029086 191.10577953326856 323.72849612188884 1.0 176.65962911929742 320.27622778144814 1.0 205.5519299472397 327.1807644623295 1.0
0.9989135496695851 -0.04660171978059691 -120.35485638804427 135.99551625437522 332.4535567722164 1.0 136.26143810737537 338.1536241380924 1.0 135.7295944013751 326.75348940634035 1.0
0.1763433300478367 -0.9843287204728103 289.5515477437164 234.50086011166906 336.172462951141 1.0 247.0460974970893 338.41995293164564 1.0 221.95562272624883 333.9249729706363 1.0
0.36134175633698135 -0.9324334480955225 301.60833149516935 373.1471985109424 468.0677172925972 1.0 383.1049966364737 471.9266181838916 1.0 363.1894003854112 464.2088164013027 1.0
0.9998546230380906 0.01705088822782125 -106.97547531133861 104.43300736340441 150.00098922087972 1.0 104.29448903685478 158.1236270169662 1.0 104.57152568995404 141.87835142479324 1.0
-0.10571108974847962 -0.9943968853049515 357.23438137546975 180.6297966180717 340.0451205458372 1.0 188.11168459584567 339.2497454363667 1.0 173.14790864029774 340.8404956553077 1.0
-0.1544697442482383 -0.9879975192842763 186.29103966461207 161.28331882591414 163.33810915939466 1.0 169.40521865322538 162.0682802735454 1.0 153.16141899860293 164.6079380452439 1.0
-0.2677172736273493 -0.9634975149949994 559.72687844398 401.2670472454919 469.4363519570344 1.0 410.6149795157843 466.8389369118396 1.0 391.9191149751994 472.0337670022292 1.0
0.06867494745720143 -0.9976390888451347 167.099714929239 73.12302026359446 172.5287595767731 1.0 85.60688766599614 173.38811738212436 1.0 60.63915286119276 171.6694017714218 1.0
-0.07959710020804946 -0.9968271172266884 353.1427872104126 205.60298857353703 337.8493418826846 1.0 220.60713378303907 336.65125404063275 1.0 190.598843364035 339.0474297247364 1.0
-0.13353785361962067 0.9910437132895122 -274.6141737283969 160.54370423235002 298.7283319936085 1.0 153.0120196070752 297.7134776683026 1.0 168.0753888576249 299.7431863189144 1.0
-0.9998007914635898 0.019959393497277152 16.526205245812037 22.081728058776747 278.1208730111965 1.0 21.882173884619636 268.1248567850843 1.0 22.281282232933854 288.1168892373087 1.0
-1.0 0.0 370.625 370.6249999999999 290.625 1.0 370.6249999999999 280.625 1.0 370.6249999999999 300.625 1.0
