-0.05673633059222095 -0.9983891970523971 488.85372807218624 294.39843636809076 472.91240976417964 1.0 337.00945000220884 470.4909166595341 1.0 251.78742273397268 475.33390286882513 1.0
-0.9889977050787077 -0.14793086002944006 621.5432764346426 622.4615687904752 40.087736933256615 1.0 628.3590326039096 0.6600057883789789 1.0 616.5641049770409 79.51546807813425 1.0
-0.9878775091510316 -0.15523539194898128 621.7504321720679 604.9118666821424 155.70936340442483 1.0 616.5229165029468 81.81967348516639 1.0 593.300816861338 229.5990533236833 1.0
-0.9885207536692362 -0.15108514012041438 615.3098914559408 593.5957328297897 188.82194662862065 1.0 599.8057759381369 148.19083963233177 1.0 587.3856897214424 229.45305362490956 1.0
0.9938181006192557 0.11102064169124054 -506.7001987914847 492.7432354670684 153.15217213302836 1.0 489.10344553617034 185.73430335361962 1.0 496.38302539796655 120.57004091243708 1.0
0.9956804275492382 0.09284657341747257 -463.8736570961406 452.5394267641265 143.1286765209487 1.0 449.97023605705425 170.68050538781608 1.0 455.1086174711988 115.57684765408129 1.0
0.9995332214829742 -0.030550599861014865 -324.6861545004064 325.3723191442699 17.488620114916927 1.0 325.5064989665406 21.87862196831333 1.0 325.23813932199926 13.098618261520528 1.0
-0.9958377273377638 -0.09114395652350035 496.0849745913723 484.76962237942354 146.28611777702932 1.0 487.3431445399642 118.16784688601956 1.0 482.19610021888286 174.40438866803908 1.0
0.9997770747060498 0.021113997542238496 -325.8680943526969 325.2012316019516 35.0174489418234 1.0 324.92417216153865 48.136597805113105 1.0 325.47829104236456 21.89830007853371 1.0
-0.9973674184999822 -0.0725136712260606 453.3868784243683 444.3110494971845 141.29079114479353 1.0 446.2645832095856 114.42150094410678 1.0 442.35751578478335 168.16008134548028 1.0
0.057755648057885696 -0.998330749359857 450.79020083236264 350.7357994503806 471.83478474319406 1.0 364.47597039537345 472.6296841068198 1.0 336.9956285053878 471.03988537956826 1.0
0.9938147729347064 0.11105042591875985 -504.86676928587406 507.45853356080596 4.925527991786136 1.0 506.960277766478 9.38452907176135 1.0 507.95678935513394 0.46652691181092165 1.0
-0.9889275473061699 -0.14839914480549757 615.2500892534821 611.1535997880922 73.20432204610026 1.0 622.0411608989814 0.6499342182610945 1.0 600.2660386772029 145.7587098739394 1.0
-0.004461208509545362 0.9999900487598036 -5.646728591736325 86.24818623410945 6.031559755596675 1.0 0.6193139203701747 5.649547700274128 1.0 171.87705854784875 6.413571810919223 1.0
-0.026253934969635264 -0.9996553060423428 481.97706771826114 199.40864794874696 476.9061927256337 1.0 250.68893512079293 475.55941917628974 1.0 148.128360776701 478.25296627497755 1.0
0.9323311389534956 0.36160565169487835 -315.71362628962436 279.4670699944598 152.5357094480246 1.0 276.82236193857574 159.35458427031983 1.0 282.11177805034384 145.71683462572938 1.0
-0.3261725410569816 0.9453102524887962 -24.26317985530877 609.0890566906717 235.82871826384496 1.0 599.574815242677 232.5458973051684 1.0 618.6032981386662 239.11153922252154 1.0
0.9875475058142569 0.1573210849188385 -618.8051858637605 596.6446439088951 188.0883031626763 1.0 590.4696776407307 226.8502563983722 1.0 602.8196101770595 149.3263499269804 1.0
0.9999970131606494 0.002444109199682471 -315.69614331411435 315.39615577359655 123.12444067805035 1.0 315.3717072875141 133.12743606872695 1.0 315.42060425967895 113.12144528737375 1.0
0.9999997594188701 -0.000693658563096865 -251.51212809942993 251.52866286927133 23.74980670306801 1.0 251.5447040204102 46.87522911268972 1.0 251.51262171813246 0.6243842934462984 1.0
0.9984795116472441 0.05512408566752659 -325.67247763182746 325.9259604731586 4.391615434479537 1.0 325.7157611291178 8.199020779073622 1.0 326.13615981719937 0.5842100898854513 1.0
-0.04723399912133159 -0.9988838517700673 82.19403231041461 64.36871494406977 79.24208639977645 1.0 123.10559391447342 76.46460863320581 1.0 5.631835973666117 82.0195641663471 1.0
0.509426067815597 -0.8605144283682515 301.58230026757604 71.92208918597 393.0454576944382 1.0 85.93948326912611 401.3437798531318 1.0 57.904695102813875 384.7471355357446 1.0
0.9880260136358592 0.15428738243561305 -604.8667271668884 582.3360986698497 191.22440562610944 1.0 576.5512190085527 228.26963577316738 1.0 588.1209783311467 154.17917547905148 1.0
0.002424508448883082 0.9999970608750715 -48.67799435760642 174.99879707688763 48.25385011964292 1.0 99.37272630555293 48.437206706091764 1.0 250.6248678482223 48.070493533194075 1.0
-0.024259528523803798 -0.9997056943299877 79.3593688577608 165.02434287542218 75.3781403187433 1.0 175.67340528623635 75.11972303176361 1.0 154.37528046460804 75.63655760572301 1.0
0.8854599437055022 -0.4647157067423575 21.73416899220903 153.9998239726283 340.196903534657 1.0 210.125301142754 447.1372568183396 1.0 97.8743468025026 233.25655025097439 1.0
-0.9871310860417065 -0.1599131607158117 630.2620383007019 606.7899570717138 195.6112232244014 1.0 609.6483198030226 177.96677986134193 1.0 603.931594340405 213.2556665874609 1.0
-0.36456244216477135 0.931178944007465 5.001923781250137 629.9907056479603 241.27373997953836 1.0 621.4603712577381 237.93406014915269 1.0 638.5210400381826 244.61341980992404 1.0
-0.12947414424013004 0.9915827983447908 11.623847868628433 629.3163293381297 70.44933155897246 1.0 620.4722898091279 69.29453697040677 1.0 638.1603688671314 71.60412614753814 1.0
-0.2998622833293422 0.9539825003827446 73.21730816690028 454.60438351952513 66.14523878737407 1.0 451.6140185648813 65.20528688791283 1.0 457.59474847416897 67.08519068683532 1.0
-0.021485066190010983 0.999769169324005 -42.52223571647107 293.1501034246862 48.83185698271643 1.0 263.15052660002584 48.187165274343435 1.0 323.14968024934655 49.476548691089434 1.0
0.4223288997275975 -0.9064426625302215 8.26291604305335 460.90702587050623 223.86112386771967 1.0 478.12182034859205 231.88182447185116 1.0 443.6922313924204 215.84042326358818 1.0
0.08920910679055456 -0.9960129192262674 441.9141395344151 372.48475675447196 477.04518968155895 1.0 380.65616263210023 477.77707157334464 1.0 364.31335087684363 476.31330778977326 1.0
-0.07829472685033094 -0.9969302562102487 497.88192933786576 501.9725558766365 459.9921833372757 1.0 638.3142304096475 449.28447926331336 1.0 365.63088134362545 470.6998874112381 1.0
-0.091661123032042 -0.9957902582996607 176.2105526701548 42.49255404370238 173.0441084453297 1.0 84.47210654881658 169.17994840265993 1.0 0.5130015385881759 176.90826848799944 1.0
-0.9833369994844335 -0.18179203900322857 650.9339480464022 625.1018103787337 199.393821946445 1.0 631.809170637098 163.1128299564498 1.0 618.3944501203695 235.67481393644022 1.0
-0.01689021666774257 -0.9998573501159637 78.16529117451994 194.38374685027867 74.8927910214855 1.0 211.89986421954507 74.59689779480651 1.0 176.86762948101224 75.18868424816449 1.0
-0.9946159009313114 -0.10363015784314812 301.42954996306844 285.20275940131114 171.40136464832807 1.0 286.30461356214266 160.8260486237289 1.0 284.10090524047956 181.97668067292724 1.0
-0.04847471762635261 -0.9988244098694453 98.97395446205893 51.83010991614112 96.57503717989782 1.0 103.11098816596572 94.08628533499994 1.0 0.549231666316512 99.0637890247957 1.0
0.3075825068821745 0.9515214140838224 -351.08375583688115 13.61133572396282 364.5710353317708 1.0 9.101482576520024 366.02886057482806 1.0 18.121188871405618 363.1132100887136 1.0
0.9998805306211956 0.01545718230067475 -280.35770429679985 278.6231063222223 114.3730383469323 1.0 278.4877228075632 123.13060734246683 1.0 278.75848983688144 105.61546935139778 1.0
0.17332870703587216 0.9848640308780053 -333.0025419237244 492.31973570280377 251.47572753298562 1.0 471.78091551351554 255.09040634735746 1.0 512.858555892092 247.86104871861374 1.0
-0.6189902210547588 0.7853986925368419 -269.5053470294662 97.58822047749797 420.0560865839451 1.0 92.5175157877331 416.0597511601072 1.0 102.65892516726284 424.05242200778304 1.0
0.10266221291760169 -0.994716276150572 170.3265686734595 586.3279455879378 231.74476842284466 1.0 596.9047879409351 232.83637822925235 1.0 575.7511032349407 230.65315861643697 1.0
0.982465339855975 0.1864453163307772 -636.936980322734 609.8800866210629 202.47724368793354 1.0 607.6396924158497 214.2829017626638 1.0 612.120480826276 190.67158561320326 1.0
-0.3439580633351662 -0.9389850108850097 352.6441577343082 22.091676117292472 367.46651288497674 1.0 27.30756903523798 365.5558876824197 1.0 16.875783199346966 369.3771380875337 1.0
0.9997795660095476 0.020995699315827985 -317.8884180170771 314.91377290771163 144.9850639974224 1.0 314.66395291356764 156.88106810610654 1.0 315.1635929018556 133.08905988873823 1.0
0.9978641220874269 0.06532376176161898 -499.2190795356364 484.4152197886414 242.46171819152113 1.0 483.877596864945 250.67426768807496 1.0 484.9528427123378 234.24916869496727 1.0
0.9870273791752684 0.16055202508346358 -651.7677766248476 625.7485214022907 212.6217561229725 1.0 622.7957133676439 230.77476524341213 1.0 628.7013294369376 194.46874700253284 1.0
0.9999994366042254 0.001061504230718417 -252.66445051727476 252.5133298228103 142.4986872686353 1.0 252.45693673808012 195.62429084762152 1.0 252.5697229075405 89.37308368964909 1.0
-0.4165666493064618 0.9091051791105291 -339.5447003379735 84.87173044560173 412.38290279826754 1.0 76.73650773504674 408.6552125994135 1.0 93.00695315615671 416.1105929971215 1.0
-0.9892618658392198 -0.14615389422217018 630.3620283177492 631.7456703081195 36.94823050476683 1.0 635.092275178806 14.29629504850543 1.0 628.3990654374331 59.60016596102823 1.0
-0.5028305595580824 0.864385000086481 -312.3676080341761 5.115807151776755 364.35152411875004 1.0 1.2273538122046146 362.0895307149347 1.0 9.004260491348894 366.6135175225654 1.0
0.989191814926446 0.1466272596842878 -618.2329500208443 614.8015282948725 68.72058066816912 1.0 604.8733793485252 135.69887444685128 1.0 624.7296772412197 1.742286889486957 1.0
0.9867232344607244 0.16241077111868663 -305.77550724469694 280.3557823292187 179.43356037480498 1.0 279.1044163589687 187.03620808809504 1.0 281.6071482994687 171.83091266151496 1.0
0.040360634967712965 0.9991851776047336 -84.5720828673727 63.73249620754068 82.06666861184883 1.0 8.122493739690295 84.31295394560345 1.0 119.34249867539106 79.8203832780942 1.0
0.9998890131715712 0.014898366983724095 -324.3701756632794 322.17125035881895 149.99510162354466 1.0 322.03145494428327 159.37733118190684 1.0 322.3110457733547 140.61287206518244 1.0
0.6850709920579383 -0.7284763111047278 248.4807248685391 9.769899205858385 350.2842790081036 1.0 20.067256455658143 359.96808154108834 1.0 -0.5274580439413723 340.6004764751189 1.0
-0.0036433140893965127 0.9999933631091988 -5.918169922596904 201.87580623049405 6.653711051698425 1.0 194.3759057835257 6.626386377380034 1.0 209.37570667746238 6.681035726016815 1.0
0.9999164879716438 -0.012923508906395086 -307.4060703276455 309.74992556369887 179.36207637379357 1.0 309.96001943099213 195.6174388647274 1.0 309.5398316964056 163.1067138828597 1.0
-0.1728292541613029 -0.9849518002958559 187.19128823497522 143.00790114773434 164.95765507676145 1.0 155.7728835779223 162.71778669728457 1.0 130.24291871754636 167.19752345623834 1.0
-0.15102352884292902 0.9885301683488616 13.59908855402304 631.3160057720315 82.69295674529518 1.0 624.411197359608 81.63806882602175 1.0 638.220814184455 83.7478446645686 1.0
-0.07790449419134474 -0.9969608266049328 174.96494986038147 208.7353348652016 159.1873270671012 1.0 218.053436956934 158.45919210842703 1.0 199.41723277346915 159.91546202577533 1.0
0.9994760481454195 -0.03236710032757372 -211.2075726460949 211.7232532490506 12.50491417710457 1.0 212.1087207161434 24.4079112574558 1.0 211.3377857819578 0.6019170967533383 1.0
-0.04368995385115085 -0.9990451380856044 98.58654970249823 139.97526614192643 92.55941824775832 1.0 174.33921102207827 91.0566241209241 1.0 105.61132126177456 94.06221237459253 1.0
-0.9997754716103339 0.02118977032283074 218.89589058141868 221.67533904657182 128.82046462331283 1.0 220.65496842740222 80.67735115603426 1.0 222.69570966574142 176.9635780905914 1.0
0.9998354481931062 -0.018140466821181575 -250.35329771113717 251.88061111506565 81.90891716817436 1.0 251.99417604899213 88.1681963659304 1.0 251.76704618113916 75.6496379704183 1.0
0.5484132130301412 -0.8362074789033861 290.4850467409429 42.38219880944689 375.17962046541504 1.0 57.3063055052657 384.96735558037955 1.0 27.458092113628084 365.3918853504505 1.0
0.31773700798721277 -0.9481788827828502 356.2915797246538 166.92946857966422 431.7025585031891 1.0 197.66367630172468 442.00166490788365 1.0 136.19526085760376 421.40345209849454 1.0
0.9994675687297935 0.032627887724394566 -326.3747323294607 323.4061901959648 96.25917952961174 1.0 322.81379387659064 114.40564717871804 1.0 323.998586515339 78.11271188050546 1.0
0.3594855886004376 -0.9331506371366828 1.7733386352339953 629.3800708999895 244.36183698677746 1.0 638.2572626490545 247.78167337120482 1.0 620.5028791509244 240.9420006023501 1.0
-0.08347141265417646 -0.9965101721856714 175.85621346232745 173.0809539858032 161.97416367118217 1.0 189.37369519855147 160.60942283561786 1.0 156.78821277305497 163.3389045067465 1.0
0.9928121351263132 0.11968318322108348 -652.3815441052656 630.8903949622638 217.45664972848752 1.0 630.2130635157652 223.07534118946194 1.0 631.5677264087625 211.8379582675131 1.0
0.999363502175818 -0.03567338670330799 -209.34629032134225 213.00476743358044 98.75429183457959 1.0 213.65252675887805 116.90078948226268 1.0 212.35700810828283 80.60779418689648 1.0
-0.0005848131534984856 -0.9999998289967732 0.8630169601684868 36.875126584024656 0.8414520449962424 1.0 56.875119743896164 0.8297557839263714 1.0 16.87513342415315 0.8531483060661134 1.0
0.36570231657513463 -0.9307318709765879 341.96414395639425 115.29466660055829 412.71571609331806 1.0 136.02361092685436 420.86051396333124 1.0 94.56572227426221 404.57091822330494 1.0
0.999858718539172 -0.01680901428415621 -211.24384565037857 213.5432906993102 135.00347507055102 1.0 213.84808762927335 153.13385812905545 1.0 213.23849376934706 116.87309201204656 1.0
0.2656499474946689 -0.9640695542314773 373.2682465199828 201.95655228870157 442.82903879482546 1.0 205.76204646701535 443.87764501231584 1.0 198.15105811038777 441.78043257733503 1.0
-0.9971151690292359 -0.07590348932557997 497.0598828372424 480.60552980660805 235.04609480092148 1.0 481.4132786751712 224.43500620977886 1.0 479.7977809380448 245.65718339206413 1.0
-0.9999994123414412 0.0010841202757280156 274.7459111322914 274.8619389085698 106.87582725048698 1.0 274.85516316082834 100.6258345962168 1.0 274.8687146563113 113.12581990475715 1.0
0.01586600250091484 -0.9998741270603221 71.00826142233593 293.12430978848874 75.66849707068629 1.0 321.8869025567228 76.12490188849598 1.0 264.3617170202546 75.21209225287659 1.0
0.9963945223111939 0.08484076796121061 -334.23561449783296 320.8662811878114 171.2173272002422 1.0 319.8489333624589 183.16535436720406 1.0 321.88362901316395 159.26930003328033 1.0
-0.23670755239442595 0.9715809460047269 0.9783099786972351 618.8098050709699 149.75452634763406 1.0 608.0614395539201 147.13588782426277 1.0 629.5581705880197 152.37316487100537 1.0
-0.07793754504952022 -0.9969582433942025 176.9920496251483 107.6750755238472 169.11452379568976 1.0 129.6114522610572 167.3996401869652 1.0 85.73869878663722 170.82940740441433 1.0
0.06778491294680633 0.9976999576910855 -158.07030164815455 105.08797750539054 151.294906928254 1.0 73.06355968172157 153.47068368119005 1.0 137.1123953290595 149.11913017531793 1.0
-0.9996174421386547 0.027658079690634964 192.73013448343585 195.58760265722356 100.6087418191852 1.0 195.30969335090253 90.56455245251665 1.0 195.86551196354458 110.65293118585375 1.0
0.007443235462700191 0.9999722987392434 -80.77641221701163 300.62344414816016 78.54097682068799 1.0 279.36996954213856 78.69917581889283 1.0 321.8769187541817 78.38277782248315 1.0
0.9999238338804779 -0.012342059705193283 -443.1393262755381 445.9425884688553 224.37879438047466 1.0 446.0045796792181 229.4011723476453 1.0 445.8805972584925 219.356416413304 1.0
-0.9916057179682588 -0.1292984922288498 597.4166876233458 577.2953466457184 193.09831462530042 1.0 582.4970133023758 153.20610621054934 1.0 572.0936799890609 232.99052304005153 1.0
-0.05078189545102836 -0.9987097671968572 89.28864464712382 41.895274252802345 87.27372663508292 1.0 53.17965821134399 86.69994391538417 1.0 30.610890294260695 87.84750935478168 1.0
0.033578629914845504 0.9994360788029627 -65.55155397916104 89.98119847934517 62.56539056606998 1.0 0.5811221181283166 65.56901645286774 1.0 179.381274840562 59.561764679272216 1.0
0.07427308178077703 0.9972379401741522 -57.09141174174587 232.49505360740451 39.933586566694856 1.0 221.69720402370788 40.737797410344044 1.0 243.29290319110115 39.129375723045676 1.0
0.9918147906959298 -0.12768485014593112 -47.485043799710986 63.15379968424688 118.66583074230024 1.0 64.05501669363323 125.66619420370205 1.0 62.25258267486052 111.66546728089843 1.0
-0.9986693479299366 0.051570665161458216 169.7941675603772 170.69797781260925 13.121231471060877 1.0 170.43714318298223 8.070151585400469 1.0 170.95881244223628 18.172311356721284 1.0
0.006771409950344054 0.9999770737408356 -40.7897036066437 180.61783956620752 39.56757330703559 1.0 148.1193297559708 39.787639085021034 1.0 213.11634937644428 39.347507529050134 1.0
-0.05066159866706645 -0.9987158767239545 89.09125213911138 13.145998321767541 88.53894977429786 1.0 23.120332345972514 88.0329843450077 1.0 3.1716642975625695 89.04491520358803 1.0
0.001469325306933942 -0.9999989205409886 0.7383752318968207 77.50058442518036 0.8522497218635512 1.0 95.62646362213786 0.8788825636271294 1.0 59.37470522822288 0.825616880099973 1.0
-0.5206063162021649 0.85379685144091 -312.38968439103735 45.01250514017398 393.3294885174874 1.0 14.253592561988459 374.57410877968584 1.0 75.7714177183595 412.08486825528894 1.0
-0.018541205102548912 0.9998280970813659 -55.42437157421639 295.00640494558513 60.90461551604359 1.0 266.85631487024364 60.382589184451454 1.0 323.15649502092657 61.42664184763573 1.0
0.9881248840675104 0.15365289937573337 -625.3877873207371 601.600838459155 201.30455519573576 1.0 597.6069491572304 226.98881770868994 1.0 605.5947277610799 175.6202926827816 1.0
-0.30125039211590593 0.9535450703821047 -374.50594950065647 148.0753543771064 439.53214282940417 1.0 140.17878351890832 437.03740488644576 1.0 155.9719252353045 442.02688077236263 1.0
0.06383336897987608 0.9979605708667447 -130.62089625776014 13.128077347814518 130.04811075822587 1.0 0.5595676127294613 130.8520406356859 1.0 25.696587082899576 129.24418088076584 1.0
0.006075239586835471 -0.9999815455616983 475.42126998939347 394.3730194439745 477.8259985795097 1.0 404.3764473132839 477.88677292206177 1.0 384.36959157466504 477.7652242369577 1.0
0.33827835117407573 -0.941046097238041 36.24610528698047 545.5365227539178 234.62113211821293 1.0 555.585958533259 238.2336082505117 1.0 535.4870869745764 231.00865598591415 1.0
0.9999451774077899 0.01047101613518648 -447.41321400088304 444.85926710712977 246.23543681504748 1.0 444.68250987055086 263.1151306295828 1.0 445.0360243437087 229.35574300051215 1.0
-0.027308583616271052 -0.9996270510849901 451.5512967777643 220.6097828098441 445.69297678945543 1.0 228.12125111861917 445.48777269842117 1.0 213.098314501069 445.8981808804897 1.0
0.9999804002234932 -0.006260923962359341 -277.47663801738577 278.3233724745755 134.3698448265037 1.0 278.3860049865525 144.37336583559613 1.0 278.26073996259845 124.36632381741131 1.0
0.0038089462219796856 0.9999927459380283 -60.947444448899525 214.99811061332008 60.128964386980115 1.0 179.36886631512138 60.26467524689672 1.0 250.62735491151878 59.993253527063516 1.0
-0.03402308331660374 0.9994210473077059 1.2415178276697203 233.75543150635252 6.715450622397367 1.0 224.34877949501106 6.395221920015805 1.0 243.16208351769396 7.035679324778929 1.0
-0.3466804131420342 0.9379833106957013 -362.074385355168 121.24384938940513 430.8256325506384 1.0 102.51174589396416 423.90221152089515 1.0 139.9759528848461 437.74905358038166 1.0
-0.025025486181885128 0.9996868134777813 -446.22495806200163 199.38798984074043 451.35609809323887 1.0 175.5903197496659 450.7603632530909 1.0 223.185659931815 451.95183293338687 1.0
0.3221615686367041 -0.9466847013095427 30.345873263270892 605.9862438468964 238.27505804331685 1.0 615.3413100952054 241.45863417282067 1.0 596.6311775985874 235.09148191381306 1.0
-0.01439400249782436 -0.9998964009796678 449.7786922698315 98.75401175004903 448.40368096009195 1.0 154.3674869560467 447.60309751940395 1.0 43.14053654405138 449.2042644007799 1.0
-0.9999887718914856 -0.004738785810548947 325.24074990473997 324.59282056296286 137.49807044219614 1.0 324.6846475422018 118.12054382108161 1.0 324.50099358372387 156.87559706331066 1.0
0.057442886613246466 0.9983487941483866 -117.70871940608035 78.76418177254287 113.3714770897116 1.0 68.10255588230311 113.98492458493126 1.0 89.42580766278263 112.75802959449194 1.0
-0.999958244595169 -0.009138329505348333 275.842110944334 275.00263883063286 93.11931242107582 1.0 275.036906135373 89.36962558007389 1.0 274.96837152589274 96.86899926207776 1.0
0.9995927352214445 0.028537058231552982 -318.62074776707567 316.00244507530493 96.26077556059948 1.0 315.5557171817385 111.90870792302007 1.0 316.4491729688714 80.6128431981789 1.0
0.9878623472190209 0.1553318478191978 -647.3390297749853 635.829200192304 123.7821085152045 1.0 633.3712789258033 139.41372499112012 1.0 638.2871214588048 108.15049203928886 1.0
-0.006513012370521744 0.999978790110001 -37.07861940013094 281.86985287451034 38.915266627304234 1.0 266.87048916446247 38.81757351385055 1.0 296.8692165845583 39.01295974075792 1.0
-0.9949223408940058 -0.10064559399194671 501.7260427954158 488.3454059645383 157.58552063007133 1.0 489.8038329996621 143.16838042297408 1.0 486.8869789294145 172.00266083716858 1.0
-0.9996389197418794 -0.026870618476103152 328.1996100531154 326.6882229514015 60.6367795751066 1.0 328.16692713935254 5.626127015108242 1.0 325.20951876345043 115.64743213510496 1.0
0.9892300463561267 0.14636910666617947 -626.0342227639953 626.762670485609 41.14090276550175 1.0 622.7776365549084 68.07360318150077 1.0 630.7477044163095 14.208202349502725 1.0
-0.9918095118813536 0.12772584758642733 75.34477245117516 91.33869509236504 119.3635777906812 1.0 90.69510035702986 114.36597243229623 1.0 91.98228982770021 124.36118314906618 1.0
-0.9999915570981218 -0.0041092252887695024 263.61336289954875 263.09678442994965 126.25245234237637 1.0 263.3356205797003 68.13100206969827 1.0 262.857948280199 184.37390261505448 1.0
0.9864114493553281 0.1642937995808758 -625.8075926732247 616.2292906490862 109.26745254325074 1.0 612.2453728682718 133.18668821928193 1.0 620.2132084299006 85.34821686721955 1.0
0.03189339611447477 0.9994912762422116 -83.57893401758393 184.36266788107008 77.73852985916648 1.0 150.60715153624278 78.81565587259385 1.0 218.1181842258974 76.66140384573912 1.0
-0.9959136436739316 0.09031065465443795 184.97043200370842 196.08697419971944 114.21975610740927 1.0 195.73949813251625 110.38791414477534 1.0 196.43445026692262 118.05159807004318 1.0
0.4280509081940799 -0.9037546237747407 5.050005827814373 416.90985608829635 203.05140746611778 1.0 443.66936069115116 215.72567761284583 1.0 390.1503514854416 190.3771373193897 1.0
0.9999559739250873 0.009383507421543287 -294.06263628579006 292.920151063008 123.12894266419792 1.0 292.6972475419404 146.88271590561317 1.0 293.14305458407557 99.37516942278268 1.0
-0.9998237384578672 -0.018774770734533677 304.49286837544605 303.8425579453903 37.49000176019011 1.0 303.97205235797884 30.59396081597042 1.0 303.71306353280175 44.386042704409796 1.0
-0.05776716338073512 0.9983300831062558 -459.14612060633624 295.02976053804156 476.98567942967 1.0 278.1750289895652 476.01040076425124 1.0 311.8844920865179 477.96095809508876 1.0
-0.9998924278919157 0.014667400738043472 262.89274958887626 263.2780180410887 24.336082934835346 1.0 262.9294358305811 0.5728600564715647 1.0 263.62660025159636 48.09930581319913 1.0
0.6793569074745314 -0.733808007769499 16.38889571203914 329.82706790969235 327.68679276131866 1.0 444.74406143032166 434.076546631337 1.0 214.91007438906297 221.2970388913003 1.0
0.06062011606744415 0.9981609096373038 -130.5187306948218 45.6167296795212 127.98882225657692 1.0 28.10540286503648 129.05231678310045 1.0 63.12805649400592 126.92532773005341 1.0
0.06535497375933351 0.9978620783479631 -112.0558987338657 84.99047231278392 106.72952801492511 1.0 66.86137006613747 107.91689351093777 1.0 103.11957455943038 105.54216251891245 1.0
0.05827440782501277 0.9983006027207657 -468.407807338011 387.5558716501673 446.5821388902756 1.0 264.41267732778624 453.7704514158411 1.0 510.69906597254845 439.39382636471015 1.0
-0.01546566636798124 -0.9998803994297488 83.71040335813593 136.26527774477995 81.6127309641579 1.0 146.86840661381345 81.4487268956326 1.0 125.66214887574648 81.7767350326832 1.0
-0.017615443930396345 -0.9998448360296387 49.00812252669975 234.99780644709188 44.87549490342603 1.0 244.38090529251386 44.710181801183836 1.0 225.61470760166986 45.040808005668225 1.0
-0.029294341490675585 -0.9995708286843048 450.76326716907164 359.3691328357446 440.4248027626396 1.0 386.8821356900514 439.6184814115965 1.0 331.85612998143785 441.2311241136827 1.0
-0.09522774033080544 0.9954555125526648 -126.80209647487568 382.5974610612718 163.98119864689372 1.0 324.46633555102767 158.42023117479474 1.0 440.7285865715159 169.5421661189927 1.0
-0.6642541128819937 0.7475068384432049 -15.79089659604443 367.75247596984786 347.91921345253695 1.0 272.0761051443302 262.8986898158135 1.0 463.42884679536553 432.93973708926035 1.0
-0.20430632213051697 -0.9789070061744891 392.2037720706052 578.9729309204586 279.8181443317766 1.0 638.4945138785761 267.39547739318505 1.0 519.4513479623411 292.2408112703681 1.0
-0.9877744428589907 -0.15588986507983957 629.7222801623468 619.4634861167746 114.38896481646711 1.0 622.8267778277196 93.07793478735282 1.0 616.1001944058295 135.6999948455814 1.0
0.9839324713309524 0.1785410089042975 -648.4497320581369 627.2709221610505 175.07184267634335 1.0 624.8855310447568 188.21763921098625 1.0 629.6563132773442 161.92604614170043 1.0
0.04409976208371196 0.9990271322562566 -110.63258772722807 46.24774090580901 108.69882293498907 1.0 28.13045466994131 109.49856899473805 1.0 64.3650271416767 107.89907687524007 1.0
0.08691778980485956 0.9962154876408208 -481.55063629125067 575.0075682856291 433.2117445361357 1.0 511.8182785588101 438.72488247720554 1.0 638.1968580124479 427.6986065950658 1.0
0.013102391211560316 -0.9999141599880159 -0.5384077968115819 117.50325947569621 1.0012518249411233 1.0 134.38355079119916 1.2224429925744273 1.0 100.62296816019327 0.7800606573078191 1.0
-0.0393447743345405 -0.9992256945918495 452.12234661357286 454.95801051261526 434.5586074381615 1.0 463.0704329210673 434.2391786737747 1.0 446.8455881041632 434.8780362025483 1.0
-0.5833274626521753 0.8122370782695008 -12.530187465736692 446.1140857044852 335.8142498422448 1.0 321.4182650050789 246.26096713950588 1.0 570.8099064038915 425.3675325449837 1.0
-0.9998442310895018 0.017649746656617754 195.49468125736846 198.51510276368174 169.37914652261065 1.0 198.38216619545122 161.84839475421072 1.0 198.6480393319123 176.9098982910106 1.0
-0.9999986961589121 0.0016148314078434992 274.897781757216 275.1262367150822 141.2508054196677 1.0 275.1151347636285 134.37582334747097 1.0 275.1373386665359 148.12578749186443 1.0
0.05527492979858172 0.9984711724109825 -93.08603766597325 74.9835312158893 89.07751240048408 1.0 68.06054849625478 89.46076571254574 1.0 81.90651393552382 88.69425908842243 1.0
0.9994040753464141 -0.03451802689869634 -184.99619797986276 188.96950700198232 111.84583190260109 1.0 189.8334327885954 136.85916636902095 1.0 188.10558121536923 86.83249743618123 1.0
0.7788269443438489 -0.6272388626066018 19.48701793202166 243.7615926670381 333.74066368807553 1.0 329.65847829628973 440.3966969020784 1.0 157.86470703778642 227.08463047407258 1.0
0.21687966665332456 -0.9761983457230107 106.71762430672251 562.3859053576205 234.26355206721468 1.0 570.5257018875732 236.0719513190435 1.0 554.2461088276679 232.45515281538587 1.0
0.5951799870536988 -0.8035924234403651 13.41034726429733 404.10574302553925 315.9885419021836 1.0 554.1787472371433 427.1399740191897 1.0 254.03273881393523 204.83710978517752 1.0
0.40641142274999753 -0.913690185707564 17.47813718010504 499.3741529922903 241.25190423444866 1.0 511.89827940735375 246.82266346407212 1.0 486.8500265772268 235.68114500482523 1.0
-0.206248687933281 0.9784996058894454 -7.978084856230901 622.5021634406917 139.3647360517277 1.0 614.2182532763997 137.6186488871965 1.0 630.7860736049836 141.1108232162589 1.0
-0.002769161633431613 -0.9999961658645737 75.98983439119955 242.50088225560324 75.31859903369278 1.0 250.63101210917716 75.29608530370676 1.0 234.3707524020293 75.34111276367881 1.0
-0.7616362369576066 0.6480048167668636 -18.834193600057443 238.8613695561435 309.81199995549923 1.0 127.98564154966273 179.49356703068176 1.0 349.7370975626243 440.1304328803167 1.0
0.03652693634661042 0.9993326687950969 -462.4089804410276 243.7065028258101 453.8099700791845 1.0 223.08620695257295 454.563669280991 1.0 264.3267986990473 453.05627087737804 1.0
-0.995643847579777 -0.09323802216122834 219.7474071825015 219.71634776799735 10.598437114930372 1.0 220.67183305167737 0.39527083042908084 1.0 218.76086248431733 20.801603399431663 1.0
0.9999006416272767 0.0140963425526012 -297.1135253041812 296.9844275937387 11.251542682124432 1.0 296.8699061902898 19.37492818877838 1.0 297.0989489971876 3.128157175470485 1.0
-0.4121578026575023 0.9111124769799498 -339.26966740261287 168.48253509309265 448.58463601277344 1.0 161.41663734998482 445.3882525132793 1.0 175.54843283620048 451.78101951226756 1.0
0.42551090776804407 -0.9049532956845978 -18.203414804847824 524.2686772144283 226.39690570553074 1.0 536.6409343155012 232.2143665350806 1.0 511.89642011335536 220.57944487598093 1.0
-0.8681296245287597 0.49633754141265063 -21.47731276941265 163.23309352259633 328.7778645463808 1.0 97.36053055421525 213.562071693541 1.0 229.1056564909774 443.9936573992206 1.0
-0.08909698677789725 -0.9960229550302037 177.47644018929554 235.64565817074615 157.10593948534301 1.0 245.67720374528565 156.2085902034788 1.0 225.61411259620664 158.0032887672072 1.0
-0.999091873868308 0.04260783461187475 191.90730797445266 197.65330760601438 130.64511605942985 1.0 197.225346908313 120.61005890847817 1.0 198.08126830371577 140.68017321038153 1.0
0.053364427991943346 0.9985751037478816 -48.41097277654692 129.98176348949127 41.53375160554529 1.0 123.05973136792063 41.90366898414112 1.0 136.9037956110619 41.16383422694946 1.0
-0.40460355148957944 0.9144921903012727 -14.34261826074801 504.865509241946 239.05397841901112 1.0 487.7467096610932 231.48001859616173 1.0 521.9843088227988 246.62793824186048 1.0
0.9879968057968151 0.15447430768671636 -612.5827664866373 592.7700163494494 174.3194979443889 1.0 588.8650296161383 199.2952656106522 1.0 596.6750030827604 149.3437302781256 1.0
-0.9571766817306551 0.28950440402711003 -27.708969228681166 103.00868554045158 436.2851800758773 1.0 100.09651068319985 426.65677433244474 1.0 105.92086039770331 445.9135858193099 1.0
0.1597490360128775 0.9871576598968151 -326.53771775836725 539.9446563381373 243.40800782841634 1.0 523.0074975561898 246.14890211322185 1.0 556.8818151200849 240.66711354361084 1.0
-0.2086146635241736 0.9779979152138801 -71.69133918231907 527.5868958340093 185.84262717650705 1.0 491.85459787063456 178.22064639248387 1.0 563.319193797384 193.46460796053023 1.0
-0.9956231456445418 0.09345882439271157 16.975288854267188 30.073682454319332 138.74308345171647 1.0 29.31219398847663 130.6308955800972 1.0 30.83517092016204 146.85527132333573 1.0
0.04537964066795451 0.9989698134642745 -92.2913714866808 92.47436884289027 88.18576564600573 1.0 83.09034183391162 88.61204857062091 1.0 101.85839585186893 87.75948272139055 1.0
0.18276511437947127 0.9831566065311562 -350.7375884537911 588.7140623923004 247.30667920925342 1.0 564.3671331965581 251.83268175013927 1.0 613.0609915880427 242.78067666836756 1.0
-0.0611021435322224 0.9981315184161692 -105.87961262154059 134.88765722149986 114.33517077479073 1.0 127.92397238742467 113.90887818469199 1.0 141.8513420555751 114.76146336488948 1.0
-0.1494821204469231 0.9887644288032875 -102.48499903002883 468.5444768453031 174.48445345203916 1.0 452.89910946691106 172.1191755124558 1.0 484.18984422369516 176.84973139162253 1.0
0.4685131715486012 -0.8834565117115109 9.501749063670365 300.5496095452434 170.1421607592278 1.0 308.21418578437857 174.20682594055805 1.0 292.88503330610826 166.07749557789754 1.0
-0.5156464202609568 0.8568014759978304 -10.731325941783759 463.8616773966321 291.6894361048378 1.0 289.46176628769507 186.73082856693463 1.0 638.2615885055692 396.648043642741 1.0
0.08303913172279093 0.9965462872354324 -125.6480915422988 150.03802553166832 113.58134150572215 1.0 144.34837228151102 114.05544278104526 1.0 155.72767878182566 113.10724023039906 1.0
-0.4602495638138426 0.8877895803675371 -9.216508764879935 298.8991591947525 165.33728222831982 1.0 290.45225135468985 160.95822019049427 1.0 307.3460670348151 169.71634426614537 1.0
0.6733065093500158 -0.7393634724997556 21.71763563844392 485.1035166624682 471.13632749281146 1.0 493.6509390336622 478.92009736344266 1.0 476.5560942912743 463.3525576221803 1.0
0.9693919906875377 -0.24551816305693733 26.71265829370032 81.49283407924912 430.5634973492275 1.0 85.92161390558407 448.0498765185438 1.0 77.06405425291419 413.07711817991117 1.0
-0.9998741177533162 -0.01586658901678142 306.0890673480388 304.24339924212865 118.73799381535957 1.0 304.84839414340144 80.61267636271818 1.0 303.63840434085586 156.86331126800096 1.0
-0.41950479202137514 0.9077531214328611 -5.717906351134887 441.6436847218341 210.39811810996622 1.0 404.8319902106103 193.38613336954523 1.0 478.45537923305795 227.4101028503872 1.0
0.47115981576067795 -0.8820478603864781 8.301268294077957 381.27615040257194 213.07604441027163 1.0 434.5559314782429 241.5362821851052 1.0 327.99636932690106 184.61580663543808 1.0
-0.6465433111196852 0.7628772816425942 -31.914253266237587 505.75845023888246 470.4675377639482 1.0 496.23938374303464 462.4000688287843 1.0 515.2775167347303 478.5350066991121 1.0
-0.9971472295502429 -0.0754811406927259 455.80515568239485 439.932213753419 226.91717945802918 1.0 440.6777501034191 217.06823574693823 1.0 439.1866774034189 236.76612316912014 1.0
0.5258922853557001 -0.8505511767103487 11.07185319911714 429.2081305908247 278.3948860133212 1.0 573.4590902619542 367.5846595665205 1.0 284.95717091969516 189.20511246012182 1.0
0.20995675557783455 -0.9777106733524134 101.79626554852547 426.97035481245314 195.80595895147852 1.0 434.7812315210789 197.48329190555012 1.0 419.1594781038274 194.1286259974069 1.0
-0.004537286392045349 -0.9999897064631198 45.3123676266504 203.1279092248684 44.39117507047756 1.0 211.8805648637047 44.35146135635863 1.0 194.3752535860321 44.43088878459649 1.0
-0.3765265140022427 0.9264058420872133 -8.004731295436105 529.3580007773573 223.79182488770766 1.0 490.6514184770348 208.05999997860988 1.0 568.0645830776798 239.52364979680547 1.0
-0.4329982575415266 0.9013947575651867 -24.883793087963934 460.5965896596971 248.86023793405553 1.0 447.7369122079901 242.68290233009014 1.0 473.45626711140403 255.03757353802092 1.0
-0.010585821998226561 0.9999439686165529 -122.23899777011744 136.87558363828845 123.69486912905839 1.0 116.87120906279853 123.48309451459177 1.0 156.87995821377837 123.906643743525 1.0
-0.038034379818951324 -0.9992764311999897 97.46501256349704 234.36986237395485 88.6150192630017 1.0 244.37915052055294 88.2340465359377 1.0 224.36057422735672 88.99599199006569 1.0
0.9965273242221371 -0.0832663922520231 -262.98054290768823 280.089791130389 193.7947202104654 1.0 280.7639811653209 201.86338721232624 1.0 279.41560109545713 185.7260532086046 1.0
0.9710243760427947 -0.23898046181790875 23.82711052905892 52.9949458174798 315.0320078562051 1.0 71.32494359177751 389.51037531879336 1.0 34.66494804318209 240.55364039361686 1.0
-0.9594394209235587 0.2819148764749144 -24.01679220368609 66.67799930189707 312.11653085667973 1.0 40.53696004915089 223.15086903490433 1.0 92.81903855464326 401.0821926784551 1.0
0.09952138688238171 -0.9950354232654269 150.94507907092512 365.67280509734826 188.27203474283928 1.0 389.49703339835867 190.65488482684736 1.0 341.8485767963379 185.8891846588312 1.0
0.0012025346233481321 0.9999992769549786 -454.61874251251976 110.6251335302303 454.48604057310604 1.0 45.62673069324145 454.56420345949516 1.0 175.62353636721915 454.407877686717 1.0
-0.029406128666790286 -0.9995675462903105 452.16227877380084 278.155886147605 444.17487606922634 1.0 328.14939189229324 442.70412457485435 1.0 228.16238040291665 445.64562756359834 1.0
-0.007037743988641412 -0.999975234773117 97.7462975066188 631.8718445906318 93.30165586743504 1.0 638.1259335101897 93.25764010067655 1.0 625.6177556710737 93.34567163419355 1.0
0.02666741229648195 -0.9996443613212698 68.99081461975658 223.1425237922781 74.96810986214108 1.0 233.1687346939087 75.23557808407139 1.0 213.1163128906475 74.70064164021076 1.0
0.3969750347531138 -0.917829407778354 -0.5408127028989176 490.72029070121687 211.65468234723107 1.0 511.3541858719774 220.57915260617798 1.0 470.0863955304563 202.73021208828416 1.0
-0.027489632314908207 -0.9996220886491011 36.71356508527379 108.12511004372834 33.75400158650049 1.0 118.13472777217451 33.47873684986425 1.0 98.11549231528218 34.029266323136746 1.0
0.9955405695980419 -0.09433437488215242 -14.514795723866513 27.672181094242823 138.167907732456 1.0 28.387657541869732 145.71855754695153 1.0 26.95670464661592 130.6172579179605 1.0
0.9995862110811481 -0.028764676539717177 -246.33251568907838 252.5489535477513 212.48060591914037 1.0 252.9273679652353 225.63068717484379 1.0 252.17053913026731 199.33052466343696 1.0
-0.7882286693830529 -0.6153824540581425 312.75614589341046 32.97392955601641 465.9950042190299 1.0 43.06084609316835 453.07491404124596 1.0 22.88701301886446 478.91509439681386 1.0
0.03964944596425666 0.9992136515454177 -52.22623170079471 23.10418919882366 51.35054281959615 1.0 0.5900381319376757 52.24391894068594 1.0 45.61834026570965 50.45716669850636 1.0
0.4815742838237381 -0.8764052767753361 16.713421094017544 482.83830152412855 284.38433331918543 1.0 504.6520814910873 296.3707461620301 1.0 461.0245215571698 272.3979204763407 1.0
0.0011867527547510665 -0.9999992958087016 33.245892995908015 169.99961707726433 33.44766406333507 1.0 191.8745862689059 33.47362426156429 1.0 148.12464788562278 33.42170386510585 1.0
0.19429556890769614 -0.9809430319355119 109.50957694606129 411.97654819974434 193.23731203956504 1.0 418.3479675574919 194.49930025759693 1.0 405.6051288419967 191.97532382153318 1.0
-0.03412435523901099 -0.9994175945917311 70.14686161409696 93.71117944003491 66.98804223510557 1.0 186.8982604255277 63.80624008108759 1.0 0.5240984545421234 70.16984438912355 1.0
0.4154734619722789 -0.9096053003345842 39.92762050587781 455.0576632786456 251.7487565002546 1.0 463.19732865996315 255.46664925442826 1.0 446.917997897328 248.0308637460809 1.0
0.1298355463839687 -0.9915355419223137 139.38345115935553 450.59861799112434 199.57647563741986 1.0 461.8198944122509 201.04583351080274 1.0 439.37734156999784 198.10711776403699 1.0
0.02824357441067777 0.999601070679953 -51.6130208245545 71.86378618194259 49.603118770535104 1.0 48.11508635294755 50.27413462921242 1.0 95.61248601093763 48.93210291185779 1.0
0.9890582998008518 0.14752518291819888 -611.9719002285552 606.7196453134839 80.6018277273947 1.0 596.8354043306223 146.86909402017162 1.0 616.6038862963453 14.334561434617807 1.0
0.1044871561340375 0.9945262360556515 -138.9289368673728 204.38502686945128 118.22043742124654 1.0 198.07336763304974 118.88355449165617 1.0 210.69668610585285 117.55732035083693 1.0
-0.4618972267781276 0.8869334540396336 -8.366287639842346 387.76215557169286 211.37160977980068 1.0 341.1581797611357 187.10119007053424 1.0 434.36613138225 235.6420294890671 1.0
-0.055182010709475114 -0.9984763120345215 136.5479937522207 156.83844140182774 128.08850010525416 1.0 168.0886207474758 127.46674522769467 1.0 145.58826205617967 128.71025498281364 1.0
0.026909239640623434 -0.9996378808458409 57.2209306655263 295.58600690446207 65.19853499807937 1.0 324.33200100764947 65.97234805463951 1.0 266.84001280127467 64.42472194151924 1.0
-0.9808431711032388 -0.19479905980302564 657.8604250363121 629.3747056506379 208.1249415411345 1.0 631.6190797697709 196.8241733013983 1.0 627.1303315315048 219.4257097808707 1.0
0.07873026987535912 0.9968959547542326 -171.41977387447562 44.30232139626794 168.45473126254507 1.0 0.5291817414507793 171.91173305082614 1.0 88.0754610510851 164.99772947426402 1.0
0.23496897329305055 -0.9720028711838302 85.36561498333464 512.3938863061529 211.68896355185 1.0 534.3458550597504 216.99556470778262 1.0 490.4419175525554 206.3823623959174 1.0
-0.01143759642565657 -0.9999345885546733 243.20466919967984 633.746815154597 235.97156413296375 1.0 638.1426869136869 235.921282636859 1.0 629.3509433955071 236.02184562906848 1.0
0.4650454418463141 -0.8852868105975411 12.265266470330781 565.9934227366851 311.1736496368683 1.0 583.8257315944501 320.541047696602 1.0 548.1611138789202 301.8062515771346 1.0
0.06636902153950379 0.9977951457989204 -149.76443944935363 50.03440890634245 146.76730519637562 1.0 33.10957316070019 147.89307213649806 1.0 66.9592446519847 145.64153825625314 1.0
-0.1409862428906196 -0.9900115551424576 144.70411828942065 97.90728872023183 132.22122188494268 1.0 105.34544657108488 131.16196361268115 1.0 90.46913086937879 133.28048015720418 1.0
-0.01199932414778279 -0.9999280055183954 46.988034913650594 121.86634785166021 45.52899893974872 1.0 143.1207872339993 45.27394166930467 1.0 100.61190846932114 45.78405621019277 1.0
0.049724687508142566 0.9987629625953386 -460.0493640859884 351.90482878192574 443.0991366482077 1.0 224.37864387532593 449.44819035871814 1.0 479.4310136885256 436.75008293769736 1.0
-0.2185140907625633 -0.9758337932958718 414.30455122524666 603.7488560770646 289.36989150263287 1.0 624.4552123353022 284.7332098854769 1.0 583.0424998188269 294.0065731197888 1.0
-0.6640067052251531 0.7477266181005171 -15.895174556024909 250.5894810256491 243.78999731081143 1.0 229.7097295263533 225.2480667932281 1.0 271.4692325249449 262.3319278283948 1.0
-0.9906329758608489 -0.13655148163633674 648.793741969584 637.1755206064067 128.79142455891036 1.0 638.6360977468265 118.1954510714773 1.0 635.7149434659871 139.3873980463434 1.0
-0.013181193656243664 -0.9999131242932041 47.09751378504526 169.99816280879094 44.86063237900218 1.0 191.87759969204942 44.57221022747612 1.0 148.11872592553243 45.14905453052824 1.0
0.16946053339004347 -0.9855369742547267 120.27861912529941 466.29772762180323 202.22242896301935 1.0 470.6514723184876 202.97104410158596 1.0 461.9439829251189 201.47381382445278 1.0
0.05985839852017836 0.9982068784208009 -459.313214886606 623.8387036384954 422.7292340636584 1.0 609.4778652484667 423.59039501738187 1.0 638.1995420285241 421.86807310993487 1.0
-0.045076380792096284 -0.9989835433552876 135.54114232333478 134.92513898819664 129.59092894069272 1.0 143.06177406396927 129.22378569445866 1.0 126.78850391242399 129.95807218692676 1.0
0.9981185686609063 -0.061313317430259924 -184.544086932008 185.5090333988072 10.045516757077372 1.0 186.00861640576204 18.178220983956994 1.0 185.00945039185234 1.9128125301977517 1.0
0.02388264157312565 -0.9997147690373938 177.37470958363454 319.3736865511006 185.05498027758165 1.0 326.884331090277 185.23440548671908 1.0 311.8630420119243 184.87555506844424 1.0
-0.5850153127997134 0.8110222461744521 -11.97766382471831 286.6613174717985 221.54623375696062 1.0 255.13451108947118 198.8049777873112 1.0 318.1881238541259 244.28748972661003 1.0
0.9961332027136058 0.08785580488239919 -298.51693763102406 287.60297881365807 136.8840824063841 1.0 286.9417840299172 144.38089014068166 1.0 288.2641735973989 129.38727467208656 1.0
-0.05666027855334913 -0.9983935160217423 166.6788796353877 97.50926667625276 161.41328528065975 1.0 108.13551209681904 160.81023045724237 1.0 86.8830212556865 162.0163401040771 1.0
0.49621381962466365 -0.8682003485449091 3.3820930769687148 521.0077526027077 301.6738480800924 1.0 531.9784179097638 307.9440548877282 1.0 510.0370872956516 295.4036412724565 1.0
0.11096209915470395 0.9938246387321968 -306.36852705719446 454.37946941800624 257.5400300442159 1.0 446.9028907813065 258.3748019221618 1.0 461.85604805470604 256.7052581662699 1.0
-0.9999634227327189 -0.00855296420345751 304.51671707986344 304.44231818115236 10.000575791054501 1.0 304.52259072914256 0.6155707880739913 1.0 304.36204563316215 19.38558079403501 1.0
0.04984100185905155 0.998757164947359 -45.19657687771094 79.96941459306893 41.26210312441924 1.0 64.3832290534801 42.03990090121428 1.0 95.55560013265777 40.48430534762421 1.0
-0.9959695885901196 -0.08969157487539077 459.27489001702185 449.25845134756594 131.86450426568624 1.0 450.4967956835893 118.11345462032531 1.0 448.02010701154256 145.61555391104716 1.0
0.08609712675982678 0.9962867482626186 -134.5470526637568 166.82160483571124 120.63212926953302 1.0 156.84212109654027 121.49453648109873 1.0 176.80108857488221 119.76972205796731 1.0
0.4579398580043882 -0.8889831755724744 26.696320436190767 455.47834879150474 264.65968903667346 1.0 463.9200239074126 269.00822971789455 1.0 447.0366736755969 260.31114835545236 1.0
0.16961586526309178 0.9855102527376631 -332.05686546100867 580.5427309908465 237.02199664885416 1.0 569.3029667588152 238.95646899987557 1.0 591.7824952228779 235.08752429783272 1.0
0.9184739141534716 0.3954815659668618 -232.83621814713314 50.724685522110704 470.93703909082376 1.0 47.96567091974241 477.3446271027923 1.0 53.483700124479 464.5294510788553 1.0
0.07073169265148453 0.9974953772597926 -187.45096932901475 23.837314514161793 186.23135501186462 1.0 16.864420193200502 186.72579802307575 1.0 30.810208835123085 185.7369120006535 1.0
0.002612467741014617 -0.9999965875003285 64.0631653255608 218.75095390482878 64.63486570241132 1.0 249.38064324987923 64.71488505080856 1.0 188.12126455977833 64.55484635401407 1.0
0.05474602615116955 0.998500311777946 -149.15251362391848 13.743038188045453 148.62302509614193 1.0 0.5548806270608253 149.34610871484787 1.0 26.93119574903008 147.899941477436 1.0
-0.001284731837660818 -0.9999991747317121 55.614372728250025 33.121719904836915 55.57186606186896 1.0 46.8700912964966 55.55420307684941 1.0 19.37334851317723 55.589529046888515 1.0
-0.4695832251620306 0.8828882118628755 -2.4641045450370984 570.1211393217009 306.02223956608367 1.0 559.5069752249219 300.37686641238867 1.0 580.7353034184797 311.6676127197787 1.0
-0.06346422524482395 -0.9979841141591754 139.08428821500513 79.45053386040799 134.31278087146723 1.0 89.48942714231343 133.6743833504923 1.0 69.41164057850254 134.9511783924422 1.0
-0.6381036181712849 0.7699505000171861 6.775171874005507 223.5606510059497 176.4784728506392 1.0 217.4624086614783 171.42449794653083 1.0 229.6588933504211 181.53244775474755 1.0
-0.9999553722392116 -0.009447408636232477 287.28761360355213 286.24345975078927 111.87493820883552 1.0 286.3261766706664 103.11981481033528 1.0 286.16074283091206 120.63006160733575 1.0
0.07010450067148628 0.9975396528387238 -150.18947875038174 89.36827709225471 144.2793375675734 1.0 73.11072498466086 145.42187618185324 1.0 105.62582919984858 143.13679895329358 1.0
0.7810412445873423 0.6244794426187746 -319.98483199039646 36.586089972205414 466.6440027583377 1.0 26.711753749679545 478.9939110601608 1.0 46.46042619473128 454.2940944565146 1.0
0.26753469870318336 -0.9635482266030055 66.82860394160923 546.3076836988653 221.0422474130832 1.0 559.2988348283883 224.64931513142426 1.0 533.3165325693423 217.43517969474217 1.0
-0.20539258072909197 0.9786796655604137 -148.03871285908167 125.59922011403953 177.62283915066655 1.0 120.43325028347631 176.53867247917407 1.0 130.76518994460275 178.70700582215903 1.0
-0.9866635986296008 0.16277267319573635 -33.52257342136452 4.681476080360504 234.32443977771135 1.0 2.9761013286495306 223.98713219100222 1.0 6.386850832071477 244.66174736442048 1.0
-0.001228276623895493 -0.999999245667983 52.568978977156 218.12322035206796 52.30110277686511 1.0 241.87548753824322 52.27192840030864 1.0 194.37095316589267 52.33027715342157 1.0
0.01991306046359051 0.9998017153530862 -43.53389895676783 52.49993807794739 42.4968909965131 1.0 48.114229701590986 42.58424119278999 1.0 56.88564645430379 42.409540800236215 1.0
-1.0 0.0 313.12499999999994 313.12499999999994 10.0 1.0 313.12499999999994 0.625 1.0 313.12499999999994 19.375 1.0
-0.9921754320151599 0.12485156028472684 404.2600801621682 439.4949247271187 254.67031869621587 1.0 438.2946300959493 245.13176874529708 1.0 440.69521935828817 264.2088686471347 1.0
0.1367287181101862 -0.9906085289578045 107.93204356089969 295.1289890893278 149.69046558911185 1.0 302.0447685285217 150.64501587796167 1.0 288.2132096501339 148.73591530026204 1.0
-0.07962979241720562 -0.9968245061993574 481.4905922271947 527.5703205918571 440.88028973988105 1.0 638.2380168092468 432.0397710505074 1.0 416.9026243744675 449.72080842925476 1.0
-0.9894769668070724 -0.14469047017089803 587.076888191881 563.1860598901551 206.0761421849428 1.0 565.8333161824052 187.97267536143508 1.0 560.5388035979049 224.1796090084505 1.0
-0.6634531657459218 0.7482178137826673 -15.439516356033689 224.57808209310312 219.77097156579362 1.0 219.60714989595004 215.3631899784556 1.0 229.5490142902562 224.17875315313162 1.0
0.10133269659726915 0.9948525944079986 -482.9720727599009 587.4374975005248 425.6363700873676 1.0 565.4720822245548 427.87370130035737 1.0 609.402912776495 423.39903887437777 1.0
-0.9999913880591801 -0.004150157524064988 276.0700001393737 276.0256918476246 11.249069077816664 1.0 276.05423469976347 4.371593665378579 1.0 275.99714899548576 18.126544490254748 1.0
0.005456500240506728 -0.9999851131917542 32.34391415293104 233.75071003520253 33.61987545109585 1.0 241.87887838825083 33.66422746392905 1.0 225.62254168215424 33.57552343826266 1.0
0.999505168606391 0.03145501437147602 -285.3746693799297 285.16112895193794 11.274739939579817 1.0 284.94374596460676 18.182237003120783 1.0 285.3785119392691 4.367242876038853 1.0
-0.07434680300944767 -0.9972324467656848 113.11964653027671 11.878578161701078 112.54799478664386 1.0 23.11273253429811 111.7104533841092 1.0 0.644423789104045 113.38553618917851 1.0
-0.006263338490438337 -0.999980385103105 53.510054476130165 122.50152716034344 52.74382051053048 1.0 145.62953449003157 52.59895913057427 1.0 99.37351983065533 52.88868189048669 1.0
0.016033906900119282 0.9998714486520346 -186.37029884331673 300.6201655503162 181.57352461792902 1.0 293.1020538894451 181.69408481854043 1.0 308.13827721118724 181.45296441731762 1.0
-0.02107681781750829 -0.9997778592020766 55.47514089074838 71.25496059113593 53.98530540659442 1.0 94.38285780524332 53.4977346211473 1.0 48.12706337702855 54.47287619204155 1.0
-0.016779253231385894 -0.999859218420772 47.74021244863901 70.61974434904046 46.56182092175182 1.0 93.13438073768992 46.18398894459167 1.0 48.105107960391 46.93965289891197 1.0
-0.009158469110419646 -0.9999580603423094 53.98569913743508 170.00509151360188 52.43091169268247 1.0 191.8782566920546 52.23057858314647 1.0 148.13192633514916 52.631244802218475 1.0
0.07649660717212126 0.997069841631545 -471.42911061139824 523.1387018029197 432.6785916391897 1.0 480.55370835405245 435.9457725118503 1.0 565.7236952517871 429.411410766529 1.0
0.06910484243917964 0.9976094028984771 -481.9285723809188 452.89717255239555 451.7110437424321 1.0 350.4126991462246 458.810188324088 1.0 555.3816459585664 444.61189916077615 1.0
0.040209738105875394 0.9991912614517087 -186.02973033233494 53.16185979414023 184.04094688099804 1.0 36.83769012116492 184.69786874637998 1.0 69.48602946711553 183.38402501561606 1.0
0.09752590851497231 0.9952329863747128 -189.46209440591204 91.94696860024128 181.35942561093745 1.0 75.7302010197806 182.9485560086563 1.0 108.16373618070196 179.7702952132186 1.0
-0.5008765964593933 0.8655187087055103 -15.914565639743053 269.4183889458276 174.30002355943506 1.0 265.52538390165955 172.0471374035269 1.0 273.3113939899957 176.55290971534322 1.0
-0.09655681833217523 -0.9953274741679581 170.6655293104719 123.13916052646258 159.5209696091931 1.0 134.40440637847053 158.42812697656214 1.0 111.87391467445461 160.61381224182404 1.0
-0.045750510322615213 -0.9989528971904633 468.51570996225814 277.5021815675439 456.29763407452833 1.0 415.6522762682537 449.9705716560187 1.0 139.35208686683416 462.62469649303796 1.0
0.9967836180497929 -0.08013999493114808 -172.7311831377415 174.13222965620508 10.493771041170728 1.0 174.7433884471665 18.095382089197674 1.0 173.5210708652437 2.89215999314378 1.0
0.9958661507985972 0.0908328668136463 -186.73405479384567 177.30668849010567 111.85736807364353 1.0 176.725859987932 118.22540934575807 1.0 177.8875169922793 105.48932680152899 1.0
0.22356764110037566 -0.9746884168044748 -1.1731899226919507 623.8877116710506 141.89961807544597 1.0 630.8276610328253 143.49145817677268 1.0 616.947762309276 140.30777797411923 1.0
0.06635549034248032 0.9977960457435221 -149.49567311068023 126.88416560506433 141.387824382622 1.0 111.82606903552363 142.38921879158835 1.0 141.94226217460502 140.38642997365565 1.0
-0.20180148749349117 -0.9794264442240747 406.8917185286708 538.7617535605318 304.43204491152005 1.0 547.0499966409881 302.7243313897877 1.0 530.4735104800757 306.13975843325244 1.0
0.9912570934185135 -0.13194458968627912 -98.37085869670432 101.06100619663351 13.69196393741094 1.0 101.81846734893192 19.38252496753726 1.0 100.30354504433512 8.00140290728462 1.0
0.9999995377804345 -0.0009614774659050622 -274.0340121901068 274.04495520787015 11.249716407083099 1.0 274.0515659401672 18.12531097470397 1.0 274.03834447557307 4.374121839462226 1.0
-0.029879690889321155 -0.9995535023561062 57.01127362204923 9.921236761641183 56.74016448412793 1.0 19.325199736916716 56.45905146098958 1.0 0.5172737863656496 57.021277507266284 1.0
-0.009967399445570582 -0.9999503242403057 479.1354000698841 114.38017406642246 478.019073146917 1.0 138.13404384163655 477.7822970764582 1.0 90.62630429120837 478.2558492173758 1.0
0.0941837265966764 0.9955548330676531 -172.4808816122631 173.74423545474323 156.8140667464732 1.0 148.11213126208233 159.2389729527344 1.0 199.37633964740414 154.38916054021198 1.0
-0.04990951079944965 0.9987537437886076 -187.36207052533177 8.754580161139163 188.03334506266202 1.0 0.4005826513855748 187.61588086638275 1.0 17.10857767089275 188.4508092589413 1.0
-0.02454419956566665 -0.9996987457567809 24.571952507376892 141.24660028403926 21.11152769933374 1.0 164.37300487743025 20.54373756056864 1.0 118.12019569064826 21.67931783809884 1.0
0.028780835979124775 0.999585745936957 -34.738440964012554 70.00682812965104 32.737147422526505 1.0 48.131967420143 33.3669851134956 1.0 91.8816888391591 32.107309731557415 1.0
0.012493219890815387 0.9999219566830002 -39.45340641704438 120.00571123367743 37.95711097729276 1.0 98.12631784251177 38.23047638434936 1.0 141.8851046248431 37.68374557023615 1.0
0.02603321153850408 -0.9996610785146091 -4.084005350398617 391.25381108193284 6.103656539083794 1.0 453.1356723836663 7.71518630681082 1.0 329.3719497801994 4.492126771356768 1.0
0.05106760645728764 0.9986951985319263 -42.72231360646857 8.7732414095997 42.32951678244895 1.0 0.5419281671640452 42.750419442148605 1.0 17.004554652035356 41.90861412274929 1.0
0.024406455994392114 -0.9997021180860797 45.57950568001109 296.2420543057259 52.825460091267836 1.0 318.11927340413547 53.35956457653915 1.0 274.36483520731633 52.29135560599652 1.0
0.09315902693810625 0.9956512420019096 -492.2937806620438 594.2665477584819 438.8409002056548 1.0 550.3744960041896 442.947700518107 1.0 638.1585995127742 434.7340998932026 1.0
0.0319007282993341 -0.9994910422479893 -7.038064733569908 561.8864242009535 10.89206502087687 1.0 614.3927806593177 12.56790896601017 1.0 509.38006774258923 9.21622107574357 1.0
0.9961300413853703 -0.08789164152284529 -15.276006005044241 16.54625196654279 13.723860770620265 1.0 17.043557267303918 19.360127669783612 1.0 16.048946665781667 8.087593871456917 1.0
0.10331586175549809 -0.9946485976010417 19.389541612747227 553.800063380133 77.01802685478881 1.0 604.4627254067159 82.28044475667726 1.0 503.1374013535501 71.75560895290036 1.0
-0.6689403027484668 0.7433161315071735 -14.171891233497409 184.72415382804414 185.3065160053697 1.0 169.56484866368007 171.66404309745027 1.0 199.8834589924082 198.94898891328916 1.0
0.09198848556994062 0.9957600707612998 -181.93103715918323 53.152296323140334 177.79547816222149 1.0 36.86805478296076 179.29981917962238 1.0 69.4365378633199 176.2911371448206 1.0
-0.9948634226898487 0.10122633152416131 15.90587908800223 32.13793008543564 158.7232471338387 1.0 31.432765296998895 151.79281071061325 1.0 32.84309487387238 165.65368355706414 1.0
-0.010892403560437405 -0.9999406760126706 35.18343947357408 133.12484086671304 33.735391300860925 1.0 143.1304617705221 33.626399574280086 1.0 123.11921996290403 33.84438302744177 1.0
0.5425532203350251 -0.8400214301457396 4.370163142712542 271.35370723674555 180.46443270805094 1.0 277.0319959994911 184.1319270643381 1.0 265.67541847399997 176.79693835176374 1.0
0.17136279850196567 -0.9852079939228948 44.212088150775436 546.3743849404573 139.9098795728511 1.0 594.563429262038 148.29167259830194 1.0 498.1853406188766 131.52808654740028 1.0
-0.029542396143642624 -0.9995635281612131 465.50887583629367 96.88530510965272 462.8486721832745 1.0 138.15467185711842 461.62894382514435 1.0 55.61593836218702 464.06840054140474 1.0
-0.05853258728219007 -0.9982854983550811 461.2232253269482 415.0106702608913 437.681983527572 1.0 441.9031552339634 436.1051933943736 1.0 388.11818528781924 439.2587736607704 1.0
0.013243419649387746 0.9999123020725319 -39.91545787739307 58.12200880437051 39.149157023864504 1.0 48.12376268601061 39.28157960615382 1.0 68.12025492273041 39.01673444157518 1.0
-0.07564271247088464 -0.9971349858720469 468.8432974638956 523.1160325724285 430.506789858233 1.0 544.3387263922807 428.8968351888873 1.0 501.8933387525763 432.11674452757876 1.0
-0.05375148293659841 -0.9985543440805396 112.96515817624682 43.72443364566713 110.77504763056493 1.0 59.33783566369215 109.93458910456764 1.0 28.111031627642113 111.61550615656222 1.0
0.2144708516109624 -0.9767303895186576 15.948555293100965 622.5225581458569 153.02226703454434 1.0 629.3431738888387 154.51994058151908 1.0 615.7019424028753 151.5245934875696 1.0
0.787253716969089 0.616629212021579 -309.88448481034084 29.461480637212496 464.9322787212514 1.0 18.746670006939006 478.61193309190344 1.0 40.176291267485986 451.2526243505994 1.0
0.04854803240310519 -0.9988208490764434 45.56374676353827 388.1500946405839 64.48370615708714 1.0 448.1602136627769 67.40051872212067 1.0 328.13997561839085 61.56689359205361 1.0
0.0305149630355595 0.9995343100819193 -471.3705823788689 169.45641618602338 466.41683171896864 1.0 58.176567274034966 469.814114275356 1.0 280.73626509801176 463.0195491625813 1.0
0.6817404923134609 -0.7315940822205986 15.45740077871374 183.82134045168183 192.42344264003407 1.0 198.06145997152245 205.69318651575253 1.0 169.58122093184122 179.15369876431558 1.0
-0.9993530941883995 0.035963775331183744 241.36694171431049 246.06678750392916 126.2565932782766 1.0 245.8188881258972 119.36802253723964 1.0 246.3146868819611 133.14516401931354 1.0
-0.042871680345960145 -0.9990805868518885 30.085390251644544 7.464288305128666 29.79277553896624 1.0 14.380192515370034 29.496006250775974 1.0 0.5483840948872987 30.089544827156505 1.0
-0.01078893401162978 -0.9999417977576959 29.533483231691058 81.87394066233963 28.65181828868348 1.0 91.87951934266323 28.543862477283003 1.0 71.86836198201603 28.759774100083952 1.0
0.03891654668513158 0.9992424642668585 -46.415765942450776 113.13161789137273 42.044924585987815 1.0 105.59436779090395 42.33847070307324 1.0 120.66886799184151 41.751378468902395 1.0
0.08730852887166488 -0.9961813192317278 85.85182764403882 402.5363280107731 121.46050113986885 1.0 424.4620175291516 123.38213895759348 1.0 380.6106384923946 119.53886332214421 1.0
-0.9996637053474444 -0.025932146286376166 297.3071067583043 294.50532122880924 111.86216760227398 1.0 294.79738006268894 100.60353081874527 1.0 294.21326239492953 123.12080438580269 1.0
-0.2279493647272188 -0.9736729877738509 419.9772112868114 631.9366698283254 283.3884192294106 1.0 638.416784470366 281.8713410783674 1.0 625.4565551862847 284.9054973804539 1.0
-0.08447044730382088 -0.9964259849744447 152.37098003243062 14.360177200616537 151.70014804944006 1.0 28.117278110005486 150.53391143483623 1.0 0.6030762912275889 152.8663846640439 1.0
-0.984719617384276 0.1741472800205756 246.01593581470078 284.8567489379591 198.03980288833765 1.0 283.5326930219081 190.5528996481889 1.0 286.1808048540101 205.52670612848638 1.0
-0.7796796472055102 -0.6261786068954218 328.29283132806023 43.46981443912901 470.15388021909695 1.0 50.43741327627554 461.47824846899596 1.0 36.502215601982485 478.82951196919794 1.0
-0.8709567240954915 0.4913597304957435 -19.948487981767443 88.84123215876332 198.07353038308068 1.0 81.83195749827478 185.64928289656933 1.0 95.85050681925185 210.49777786959203 1.0
0.11825734628389276 -0.9929829807453355 71.93818784116492 470.0387196046623 128.4248793232805 1.0 483.20034572820714 129.9923371834171 1.0 456.8770934811174 126.85742146314385 1.0
-0.06936124654986177 -0.9975916085638699 152.29448863088322 49.98690319376205 149.18663452717698 1.0 66.86721061058435 148.01296871591256 1.0 33.106595776939756 150.36030033844136 1.0
-0.009508892056452093 -0.9999547894639331 35.53612414237333 82.49765342335078 34.75323407340262 1.0 93.12763551002324 34.652150151120125 1.0 71.86767133667831 34.85431799568513 1.0
-0.11568396025922563 0.9932860722564985 -62.26481876864313 471.24192855070567 117.56930310951489 1.0 456.843854869257 115.89241844345868 1.0 485.6400022321544 119.24618777557109 1.0
-0.0007497266250078595 -0.9999997189549544 21.939878082008416 69.37500965044006 21.88787194164127 1.0 91.87499700341479 21.871003097319498 1.0 46.87502229746535 21.90474078596304 1.0
-0.06887846882443029 -0.9976250580916671 152.0911308889743 89.37723531238977 146.28237591791407 1.0 105.678981768158 145.15686355640096 1.0 73.07548885662155 147.40788827942717 1.0
-0.9999872889859903 -0.005042010159616992 298.9173602080487 298.3822974616065 106.87314601649969 1.0 298.51466443462516 80.6206621241999 1.0 298.24993048858795 133.12562990879948 1.0
-0.5848599051549349 0.8111343238589775 -10.776527048904653 624.7973105590484 463.789303174567 1.0 611.0066513658929 453.8456928618376 1.0 638.5879697522038 473.7329134872964 1.0
0.054742260196265415 -0.9985005182515452 98.5513556319525 353.12859423746926 118.05944099744994 1.0 379.3682556863404 119.49801648964026 1.0 326.88893278859814 116.6208655052596 1.0
-0.06571740480232198 -0.9978382748251581 164.8405346884165 233.7780612670444 149.80107595934766 1.0 241.94994037882344 149.26287783532948 1.0 225.60618215526534 150.3392740833658 1.0
-0.004269066538384397 -0.9999908874939265 28.770130716021566 129.37539734986493 28.218075673691047 1.0 136.8752606628966 28.186057966417373 1.0 121.87553403683326 28.250093380964717 1.0
0.08101487282834477 -0.996712892652948 31.20429568436344 475.6781338854879 69.97130239049132 1.0 490.6806184515028 71.19073517618531 1.0 460.67564931947294 68.75186960479732 1.0
-0.018662706883727908 -0.9998258365194271 48.31577938813444 21.24631558012103 47.927612867976094 1.0 41.887456282816004 47.54232620642992 1.0 0.6051748774260579 48.31289952952227 1.0
-0.9537358648880321 0.30064580493710125 -27.682186459129998 35.42038525791029 204.43950062968406 1.0 31.497222047853686 191.99408680452512 1.0 39.34354846796689 216.88491445484303 1.0
0.0020679967347717377 -0.9999978616924664 28.858276605213653 58.12452737921607 28.978539903074214 1.0 68.1257771083066 28.999222499083363 1.0 48.123277650125544 28.95785730706507 1.0
-0.5933960516265456 0.8049106322530633 -8.974076228539062 240.12698785165068 188.1755273684393 1.0 229.76742641489446 180.5382536055788 1.0 250.4865492884069 195.81280113129978 1.0
-0.06863483971701596 -0.9976418489503232 133.12413377240475 13.127454142689665 132.53567219593725 1.0 25.611365495150967 131.67681562770173 1.0 0.6435427902283641 133.39452876417278 1.0
0.02644608106914718 0.9996502412324443 -178.10357135269396 156.84897838300915 174.01639431437394 1.0 150.58682658345836 174.18206163212903 1.0 163.11113018255995 173.85072699661882 1.0
-0.998375859081861 0.05697055381998768 288.0780059091601 296.6137838956622 141.37189939634078 1.0 296.2207189420754 134.48366443285062 1.0 297.0068488492491 148.26013435983094 1.0
0.03832993265522219 0.999265138120332 -110.75932169257905 11.865817981753029 110.38562387548882 1.0 0.5844690919871853 110.81835521646022 1.0 23.147166871518873 109.9528925345174 1.0
-0.07178776013838985 -0.9974199303675023 466.9276518310712 483.76384179456636 433.31731804622314 1.0 500.64137995568103 432.10258328471684 1.0 466.88630363345175 434.5320528077295 1.0
0.9892513723913264 0.146224902878672 -624.5624397878182 607.2420960120992 163.0868782580087 1.0 605.5746569421149 174.36755860648233 1.0 608.9095350820835 151.80619790953511 1.0
0.7794843004514879 -0.6264217631513568 18.86309998531411 140.02653816311675 204.35367297273237 1.0 156.41407806264462 224.74541353174916 1.0 123.63899826358886 183.96193241371557 1.0
-0.9990719720154079 -0.04307197155046416 299.05454928027393 298.98278221649866 8.1080907144973 1.0 299.3078412065816 0.5682146755522366 1.0 298.6577232264158 15.647966753442363 1.0
-0.09333624290811067 0.9956346447165236 -12.60096600151855 555.0873573793023 64.69314297860065 1.0 504.4387408899775 59.94506435689568 1.0 605.735973868627 69.44122160030562 1.0
-0.0547443682304462 -0.9985004026774599 113.06487378302532 124.3840533608386 106.41512720367646 1.0 139.37326309412086 105.59332000668202 1.0 109.39484362755636 107.23693440067092 1.0
0.03899357994051242 0.9992394611520419 -126.29161621456953 234.98898385522648 117.21770310435028 1.0 226.80328055470838 117.53713592143505 1.0 243.17468715574455 116.8982702872655 1.0
-0.9983256343100275 0.05784399605388121 230.0129138853662 231.197648411869 13.789246435475954 1.0 230.94082224679426 9.356700939884288 1.0 231.45447457694374 18.22179193106762 1.0
-0.15812342513508368 0.9874193548961604 -39.7985874148072 547.6200282135862 128.00047044024382 1.0 499.4297086246209 120.28336589496898 1.0 595.8103478025515 135.71757498551867 1.0
0.8831172470511088 -0.46915235047995946 22.568044061910026 85.00823319822841 208.1206261478148 1.0 96.94408931734067 230.58829658861077 1.0 73.07237707911615 185.65295570701878 1.0
0.1807038043324873 0.9835375616110277 -199.14813685700395 138.0546170784982 177.11691870711508 1.0 131.4533006744778 178.32976815422214 1.0 144.65593348251866 175.90406926000804 1.0
-0.991013726863301 0.13376020771705835 540.932043227826 586.553786357939 301.66528061836874 1.0 585.8350834945089 296.34049520309975 1.0 587.272489221369 306.99006603363773 1.0
0.04683699323949923 -0.998902545829313 10.098279098650307 236.87658717580393 21.216149963061955 1.0 241.89485965099155 21.45144898695141 1.0 231.85831470061632 20.9808509391725 1.0
0.591766699779504 -0.8061092810730281 16.100468763681686 608.7581801961471 466.8638568720788 1.0 625.0903326914382 478.8533280385303 1.0 592.4260277008559 454.8743857056273 1.0
-0.057197302821527796 -0.9983628942172994 150.72254367501407 127.49515089969435 143.6653603128699 1.0 141.85881242559122 142.8424504244102 1.0 113.13148937379746 144.48827020132958 1.0
-0.04596511474313717 0.9989430455369567 -35.583481647469384 389.3560486334576 53.536863125258336 1.0 329.3680248105836 50.77658924322705 1.0 449.3440724563315 56.297137007289614 1.0
0.026114704318957193 -0.9996589529526225 -2.340707783193574 154.36347881908057 1.6910255430808347 1.0 168.12041774831775 2.050406501366522 1.0 140.60653988984342 1.3316445847951475 1.0
0.9862172248873653 0.16545568994586984 -610.3074857347627 617.8994278057927 5.58715620445138 1.0 617.0493320672222 10.654247341999362 1.0 618.7495235443632 0.5200650669033968 1.0
-0.02123343054289281 0.999774545298779 -40.52927211021115 30.626298510761195 41.188859714485865 1.0 19.341566963391628 40.94919211679297 1.0 41.91103005813076 41.42852731217876 1.0
0.03841046098810336 0.9992620459552546 -109.37246204943916 124.3864150096785 104.67196560865223 1.0 108.1124120219786 105.29751919533105 1.0 140.6604179973784 104.04641202197341 1.0
0.5982481703787921 -0.801310880144796 12.106123987688193 239.23872547943438 193.7203869757315 1.0 250.25562791954107 201.9454615271272 1.0 228.22182303932772 185.49531242433576 1.0
0.06260375970865852 0.9980384608171874 -479.0550250133692 317.9713964060776 460.05122862959456 1.0 281.66821552008713 462.3284110249359 1.0 354.27457729206805 457.77404623425315 1.0
0.9152891010869595 -0.40279754397392487 21.151317255238688 161.7479834783095 420.055897030698 1.0 165.81274485190167 429.29237783706816 1.0 157.68322210471732 410.81941622432794 1.0
0.1545750961219975 0.987981042155605 -171.97176336482764 234.45434649857202 137.38215049394978 1.0 226.7517542897357 138.58726362898693 1.0 242.1569387074084 136.1770373589126 1.0
0.08790687346102706 -0.9961286973068825 85.75928796714973 434.3705756998696 124.42513455890096 1.0 443.16241723803614 125.2010014761723 1.0 425.57873416170315 123.64926764162962 1.0
0.029666554957815276 -0.9995598508928493 -5.754455913891603 480.63218276638736 8.507989934815601 1.0 495.6375146349227 8.953342458869592 1.0 465.62685089785197 8.06263741076161 1.0
0.5001565966101549 -0.8659349738100124 -14.578566045806793 595.7582902888757 327.269230829726 1.0 602.3396374228627 331.0705603558471 1.0 589.1769431548888 323.4679013036049 1.0
0.9879677525975742 0.15466001366642362 -587.0300644844023 565.8164768840528 181.18213473733243 1.0 564.1481369068651 191.83948603814002 1.0 567.4848168612405 170.52478343652487 1.0
-0.07091495833957527 0.997482365099101 -113.09897662905078 351.899713902886 138.4023768344682 1.0 326.89280639760835 136.62453707911354 1.0 376.90662140816363 140.18021658982286 1.0
-0.07216972848647829 0.9973923652656401 -81.49701696358058 386.27457996939336 109.66030253507103 1.0 328.13740305042 105.4535886887151 1.0 444.41175688836677 113.86701638142696 1.0
-0.054503378889213805 0.9985135861317356 -6.539798226599066 540.635379081641 36.059852999185054 1.0 499.4058751538595 33.80936056202584 1.0 581.8648830094224 38.31034543634428 1.0
-0.018656176334871936 -0.9998259583970412 36.05131373623259 58.749279028943654 34.96136155852929 1.0 69.38223904758215 34.76295665075174 1.0 48.11631901030516 35.159766466306834 1.0
0.6527922589722842 -0.7575369737681866 26.46988775361357 208.2168360539228 214.36871352897083 1.0 212.2728405715396 217.8638938873451 1.0 204.16083153630603 210.87353317059657 1.0
-0.035341821392060414 0.9993752826944899 -15.305819849420596 402.4938415451745 29.549145171065817 1.0 329.3718785556249 26.963266372016584 1.0 475.6158045347242 32.13502397011505 1.0
-0.07660725192866136 0.9970613466341671 -21.65099948467755 476.85746521480314 58.35321934087408 1.0 463.09268177950156 57.29562921772741 1.0 490.62224865010467 59.410809464020744 1.0
-0.07659417654920618 -0.9970623511690476 167.4071600246142 55.61562862208551 163.62800837455163 1.0 68.09002600466738 162.66972708517574 1.0 43.14123123950364 164.58628966392752 1.0
0.028306325623572992 0.9995992956828713 -28.433252976145525 70.00601024449546 26.462243589805 1.0 48.1308531815605 27.08169712640161 1.0 91.8811673074304 25.842790053208383 1.0
0.06097183337665959 -0.9981394870130571 5.069304856729721 571.9123052864486 40.01429375390882 1.0 609.4250426052215 42.305777458403014 1.0 534.3995679676758 37.72281004941462 1.0
-0.9871644767470732 -0.15970690607696697 661.4741340974088 634.1682390549161 221.942664170495 1.0 635.3984907424101 214.33835454366564 1.0 632.9379873674221 229.5469737973243 1.0
1.0 0.0 -244.375 244.375 100.625 1.0 244.375 110.625 1.0 244.375 90.625 1.0
0.04058067296076976 0.9991762652215329 -162.31060541730034 233.1443105399541 152.97546360824032 1.0 224.38337793308042 153.33128124855634 1.0 241.90524314682776 152.61964596792433 1.0
0.991611096086117 0.1292572401024007 -584.6878799622442 568.7672343608212 160.0837157241446 1.0 567.8651612876195 167.004068256496 1.0 569.669307434023 153.16336319179322 1.0
0.0751476022354264 0.9971724213385897 -151.03427649246393 163.10958855341806 139.17049754021014 1.0 148.10062708964543 140.30158324004563 1.0 178.11855001719067 138.0394118403746 1.0
0.9842964336279323 -0.17652345664906244 -175.8694661685783 215.35659728779757 204.5352226011897 1.0 216.71815884918394 212.12730251214347 1.0 213.99503572641123 196.94314269023593 1.0
-0.007353182558709664 -0.9999729649876833 35.79777995160648 28.74972307234577 35.58734009352092 1.0 40.62408099948259 35.500023411307644 1.0 16.875365145208953 35.6746567757342 1.0
-0.18224253509439248 0.9832536083851251 -61.26052134728172 529.2994447924716 160.40764320138592 1.0 499.2878677453409 154.84510487291482 1.0 559.3110218396023 165.97018152985703 1.0
0.0 1.0 -103.1249999999999 155.625 103.12499999999996 1.0 146.875 103.12499999999996 1.0 164.375 103.12499999999996 1.0
0.5424457857716374 -0.8400908102690988 -2.6335312567362616 587.9578024038755 376.5089404649967 1.0 594.3624597369114 380.6444212215401 1.0 581.5531450708395 372.37345970845337 1.0
-0.05081585343130376 0.9987080399396253 -9.341492111313672 597.5124172126001 39.755958638496 1.0 584.3895903805881 39.08824833855667 1.0 610.6352440446121 40.42366893843532 1.0
-0.47577241982795243 0.8795684194711942 2.2823334165849283 615.7164654148772 330.4559063597487 1.0 601.9403491375548 323.00418795786084 1.0 629.4925816921997 337.9076247616366 1.0
0.0 -1.0 444.375 385.625 444.375 1.0 395.625 444.375 1.0 375.625 444.375 1.0
-0.9886810581215143 0.1500325475079421 191.60161486690077 225.0915416954923 206.23610852947462 1.0 223.6587014684439 196.79401069585424 1.0 226.5243819225407 215.67820636309497 1.0
-0.1030429774797691 0.9946769047243954 -100.13576807813983 409.3795488327312 143.0810899833075 1.0 378.07700254587854 139.83832084211656 1.0 440.6820951195838 146.32385912449843 1.0
0.016208031946321762 -0.9998686412226494 218.44859369636222 34.3805178360367 219.0346063458669 1.0 38.149790088512134 219.09570685703787 1.0 30.611245583561278 218.97350583469597 1.0
0.042724870867636607 -0.9990868758067758 71.0604127573919 352.50214962924974 86.19973264219095 1.0 374.36389734617563 87.1346266646875 1.0 330.64040191232385 85.2648386196944 1.0
0.09689679575452363 -0.9952944343120311 105.11994631649235 431.24023663771675 147.60028628980905 1.0 440.58749039153224 148.51028729717447 1.0 421.8929828839013 146.6902852824436 1.0
0.1755809638916759 -0.9844649943593069 66.97675099538337 523.1105036158459 161.33127978357172 1.0 549.3074841429603 166.0035546926412 1.0 496.91352308873155 156.65900487450224 1.0
-0.07415219913387198 -0.9972469360011142 143.63268924043672 16.273730752129328 142.81914656782126 1.0 25.643399392028176 142.12244697444854 1.0 6.904062112230479 143.515846161194 1.0
0.12381335551856419 -0.9923055240172927 34.82591194774732 560.0037997060459 104.96954715197536 1.0 576.8504739940183 107.07156434570997 1.0 543.1571254180735 102.86752995824075 1.0
0.015646077557871535 0.9998775926367451 -20.69510953518098 71.86831906007633 19.573048126425192 1.0 46.86466145217327 19.964305185333842 1.0 96.87197666797938 19.18179106751654 1.0
-0.9990277931494476 -0.04408478779516765 598.3914966320184 584.3853028691457 330.59787483615787 1.0 584.6617795886079 324.3324953092122 1.0 584.1088261496834 336.8632543631035 1.0
-1.0 0.0 246.875 246.87500000000003 101.875 1.0 246.87500000000003 90.625 1.0 246.87500000000003 113.125 1.0
-0.13644356397173127 0.9906478455287187 -25.633811576890466 564.4786590249853 103.62238414343503 1.0 528.2276820844735 98.62947721536248 1.0 600.7296359654972 108.61529107150758 1.0
0.4729084834589906 -0.8811115515486775 6.6380058258753545 621.851992051285 341.2928678488528 1.0 638.3742255744736 350.1606489885655 1.0 605.3297585280965 332.42508670914003 1.0
-0.9102597023683906 0.41403776910350704 -24.81245189217201 137.9478558374974 363.20557521788714 1.0 116.8742385479118 316.87534635162143 1.0 159.02147312708303 409.5358040841529 1.0
0.09840414936669148 0.9951465336257861 -204.0971259030028 240.6909588080852 181.2920316206231 1.0 235.61696750597733 181.79376858207212 1.0 245.76495011019313 180.7902946591741 1.0
0.08674200166938309 -0.996230809173451 108.98685867073283 393.75578196079255 143.6835942522865 1.0 419.35000320737953 145.91208785201763 1.0 368.16156071420556 141.45510065255536 1.0
-0.9614011458925551 -0.275150570917965 653.1641526880159 580.9310971254073 344.0164776370721 1.0 582.5610309864018 338.32134032930196 1.0 579.3011632644128 349.71161494484227 1.0
0.5286864583114711 -0.8488171939811736 8.733764470790598 617.9953185557363 395.2082062778437 1.0 638.2950819297199 407.85192989566474 1.0 597.6955551817525 382.56448266002263 1.0
-0.9781269759581355 0.20800869910413194 493.27325553872964 579.3173587417598 352.73852008791226 1.0 578.5273455305914 349.02361183390616 1.0 580.107371952928 356.45342834191837 1.0
0.10073728778420285 -0.9949130609504946 46.85719278318791 487.54186462383984 96.4615318397372 1.0 540.628876279446 101.83671664799074 1.0 434.45485296823364 91.08634703148365 1.0
-0.3902251532166966 0.9207194631357619 -56.853923922374726 623.0455121754801 325.8125481027155 1.0 617.9086707925658 323.63541945934924 1.0 628.1823535583945 327.98967674608167 1.0
0.10757800098550578 0.9941966474012888 -190.66008589619827 235.62788597174443 166.27667109824074 1.0 228.0141455041261 167.10052318190023 1.0 243.24162643936276 165.45281901458125 1.0
-0.17650417769019436 -0.9842998909163347 222.36478775366206 17.330355489771012 222.8039539907886 1.0 28.167262923282337 220.860685020723 1.0 6.493448056259689 224.7472229608542 1.0
3.789561257387201e-16 1.0 -33.12500000000019 487.5 33.125 1.0 478.125 33.12500000000001 1.0 496.875 33.125 1.0
0.038370964676719944 -0.9992635633654307 16.286086521174134 485.65104537443483 34.946721674547945 1.0 511.91032507113226 35.955058144142214 1.0 459.39176567773734 33.938385204953676 1.0
0.0 -1.0 33.125 441.875 33.125 1.0 451.875 33.125 1.0 431.875 33.125 1.0
0.13516652287466244 -0.990822895927407 28.572569832701753 590.0068172470299 109.32502694231772 1.0 600.6051062219371 110.7708290882383 1.0 579.4085282721225 107.87922479639712 1.0
0.9103980021866261 -0.4137335828943545 26.82118524809921 142.3999567934609 378.17046498804507 1.0 155.4756739721579 406.94286173999734 1.0 129.32423961476388 349.3980682360928 1.0
0.0 -1.0 31.875 416.25 31.874999999999993 1.0 429.375 31.874999999999993 1.0 403.125 31.874999999999993 1.0
-0.9718907069737416 0.23543248224932956 144.64111559284626 200.89083756202433 214.9356030501646 1.0 199.8204879378235 210.51708423307133 1.0 201.96118718622517 219.35412186725785 1.0
0.05849786017972207 0.9982875339071373 -187.9149745531211 158.6877982393658 178.93850404036326 1.0 150.55410343362533 179.41512397733524 1.0 166.8214930451063 178.46188410339127 1.0
0.04550463853516268 -0.9989641274198908 124.16368152428987 345.62335071262464 140.03620683466215 1.0 364.36293654867546 140.8898291583892 1.0 326.88376487657376 139.18258451093507 1.0
-0.09547438631878223 0.9954318869501078 -104.92954713427602 465.61831438495597 150.0697053383143 1.0 456.8886748660013 149.23242356466125 1.0 474.3479539039106 150.90698711196734 1.0
-0.046196593505613455 0.9989323674546126 -67.91590440769862 359.36424142802764 84.60763805738074 1.0 328.1232487514891 83.16286813460069 1.0 390.60523410456614 86.0524079801608 1.0
0.03134857430897852 -0.9995085126644967 129.82384475531268 126.85175113325549 133.86625987331652 1.0 134.3835470935236 134.10248704131843 1.0 119.31995517298739 133.63003270531462 1.0
0.07388944518513389 0.9972664387666083 -157.80549488980256 60.53261227802443 153.7530671769224 1.0 53.11961431876157 154.30231087457045 1.0 67.94561023728728 153.20382347927438 1.0
0.9999999221458419 -0.0003945989230369721 -214.58070228952496 214.65396638287996 185.62488992015716 1.0 214.6569260692077 193.12538200096023 1.0 214.6510066965522 178.1243978393541 1.0
-9.473903143468003e-17 -1.0 30.62500000000005 381.875 30.625 1.0 400.625 30.625 1.0 363.125 30.625000000000004 1.0
-0.14138859711689164 -0.989954172982425 221.64216019763182 50.507552712105195 216.67767461359838 1.0 59.34507421189172 215.41546995711337 1.0 41.67003121231867 217.9398792700834 1.0
0.07922315705734359 0.9968569061735327 -181.25268340613644 131.3106797433663 171.38852702273357 1.0 119.41149321910729 172.33419045449386 1.0 143.20986626762533 170.4428635909733 1.0
0.0842489621087997 0.9964447362415992 -493.2936843252445 596.9453675436434 444.5822638844529 1.0 555.7258134239855 448.06735896987334 1.0 638.1649216633014 441.09716879903243 1.0
-0.991943086400236 -0.12668430582662532 642.1053281260226 608.0501228459968 307.4904371930132 1.0 608.9341213842513 300.5686939455946 1.0 607.1661243077425 314.41218044043177 1.0
0.026728979329331992 -0.9996427170064374 78.44741384542327 411.24741694452376 89.47160423477416 1.0 419.3666121330439 89.68869959962078 1.0 403.12822175600365 89.25450886992756 1.0
-0.9924945562372535 0.12228882140006604 521.6669320658783 573.7423094417072 390.6259475813279 1.0 572.9743941597561 384.39355668686915 1.0 574.5102247236583 396.8583384757867 1.0
0.09975746370709566 0.9950117830632597 -194.41506590290237 235.5521951014602 171.77382143430887 1.0 228.0647943308016 172.52449004281516 1.0 243.03959587211884 171.02315282580258 1.0
-0.9719914601370883 -0.23501617267875652 638.1596478892864 575.6964714150356 334.39228095266935 1.0 578.759015080836 321.72606204728453 1.0 572.6339277492353 347.0584998580541 1.0
-0.05021116486495773 -0.9987386239266528 112.60368079544126 157.4913569923652 104.82808394159044 1.0 163.13351785487092 104.54442667383798 1.0 151.8491961298595 105.1117412093429 1.0
0.0 1.0 -4.375 395.625 4.375000000000001 1.0 385.625 4.375000000000001 1.0 405.625 4.375000000000001 1.0
0.0 -1.0 478.125 71.25 478.1249999999999 1.0 84.375 478.1249999999999 1.0 58.125 478.1249999999999 1.0
