-0.10239699486511696 0.9947436129187225 -179.7874999817462 276.76157961062535 209.22683124078773 1.0 216.6267476093887 203.0366672591584 1.0 336.896411611862 215.41699522241706 1.0
-0.00945271937187555 0.9999553220501787 -231.66976728100394 516.2529746124901 236.56033080550122 1.0 506.87881230533566 236.47171552071603 1.0 525.6271369196446 236.64894609028642 1.0
0.05842381384291577 0.9982918701342051 -180.64651996226527 11.230882735696921 180.29834194264885 1.0 0.4963394487473649 180.9265679930134 1.0 21.96542602264648 179.6701158922843 1.0
-0.09192866411339602 0.9957655952654351 -183.34435057182242 372.5789023271145 218.52033488020504 1.0 337.0261163993096 215.23811652340248 1.0 408.1316882549195 221.80255323700763 1.0
-0.14378878794028857 0.9896083995513896 -160.59608941835685 443.8554758097386 226.77407589449763 1.0 411.83909122326423 222.12213767731376 1.0 475.871860396213 231.42601411168152 1.0
-0.9999323224032151 -0.01163402824962136 422.324568647101 418.92077414889127 295.0092586855341 1.0 419.6843747703376 229.37859951842458 1.0 418.15717352744485 360.63991785264363 1.0
-0.11650308723084346 0.9931903295268649 -176.1018679006623 117.73520828547788 191.11984631597488 1.0 19.640321330933688 179.61313221293963 1.0 215.83009524002208 202.6265604190101 1.0
0.9999561400755219 0.009365784818319574 -411.8896884442548 409.4373602936605 263.7564379509711 1.0 409.08025058484594 301.88394706384275 1.0 409.794470002475 225.62892883809943 1.0
-0.999968993711785 -0.00787474539524231 337.51434295374867 335.058948580582 313.12546421945717 1.0 335.75784932188117 224.37604618702412 1.0 334.36004783928286 401.87488225189026 1.0
-0.9999729490710233 -0.007355346776367293 324.72436533155155 322.40692954171226 316.2539126320802 1.0 323.0919453076845 223.12475686469838 1.0 321.72191377574 409.38306839946205 1.0
-0.1632709050052375 -0.9865812746949796 44.57184984536524 132.92290693359612 23.180458742702733 1.0 227.19831616505266 7.578671257208551 1.0 38.647497702139596 38.78224622819692 1.0
0.13616250060901824 0.9906865162239259 -74.6423976380994 226.84624467957542 44.16578301230592 1.0 113.18178015162161 59.78811910657553 1.0 340.51070920752926 28.543446918036324 1.0
0.9999805941503903 -0.006229873404218304 -408.0376630857938 409.2916079121945 200.004413278671 1.0 409.45126957729457 225.63231233384616 1.0 409.1319462470944 174.3765142234958 1.0
0.09183674131196497 -0.9957740772611021 194.06366125055436 45.65059894806082 199.09743386993082 1.0 63.23162579044828 200.71887014849312 1.0 28.069572105673366 197.47599759136853 1.0
-0.008033084808426166 -0.9999677342536911 202.50941329245077 525.0114342614814 198.2983501598946 1.0 554.3845386794675 198.06238590745545 1.0 495.63832984349546 198.53431441233374 1.0
0.05205717850584928 0.9986441058585437 -159.86556150848915 408.1280118119423 138.80777739651802 1.0 343.1417004433938 142.19537463111126 1.0 473.11432318049077 135.4201801619248 1.0
0.027118223882444528 0.9996322333405728 -204.70473609594092 506.85207836447097 191.03006244748747 1.0 473.09301273583685 191.94588515632518 1.0 540.6111439931051 190.1142397386498 1.0
0.07793819455687584 -0.9969581926185344 195.46939429215223 91.86542661451938 203.24745940697323 1.0 106.96856398591103 204.42816213612082 1.0 76.76228924312771 202.06675667782565 1.0
-0.027362727335765363 -0.9996255704776408 178.85470765389957 463.1932332672535 166.24272369186372 1.0 515.7052114313782 164.8053145430761 1.0 410.6812551031289 167.68013284065134 1.0
0.9998299717901548 0.01843983487177946 -512.0659839284531 507.12748159179904 272.4931296539134 1.0 506.4935075265542 306.86796414549104 1.0 507.7614556570439 238.11829516233576 1.0
-0.9999907383983272 -0.004303849157256342 117.3671635100474 115.89148524960983 343.1234569923029 1.0 116.47253423551244 208.1178879707433 1.0 115.31043626370722 478.12902601386253 1.0
0.13628427282449765 -0.9906697719122645 175.2212989851692 327.93787384649545 221.98524663718803 1.0 331.6182235851731 222.49154429771656 1.0 324.2575241078178 221.4789489766595 1.0
0.03987409387534799 0.9992047120773699 -191.52508228847714 471.8888236069955 172.84640569616448 1.0 426.88566659113377 174.64229405202178 1.0 516.8919806228572 171.05051734030718 1.0
0.01945633672461861 0.9998107075648162 -212.00805099711823 526.8734475204399 201.7952220998997 1.0 498.13433080530365 202.35448589628342 1.0 555.612564235576 201.23595830351596 1.0
-0.9999969907964243 -0.0024532423638832152 27.254995105222847 26.424041483833566 338.74889368613464 1.0 26.765968632388553 199.3716659566423 1.0 26.08211433527858 478.126121415627 1.0
-0.999961030392327 -0.0088282329327919 311.0168589867285 308.2092488949904 319.3867795190785 1.0 309.07006548486305 221.8833435833833 1.0 307.34843230511774 416.89021545477374 1.0
0.11740610551054712 -0.99308398758053 182.8103006407822 314.37499849620764 221.25001271988435 1.0 318.2919217515909 221.71308604575543 1.0 310.45807524082437 220.78693939401325 1.0
-0.9999688150529131 -0.007897399677937055 349.3258036110597 346.8884265707002 310.00010603830196 1.0 347.55482684980393 225.62049697432064 1.0 346.22202629159636 394.3797151022832 1.0
0.07449994574249107 -0.99722101767079 196.49052526645528 131.20591031744357 206.84016362588622 1.0 144.39736260175664 207.82566479566844 1.0 118.01445803313048 205.854662456104 1.0
-0.019368398374212815 -0.9998124149781387 196.03073119216165 498.15245569211675 186.41728506971947 1.0 540.648615438975 185.59404809144158 1.0 455.6562959452585 187.2405220479974 1.0
-0.9999954419210652 -0.003019294138315961 75.5119408861459 74.48383233133418 340.6253285983178 1.0 74.89899477822411 203.12280796669802 1.0 74.06866988444426 478.1278492299376 1.0
-0.9999571330365707 -0.00925916245036183 295.4062507568493 292.4210852984736 323.75505650924754 1.0 293.37600265971037 220.62732417403203 1.0 291.4661679372368 426.88278884446305 1.0
0.9999471357698586 0.010282298656225044 -322.1752658841889 318.9147571147251 318.73884061860696 1.0 317.94435039952543 413.1102888558422 1.0 319.88516382992475 224.3673923813717 1.0
-0.9999863849637429 -0.005218226436736697 359.21903245130113 357.39424360336795 350.627709567589 1.0 357.5899244305077 313.128730688357 1.0 357.19856277622813 388.1266884468211 1.0
-0.9999631916984374 -0.008579932882853122 370.42169197626976 367.4590103059471 346.8800109536726 1.0 367.7700214247381 310.63267950642256 1.0 367.14799918715613 383.12734240092266 1.0
-0.7859931100557311 0.6182352553396799 330.1697882022476 499.8836912084938 101.47488092115724 1.0 419.6284602713026 -0.5575703467755844 1.0 580.1389221456851 203.50733218909005 1.0
0.9999599710963559 0.008947413311957477 -307.18198414229187 304.3031379643481 323.113172280575 1.0 303.40833237841065 423.1163504790235 1.0 305.1979435502855 223.10999408212646 1.0
0.9999543740614459 0.009552475877053792 -334.77414346384097 332.2817420956353 262.50388557133954 1.0 331.91745650700426 300.6373467229361 1.0 332.6460276842664 224.37042441974302 1.0
-0.9999892821623071 -0.004629855344826287 524.8984494442553 523.6279603403445 275.6244349679735 1.0 523.8015914521744 238.12234517291606 1.0 523.4543292285147 313.126524763031 1.0
-0.9693284000153842 0.2457691049005455 506.2577554868611 615.874094405007 369.1533770706463 1.0 614.5696849396429 364.00870626046475 1.0 617.1785038703711 374.2980478808278 1.0
0.6262754495739569 -0.7796018607346561 -192.99919596249137 324.42721347922964 13.060003478755952 1.0 341.1664158740497 26.507061564849298 1.0 307.6880110844096 -0.3870546073373937 1.0
-0.9999713074190947 -0.007575245114601399 185.20139839599062 182.58840229646822 345.63040435232585 1.0 183.59216520525942 213.12853899248168 1.0 181.58463938767702 478.13226971217006 1.0
0.9999915631563991 0.004107750725282838 -65.80622620897509 64.40757701123195 340.62256645350675 1.0 63.842734413737446 478.1279482989329 1.0 64.97241960872644 203.11718460808058 1.0
0.9999687066094357 0.007911118874862403 -110.13268434258693 107.42649246780412 342.4994184549761 1.0 106.35346319812494 478.1307631393045 1.0 108.4995217374833 206.86807377064767 1.0
0.06040800383965821 -0.9981737689761777 201.84097689756427 298.77018954707785 220.2913906267423 1.0 303.20459672285455 220.55975440670386 1.0 294.3357823713012 220.02302684678074 1.0
-0.9999575516208683 -0.00921384590704284 154.40640493628925 151.66592978630104 298.12883247564145 1.0 152.06917761159136 254.36527140224476 1.0 151.26268196101074 341.89239354903816 1.0
-0.9999198350493822 -0.012661890649353984 546.8099918122178 543.5455787505003 261.2553257490867 1.0 543.822735808802 239.36800673058642 1.0 543.2684216921987 283.14264476758694 1.0
0.6972281189305916 -0.7168493218051538 -250.78438592548898 504.6188230598758 140.96413818046904 1.0 566.411953007466 201.06590077640618 1.0 442.8256931122856 80.86237558453188 1.0
0.6665760192293996 -0.7454370601119098 -216.9137050859142 469.7687760128749 129.08252183299012 1.0 475.03161040639367 133.788592120626 1.0 464.5059416193562 124.37645154535424 1.0
0.10133068554154324 -0.9948527992460396 187.11381851643665 340.04157387576214 222.71683255835632 1.0 343.2604980589868 223.04469593114834 1.0 336.8226496925375 222.38896918556426 1.0
-0.999995706461568 -0.0029303683095491225 152.25267627036004 151.05920140111124 407.4994408874317 1.0 151.26617387512874 336.8695529314435 1.0 150.85222892709373 478.12932884341996 1.0
0.9999548607543566 0.0095013921998612 -291.50639534948135 288.4256095403133 325.6159790616934 1.0 287.43977175089947 429.36848908376106 1.0 289.41144732972714 221.86346903962573 1.0
0.9999593918975209 0.009011911891505435 -147.6579963402582 144.56042520850352 344.3710384298374 1.0 143.35487714422817 478.13833706402687 1.0 145.76597327277887 210.603739795648 1.0
0.9998151403332008 0.01922719845692455 -414.3758913342828 408.03358331534207 333.78429965099053 1.0 407.397031156979 366.88503905247177 1.0 408.6701354737052 300.68356024950936 1.0
-0.9999312930095814 -0.01172216960236729 428.92028488521646 425.15442233675503 323.75181028920133 1.0 425.4695198806158 296.87317731043925 1.0 424.8393247928943 350.6304432679634 1.0
0.11160021677749352 -0.9937531844553841 187.57234018771362 243.69455002289095 216.11875881984113 1.0 250.62255342875625 216.89678569213086 1.0 236.76654661702565 215.3407319475514 1.0
-0.0332838619163892 0.9994459387760454 -266.72422949867564 584.9965421813527 286.3538311843953 1.0 544.3957562966935 285.00173108707855 1.0 625.5973280660119 287.70593128171197 1.0
-0.9998852476000523 -0.01514898121268211 155.8304535696727 152.31622470780337 233.13168487191416 1.0 152.65732453603457 210.61791438009087 1.0 151.9751248795722 255.64545536373748 1.0
-0.9999501384888188 -0.009986017033435504 278.4462267281332 275.17078576725913 329.37670555462245 1.0 276.256897947079 220.6188273145917 1.0 274.0846735874393 438.13458379465317 1.0
-0.3598257883249969 0.9330195078648111 -10.703332640906016 92.61917738214123 47.19097594991272 1.0 66.0763902024403 36.954556195801466 1.0 119.16196456184218 57.42739570402397 1.0
-0.9999415838103266 -0.010808744926931284 259.4603534309436 255.88797243931816 331.8913542885333 1.0 257.1310515304691 216.89127947782472 1.0 254.64489334816724 446.89142909924186 1.0
-0.35969584561698814 0.9330696108254087 -11.17626627887151 471.28571908213974 193.65734285514466 1.0 461.65532388308617 189.94485119904513 1.0 480.91611428119336 197.3698345112442 1.0
-0.05599764033423532 -0.9984309011028243 150.12435408621351 396.21569083860214 128.13827195706673 1.0 464.37167410590376 124.3156997255654 1.0 328.0597075713005 131.96084418856807 1.0
-0.999980010757091 0.0063228226487929825 207.86561346878895 210.11045927792486 354.37430157161464 1.0 210.05511069934286 345.6206996947066 1.0 210.1658078565069 363.1279034485227 1.0
0.07067045965137711 -0.9974997173596909 197.81071526479943 165.00025438102324 209.9964094616044 1.0 175.70436560279765 210.7547700375899 1.0 154.29614315924886 209.23804888561892 1.0
-0.7711947063876771 -0.636599344045864 602.9686931035336 625.9344951951873 188.8963992631729 1.0 628.4282838208562 185.87535218709058 1.0 623.4407065695184 191.91744633925518 1.0
-0.999934312766891 -0.01146168187506629 213.71880432339546 210.51621236710662 280.62375302884976 1.0 211.26150117676346 215.60363976621886 1.0 209.7709235574498 345.64386629148066 1.0
-0.14022271287857702 -0.9901199880787036 39.003391600467346 252.65730977989924 3.610772671567019 1.0 278.0387805017261 0.016199564959026858 1.0 227.2758390580724 7.205345778175012 1.0
-0.9990832009902318 -0.042810717105790756 143.6072364603595 128.2882297401614 360.57843189225196 1.0 128.76940875834222 349.349050414117 1.0 127.80705072198056 371.80781337038695 1.0
-0.9999909778168673 -0.004247856502449626 403.0302847310213 401.91353802064646 263.7501637054586 1.0 402.06486654322026 228.1258065331069 1.0 401.76220949807265 299.37452087781026 1.0
-0.9992313241822933 -0.039201540440404935 57.31315438716691 42.32878706536349 383.0692434049221 1.0 42.77234682241051 371.7630855751842 1.0 41.88522730831647 394.37540123465993 1.0
0.07873279124259425 -0.9968957556250053 196.28984916602514 194.34537700453788 212.25007927737593 1.0 204.3814989621422 213.0427116970795 1.0 184.30925504693357 211.45744685767235 1.0
0.9999357716886071 0.01133368861005927 -274.4771273174048 270.75446383504595 329.99438338666573 1.0 269.51468041372806 439.37658319600007 1.0 271.9942472563639 220.61218357733145 1.0
0.9999689001379077 0.00788661885621989 -346.2558256832844 343.8118430939408 311.2455584579943 1.0 343.14635257439005 395.6251684048531 1.0 344.47733361349157 226.86594851113546 1.0
-0.04837222063902095 0.9988293789584134 -283.9224774322094 498.7362709922576 308.40848783859644 1.0 493.06403827686165 308.1337877764986 1.0 504.4085037076535 308.68318790069424 1.0
0.013423685599164646 0.9999098982733068 -219.73282210569965 520.6453120469165 212.7630134429904 1.0 493.14187837106715 213.13224415787744 1.0 548.1487457227659 212.39378272810336 1.0
0.9988999384459238 0.046892568416860105 -486.10549242665684 476.28231241591334 220.65585701204708 1.0 475.8724538084931 229.38661652353568 1.0 476.69217102333363 211.92509750055848 1.0
0.10802011609719517 -0.994148708452789 187.611498445654 264.31415059503047 217.43501936996776 1.0 270.6254585094013 218.12078016997575 1.0 258.00284268065957 216.74925856995978 1.0
-0.9999519254497292 -0.009805446923989875 237.5307871620735 234.23266304642829 337.50473295441856 1.0 235.41556849515024 216.8729463317658 1.0 233.04975759770633 458.13651957707134 1.0
0.9999519031009706 0.009807725768341987 -179.96402759729932 176.5827535744549 345.622133589336 1.0 175.28305193449617 478.13390635272486 1.0 177.8824552144136 213.1103608259471 1.0
-0.9999932742302319 -0.003667627884644496 398.99514622469445 398.2803347648562 195.6278619967921 1.0 398.3628642444232 173.1258724034032 1.0 398.19780528528923 218.12985159018098 1.0
0.0563517364863039 -0.9984109784026707 202.87209671129273 282.4780757515282 219.13844251716583 1.0 288.12037733184997 219.45690204806886 1.0 276.8357741712065 218.8199829862628 1.0
-0.3345322922084039 0.9423842875758228 -19.03045688633312 338.80670976979803 140.46524742228354 1.0 335.63736184537504 139.340176429546 1.0 341.976057694221 141.59031841502104 1.0
-0.9999865311586759 -0.005190134992318123 211.54298314266524 209.37888809732567 417.50650793614477 1.0 209.6610978864429 363.1329726627746 1.0 209.09667830820842 471.8800432095149 1.0
0.003891999676095982 0.9999924261405789 -141.58919357353474 328.128651422669 140.31317968077792 1.0 320.62390006738184 140.34238839184454 1.0 335.63340277795623 140.28397096971128 1.0
0.1680108321501795 -0.985785149147726 295.3048582003259 411.3073239959579 369.6636577345522 1.0 415.8693704157393 370.4411833606563 1.0 406.74527757617653 368.88613210844807 1.0
0.9999673470026239 0.008081146486355549 -357.251650409699 354.7682366310341 308.7430761436266 1.0 354.09651326385335 391.86264767144223 1.0 355.4399599982148 225.62350461581096 1.0
0.9999586411280688 0.009094835529361592 -254.1337035673838 251.09738309360358 334.9929274096171 1.0 250.04573283307047 450.6197314424876 1.0 252.14903335413672 219.3661233767466 1.0
-0.9999395474864162 -0.010995516025234176 380.77857798426874 377.3996671035825 309.3738967213336 1.0 377.60589612916516 290.61929183999683 1.0 377.1934380779999 328.1285016026704 1.0
-0.3021765618232539 0.9532519737638508 -40.094681850718175 413.3631984948487 173.09521144199778 1.0 407.8917580340184 171.36078957644816 1.0 418.834638955679 174.82963330754737 1.0
0.9999789193608646 0.006493137444831462 -333.7917026817606 331.5058437919572 353.11854467101705 1.0 331.1730511624621 404.3704420536342 1.0 331.83863642145224 301.8666472884 1.0
-0.6158047667564761 0.7878987810880292 123.08619852166859 424.23580020311545 175.35276457893372 1.0 419.5309078883514 171.67552178575835 1.0 428.94069251787954 179.0300073721091 1.0
0.05927525052701502 -0.9982416764866912 200.91950001512012 221.2108788773057 214.40883036777024 1.0 229.34431313120243 214.89179092171298 1.0 213.07744462340898 213.92586981382752 1.0
-0.048393251365065525 0.9988283602412968 -357.7890357801074 555.739617166718 385.13432145063433 1.0 538.1899695005004 384.2840407170412 1.0 573.2892648329355 385.98460218422747 1.0
0.6768425931437365 -0.7361277770241131 -241.03871879998042 369.84314699945264 12.615847630573919 1.0 384.1994414796263 25.815935831535146 1.0 355.48685251927907 -0.5842405703873088 1.0
0.6836372340755184 -0.7298219866416571 -243.70527265835327 412.5772609476314 52.54418962465115 1.0 442.2771357318667 80.3645905190039 1.0 382.87738616339607 24.723788730298402 1.0
0.9999575014805374 0.009219285916012681 -207.54566546411476 204.36798882656342 345.6191730606536 1.0 203.16937322620052 475.6254091068457 1.0 205.56660442692632 215.61293701446152 1.0
0.14554019140647978 -0.9893523400110626 163.50832771086945 464.9211532447606 233.66098405391995 1.0 478.12811650859015 235.6038146144608 1.0 451.71418998093105 231.71815349337908 1.0
-0.9952197503528405 0.0976608852490588 482.0306984672464 506.66655046583924 227.45912391486365 1.0 505.9804583372594 220.4674564199096 1.0 507.3526425944191 234.4507914098177 1.0
0.999926011203272 0.012164379109266737 -426.65707124528166 423.12287926425097 293.10976760165295 1.0 422.3778661705095 354.35070430935724 1.0 423.86789235799245 231.86883089394868 1.0
0.999947176028287 0.010278382803438136 -232.62249555440727 229.1401063718373 339.9847368886092 1.0 227.87451528282608 463.10957662896243 1.0 230.4056974608485 216.8598971482559 1.0
0.9999586215051883 0.009096992769239361 -431.36434781968603 428.7382758109258 290.62489334072336 1.0 428.20379787835185 349.3757168533919 1.0 429.2727537434998 231.8740698280548 1.0
0.9999862718000561 0.005239867500634242 -400.3440291802164 398.79391703278327 296.875230122592 1.0 398.4336639274415 365.6266173802857 1.0 399.15417013812504 228.1238428648982 1.0
-0.9998839501942038 -0.015234373765769138 639.6786984093629 633.9061809849716 383.7428570069536 1.0 634.2968066167803 358.1047634571199 1.0 633.515555353163 409.3809505567873 1.0
-0.9999685055448244 -0.007936492830623428 403.82224628094315 401.2010007848605 331.8696506415861 1.0 401.44908710960567 300.61169871044376 1.0 400.95291446011544 363.12760257272834 1.0
0.036413362793882166 0.9993368135969181 -168.21115685960993 436.89425503755103 152.40343973738146 1.0 415.6269445961542 153.17836794998811 1.0 458.1615654789479 151.62851152477478 1.0
-0.9999690611441892 -0.007866177878028123 388.1910903912842 385.8480386103806 299.3816710289507 1.0 386.41835753514476 226.88124088457815 1.0 385.27771968561643 371.88210117332324 1.0
-0.9999938944849617 0.0034944230996380495 393.26594533133556 394.19438404990996 265.0028151801735 1.0 394.06550508923675 228.12171345722479 1.0 394.32326301058316 301.88391690312227 1.0
-0.99928863977309 0.03771225822524497 531.3148375022415 540.3263083225747 228.76127235637477 1.0 540.0201141938743 220.6478278485409 1.0 540.6325024512753 236.87471686420864 1.0
0.9999955467105502 0.0029843858778003407 -365.9823170982301 365.20613606148993 260.6256151922904 1.0 365.10540792006356 294.37717982878905 1.0 365.30686420291636 226.8740505557918 1.0
-0.3615379206730515 0.9323574056741366 -11.567216840032085 445.2231599643799 185.04950063038422 1.0 429.5337325421295 178.96565023967506 1.0 460.91258738663026 191.13335102109335 1.0
-0.5116468328578555 -0.8591958556851433 531.6014377069889 444.7140230493522 353.8947659888841 1.0 473.16947542650144 336.9496864823074 1.0 416.25857067220295 370.8398454954608 1.0
-0.3285130217459014 0.9444994412615484 -27.024156380678427 364.29125207804213 155.3188599037091 1.0 333.8685230902898 144.73731565612962 1.0 394.71398106579454 165.90040415128857 1.0
-0.9999797739796179 -0.006360159720662842 433.0240029574215 430.98952938683874 321.24834333178995 1.0 431.1525304655321 295.6204048854266 1.0 430.82652830814544 346.8762817781533 1.0
-0.9999457350215524 -0.010417629874751809 360.9724934283074 358.25722422299395 262.50788890977884 1.0 358.6283999774082 226.8802445192373 1.0 357.8860484685797 298.1355333003204 1.0
0.9999656481992921 0.008288692379953286 -393.5658029556442 391.09786398323666 299.36855833733694 1.0 390.507314938285 370.6136632898143 1.0 391.68841302818834 228.12345338485954 1.0
-0.9999590408015673 -0.0090507855575828 637.5128465511266 635.63821573321 210.00011961766668 1.0 635.7910438796126 193.1151889437475 1.0 635.4853875868073 226.88505029158586 1.0
0.9999535070528729 0.009642807301827991 -367.83736890302004 364.5697775947739 340.62085125536214 1.0 364.13581332587256 385.62269346175447 1.0 365.0037418636752 295.61900904896976 1.0
-0.3382023957138696 0.9410733975272062 -23.864057361052883 236.16670087829635 110.23178602063774 1.0 151.29762525710277 79.73158829692146 1.0 321.03577649948994 140.731983744354 1.0
-0.535122908693131 -0.8447742139718771 535.8338031654051 310.5926113496881 437.5471876958474 1.0 377.97601221884213 394.8631179475521 1.0 243.20921048053407 480.2312574441427 1.0
0.9999760040825268 0.006927572384491219 -376.3545157895812 374.25065265832893 304.9904788808411 1.0 373.71810831046804 381.86178955279456 1.0 374.7831970061898 228.11916820888771 1.0
0.9999450927274156 0.010479099692250447 -437.1450256313672 434.1429800460661 288.75411830320456 1.0 433.54694534353115 345.6294218501112 1.0 434.739014748601 231.87881475629788 1.0
0.009064423576066492 -0.9999589172687215 374.83381729540434 566.2444966901683 379.9821079638523 1.0 573.1189318142167 380.0444233157477 1.0 559.3700615661197 379.91979261195684 1.0
-0.9999499993477757 -0.009999940218983391 370.9071943293119 368.3130445320054 261.2581308032609 1.0 368.65683778866423 226.8803186120269 1.0 367.96925127534655 295.6359429944949 1.0
0.9999670718663172 0.008115120646281872 -385.3969112261125 382.9598213722811 301.86858739394876 1.0 382.361309772292 375.61880235758895 1.0 383.55833297227025 228.1183724303086 1.0
-0.9896869552107691 -0.14324709660456375 534.5323369464577 493.5063243436578 321.9301928110258 1.0 494.2408229214216 316.85557923585225 1.0 492.771825765894 327.0048063861993 1.0
-0.9998445881018518 -0.017629510584189975 383.10100363986703 376.93414438077025 353.1260428485578 1.0 377.3531686856011 329.36139087665384 1.0 376.51512007593936 376.89069482046176 1.0
0.9999710886396298 0.007604070283330732 -441.3524870218664 439.17423686522477 288.12822602020856 1.0 438.7559889523844 343.12979822306505 1.0 439.5924847780651 233.12665381735206 1.0
-0.9927841281310275 0.11991528230845082 329.74265808571073 368.6039978743021 301.89263513902426 1.0 367.98178603882536 296.741314784312 1.0 369.22620970977886 307.0439554937365 1.0
-0.32593710081851096 0.9453914566517004 -26.32194664947641 90.15525427617617 58.92467978196716 1.0 29.037642381938973 37.85351704868926 1.0 151.27286617041335 79.99584251524504 1.0
-0.9999733500651291 -0.007300627337627513 379.41502568693664 377.5497027525246 256.87992588463436 1.0 377.7869668177571 224.38165810731883 1.0 377.3124386872921 289.37819366194987 1.0
0.12128277898305215 -0.9926179967752691 310.1706291564767 545.7280046559011 379.1569761506422 1.0 554.4245385899184 380.2195599507189 1.0 537.0314707218839 378.09439235056544 1.0
-0.13789807683397523 -0.9904464248032253 216.2085854578006 435.388413342017 157.67572750153295 1.0 451.5001311200905 155.43252197274373 1.0 419.2766955639434 159.91893303032217 1.0
-0.9999828789617905 -0.005851647912241346 395.5815623042106 393.6316609684718 334.37430750979706 1.0 393.82185767067983 301.87176315042524 1.0 393.4414642662637 366.87685186916883 1.0
-0.9999649905234546 -0.008367659614690444 438.83461669780115 436.1774708317995 319.37439307936035 1.0 436.3866987595618 294.37091391837896 1.0 435.96824290403714 344.37787224034173 1.0
0.9926190816503054 -0.12127389968045128 -512.4806502928509 561.7460152389962 372.0434783847685 1.0 562.3846775705002 377.27088855837235 1.0 561.1073529074921 366.8160682111646 1.0
0.0409622807783302 -0.9991606935590677 266.5690998810623 581.2501085902746 290.62235124284877 1.0 618.1655554684883 292.13576235862894 1.0 544.334661712061 289.1089401270686 1.0
0.6402083983004255 0.7682012800989099 -523.1651740699567 326.86909036368723 408.61795652551757 1.0 323.0577353064141 411.79428749473556 1.0 330.6804454209604 405.4416255562996 1.0
-0.9886923953448142 0.14995781869356964 308.98703417183424 358.7944786774369 305.0880493383448 1.0 357.90428568729146 299.21888527998647 1.0 359.68467166758245 310.9572133967031 1.0
0.5338665331920033 0.8455687581371203 -514.9333883270384 242.49389558813584 455.87542025372113 1.0 234.8743923451935 460.68614409114934 1.0 250.11339883107814 451.06469641629286 1.0
0.9980804000898937 -0.06193153442631204 -510.2380889626659 525.3032180337357 226.97253008770193 1.0 525.7764017010646 234.59829535217494 1.0 524.8300343664067 219.3467648232289 1.0
0.9999497341982895 -0.010026418940490155 -33.57082544828799 37.37648931007648 379.3762384321716 1.0 37.45174650290824 386.8817506609424 1.0 37.30123211724472 371.8707262034008 1.0
-0.9996321209398122 0.0271223668836753 208.8932298428413 218.2294026736484 341.264125027986 1.0 218.0425452341193 334.37723719142735 1.0 218.41626011317751 348.15101286454455 1.0
0.6103229167694147 0.792152723447994 -520.8334875176296 312.90830997725334 416.40755037129026 1.0 308.6521309995217 419.68677102040334 1.0 317.16448895498496 413.12832972217717 1.0
0.6117982758202326 0.7910138239647843 -518.2875908103241 297.5591783715972 425.0765136350709 1.0 292.70448690691904 428.83130498984445 1.0 302.4138698362754 421.3217222802974 1.0
-0.9999454895368542 -0.010441166357299385 461.4742847749144 458.2559629418671 310.6263674804046 1.0 458.47782563246244 289.3786841119463 1.0 458.0341002512718 331.87405084886296 1.0
0.5786828266074466 0.8155526875620089 -516.9002232720156 281.72277437436435 433.90463580620616 1.0 275.91667436367294 438.02440687310855 1.0 287.5288743850558 429.78486473930377 1.0
-0.3496761667610659 0.936870630556475 -17.673962196630946 401.0855999784653 168.56546911536856 1.0 395.3293846478593 166.41702807536922 1.0 406.8418153090713 170.7139101553679 1.0
0.03205411719508732 -0.9994861347566777 203.19600601328668 514.3614868902558 219.7963551022023 1.0 521.89382794916 220.0379217779764 1.0 506.8291458313516 219.5547884264282 1.0
-0.9955551414883979 0.09418046642492292 589.8727641930183 635.1988654232325 451.2903127376146 1.0 632.6568408689577 424.4192883005523 1.0 637.7408899775073 478.161337174677 1.0
-0.9996417160468762 -0.02676638822957532 502.5943767049922 495.02619427950157 289.3757013775469 1.0 495.4623355753975 273.08717452331166 1.0 494.59005298360563 305.66422823178203 1.0
0.6221946914719375 0.7828625459837382 -527.2173823030282 350.59763021534167 394.80417031832553 1.0 346.69857518885283 397.90301742971707 1.0 354.4966852418305 391.705323206934 1.0
-0.07327697282832442 0.9973116289571264 -413.8322619946096 522.0911486423188 453.30818149621336 1.0 495.8450734472936 451.37976425623077 1.0 548.3372238373439 455.2365987361959 1.0
0.5260974025184474 0.850424319421395 -513.5997054141397 219.31100281400924 468.2612519370472 1.0 211.19779781168901 473.2803182788051 1.0 227.42420781632947 463.2421855952892 1.0
0.6952624336071059 0.7187559727854264 -524.328214224807 338.7313585586565 401.83460933895464 1.0 335.2324329183249 405.2191677256903 1.0 342.2302841989881 398.450050952219 1.0
-0.9996499357885922 -0.02645762419159351 470.2352147989177 462.19536267726926 309.99193719770193 1.0 462.7412976538805 289.3648445924802 1.0 461.64942770065807 330.61902980292365 1.0
0.005060735152826607 -0.9999871943978648 301.8233063483576 514.9997040347607 304.43348190830955 1.0 520.630885810593 304.4619801928121 1.0 509.3685222589285 304.4049836238069 1.0
-0.9999458738912339 -0.010404291801787967 444.49603828210905 441.2165605905775 317.4996520677945 1.0 441.47021913242014 293.12078831377573 1.0 440.9629020487348 341.8785158218132 1.0
-0.9999820002171668 0.005999936805865464 541.2125204973497 543.0372790921617 302.5005263293774 1.0 542.9959852700525 295.6182740381535 1.0 543.0785729142709 309.38277862060124 1.0
0.55582140473341 0.8313017298431291 -515.5904734129955 262.797452507666 444.5101109912929 1.0 256.45681955324545 448.7495578601091 1.0 269.1380854620865 440.27066412247666 1.0
0.7323468745716115 -0.6809317552480516 -96.32179384186692 545.3541399053497 445.0763291867677 1.0 550.4775452973583 450.58658758943835 1.0 540.2307345133411 439.566070784097 1.0
0.9998153518297137 0.019216197480916828 -642.1098417564365 637.0748288739403 268.14085300175736 1.0 636.3301079267849 306.8885519955176 1.0 637.8195498210958 229.39315400799708 1.0
-0.9990314661022989 -0.04400147426497701 104.88448666930927 88.93843543861118 364.35577189261323 1.0 89.2681268687032 356.87029286564444 1.0 88.60874400851917 371.8412509195821 1.0
-0.999996331084449 -0.0027088406452026193 163.51340836768816 162.55744500286647 353.1251556099295 1.0 162.58453789606946 343.12353596891427 1.0 162.5303521096635 363.1267752509448 1.0
0.010715668929622117 -0.9999425855714871 251.97742621486725 608.7592103152222 258.5155308919325 1.0 614.3835644214438 258.57580306897034 1.0 603.1348562090006 258.4552587148947 1.0
0.9999342109868966 0.011470557877130905 -447.3231183343349 444.0616754117307 286.8785753260663 1.0 443.4450912539953 340.62867186682337 1.0 444.67825956946604 233.1284787853092 1.0
-0.9993977400608518 0.03470096772803292 229.53932107612135 241.31015727494105 335.01961240093704 1.0 241.07022660600288 328.10954089551404 1.0 241.5500879438792 341.92968390636 1.0
-0.5337624640547897 -0.8456344552855916 535.0428888480634 392.20287305765976 385.15426480043607 1.0 406.43187090942337 376.17295507858626 1.0 377.97387520589615 394.1355745222859 1.0
-0.9999996180506671 -0.0008740128832297507 426.2680778240149 426.03881232873346 262.499815419184 1.0 426.0655794404954 231.87429255573284 1.0 426.01204521697144 293.1253382826352 1.0
0.16824861730650195 -0.9857445930739108 345.16421723054765 517.9441709956864 438.5594512818394 1.0 541.954772738591 442.6576229302817 1.0 493.9335692527817 434.4612796333971 1.0
-0.025799315123016885 0.9996671422724583 -197.36671322754623 570.6176737258991 212.15887712848235 1.0 555.5954193862843 211.77118420833213 1.0 585.6399280655139 212.54657004863256 1.0
-0.9999990911532668 -0.0013482183207054218 192.8425563840449 192.37422672096332 347.49898779279056 1.0 192.3851809848633 339.37400256154325 1.0 192.36327245706335 355.62397302403787 1.0
-0.9995595177948512 -0.02967777595650621 551.7350762424849 542.2159419984846 328.7972364269963 1.0 542.8288774695932 308.1533214369215 1.0 541.6030065273761 349.4411514170711 1.0
-0.9999674840551256 -0.008064169669718471 457.1677601252519 455.12114756899206 255.62597698631905 1.0 455.2925462466943 234.3723189493491 1.0 454.9497488912898 276.879635023289 1.0
-1.0 0.0 459.375 459.375 256.25 1.0 459.375 235.625 1.0 459.375 276.875 1.0
-0.9999957988425019 -0.002898671652050552 442.5842204908231 441.82879910229235 261.24986607820483 1.0 441.91032390000635 233.12510239281772 1.0 441.7472743045784 289.374629763592 1.0
-0.10310795477391502 -0.9946701712941534 261.63869541038423 566.3108098360403 204.3366252527586 1.0 575.7784388773186 203.35520659240586 1.0 556.843180794762 205.31804391311132 1.0
-0.9673458853231481 -0.25345993401004185 495.5776333614694 416.72404381285344 364.79668719640733 1.0 417.61069564769065 361.41272433263555 1.0 415.83739197801617 368.18065006017906 1.0
-0.9999951340981732 -0.0031195800961902843 437.63939404686425 436.82652977344765 261.2498487925102 1.0 436.91816699287335 231.87513466354704 1.0 436.73489255402194 290.6245629214734 1.0
-0.9999686635784595 -0.007916556139487928 448.4718113760894 446.4522235587099 256.87660096432376 1.0 446.6402750451181 233.12314172848576 1.0 446.2641720723017 280.6300602001617 1.0
-0.9977277572017356 -0.06737449450047606 631.1999682397135 615.7157219542099 250.58892130719227 1.0 616.1386928013442 244.32527869581813 1.0 615.2927511070757 256.85256391856643 1.0
0.9997974229475121 0.020127420786422722 -453.9848724111458 448.7797452420979 263.1255988163105 1.0 448.20094592273637 291.87652890526505 1.0 449.3585445614594 234.374668727356 1.0
-0.9990726158342822 -0.04305703531415945 506.1959877719022 495.3534028877315 262.4882949784942 1.0 495.8127770126713 251.82922137294923 1.0 494.8940287627917 273.1473685840392 1.0
-0.9999568269558249 -0.009292159299026149 453.35152980303246 450.94344825768917 261.24715134939214 1.0 451.19321822252545 234.36866450159377 1.0 450.69367829285295 288.1256381971905 1.0
-0.9999418321402496 -0.010785746891191536 453.87246993156003 450.5145874471449 313.7555505328209 1.0 450.764066043463 290.6265000183988 1.0 450.2651088508267 336.884601047243 1.0
0.9999768770898005 0.0068003886455122965 -372.75530740669797 371.44203289970415 194.3805562697313 1.0 371.29747017583134 215.63807384666043 1.0 371.58659562357695 173.12303869280214 1.0
0.9999975512395654 -0.0022130329579345127 -447.4404020145459 448.1427572013319 316.87634385161766 1.0 448.19531966632394 340.6276106778512 1.0 448.09019473633987 293.1250770253842 1.0
1.0 0.0 -468.125 468.1249999999999 260.625 1.0 468.1249999999999 284.375 1.0 468.1249999999999 236.875 1.0
-0.9981793626794904 -0.06031550315438509 316.78941819959954 297.91624600935825 321.90015187994175 1.0 298.37460986294724 314.3145509096631 1.0 297.4578821557693 329.48575285022036 1.0
-0.06191487678219285 0.9980814335679458 -201.77604619916013 486.2992581860349 232.3309472054567 1.0 478.2054049832664 231.82885398251082 1.0 494.3931113888034 232.83304042840257 1.0
0.9993523898812803 0.03598334112576891 -517.7594711325524 505.8757199052477 339.361523424107 1.0 505.10914134723896 360.6514339774435 1.0 506.6422984632565 318.07161287077054 1.0
-0.999868243463059 -0.01623255106559179 267.9228078250005 262.6214208725995 328.72153118631456 1.0 262.7532929727066 320.59867208899163 1.0 262.48954877249236 336.84439028363755 1.0
-0.9998097829878932 0.01950379044446548 307.1710621610342 313.4356836772989 318.1433237142012 1.0 313.289433073611 310.64617669801396 1.0 313.58193428098684 325.6404707303884 1.0
-0.9999442642559083 -0.010557858765406842 434.3141822207297 431.5734306401481 261.87181589582224 1.0 431.8901487496069 231.87515994727357 1.0 431.25671253068936 291.86847184437096 1.0
0.9998698760023986 0.016131678863279993 -629.9460661899686 625.893534694316 256.26441609062124 1.0 625.5808614423474 275.6444551011171 1.0 626.2062079462847 236.88437708012538 1.0
-0.01508988937245793 -0.9998861411374432 322.3347990984518 500.0162303474534 314.8254551663051 1.0 505.64937961520553 314.740441887521 1.0 494.38308107970136 314.9104684450893 1.0
-0.9844998195269498 -0.17538559048965024 559.8228127552538 490.35231051190567 439.4377630253868 1.0 491.273321120363 434.2678127730475 1.0 489.43129990344835 444.6077132777261 1.0
0.9999251473550903 0.012235182340328348 -456.24641184720576 452.7932337510689 285.0035880369867 1.0 452.17378044697074 335.6286559069027 1.0 453.412687055167 234.37852016707072 1.0
-0.9998638414951952 -0.016501468736789017 451.0839720334716 446.01899549738624 310.6211875673269 1.0 446.47289428677095 283.11836376156396 1.0 445.56509670800153 338.12401137308984 1.0
1.0 0.0 -456.875 456.8749999999999 261.25 1.0 456.8749999999999 286.875 1.0 456.8749999999999 235.625 1.0
-1.0 0.0 454.375 454.375 311.875 1.0 454.375 289.375 1.0 454.375 334.375 1.0
0.9999956067214057 -0.002964209487838949 -459.7167187074343 460.6469158525943 313.12678767560544 1.0 460.70991051906685 334.37845358446606 1.0 460.58392118612176 291.87512176674477 1.0
-0.9996419146148053 -0.02675897130395682 347.4784819535804 339.27131450438475 311.2472244889282 1.0 339.4226748724205 305.59281549161096 1.0 339.119954136349 316.9016334862455 1.0
-1.0 0.0 463.125 463.1250000000003 256.25 1.0 463.1250000000003 235.625 1.0 463.1250000000003 276.875 1.0
0.9999075597242297 -0.01359676455395796 -508.94831540617344 512.0891085256496 227.5140860746008 1.0 512.1658143462748 233.1550405541468 1.0 512.0124027050244 221.87313159505482 1.0
0.9998972812285435 0.014332724506074703 -461.1548310358807 456.62440093439443 319.3624489905906 1.0 456.3737324116054 336.8498969855683 1.0 456.87506945718343 301.87500099561294 1.0
-0.5687440712789147 -0.8225145478258028 546.3803511880474 482.2490203999788 330.81977780789794 1.0 491.5152425543176 324.41246388577423 1.0 472.98279824563997 337.2270917300216 1.0
-0.031649310095169025 0.9994990351023355 -267.55902547511255 533.1384560550059 284.57505190621197 1.0 525.6261977369135 284.3371749451802 1.0 540.6507143730983 284.8129288672437 1.0
1.0 0.0 -405.625 405.62500000000006 264.375 1.0 405.62500000000006 299.375 1.0 405.62500000000006 229.375 1.0
1.0 0.0 -471.875 471.8749999999999 260.0 1.0 471.8749999999999 283.125 1.0 471.8749999999999 236.875 1.0
0.20128395196200663 -0.9795329349657195 103.84298321397429 451.60519610214874 198.81298000338012 1.0 464.21489404888956 201.40414334783267 1.0 438.99549815540786 196.22181665892757 1.0
-0.9945106443943034 0.10463545377369649 244.86344898189324 280.7881430701882 328.60131897056124 1.0 280.3328758777427 324.2742190001269 1.0 281.2434102626337 332.92841894099564 1.0
-0.9999305774362139 -0.011783051730332122 521.0506643743984 518.3986062685094 228.1282241406437 1.0 518.4576909874979 223.11419055003327 1.0 518.339521549521 233.14225773125415 1.0
-0.999724255201332 -0.023482196706054618 501.7880671549243 493.95488912945444 339.379812573883 1.0 494.21933563107086 328.1213436504493 1.0 493.690442627838 350.63828149731665 1.0
0.9997583251139561 0.021983888767389364 -466.56447722862316 460.9464721326051 260.618325664106 1.0 460.3967056801623 285.61997998985606 1.0 461.4962385850478 235.61667133835593 1.0
1.0 0.0 -464.375 464.3750000000001 308.125 1.0 464.3750000000001 324.375 1.0 464.3750000000001 291.875 1.0
-1.0 0.0 490.625 490.62500000000006 248.125 1.0 490.62500000000006 238.125 1.0 490.62500000000006 258.125 1.0
-0.012295803873390018 0.9999244037461569 -213.4229720806577 532.5001583844742 219.98711979285235 1.0 526.8683245137113 219.9178666328505 1.0 538.131992255237 220.05637295285425 1.0
-0.9837002290677321 -0.17981618206404984 653.1277071676681 624.4188998578395 216.25802470569448 1.0 625.8965095903324 208.17463078840962 1.0 622.9412901253467 224.34141862297935 1.0
0.9999847943960618 0.0055146148247913205 -465.8557256069487 464.42555845893173 260.6218321279922 1.0 464.29456934149243 284.3745564491538 1.0 464.55654757637103 236.8691078068307 1.0
0.16249523097697222 0.9867093289868807 -43.17762633198728 14.906036274063915 41.304430116748215 1.0 0.5097649370592561 43.675265546586175 1.0 29.302307611068574 38.933594686910254 1.0
0.2895813605530422 -0.9571534023448116 60.8840618920116 425.258917793219 192.26919890066864 1.0 439.36209326955213 196.53603505519717 1.0 411.15574231688583 188.00236274614008 1.0
-0.9999319506210229 -0.011665938763607353 330.7341565201406 327.08890610491585 314.3774955853441 1.0 327.16198337822317 308.11376474250966 1.0 327.0158288316086 320.6412264281785 1.0
-0.9999418732338512 -0.010781936448373492 24.386000497942998 21.563770505350362 261.871644148303 1.0 22.412943959222734 183.11732221073558 1.0 20.71459705147799 340.6259660858704 1.0
-0.998918249893467 -0.04650086052723041 537.5691483908449 522.2925260428614 340.6735308563741 1.0 523.3997811693067 316.88779139792547 1.0 521.185270916416 364.45927031482273 1.0
-0.28827117931987806 0.9575488119012663 -285.6887788166001 495.0346158182274 447.3850168244537 1.0 488.2133669590411 445.33147195172006 1.0 501.85586467741376 449.4385616971873 1.0
-0.9959901965942146 0.08946244065650008 591.650207656992 623.2794020286635 325.6111312065382 1.0 620.7990366665078 297.99708930749944 1.0 625.7597673908191 353.2251731055769 1.0
0.23010765303736572 0.9731651802307948 -379.2063167741121 533.8241565441816 263.43862088888073 1.0 526.7533526874864 265.1105324138757 1.0 540.8949604008768 261.76670936388575 1.0
1.0 0.0 -478.125 478.125 247.5 1.0 478.125 258.125 1.0 478.125 236.875 1.0
0.16000820250791706 0.987115684775693 -365.246078773357 36.31119531230398 364.127523474817 1.0 30.73149344820399 365.031974776295 1.0 41.890897176403975 363.223072173339 1.0
0.9995050766023107 0.03145793772975459 -482.5234251532373 474.6779154988982 256.8648628687172 1.0 474.04844962853775 276.8647223120807 1.0 475.3073813692587 236.86500342535362 1.0
-0.0012941132465368235 -0.999999162635102 206.55730356427608 516.2519597905252 205.88938746910657 1.0 554.3768959414784 205.84004944289632 1.0 478.1270236395719 205.93872549531682 1.0
0.9998553895697412 0.017005879816725408 -632.1127138520227 628.345487181861 226.86811990869742 1.0 628.2177807774748 234.37657804695306 1.0 628.4731935862471 219.3596617704418 1.0
-1.0 0.0 488.125 488.125 256.25 1.0 488.125 240.625 1.0 488.125 271.875 1.0
1.0 0.0 -474.375 474.3750000000001 305.625 1.0 474.3750000000001 323.125 1.0 474.3750000000001 288.125 1.0
-1.0 0.0 465.625 465.62500000000006 310.0 1.0 465.62500000000006 291.875 1.0 465.62500000000006 328.125 1.0
1.0 0.0 -480.625 480.62500000000006 300.0 1.0 480.62500000000006 315.625 1.0 480.62500000000006 284.375 1.0
0.10776224423358542 -0.994176693911973 256.6239918721998 514.9785973473956 313.9474533711551 1.0 520.7391534871217 314.5718599393757 1.0 509.21804120766956 313.3230468029346 1.0
1.0 0.0 -470.625 470.62499999999983 315.625 1.0 470.62499999999983 326.875 1.0 470.62499999999983 304.375 1.0
-1.0 0.0 481.875 481.87500000000017 298.125 1.0 481.87500000000017 286.875 1.0 481.87500000000017 309.375 1.0
-1.0 0.0 466.875 466.87499999999983 248.75 1.0 466.87499999999983 236.875 1.0 466.87499999999983 260.625 1.0
-0.9997499567145577 -0.022361217525887208 639.710427809305 633.4820370047275 285.61900652254496 1.0 633.8176839135622 270.6125346168751 1.0 633.1463900958929 300.6254784282149 1.0
-0.989747621396272 -0.14282732910903864 491.46288500186233 464.9486491865385 219.01316500986152 1.0 466.12272319416945 210.87720837155737 1.0 463.7745751789075 227.14912164816567 1.0
-1.0 0.0 406.875 406.8749999999999 305.0 1.0 406.8749999999999 291.875 1.0 406.8749999999999 318.125 1.0
-1.0 0.0 469.375 469.375 308.125 1.0 469.375 290.625 1.0 469.375 325.625 1.0
-0.9999999899204964 0.00014198241821509848 613.8596162511046 613.9062104168031 328.124977820867 1.0 613.9053230140988 321.87488920785034 1.0 613.9070978195074 334.3750664338837 1.0
0.31103963991043165 -0.9503969393913203 51.98799229167865 273.96942560279535 144.36425254642714 1.0 301.76503123691856 153.4610149718902 1.0 246.17381996867212 135.26749012096408 1.0
-1.0 0.0 406.875 406.87500000000006 243.75 1.0 406.87500000000006 230.625 1.0 406.87500000000006 256.875 1.0
0.9811314556832412 -0.19334183889909656 -393.2934963639497 442.9590409992908 213.65035408241266 1.0 444.94943126439847 223.7507778153327 1.0 440.96865073418314 203.54993034949266 1.0
-0.02007301395207725 -0.9997985167576914 144.8424801821094 485.00269517654624 135.13424160017993 1.0 493.13696450968223 134.97092939369307 1.0 476.86842584341025 135.2975538066668 1.0
-0.11686494447280185 -0.9931478161650303 71.51465750074615 363.7302868529151 29.207472696877815 1.0 378.05404171423163 27.521978564721742 1.0 349.4065319915987 30.892966829033885 1.0
0.11989918660493634 -0.9927860721482119 187.2142202338373 49.35564230046465 194.53528511144816 1.0 59.3606769541335 195.74359730536662 1.0 39.35060764679581 193.3269729175297 1.0
0.0002959895315907314 -0.9999999561950976 169.22294776920032 352.4996441343187 169.32729139111905 1.0 363.12464320346453 169.33043627975445 1.0 341.87464506517284 169.32414650248367 1.0
0.3294306384449202 -0.9441797786723523 49.22681888952105 328.20365269707924 166.64957383299014 1.0 334.55297865565234 168.8648961174483 1.0 321.85432673850613 164.43425154853196 1.0
0.5623893965430792 -0.8268725214057553 -43.29385927270447 307.96936056699406 157.10383427602085 1.0 314.84108808565634 161.777573688547 1.0 301.09763304833183 152.43009486349473 1.0
-0.9998839139716861 -0.015236750987725003 26.31170115657249 20.79075395390401 362.50252584493614 1.0 21.08593173429674 343.13202391743647 1.0 20.495576173511274 381.8730277724359 1.0
