line_hom_a line_hom_b line_hom_c centroid_x centroid_y centroid_z point1_x point1_y point1_z point2_x point2_y point2_z
-0.9998688025496881 -0.016198076671409888 295.91983743135756 291.8072184264828 256.25902705112094 1.0 293.1135089763547 175.62481384309464 1.0 290.50092787661083 336.89324025914726 1.0
-0.9998472471454513 -0.017478054115456616 305.84549960494974 301.41254924598826 256.26376693127804 1.0 302.7781954968327 178.14078851151066 1.0 300.0469029951438 334.38674535104536 1.0
-0.9998122517011138 -0.019376825032722728 323.45626855530674 318.5506046467012 256.25824841539816 1.0 319.9435217938118 184.3860182159773 1.0 317.15768749959057 328.1304786148191 1.0
-0.9998434642098826 -0.01769313643143727 314.81733595931826 310.33194387446713 256.25587404775723 1.0 311.6482518701481 181.87098748630095 1.0 309.01563587878616 330.6407606092135 1.0
0.045377122204371824 0.998969927865924 -108.82737231545173 471.9318977607969 87.50259490328817 1.0 428.18698818822367 89.48965983099265 1.0 515.6768073333702 85.51552997558369 1.0
-0.9998219285364829 -0.01887090929415475 520.6516903396847 515.4240840553879 281.8830042770756 1.0 519.10481408209 86.86990043796406 1.0 511.74335402868576 476.8961081161872 1.0
-0.9998116366643474 -0.019408533962129267 274.80660746065485 269.9689469199335 251.8743971916939 1.0 270.98840931647726 199.35778933274963 1.0 268.9494845233898 304.39100505063817 1.0
-0.9998453424486923 -0.017586676310699958 285.68581262246676 281.22253516556543 256.2605102830357 1.0 282.70656810066055 171.88962678115877 1.0 279.7385022304704 340.63139378491263 1.0
-0.9998526352735979 -0.017167053807843998 403.1970149399371 398.84579133987205 256.88737568745563 1.0 399.9403981288832 193.13470765066668 1.0 397.7511845508609 320.64004372424455 1.0
-0.014603976329497845 -0.9998933562512392 197.46870663133748 408.77219210924113 191.51943156375944 1.0 416.90458575254524 191.4006536125645 1.0 400.6397984659371 191.6382095149544 1.0
0.9999483130004297 0.010167169104244554 -428.9348520987936 426.56135758903986 235.61545617058744 1.0 425.6717116675044 323.11276533166904 1.0 427.4510035105753 148.11814700950583 1.0
0.9998472834888104 0.01747597493836919 -421.7098388512704 417.2737599141535 257.4851214773971 1.0 416.14853407387216 321.8623023605422 1.0 418.3989857544348 193.10794059425209 1.0
0.0015383624476295896 0.9999988167197899 -104.47495697358073 99.37491878324715 104.32220577268988 1.0 79.36919726207512 104.35298185983252 1.0 119.38064030441917 104.29142968554724 1.0
-0.9998791281445774 -0.015547639719257832 425.98018458927015 422.04677176243194 256.27210786734423 1.0 423.06726445315536 190.64353913902787 1.0 421.0262790717086 321.90067659566057 1.0
-0.9998368288500886 -0.018064209780633368 248.04871053479408 243.4591692480693 256.2673294621805 1.0 245.23204244556737 158.1404843211221 1.0 241.6862960505712 354.3941746032389 1.0
0.999840557249647 0.01785665362590265 -354.8880730748979 349.9215074029785 281.25976034961593 1.0 349.1284475888145 325.6652454499028 1.0 350.7145672171424 236.8542752493291 1.0
-0.9998433346201426 -0.01770045806394365 380.37457525745407 375.8974417759281 256.26588761955963 1.0 377.01519559165166 193.12748191502095 1.0 374.7796879602045 319.40429332409826 1.0
-0.008077072890982293 -0.999967379914722 195.06378321539722 386.2556559896975 191.95022956027174 1.0 394.38517392784246 191.88456470932374 1.0 378.12613805155263 192.0158944112197 1.0
-0.9998473951696842 -0.017469584207913783 215.7678397159724 211.3121870102916 256.8979268602224 1.0 213.23412024388767 146.8987468894393 1.0 209.39025377669557 366.89710683100554 1.0
0.9998765799134028 0.015710663279324605 -211.3882588219541 207.36838894095024 257.49793204774056 1.0 205.63014852204978 368.1250808966806 1.0 209.10662935985067 146.87078319880058 1.0
-0.9998234215971756 -0.01879163712177175 261.9841804649417 257.20215873464826 256.89289578143234 1.0 258.96422574436855 163.1407732108598 1.0 255.44009172492792 350.64501835200485 1.0
0.999668650804045 0.025740796406103376 -356.3847648514823 351.14388317791963 208.12226756309678 1.0 350.5974866174988 229.34210488834614 1.0 351.6902797383405 186.9024302378474 1.0
0.9998469424064198 0.017495478288220564 -398.1968829866868 393.7633790540648 256.85336141313957 1.0 392.648021716598 320.5947810637008 1.0 394.8787363915316 193.11194176257834 1.0
0.9998995599024483 0.014172865161645357 -431.83035909879425 429.8544319032604 142.4625009536811 1.0 429.6855183147288 154.37940137627953 1.0 430.02334549179193 130.54560053108264 1.0
-0.9999872658729841 0.0050465921049374415 319.9716698756639 321.70735088817554 343.1195377469959 1.0 321.6695019293681 335.6197287576849 1.0 321.745199846983 350.61934673630685 1.0
0.9681706189885773 -0.2502911355347513 -383.64688399218073 428.8935970796517 126.23417647276622 1.0 430.5255859507531 132.54699962625457 1.0 427.2616082085504 119.92135331927787 1.0
0.005382061800826848 0.9999855166005016 -188.28493614307078 388.74970590881054 186.19535794257013 1.0 353.12237410364537 186.38710922135445 1.0 424.3770377139757 186.00360666378577 1.0
-0.9998608104309162 -0.01668411713071181 196.84959342139007 192.58004211063093 257.5117646426714 1.0 194.50957054253763 141.87724550324467 1.0 190.65051367872422 373.14628378209807 1.0
-0.9998416822771621 -0.017793548863963858 232.74959486357037 228.21478110065055 256.88772050632303 1.0 230.06116317245977 153.13721121118897 1.0 226.36839902884137 360.63822980145716 1.0
0.9998492461539548 0.017363322417335028 -229.0649327892948 224.6491770180732 256.26561505450456 1.0 222.814887286126 361.89132202659323 1.0 226.48346675002037 150.6399080824159 1.0
0.99989129821102 0.014744211131193771 -191.87506770150745 188.08980743785236 258.1152649232562 1.0 186.35714334023348 375.61736378200214 1.0 189.8224715354712 140.61316606451024 1.0
-0.04001031072675429 0.9991992669310504 -304.91908290983537 360.0668160078069 319.5813674698538 1.0 351.9298362899256 319.25554348492466 1.0 368.2037957256881 319.9071914547829 1.0
-0.052277619812158435 0.9986325903287832 -300.380173087497 383.80191979632036 320.8832027285271 1.0 375.6338673426663 320.4556116956355 1.0 391.9699722499745 321.3107937614187 1.0
-0.9994582378278104 0.03291247237945132 352.2909418541761 360.90009385954306 255.6365225186479 1.0 360.69382532997594 249.3727335603569 1.0 361.10636238911013 261.9003114769389 1.0
0.05525526372253875 -0.9984722609221313 313.20100617731805 386.8700447675664 335.089541915069 1.0 423.1128136316201 337.0952098038983 1.0 350.6272759035127 333.0838740262397 1.0
-0.9998604753035555 -0.016704188868313798 175.88900949635175 171.61134962475572 257.5164784695756 1.0 173.66846349308398 134.38407938362977 1.0 169.55423575642746 380.6488775555214 1.0
0.07240863175278801 0.997375049842179 -109.78759631062802 29.361924122621332 107.94488951404568 1.0 8.042791677349337 109.49264149637459 1.0 50.68105656789333 106.3971375317168 1.0
0.07955888704077728 0.9968301678284185 -110.29892090009379 63.123932294179056 105.61162221893402 1.0 56.715225650546095 106.12311312720881 1.0 69.53263893781201 105.10013131065922 1.0
-0.027740171798867955 0.9996151673862144 -315.80174209769973 329.99775112117135 325.08103819266057 1.0 323.1107106161524 324.88991695618057 1.0 336.8847916261903 325.2721594291405 1.0
0.999850837903518 0.017271419849937898 -375.15751699647427 370.7979541638166 255.61719136181898 1.0 369.71809212212577 318.1309265721083 1.0 371.8778162055074 193.10345615152968 1.0
-0.21400153913902453 0.9768333231652822 -75.65200626286833 132.91892905799583 106.56563324916064 1.0 125.23979441205073 104.88331284247853 1.0 140.59806370394094 108.24795365584276 1.0
-0.9998457029102025 -0.017566171239147322 358.0119863254071 353.58702751875626 255.00811730698848 1.0 354.6741523705804 193.13025577271864 1.0 352.49990266693214 316.88597884125835 1.0
0.9998501131399095 0.01731332591128066 -244.4928845224745 240.08148456014024 256.87641098023386 1.0 238.34984943941657 356.8788934752064 1.0 241.8131196808639 156.87392848526133 1.0
0.999879127550596 0.01554767791854912 -170.42129687923742 166.41871206680867 258.7331864511827 1.0 164.46531786929245 384.35696745610613 1.0 168.37210626432486 133.10940544625927 1.0
-0.043656521815519676 0.9990465995652911 -303.94764551164343 406.3267581675002 321.9934471863336 1.0 398.18998422687065 321.6378849440902 1.0 414.4635321081297 322.34900942857695 1.0
-0.02436806034090091 0.9997030547293642 -104.79691088736831 53.1280943896445 106.12305223571917 1.0 50.58390234988027 106.06103679538364 1.0 55.672286429408736 106.1850676760547 1.0
0.999599241149674 0.028308251323518354 -437.91279329848913 425.1855954407472 455.6125562383563 1.0 424.72476901308545 471.88490531877176 1.0 425.646421868409 439.34020715794094 1.0
0.9997720381037563 0.021351155141154154 -430.9843641003755 422.83400315577103 386.243785464556 1.0 421.77889051157143 435.64964251288245 1.0 423.8891157999707 336.8379284162296 1.0
0.9999982480356132 -0.0018718775879667888 -427.448477397981 427.64460333266015 104.37472931978822 1.0 427.6726836372413 119.37584668234547 1.0 427.61652302807903 89.37361195723096 1.0
-0.31635727852260687 0.9486401173921382 -69.5947871316628 43.61415371852946 87.90735346126164 1.0 18.115365817767824 79.40388939937272 1.0 69.11294161929109 96.41081752315054 1.0
-0.010554206452331292 -0.9999443028119924 195.7178858986826 363.1318184581951 191.89600578517718 1.0 370.6375790352742 191.8167840260357 1.0 355.62605788111597 191.97522754431864 1.0
-0.3420062822401864 0.9396976656926663 -55.85317638484697 293.5174029253807 166.26408454147403 1.0 261.7552142131054 154.7041238499794 1.0 325.279591637656 177.82404523296867 1.0
-0.999949716891729 -0.010028144801062386 131.5773950741856 128.9828701120438 259.37106746696276 1.0 129.1207501696719 245.62245021767484 1.0 128.8449900544157 273.1196847162507 1.0
0.9998965706947707 0.014382208204494472 -145.41900091235738 141.7214126326478 258.11380103607627 1.0 139.79760340417613 391.86309897897684 1.0 143.64522186111944 124.36450309317574 1.0
-0.3522911105696176 0.9358904708424087 -52.37522824092763 165.2232581245852 118.15689632787041 1.0 140.7824228975225 108.95679305334866 1.0 189.6640933516479 127.35699960239216 1.0
0.9998185569561436 0.019048705103880022 -258.8771645063493 254.04214880225544 256.2436584650633 1.0 252.22049331462702 351.85776719211276 1.0 255.86380428988386 160.62954973801385 1.0
-0.9998747517024827 -0.01582658863743647 151.75132353361468 147.70400400654665 256.898014805854 1.0 149.7814532461692 125.65121928804545 1.0 145.62655476692413 388.1448103236626 1.0
-0.9999193711449049 -0.01269847271044258 123.32511581079362 120.12821499509177 252.51750263672187 1.0 122.00932695158959 104.39258025549297 1.0 118.24710303859395 400.64242501795076 1.0
0.999851849520951 0.017212757174073407 -270.96992269915387 266.60930347270926 255.6311855198153 1.0 265.03831655206983 346.88641919850005 1.0 268.1802903933486 164.3759518411305 1.0
0.3403503294193457 -0.9402987042765416 66.11081347238793 182.26286539246274 136.28014073274676 1.0 189.14155419303648 138.769949544139 1.0 175.384176591889 133.79033192135452 1.0
0.31844841341840147 -0.9479401922016508 70.95052575789242 133.0665295753091 119.54905163060675 1.0 143.18444834355518 122.94803735286088 1.0 122.94861080706299 116.15006590835264 1.0
-0.1169343116880012 -0.9931396511820748 440.6550008007877 110.48549218784231 430.6901404159873 1.0 126.94879102823457 428.7517176415831 1.0 94.02219334745006 432.62856319039145 1.0
0.08226773453890471 0.9966102647744685 -109.78398974841764 3.7375246425630597 109.84887064961652 1.0 0.479945451705045 110.11777582708187 1.0 6.995103833421075 109.57996547215117 1.0
0.36149610864318077 -0.9323736179428489 60.62388902961443 201.2756637561469 143.05880783749365 1.0 207.00821551219326 145.2814094990235 1.0 195.54311200010056 140.83620617596378 1.0
0.8183149430890022 -0.5747700878762247 -285.61302152605896 396.7879126307833 68.00015769996234 1.0 411.8255991003682 89.40969832692448 1.0 381.7502261611984 46.590617073000196 1.0
0.9997820901969268 0.02087515560335696 -303.2750369339368 298.02990431417305 254.37301443008602 1.0 297.8206535319981 264.39474496724927 1.0 298.239155096348 244.35128389292277 1.0
0.9983716440637926 -0.057044371583530734 -111.49885727864344 126.03718268350696 251.26215983061377 1.0 126.3595685633265 256.90445041816264 1.0 125.7147968036874 245.6198692430649 1.0
0.9998281185063356 0.018540049732425696 -312.00705800220896 307.43649757625496 249.3738224595082 1.0 307.0887165608339 268.1289629968323 1.0 307.78427859167596 230.61868192218412 1.0
0.32118302962704826 -0.9470171389576805 70.39247307706098 159.10638396687267 128.29202188068837 1.0 167.9042649854415 131.27584335930734 1.0 150.30850294830387 125.30820040206936 1.0
0.18251154625787536 -0.9832037100634636 262.52549534754155 329.25800629340176 328.1302540783854 1.0 334.2036077391959 329.0483032657596 1.0 324.31240484760764 327.2122048910112 1.0
0.9989459638340387 0.045901648550825146 -288.9146428877791 277.6468235148182 251.85302775148733 1.0 276.956390814846 266.87873991458355 1.0 278.33725621479044 236.82731558839112 1.0
0.4055564070462785 0.9140700195847763 -420.55389947024173 198.29869176574147 372.1078114675047 1.0 192.20871818828985 374.8098230751056 1.0 204.38866534319305 369.4057998599038 1.0
0.9999211195732314 0.012560041059461218 -281.206658460676 277.3899925128511 305.61576754752264 1.0 276.91883093263453 343.1255505617421 1.0 277.86115409306774 268.1059845333031 1.0
-0.9999065742453074 -0.013669044626947437 273.107563221518 268.68169511847316 325.62406625028984 1.0 268.9554008004103 305.60217604168616 1.0 268.407989436536 345.6459564588936 1.0
-0.9998402828389558 -0.017872011988494006 274.52057912118227 271.29088401240375 183.1369025881002 1.0 271.5589213752259 168.14169372028795 1.0 271.0228466495816 198.13211145591245 1.0
-0.07636297554045982 -0.9970800850315922 76.06287746907908 29.634705444226352 74.01600361896163 1.0 58.40740545862918 71.81240029720517 1.0 0.8620054298235269 76.2196069407181 1.0
0.3821729781991607 0.9240908043771369 -421.7366959968348 232.89278180996894 360.06349851701196 1.0 227.74015639920884 362.19445165435235 1.0 238.04540722072903 357.9325453796716 1.0
0.38014367153237655 0.9249274506651235 -418.4934570677724 178.39659735584672 379.14013613485304 1.0 171.4163315658984 382.009013973601 1.0 185.37686314579508 376.2712582961051 1.0
0.48072855648730667 0.8768694629063271 -432.42576191667126 260.2094020079903 350.49193147438274 1.0 256.5356464434541 352.50600458804 1.0 263.8831575725266 348.47785836072546 1.0
0.42271974720113875 0.9062604566713729 -423.08775984813906 216.14716169524837 366.02952700425146 1.0 210.3301347617181 368.74284428153373 1.0 221.96418862877866 363.31620972696925 1.0
0.40382354383427443 0.9148368955421113 -424.4804550016229 247.17502579977 354.8887913439943 1.0 242.58989047047714 356.9127429430797 1.0 251.76016112906285 352.8648397449089 1.0
0.9998831746698211 0.015285189308605344 -292.6682217356807 288.08766987301703 301.87442933527404 1.0 287.53335444584155 338.13506424809594 1.0 288.6419853001926 265.61379442245214 1.0
0.011025620064283542 0.9999392160037519 -198.0471041412564 543.7520792793559 192.0635746975617 1.0 528.1151975341553 192.2359914948564 1.0 559.3889610245566 191.89115790026705 1.0
0.12749425237021772 -0.9918393093705045 413.91234989202115 46.92641388985487 423.35002654192095 1.0 93.29400006407039 429.31026695349044 1.0 0.5588277156393584 417.38978613035147 1.0
-0.14793613383989207 0.9889969162259838 -112.86173297053205 253.2010336807694 151.9916923008704 1.0 246.63060186584735 151.0088739882842 1.0 259.7714654956915 152.97451061345663 1.0
0.9998236706422203 0.018778381813050648 -282.73785235432115 278.9726060981136 203.12918091952315 1.0 278.3617551257455 235.65292377919582 1.0 279.58345707048164 170.60543805985048 1.0
0.9999268517324685 0.012095089267710182 -318.67685194629934 315.2376569622229 286.25287469245194 1.0 314.8822982720792 315.6311362667434 1.0 315.59301565236666 256.8746131181605 1.0
0.9998956613733523 0.014445288738776013 -319.6958953831352 316.5689522796898 218.75460783854953 1.0 316.32508304977057 235.63511395707144 1.0 316.8128215096091 201.87410172002765 1.0
0.9999558609548503 0.009395538411600362 -528.0640221201513 526.2022173329835 200.6304235070123 1.0 526.1317539052222 208.129761435947 1.0 526.2726807607448 193.1310855780776 1.0
0.47824589383575644 0.8782259760615365 -434.5545146357786 272.7897350110951 346.2593367482808 1.0 269.3724218085963 348.1202655429118 1.0 276.20704821359396 344.3984079536499 1.0
-0.08198308155230415 0.9966337212532937 -291.22744045950043 343.1914634903642 320.4420313987354 1.0 339.4156011468127 320.1314289940201 1.0 346.9673258339157 320.75263380345075 1.0
0.0831723231623425 0.9965351798405205 -142.50325656880443 196.33242012770333 126.61252269577713 1.0 189.40137368814192 127.19099824384223 1.0 203.26346656726474 126.03404714771202 1.0
0.9986248284818526 0.05242568015381652 -328.4686642429161 315.9596521275529 246.89256852513728 1.0 315.4326807041119 256.93052598805593 1.0 316.48662355099384 236.8546110622186 1.0
0.342049553831853 -0.9396819157158608 49.27241339905298 99.21966880255147 88.55172740120173 1.0 140.46477224011002 103.56517928594721 1.0 57.9745653649929 73.53827551645625 1.0
0.999985832256145 0.005323089984693752 -290.2769111135624 289.04007029702416 233.12321711379303 1.0 288.96018965938765 248.1294458526989 1.0 289.11995093466066 218.11698837488714 1.0
0.9998193091800591 0.019009181747498095 -312.3874293608988 308.5461463505241 205.0080070943278 1.0 308.08242958206597 229.39795639638285 1.0 309.00986311898225 180.6180577922728 1.0
0.9997939957636668 0.02029694644327501 -312.84413467147425 306.80559699724796 300.62359104071857 1.0 306.1709331276317 331.88608305861015 1.0 307.4402608668642 269.3610990228269 1.0
-0.6902937241528033 0.7235292491636074 181.9311638473757 408.2083480642093 138.00754714969645 1.0 399.2425738672525 129.45361837973326 1.0 417.1741222611662 146.56147591965967 1.0
-0.3838339381923604 -0.923402137690694 441.3796931300662 233.3793387616103 380.9832878666228 1.0 247.40865708277946 375.1516698948087 1.0 219.3500204404412 386.81490583843686 1.0
-0.9998238042198072 -0.018771268349066485 330.2615845804082 325.60290131714316 251.23785099637257 1.0 326.95250918501046 179.35298698167406 1.0 324.2532934492759 323.1227150110711 1.0
0.3770870029351703 0.9261778404914311 -417.17651962124324 154.71916815965318 387.43523815350545 1.0 146.43981325017748 390.80612114439435 1.0 162.99852306912888 384.06435516261655 1.0
0.3617839556644774 0.9322619639477755 -416.13344283943957 130.01043143026644 395.91635071752125 1.0 120.26531579530204 399.6981487733976 1.0 139.75554706523084 392.1345526616449 1.0
0.9998532056234739 0.017133802977250315 -303.000402778098 297.89335034142346 300.62103037767196 1.0 297.29338830832154 335.63216963530493 1.0 298.49331237452543 265.609891120039 1.0
-0.9999960678556853 0.002804331144443797 216.973583765133 217.694810633604 256.8779591120391 1.0 217.66676251725917 246.8762850546974 1.0 217.7228587499488 266.8796331693808 1.0
0.9998534092540572 0.01712191586939678 -302.92515316006603 299.373436661264 209.99997322872125 1.0 298.8059898890016 243.1366615610643 1.0 299.94088343352644 176.8632848963782 1.0
0.9999981883534924 -0.0019034940853503123 -615.3776854532301 616.1746959521311 418.1227639691521 1.0 616.1984918496483 430.6239083596785 1.0 616.1509000546139 405.6216195786257 1.0
0.9983568819300757 0.05730214919928235 -327.6010427505061 317.01917709167276 193.75827525443822 1.0 316.40723772439276 204.4198976749735 1.0 317.63111645895276 183.09665283390297 1.0
-0.05480124178117284 -0.9984972828702346 148.8707384370237 414.44899885742524 126.34828437592103 1.0 425.9046082744885 125.71955795654553 1.0 402.99338944036197 126.97701079529652 1.0
-0.39448382193018827 -0.9189028861829478 441.7304489778045 178.07831820317926 404.26626033706304 1.0 194.06511107527953 397.4031508100169 1.0 162.091525331079 411.1293698641092 1.0
0.996878768766442 -0.07894757996736024 -266.8375306679151 288.0582310187967 257.4062942973578 1.0 288.69767799510566 265.4806534442484 1.0 287.4187840424877 249.33193515046727 1.0
-0.36630742584912196 -0.9304938848631892 440.7145226490997 203.6391617713985 393.4684488038054 1.0 212.82135998713585 389.8536938368368 1.0 194.45696355566113 397.08320377077405 1.0
-0.35445360202529175 -0.9350736035261055 439.50002366296064 216.01590780148734 388.1324482686313 1.0 218.95544119335304 387.0181742744865 1.0 213.07637440962168 389.24672226277613 1.0
0.9997538390752514 0.022186961357888762 -294.01672680552724 289.74754357923746 195.63326764516785 1.0 289.2755713820266 216.90053396825775 1.0 290.2195157764483 174.36600132207792 1.0
0.14143483576941052 -0.9899475679200792 102.19368045498689 224.50967911574637 135.30733787325124 1.0 234.57216549747224 136.74497573908437 1.0 214.4471927340205 133.8697000074181 1.0
-0.35338721917426463 -0.9354771367191612 441.9310034807619 158.18413247851714 412.65653390583725 1.0 161.6724390434496 411.3387860868663 1.0 154.69582591358466 413.9742817248081 1.0
-0.39325777306773163 -0.9194282592577891 442.18137496248096 269.10473181184926 365.82935538623354 1.0 290.5345014142053 356.66341624272695 1.0 247.67496220949326 374.99529452974014 1.0
-0.3755041710580966 -0.9268207040835739 441.88661472134015 148.0862022964186 416.7792393727643 1.0 152.81621668426644 414.86285994362987 1.0 143.35618790857077 418.6956188018988 1.0
-0.9999913869378125 0.004150427711699676 559.4925409812283 560.3300625455872 200.62881816678993 1.0 560.2989238395774 193.12635336718898 1.0 560.3612012515972 208.13128296639087 1.0
-0.3413404094183151 -0.939939745355061 444.03104469188435 137.69103400185804 422.40104510367405 1.0 143.46274537318016 420.30504019243665 1.0 131.9193226305359 424.49705001491145 1.0
0.027871545949868255 0.9996115130021085 -176.84187579989495 324.4026171303027 167.86548690934927 1.0 301.9200956494595 168.492353069224 1.0 346.8851386111459 167.2386207494745 1.0
0.03301871604816967 0.9994547335375076 -104.98677871549339 389.3438268351557 92.18140888284472 1.0 363.1224455199043 93.04767757414866 1.0 415.56520815040716 91.31514019154078 1.0
0.9999561069883138 0.009369316772088547 -338.4677976276088 335.90589990977844 275.008488035784 1.0 335.6540557087455 301.886984404136 1.0 336.15774411081145 248.12999166743197 1.0
-0.3976432975875319 0.9175400851645193 -41.05299917702556 223.80977078619466 141.73708219128014 1.0 215.60129610288863 138.17969544163384 1.0 232.0182454695007 145.2944689409264 1.0
0.9910878507832273 -0.1332098796256631 -290.54873790731386 335.4306716269804 314.48512407614277 1.0 336.949198561676 325.7830368157465 1.0 333.91214469228487 303.187211336539 1.0
0.3972446880107417 -0.9177127316580329 33.66812161884518 253.12293581070475 146.25476867999487 1.0 260.5786498313434 149.48207793250458 1.0 245.66722179006607 143.02745942748518 1.0
-0.6980516466347676 0.7160474136748832 186.36729399551135 341.9321386177095 73.06638834908694 1.0 322.9304943118741 54.54229505143411 1.0 360.93378292354487 91.59048164673976 1.0
-0.005664797683176061 -0.9999839549048818 212.30078898178158 543.7385228070152 209.22397727614742 1.0 559.3665618435597 209.1354461763307 1.0 528.1104837704706 209.31250837596414 1.0
-0.9999582591657148 -0.009136734989764816 518.8029042252437 518.4476795843344 41.24723766317783 1.0 518.8188961248906 0.619918814173408 1.0 518.0764630437783 81.87455651218225 1.0
-0.09925279308256027 0.9950622508493177 -406.3944093215841 576.223899415219 465.8866722999321 1.0 514.2177169678943 459.7018463847384 1.0 638.2300818625438 472.07149821512576 1.0
-0.9965842037473203 -0.08258283623925407 219.83010110479444 199.88079107238292 249.83474810389623 1.0 200.24085685405595 245.48958527507702 1.0 199.5207252907099 254.17991093271547 1.0
-0.4342130356784511 -0.9008102128899873 448.0853129290494 304.1631617528018 350.8105243489322 1.0 319.51308858651686 343.4114759894266 1.0 288.81323491908665 358.2095727084378 1.0
0.9987324614488832 0.05033359164867249 -330.58015482556715 314.745583625691 322.51867647804306 1.0 314.45964920830096 328.1922629466227 1.0 315.03151804308106 316.8450900094635 1.0
-0.9998134842186506 -0.01931312441222012 638.5533440313666 630.5838355440899 418.73713188287707 1.0 630.8133692433145 406.8544927681939 1.0 630.3543018448652 430.61977099756024 1.0
0.11205359267955432 -0.9937021648198239 406.91337766331293 468.07992326447413 462.27474487746355 1.0 508.1344224472859 466.791440820486 1.0 428.0254240816624 457.7580489344411 1.0
-0.09587574553778105 -0.9953933099120039 92.6658845244058 430.6003947986609 51.619545894641035 1.0 435.67372660036267 51.130885317957336 1.0 425.5270629969591 52.10820647132473 1.0
-0.051338777488442 -0.9986812954721803 66.82364562597697 373.13683372891387 47.73019877566621 1.0 375.72637782274785 47.59707920225216 1.0 370.54728963507995 47.86331834908027 1.0
-0.11361847171601676 -0.9935244551015927 86.46408401267524 355.3025468616913 46.3955883569348 1.0 383.41723534970816 43.18042045404335 1.0 327.18785837367454 49.61075625982625 1.0
0.9997431994982734 0.022661311898381505 -636.1703267316453 626.7994136445077 420.62328667403995 1.0 626.5722168010653 430.64647068904804 1.0 627.02661048795 410.60010265903185 1.0
0.05275169403679773 -0.9986076600829016 398.651597416228 622.5215377798247 432.0922824412195 1.0 629.4103303375036 432.45618459399833 1.0 615.6327452221459 431.7283802884406 1.0
0.9999525260493423 0.009744005723499418 -339.06574839143303 337.0171638726463 211.88247560406236 1.0 336.6759618397603 246.89742164978045 1.0 337.35836590553225 176.86752955834427 1.0
-0.9996862012150046 -0.02504993214189076 347.5378632607934 340.9594453500779 266.8833804631037 1.0 341.27325561774853 254.35992161247813 1.0 340.64563508240724 279.40683931372934 1.0
-0.9996936978568277 -0.024748948772456973 347.2943739505692 341.8924445489546 222.50043186653005 1.0 342.43442761458266 200.6079038228139 1.0 341.3504614833265 244.39295991024622 1.0
-0.349454920272092 0.9369531784980645 -54.973989397871556 239.0221334051223 147.82110050818284 1.0 232.71681829253532 145.46941054060989 1.0 245.32744851770929 150.17279047575582 1.0
0.009361419953381274 0.9999561809481736 -159.06742471595604 292.5066562384424 156.33599756292818 1.0 270.63357327995743 156.54076965109644 1.0 314.3797391969274 156.1312254747599 1.0
0.9999280322064149 0.011997099974861506 -326.6321837165441 324.06858567807933 215.6288223793187 1.0 323.708608624473 245.63200211494078 1.0 324.4285627316856 185.6256426436966 1.0
-0.9989781081119675 -0.04519667590690787 353.0943644836104 339.99707765080836 297.4715909661276 1.0 340.9308599271273 276.8322843563459 1.0 339.06329537448937 318.11089757590935 1.0
-0.9569732229712223 -0.2901762404403076 398.4094586276601 340.5258522562105 249.96993612898422 1.0 341.95125553519244 245.26909374488244 1.0 339.10044897722855 254.67077851308596 1.0
0.0005450856776905008 0.999999851440791 -118.69949926343901 405.62519264223636 118.47841638147897 1.0 386.8751982132063 118.48863673641733 1.0 424.37518707126645 118.4681960265406 1.0
0.04230817928642849 -0.9991046081194239 161.33445932095796 330.0072595892153 175.45356532329015 1.0 335.67502881137887 175.69357322081828 1.0 324.33949036705184 175.21355742576205 1.0
-0.08434972748739697 -0.9964362114419577 73.16190432563889 150.62903033998666 60.672611021715895 1.0 181.9718746593631 58.01939514431067 1.0 119.28618602061022 63.32582689912112 1.0
-0.08493326150552391 -0.9963866423683299 73.67287613284068 99.361814949044 65.47032080343301 1.0 111.87742717174054 64.40347413908455 1.0 86.84620272634749 66.53716746778147 1.0
0.9996157559755527 0.027718953902055306 -330.4882478892808 322.2446055494952 301.86791801178794 1.0 321.586053139075 325.6169876165714 1.0 322.90315795991535 278.11884840700446 1.0
-0.9999980613719657 -0.001969073972849577 613.923867325388 613.1017369369033 418.1249541932191 1.0 613.1214276384587 408.1249929657422 1.0 613.0820462353478 428.12491542069597 1.0
-0.0822170807619782 -0.9966144448235629 72.99784585739405 254.9761761135301 52.21121293571014 1.0 326.92865515780966 46.275394112960306 1.0 183.02369706925055 58.14703175845997 1.0
-0.07408269302883393 -0.9972521018246068 69.99553061501972 450.6591986734029 36.71035986998249 1.0 516.9611724727201 31.784996701337615 1.0 384.35722487408566 41.63572303862737 1.0
-0.3101626513714212 0.950683506585788 -57.061092442733006 207.81616349205217 127.82161872743 1.0 201.43025263891877 125.73820082030484 1.0 214.20207434518554 129.9050366345552 1.0
-0.8229072332303146 0.5681757522960906 290.92551713028877 401.3744092650902 69.28910170559834 1.0 389.94309403476456 52.73275985124077 1.0 412.8057244954159 85.8454435599559 1.0
-0.0916866180865794 -0.9957879111858337 74.20620116032576 71.7405359951552 67.91461643140057 1.0 86.72856498849804 66.53460199785846 1.0 56.75250700181235 69.29463086494269 1.0
-0.439198641110804 0.8983899785986168 -29.6007856258581 203.22323229366083 132.29906379496884 1.0 194.92803101866687 128.24376351946825 1.0 211.51843356865476 136.35436407046944 1.0
0.5970900578679901 -0.802174209754465 116.25386911417915 433.1196201931929 467.31156853551204 1.0 440.1349558689285 472.53336092630764 1.0 426.10428451745724 462.0897761447164 1.0
0.9999826884267512 0.005884118184323705 -515.91266211033 514.3181455298493 272.49966545578684 1.0 514.2482728360377 284.374254309481 1.0 514.388018223661 260.62507660209263 1.0
-0.9999915808593136 0.004103438861578029 321.96269673165466 323.48367600153335 369.9959635116843 1.0 323.41954978524325 354.3686619810269 1.0 323.5478022178235 385.62326504234176 1.0
-0.9995748417421478 -0.02915708758021062 347.5537680976114 342.287190934864 185.61879246826658 1.0 342.6884617737618 171.86226640291147 1.0 341.8859200959662 199.37531853362165 1.0
-0.036253519021836586 0.9993426251083927 -383.0617715382293 623.1143453347776 405.9187000710634 1.0 616.8272727114509 405.69062163108225 1.0 629.4014179581043 406.14677851104466 1.0
-0.27538346874851377 0.9613344606015309 -59.05562940762395 150.98317303478012 104.6814646149578 1.0 141.49183724163 101.96258052113357 1.0 160.47450882793024 107.40034870878205 1.0
-0.23724640262153593 -0.9714495068932508 446.8544655336472 157.27479158859094 421.5778422863568 1.0 171.84900135613123 418.01854371873657 1.0 142.70058182105066 425.13714085397714 1.0
0.999984344435322 0.005595612947598332 -350.4327519552441 348.3957990832449 365.0015153105794 1.0 348.30832986112216 380.63302048469427 1.0 348.48326830536774 349.37001013646454 1.0
0.02752931945749948 0.9996209964632631 -164.52418174111074 333.1191489080429 155.41254017579087 1.0 318.09611825230473 155.82627079129904 1.0 348.14217956378104 154.99880956028272 1.0
-0.12141831764477544 -0.9926014266261723 443.0214434745048 73.26103181730582 437.36206759032314 1.0 93.1921586513235 434.9240256693311 1.0 53.32990498328815 439.8001095113151 1.0
0.05629586946369753 0.9984141300489124 -174.8702456803348 379.3402552520215 153.75879764524217 1.0 369.30168926178834 154.32482509174997 1.0 389.37882124225473 153.1927701987344 1.0
-0.3760298444231909 -0.9266075523667348 433.8737843068566 285.8841039384833 352.22336397559695 1.0 319.1162217735675 338.73732226628647 1.0 252.65198610339908 365.7094056849074 1.0
0.07569667475185395 -0.9971308908220184 321.2656486049248 360.03628597860717 349.5220150648423 1.0 366.91906700390354 350.04451781894977 1.0 353.1535049533108 348.99951231073493 1.0
0.9998359675980044 0.018111816511945027 -397.9597193329671 391.16406060550673 378.7484432260944 1.0 390.69981641364944 404.3763552834665 1.0 391.628304797364 353.1205311687223 1.0
0.4017668820192443 -0.9157419792236973 15.859948367825586 151.04665081508665 83.58849112731784 1.0 190.50438010298734 100.89992734759268 1.0 111.58892152718596 66.27705490704301 1.0
0.9996206084029896 0.027543406761634436 -60.287965607657945 53.71516813236445 239.37404024757942 1.0 52.75104048696996 274.36469597175847 1.0 54.67929577775893 204.38338452340037 1.0
-0.9999732241400056 -0.007317855084801944 376.5481517655098 373.8460101018288 370.62112882492977 1.0 373.9923632846876 350.62219984499063 1.0 373.69965691897005 390.62005780486896 1.0
-0.029531365362636067 0.9995638541182941 -144.27070235047117 356.2541682378585 154.85891543287698 1.0 344.37107539028614 154.50783835553574 1.0 368.13726108543085 155.2099925102182 1.0
0.34288138163470033 -0.939378708577259 70.84219586793431 9.146041912968542 78.75226751475549 1.0 18.07518305712295 82.01148152968237 1.0 0.21690076881413556 75.49305349982862 1.0
-0.9999670009092317 -0.008123859464354245 400.17472357918274 397.2784496087508 358.1282776760828 1.0 397.3190675656727 353.12860766154574 1.0 397.2378316518289 363.1279476906198 1.0
-0.01453747461596728 -0.9998943253323272 164.84575391140478 300.65032720947846 160.49201735191258 1.0 316.9059779257283 160.25567626699345 1.0 284.39467649322864 160.72835843683168 1.0
0.9999093154947889 0.013467025905629256 -373.56037294921924 368.6026097514658 370.623014911688 1.0 368.36684481951073 388.12825722582943 1.0 368.83837468342085 353.1177725975466 1.0
-1.0 0.0 158.125 158.125 256.25 1.0 158.125 246.875 1.0 158.125 265.625 1.0
0.3647991526644784 0.9310862356491361 -429.234964459725 268.7783265186532 355.69729850022736 1.0 220.68911050787364 374.53863089389216 1.0 316.8675425294328 336.8559661065626 1.0
-0.9990682031453224 -0.043159303330530564 412.68167683694435 396.9757145791963 372.47735110232014 1.0 397.2733225100499 365.58820791011783 1.0 396.6781066483427 379.36649429452245 1.0
0.9995415509598758 0.030276854273946673 -425.75087106222963 414.3794383144133 381.8562027266856 1.0 413.50880488544675 410.5987623080992 1.0 415.25007174337975 353.11364314527196 1.0
-0.05934064009066694 0.9982377915274647 -128.69397092474134 413.7267978729454 153.51530991297597 1.0 409.2931585241583 153.2517504694033 1.0 418.1604372217325 153.77886935654865 1.0
-0.40056160083630477 0.9162698314009127 -13.820785141523759 173.82661094251867 91.07475530545494 1.0 149.46295567291233 80.42380465471012 1.0 198.190266212125 101.72570595619975 1.0
-0.9994534039549479 0.03305893711037709 106.71928864261514 115.00555475613412 248.7498162652376 1.0 114.81901681966052 243.1103132481624 1.0 115.19209269260772 254.38931928231275 1.0
0.03836534064465341 -0.9992637793081564 336.1019345181678 383.73243744542833 351.0824343498762 1.0 390.59731813730923 351.3460018799745 1.0 376.86755675354743 350.81886681977795 1.0
0.5565402278383065 -0.8308206634392803 -86.34564058045686 269.6826911777665 76.7236885368145 1.0 300.3586879082381 97.27255902213739 1.0 239.00669444729493 56.17481805149163 1.0
-0.30575723763772084 -0.9521095061137401 425.8431654863807 243.8186297903604 368.9637090075433 1.0 250.5967427563026 366.78700865579265 1.0 237.0405168244182 371.1404093592939 1.0
-0.14037329176191646 -0.9900986511251917 214.84855688585017 401.4388880841717 160.08228931946144 1.0 422.091802596556 157.1541794878945 1.0 380.7859735717874 163.0103991510284 1.0
0.9617622079998102 -0.27388584348835904 -436.0971576851028 470.90590560187195 61.347989486056946 1.0 477.5130499706889 84.54926807640857 1.0 464.2987612330551 38.14671089570533 1.0
-0.5566244282529644 0.8307642540890047 88.99025857363777 270.41495021122626 74.06350017576455 1.0 243.0538667869862 55.73116661370008 1.0 297.7760336354664 92.395833737829 1.0
-0.6879654380614135 0.7257434505615379 179.81090326763803 375.20286352412563 107.91099670005681 1.0 364.61377413241763 97.87311414472519 1.0 385.7919529158336 117.94887925538845 1.0
-0.9670661767668511 0.25452506704359246 443.85427372203236 476.28296034690476 65.78082070391534 1.0 471.34387185794003 47.01478921940845 1.0 481.2220488358695 84.54685218842224 1.0
-0.4655600128906078 0.8850163130684638 28.77449084698184 191.26297735008723 68.10033042742158 1.0 179.38666130336588 61.85283219472313 1.0 203.1392933968086 74.34782866012003 1.0
0.47320477810370687 -0.8809524606809505 -28.204512579308997 188.75150842160974 69.37219181252952 1.0 205.4954323071881 78.36621264849607 1.0 172.00758453603135 60.37817097656296 1.0
-0.2339347647767993 -0.9722522953579609 447.01838850102047 182.41233902604648 415.8856737177524 1.0 191.9850489932488 413.5823727482962 1.0 172.83962905884417 418.1889746872086 1.0
0.0 1.0 -58.125 575.625 58.124999999999986 1.0 565.625 58.124999999999986 1.0 585.625 58.124999999999986 1.0
-0.35982012253475343 0.9330216928984422 -43.34871794437366 181.75725572633277 116.5553135571524 1.0 174.17915969360752 113.63281833133976 1.0 189.33535175905803 119.47780878296506 1.0
-0.9999386175819575 -0.011079759396484272 400.56820482651386 396.2437224318995 392.4999304417862 1.0 396.3615143750666 381.86931035357793 1.0 396.1259304887324 403.1305505299944 1.0
-0.2772674355790453 0.9607927815962294 -88.58472462802334 27.463871790620544 100.12519220914379 1.0 15.669299685894794 96.72149182351394 1.0 39.258443895346296 103.52889259477362 1.0
-0.35859409702377637 -0.9334935851840132 432.08717991143635 221.9217198720408 377.621621357442 1.0 233.18959609030986 373.293156800217 1.0 210.65384365377176 381.95008591466694 1.0
-0.5699670622513568 0.8216675410094754 94.05557997421222 331.1050903313027 115.2089025472396 1.0 311.8775552620333 101.8713163206954 1.0 350.3326254005721 128.5464887737838 1.0
0.6870322422019545 -0.7266269319086341 -176.86221973802412 378.5828542212271 114.55177863854253 1.0 389.1848741920711 124.57608304094909 1.0 367.980834250383 104.52747423613597 1.0
0.012676004272114846 -0.999919656230286 130.51586463107822 243.74377181722872 133.61629696092797 1.0 251.8674662834187 133.71928122083042 1.0 235.6200773510387 133.51331270102554 1.0
0.9994329299963147 0.03367222058287005 -517.1823962736296 515.9179943383492 46.23881428904498 1.0 515.5176548296649 58.121383398879956 1.0 516.3183338470334 34.35624517921 1.0
0.054277450219669864 0.9985258927026637 -114.72960001427009 178.72602067683783 105.18385961904984 1.0 161.8329883295847 106.10212396150524 1.0 195.61905302409096 104.26559527659444 1.0
0.0 -1.0 274.375 626.875 274.375 1.0 638.125 274.375 1.0 615.625 274.375 1.0
-0.0685064874361797 -0.9976506709160058 182.19833918670614 370.60295061234524 157.17889776267447 1.0 376.86633445918545 156.74880490620643 1.0 364.33956676550497 157.60899061914253 1.0
