-0.9996075873572512 0.028011984896033567 145.82887487814287 154.73157755637354 315.650036360581 1.0 154.17057686447103 295.6307285457386 1.0 155.29257824827604 335.6693441754235 1.0
0.9999903555488685 0.004391902691034217 -140.04829688225377 138.65519480417566 317.5023285864452 1.0 138.55909874836786 339.3823964691598 1.0 138.7512908599835 295.62226070373055 1.0
0.03948457095371213 0.9992201802688941 -326.06118288136184 71.28946084326114 323.498619713082 1.0 5.692796437472545 326.0906972163208 1.0 136.88612524904974 320.9065422098432 1.0
-0.023317474292504786 0.9997281107344228 -186.148137051723 91.89908883891304 188.34219991564123 1.0 4.388385155755081 186.30111638348765 1.0 179.409792522071 190.3832834477948 1.0
0.009337027797258916 -0.9999564090058691 225.6097284998918 92.50365737655234 226.4833103528171 1.0 179.3827543823835 227.29453825879222 1.0 5.624560370721197 225.67208244684204 1.0
-0.316424706919826 0.9486176283680914 -111.46713471706246 365.03581676055524 239.26762402805252 1.0 359.2236024706816 237.32887848060543 1.0 370.8480310504288 241.20636957549965 1.0
-0.06147938304322532 -0.9981083535671988 323.19059392824585 50.590318962259474 320.68695867190377 1.0 56.85504767500562 320.3010770641441 1.0 44.32559024951332 321.07284027966335 1.0
0.14007831252235428 0.9901404275964545 -235.92672392149964 380.1062720356048 184.50118151325893 1.0 358.2270730831545 187.59650131152213 1.0 401.9854709880551 181.40586171499572 1.0
-0.014432061423016935 -0.9998958523781776 296.3103252332734 24.380258067240206 295.989294432438 1.0 43.14439093274567 295.7184611077267 1.0 5.6161252017347385 296.2601277571493 1.0
0.010778769271627695 0.9999419073791183 -256.33934527581886 68.13168127658697 255.61981922849873 1.0 5.6187336249538955 256.2936710135413 1.0 130.64462892822004 254.94596744345617 1.0
0.9999663548803115 0.008202993806107985 -597.0798125353593 594.7876196482803 281.8732577866733 1.0 594.6235232362801 301.8770387031603 1.0 594.9517160602803 261.86947687018636 1.0
0.03951106448280933 -0.9992191330150936 156.61228581493185 92.48451174185641 160.3916918988826 1.0 179.3966150012793 163.82836519982087 1.0 5.572408482433531 156.95501859794436 1.0
0.9999017127387779 0.014020159130994574 -446.44629772077815 442.34509551740257 295.62282800102406 1.0 441.4863223202767 356.86955014142796 1.0 443.20386871452837 234.37610586062013 1.0
-0.999883236845372 -0.015281121543321228 8.305180141212464 5.698341043631119 170.63567268054226 1.0 5.908577876534633 156.87933389403744 1.0 5.488104210727607 184.39201146704707 1.0
-0.999992129632816 -0.003967451628579731 313.40659447822725 312.4444677278366 243.12477967666234 1.0 312.48415176978966 233.12245744563455 1.0 312.40478368588356 253.12710190769013 1.0
0.9997628848142646 -0.021775540127856503 -389.9625046562238 395.29613069324773 240.6321630052433 1.0 395.5144271790987 250.65463423478548 1.0 395.07783420739673 230.60969177570115 1.0
-0.04804196635114154 0.9988453180894006 -82.82632154751818 214.3998103360713 93.23416582610426 1.0 205.64001404499052 92.81284149185805 1.0 223.15960662715213 93.65549016035047 1.0
0.9973794193786181 -0.07234841947113166 -380.80711134082924 396.00260601959667 195.6882821616448 1.0 396.6339957348911 204.39248209089504 1.0 395.3712163043022 186.98408223239454 1.0
0.04289060089249913 0.9990797747703035 -129.65749806802262 421.8660348356426 111.66616836321731 1.0 414.3262679481302 111.98985135686927 1.0 429.405801723155 111.34248536956535 1.0
-0.005136541437115795 0.9999868078840164 -243.3605716683676 147.49809214926574 244.12142220870365 1.0 134.3702281439791 244.05398950167958 1.0 160.62595615455237 244.18885491572772 1.0
0.03691774737441103 -0.9993183076121437 81.326900278682 215.00184063687703 89.32517620901334 1.0 223.16188263733233 89.6266320783221 1.0 206.84179863642171 89.02372033970455 1.0
-0.05525447163154732 -0.99847230475598 131.56197990479367 423.13730039927464 108.34727355814988 1.0 430.6833650490576 107.92968179007059 1.0 415.5912357494917 108.76486532622917 1.0
0.9999454557979455 0.010444397016542395 -265.99962884063285 263.51390021666646 239.37253394561836 1.0 263.3832841965828 251.8776977698399 1.0 263.6445162367501 226.86737012139682 1.0
-0.14417281632922543 -0.9895525246452052 241.9815724712656 388.8067019795685 187.88918284641326 1.0 394.4039484581117 187.07369223989923 1.0 383.20945550102533 188.7046734529273 1.0
-0.07980990896647251 0.9968101014891269 -220.485171575691 387.52258934282645 252.21786354091842 1.0 380.6416584139545 251.66693967867278 1.0 394.4035202716984 252.76878740316405 1.0
-0.9991244740954428 -0.0418364107387912 408.7251740444956 398.87655398297284 243.75529920400265 1.0 399.1650214116699 236.86620755151586 1.0 398.5880865542758 250.64439085648945 1.0
0.0203520863666131 -0.9997928748398469 130.43766172576295 154.97721219229382 133.61944728257544 1.0 160.61259969489518 133.73416293623586 1.0 149.34182468969246 133.50473162891504 1.0
0.7935699083392357 0.6084790880370969 -216.791713760729 42.61186702258481 300.7107753591316 1.0 38.577683799454356 305.9721006430141 1.0 46.646050245715266 295.44945007524916 1.0
-0.999994398596687 0.0033470547127740454 610.9541595528415 611.5056621877584 163.74914427987633 1.0 611.4742767238561 154.37215740841646 1.0 611.5370476516608 173.1261311513362 1.0
-0.9999372920942872 -0.01119874453428041 233.79159198797026 231.79728406913952 179.3811292788322 1.0 231.9233404272642 168.12554138604477 1.0 231.67122771101484 190.6367171716196 1.0
0.44156031981551075 -0.8972315665225025 256.9117555647259 28.80458786204073 300.51407981362 1.0 35.824813154779584 303.9689882688064 1.0 21.784362569301877 297.0591713584337 1.0
0.9999999451102398 0.0003313299223204015 -371.9611712657087 371.86614140685896 286.87499706488285 1.0 371.84957491165227 336.87499157590696 1.0 371.88270790206565 236.87500255385874 1.0
0.9999992496987592 0.001224990579076243 -607.1478738297733 606.9477359690644 163.75085472063006 1.0 606.936250753126 173.12660627102454 1.0 606.9592211850028 154.37510317023558 1.0
0.11039858640752633 -0.9938873940840682 106.51768944387996 618.7196027210138 175.89865814528918 1.0 629.3522615414744 177.07970794078852 1.0 608.0869439005531 174.71760834978983 1.0
-0.9986448985272627 0.05204197003835391 -7.051311474672095 5.509897404126056 241.2234279267162 1.0 4.8226939631343395 228.03652877414783 1.0 6.197100845117771 254.41032707928457 1.0
-0.9999999856390884 -0.0001694751394231572 231.60077577511356 231.55999913619888 240.62505253714755 1.0 231.56190574944114 229.37494693830746 1.0 231.5580925229566 251.87515813598768 1.0
-0.02452068653321922 -0.9996993227625693 296.4530892522978 95.62063067025227 294.1968640418647 1.0 129.38097965010638 293.36878812369815 1.0 61.86028169039814 295.02493996003125 1.0
-0.01352356913194429 -0.9999085523576311 232.49028776046538 319.9923411198257 228.18371607650096 1.0 329.3740780127022 228.05682990561124 1.0 310.6106042269492 228.31060224739065 1.0
0.0563968367487042 0.9984084318577944 -211.94492054436193 321.30694999589 194.13320115752606 1.0 314.3130489495074 194.52826382222682 1.0 328.30085104227265 193.73813849282533 1.0
0.03012838569976425 0.999546037146427 -324.38186378759315 167.50317383168513 319.4802957471753 1.0 156.85017496703463 319.801399174857 1.0 178.15617269633563 319.1591923194937 1.0
-0.9960530684619788 0.08875970261034366 359.3171657101021 382.45727041428506 243.69811305697743 1.0 382.07047940241904 239.35758055301014 1.0 382.8440614261511 248.0386455609447 1.0
-0.9997705494203788 -0.021420749559104564 422.44691329386217 416.57246153660907 278.70334478885513 1.0 416.7735217658886 269.3192615970547 1.0 416.37140130732956 288.0874279806555 1.0
0.023440023029225727 -0.9997252449150164 219.12448922153075 388.10660767009927 228.28443935364797 1.0 394.3678196925791 228.4312426425959 1.0 381.8453956476195 228.13763606470005 1.0
-0.12923474736977184 -0.991614027771023 228.99851511747605 375.7186526223318 181.96859353565378 1.0 394.39578035187554 179.53444696640221 1.0 357.041524892788 184.40274010490532 1.0
0.9983579191313334 -0.05728407551627112 -395.56274641936625 412.0992380630455 276.8621336021972 1.0 412.5322649729186 284.4090101254288 1.0 411.6662111531724 269.3152570789656 1.0
0.2275747790772305 -0.9737606070939355 296.18526963187793 41.37590838328374 313.83625566180166 1.0 48.44885859537218 315.4892544278372 1.0 34.3029581711953 312.18325689576614 1.0
-0.027570344869863508 -0.9996198657908699 298.8694911484891 287.47736388310204 291.05428077278805 1.0 310.6192358480872 290.41600875274963 1.0 264.3354919181169 291.69255279282646 1.0
-0.03203965544685855 -0.9994865984488469 297.4577944982754 172.5065938575763 292.0806973518498 1.0 179.37453639836838 291.86053780896316 1.0 165.6386513167842 292.3008568947364 1.0
-0.9948840583451264 -0.10102331637167357 89.0965706110029 59.02558059492588 300.6529832261795 1.0 59.660124707578426 294.4039523621345 1.0 58.39103648227333 306.90201409022455 1.0
0.04065097188681935 0.9991734076148429 -212.9970134673225 389.3681622335557 197.33193232335074 1.0 384.3510388848181 197.53605198731287 1.0 394.3852855822934 197.1278126593886 1.0
-0.021089430873854943 -0.9997775932203207 295.5590123622602 247.49533955615325 290.40406433984515 1.0 261.8903019978454 290.1004152408811 1.0 233.10037711446108 290.7077134388092 1.0
-0.10113896486485893 -0.9948723082818542 244.20708958779474 456.3464219234292 199.07347224963394 1.0 468.22572692142916 197.86581916610749 1.0 444.46711692542925 200.2811253331604 1.0
0.9996609570104235 0.02603787681444458 -409.5742904426126 403.4459180729899 240.6170796669096 1.0 403.18520385254834 250.62656811215382 1.0 403.70663229343154 230.60759122166536 1.0
1.0 0.0 -443.125 443.1250000000001 216.25 1.0 443.1250000000001 229.375 1.0 443.1250000000001 203.125 1.0
0.04662377003589583 0.9989125207282366 -327.47777516861123 278.7126839623907 314.8255052966939 1.0 233.07042982017364 316.95583594816605 1.0 324.3549381046078 312.6951746452218 1.0
0.006396294016621799 -0.9999795435021923 226.14037832537116 246.24859205044612 227.7201150773397 1.0 261.87695039340997 227.82008069724492 1.0 230.62023370748227 227.6201494574345 1.0
0.9998914062862323 0.014736880095217878 -184.53822717538222 180.0538092207817 305.6257930661567 1.0 179.8879015886797 316.88255939011526 1.0 180.21971685288366 294.36902674219806 1.0
-0.02435853058595748 0.9997032869745368 -186.33082025479038 247.51724926743947 192.41706939243355 1.0 231.90152017388175 192.03658028161087 1.0 263.1329783609972 192.79755850325623 1.0
0.9984816415205935 0.0550854930661508 -455.22684405918983 446.08875449665044 178.18506577966184 1.0 445.8806010386565 181.95806289482599 1.0 446.2969079546444 174.4120686644977 1.0
0.9999844097295794 -0.005583932107819903 -593.7405750308226 595.1178932821322 244.99585166967563 1.0 595.2051798364546 260.62734428383874 1.0 595.0306067278099 229.3643590555125 1.0
-0.003003486190630914 0.9999954895251791 -254.43263440561452 170.6289157649478 254.94626592655004 1.0 161.877117527677 254.91997990283878 1.0 179.38071400221864 254.97255195026133 1.0
0.08532091656101734 0.9963535221984152 -233.5020672745348 448.7758222207712 195.92654458781513 1.0 425.6066398412543 197.9105952611424 1.0 471.9450046002881 193.94249391448787 1.0
0.9997717977088381 0.02136240871339734 -483.40742315027126 478.36308221073796 241.24173261741166 1.0 478.1625701113956 250.6258027712693 1.0 478.56359431008036 231.85766246355402 1.0
-0.9998107463929752 0.019454341343817797 150.0083936242862 155.54539849877358 283.1022263581027 1.0 155.42430496589782 276.87890512875913 1.0 155.66649203164934 289.32554758744624 1.0
-0.0007698379101111564 0.9999997036747521 -296.350589243721 147.49935393051916 296.4642276879291 1.0 141.87339496707523 296.4598966101549 1.0 153.1253128939631 296.4685587657033 1.0
-1.0 0.0 183.125 183.125 258.75 1.0 183.125 228.125 1.0 183.125 289.375 1.0
-0.9999970394287285 0.002433337990905835 312.05266042982925 312.49614896684886 181.875009370893 1.0 312.4718119582719 171.87354775048902 1.0 312.52048597542586 191.876470991297 1.0
0.9995376195315083 0.030406366788644754 -602.3666855358186 591.9957602994687 350.0797246620573 1.0 590.4939844337899 399.4470655313045 1.0 593.4975361651474 300.71238379281016 1.0
-0.9904065371432574 0.13818426532677744 9.425352064415744 51.61579895310885 301.7367609837099 1.0 50.93150595455896 296.83223543962947 1.0 52.30009195165874 306.64128652779044 1.0
-0.04143418645471454 -0.9991412353580628 322.41486752169885 31.25604638045742 321.3958020189747 1.0 41.88867959515656 320.95486885404074 1.0 20.623413165758276 321.8367351839086 1.0
-0.9999574527166877 -0.009224573505228031 233.96850852905112 231.176386518291 303.7493209181339 1.0 231.28597685093186 291.86956628147516 1.0 231.06679618565013 315.6290755547926 1.0
0.9999982592312755 -0.0018658870326998167 -423.9030084319711 424.30024611931395 212.49897330111392 1.0 424.3270703746769 226.87508943142205 1.0 424.273421863951 198.1228571708058 1.0
0.9999872595217215 0.00504785045707568 -358.5471437598717 357.0531076444074 296.8758990722088 1.0 356.8448864659243 338.12484798944655 1.0 357.2613288228906 255.62695015497113 1.0
0.002998252407561145 0.9999955052311489 -254.66965864052224 247.49678808413762 253.92874215078575 1.0 233.12004340911975 253.9718474538689 1.0 261.8735327591555 253.8856368477026 1.0
0.9999878343446049 0.004932662849528147 -132.75135674877617 131.39955230228367 274.3757377000601 1.0 131.313216545599 291.87839478148663 1.0 131.4858880589683 256.8730806186336 1.0
0.9999970413932987 -0.002432530503207654 -179.5746844942708 180.16206454788943 241.24960577187738 1.0 180.19095446040473 253.1260558321386 1.0 180.13317463537413 229.37315571161614 1.0
0.016226136524006497 0.9998683475805723 -150.01173216016034 309.98987167351174 145.00088389851152 1.0 304.36635266573575 145.09214390027708 1.0 315.6133906812877 144.90962389674598 1.0
-0.45175513292674957 0.8921419729361101 -260.17729611395856 22.791986362074205 303.1733750318592 1.0 11.07342627596676 297.2394319712196 1.0 34.51054644818165 309.1073180924988 1.0
-0.9988191695394789 -0.04858257465867353 435.14837034948965 423.92799069541866 241.2586574692521 1.0 424.3843896764689 231.87545671395984 1.0 423.47159171436834 250.64185822454442 1.0
-0.9999956107966398 0.002962834361805602 132.99500774536335 133.8029779054055 272.5035465937604 1.0 133.75667833520515 256.87683199271606 1.0 133.84927747560582 288.13026119480475 1.0
0.9998541566189552 -0.01707821687993002 -592.1060127138293 595.3844075510356 186.8791094893649 1.0 595.6832327583987 204.37400534325846 1.0 595.0855823436724 169.38421363547138 1.0
-0.9948407362705077 -0.10144904857490826 61.80756360278953 37.084766843792195 245.58265653023824 1.0 37.97429869126196 236.85963220912345 1.0 36.19523499632244 254.305680851353 1.0
-0.999974684756265 -0.007115465312143659 358.0148304989896 356.307241598894 241.2504073109225 1.0 356.3828731476112 230.6214981998037 1.0 356.2316100501768 251.87931642204128 1.0
-0.059097960798305864 -0.9982521880915073 226.37430206608303 434.40036957902123 201.05352980757488 1.0 441.9479186475907 200.60670408127183 1.0 426.8528205104518 201.50035553387795 1.0
-0.9996802759832708 0.02528528841068664 -1.1269833484828595 6.729504000145049 310.62868008493047 1.0 6.411940584411123 298.0734788973138 1.0 7.047067415878976 323.18388127254707 1.0
0.9999285181099121 0.011956532545648147 -184.24744730064964 180.96481514178743 275.62906330125475 1.0 180.75559077906064 293.1265615245207 1.0 181.17403950451424 258.13156507798874 1.0
0.9999232916083151 0.012385915355454547 -598.5751956874103 595.9424065779752 216.25393167260034 1.0 595.8108163221748 226.8773016817964 1.0 596.0739968337757 205.63056166340425 1.0
0.2513312750893844 0.9679011262323979 -312.33693094286735 469.29163068676974 200.83587232742934 1.0 461.2237462212981 202.93082979263426 1.0 477.35951515224133 198.7409148622244 1.0
-0.11130845390948808 -0.9937859065655336 203.91704276022855 323.8391219259088 168.92069979478958 1.0 333.3745116211785 167.85269362022734 1.0 314.303732230639 169.98870596935186 1.0
-0.924633074052353 -0.38085913192215315 230.67573902682778 184.75160211883681 157.14024479744748 1.0 187.0951079081148 151.45078436344505 1.0 182.40809632955882 162.8297052314499 1.0
-0.9998981987060512 0.014268574714878683 178.2355597464382 182.75763114711313 315.62132359646586 1.0 182.4545820464488 294.38456688258145 1.0 183.06068024777747 336.85808031035026 1.0
0.47403861422502347 -0.8805040557678422 245.4305358521375 69.18165286911695 315.98413304909116 1.0 78.05238216315212 320.75988415911047 1.0 60.310923575081766 311.2083819390719 1.0
0.9999864544183371 0.005204899599707559 -426.5485140234983 424.9569840495453 306.88128231589394 1.0 424.6837135901264 359.3831130576374 1.0 425.23025450896426 254.3794515741505 1.0
0.009444116983587474 -0.9999554033327688 224.43836668290052 467.4989262713266 228.8636877900338 1.0 479.37876943397725 228.97588742233822 1.0 455.6190831086759 228.7514881577294 1.0
0.07335533909456925 0.9973058679393805 -268.86373314257315 457.4772711567236 235.94098897161666 1.0 446.772273636587 236.72837902750658 1.0 468.1822686768602 235.15359891572672 1.0
0.9999252320624924 0.012228257634290585 -193.4243501937542 191.30634292386398 174.375689027306 1.0 190.97018443809304 201.8639348548794 1.0 191.64250140963492 146.88744319973262 1.0
-0.04063806612168329 0.9991739325972679 -220.6791237470148 414.99024230471605 237.73991384680397 1.0 408.1012182298781 237.4597257767055 1.0 421.879266379554 238.02010191690246 1.0
0.9908025298973343 0.13531572986553322 -220.62544156283425 189.8372247996865 240.43205468385696 1.0 188.4850691581116 250.3327456960451 1.0 191.1893804412614 230.53136367166886 1.0
-0.9959078033195979 0.09037503685826725 371.25280328847504 398.8208657356789 286.9820021765505 1.0 397.7929928471506 275.65512845021993 1.0 399.84873862420733 298.30887590288114 1.0
-0.9999085772214205 -0.013521730622768492 602.1936074965042 597.9720564202971 316.2479317490295 1.0 599.1130766842076 231.8714580196623 1.0 596.8310361563865 400.6244054783967 1.0
0.9999027776931019 0.01394400091864967 -399.6554401910788 395.63283427074066 291.2413934037511 1.0 395.18829093139817 323.11890993625616 1.0 396.07737761008315 259.363876871246 1.0
-0.9999934956649474 0.003606747537394915 589.493122223508 590.3603307596709 239.3759546013398 1.0 590.3242635188919 229.3760846876178 1.0 590.39639800045 249.37582451506182 1.0
0.4545710899842747 -0.8907104603351801 262.3212979453692 21.360211139153634 305.40904650746046 1.0 33.311992143534404 311.5085977761974 1.0 9.40843013477286 299.3094952387235 1.0
-0.1521684435588813 0.9883545744240109 -201.05062593057295 323.0244890585027 253.15283212790456 1.0 315.4161601152267 251.98144323231818 1.0 330.63281800177873 254.32422102349096 1.0
0.38106629052346386 0.9245477176580379 -220.88688874301775 335.6093385171769 100.58700191788331 1.0 310.7164867697109 110.84696632511353 1.0 360.50219026464293 90.3270375106531 1.0
0.1624061382840027 -0.9867239969959569 159.14129876502653 432.9132982224587 232.5362273945663 1.0 441.7329791906964 233.98786972951427 1.0 424.09361725422104 231.08458505961835 1.0
0.030326434255169555 -0.9995400479147232 227.2173477819225 415.0026321374236 239.91324641913616 1.0 421.8902545541657 240.1222195651662 1.0 408.11500972068137 239.7042732731061 1.0
0.9996436272761094 0.026694914239661707 -185.28387000072607 180.61034331685198 177.48291833226006 1.0 180.2930087946313 189.36613436377343 1.0 180.9276778390727 165.5997023007467 1.0
-0.5413642528363043 -0.8407881693690687 318.3096313966934 334.16489470386296 163.4236872699143 1.0 340.574554748387 159.2966539131743 1.0 327.75523465933884 167.55072062665428 1.0
0.999999976453164 0.00021701076312645386 -264.1464415032474 264.1067075798952 183.1252130411161 1.0 264.1050799992101 190.62521268791357 1.0 264.10833516058034 175.62521339431862 1.0
-0.9998635055319544 -0.01652181301647574 409.5832284521533 404.4133947948162 316.25063443821807 1.0 404.89899802043453 286.86300349358726 1.0 403.92779156919784 345.63826538284883 1.0
-0.4481410079807388 0.8939628834386847 -248.8419958100353 70.36963732327092 313.63440385000683 1.0 60.37483381520296 308.6240377580211 1.0 80.3644408313389 318.6447699419926 1.0
0.07766348962031351 -0.9969796298721432 147.6558067494602 248.7515135224782 167.48057065053965 1.0 263.28177438524136 168.6124601394356 1.0 234.22125265971505 166.3486811616437 1.0
0.020818836056011456 -0.9997832645455078 163.79921499783637 286.83996070725397 169.80769246151533 1.0 310.60568479364935 170.30257443349151 1.0 263.0742366208586 169.31281048953915 1.0
0.9999999811082376 0.00019437984515855903 -5.43144867691373 5.391357920915146 206.25007607209346 1.0 5.388077737475361 223.12519692189744 1.0 5.394638104354931 189.37495522228951 1.0
0.06527242049541428 -0.9978674817442795 209.10376498832127 364.3987670362684 233.3866558425492 1.0 370.58143071461814 233.7910756986703 1.0 358.21610335791866 232.98223598642807 1.0
0.99999341108982 -0.0036301207894504817 -4.967986191351943 6.202260518842108 339.99790446078225 1.0 6.2499055402728105 353.1227315024598 1.0 6.154615497411406 326.87307741910473 1.0
-0.6445568327203627 0.7645564004005815 16.466254648840845 335.1231829197983 260.98752505448135 1.0 327.04308386025997 254.17562333584544 1.0 343.2032819793366 267.79942677311726 1.0
0.9999519932511998 -0.009798530142458921 -594.2680370748208 595.6133091437348 134.37511455870708 1.0 595.9441136741833 168.13412175562854 1.0 595.2825046132863 100.61610736178565 1.0
-0.0840960615435205 0.9964576521021193 -151.6516739201809 278.6900090689137 175.71083498133558 1.0 260.53607018599917 174.17873298148217 1.0 296.8439479518282 177.242936981189 1.0
-0.13144637215353538 0.9913232829141432 -187.2479998384407 470.61974557573006 251.2896270587902 1.0 464.2334105382376 250.4428189725646 1.0 477.00608061322254 252.13643514501578 1.0
0.1726696722591269 -0.9849797887682396 279.3663341946066 444.43425008816905 361.53701279839277 1.0 453.1359656222715 363.0624475194895 1.0 435.7325345540666 360.011578077296 1.0
0.05373041655358865 0.9985554778463627 -260.39826231300833 433.8136147978621 237.43225223163694 1.0 426.924929630685 237.8029195923901 1.0 440.7022999650391 237.06158487088373 1.0
0.272856391782267 -0.9620547746690736 226.35580724014912 463.3522091563692 366.6988912104798 1.0 473.4280242838583 369.5565773135373 1.0 453.2763940288801 363.8412051074224 1.0
0.1301154151231463 -0.9914988546374278 172.04959541354458 451.91373169828944 232.82985868676056 1.0 456.99034319835766 233.49606763865276 1.0 446.83712019822116 232.16364973486836 1.0
0.9980742437274464 0.062030669897125086 -204.50225440348572 191.06427056294612 222.56614479472466 1.0 190.55883707213417 230.6985758958765 1.0 191.56970405375807 214.43371369357283 1.0
-0.8410712359967346 0.5409243717738415 104.85436690312963 330.5164921124489 320.06978548117456 1.0 325.9256742141577 312.9316251662867 1.0 335.10731001074 327.20794579606235 1.0
0.9999208293194701 -0.01258312731648636 -369.29613912193145 371.99948541713127 212.49843346012312 1.0 372.24326420722736 231.87036571769505 1.0 371.7557066270352 193.12650120255122 1.0
-0.999829061942818 0.018489102048086382 179.88678317633298 183.41940957400618 189.3695557007043 1.0 183.0959055967604 171.87553802135884 1.0 183.742913551252 206.86357338004976 1.0
0.9999894581863005 -0.004591679025038021 -590.3533730288916 590.9794722191687 134.998372360188 1.0 591.1487885982964 171.87259490552557 1.0 590.8101558400409 98.12414981485043 1.0
-0.999997240390427 -0.002349300221438188 445.673548237997 445.16380301406093 217.50038482351914 1.0 445.1917043267103 205.62398205556966 1.0 445.13590170141157 229.37678759146866 1.0
0.9980326171934802 -0.06269685014362467 -1.943510836158957 28.526656424954886 423.09976776585177 1.0 29.47017256530674 438.11902121738103 1.0 27.583140284603036 408.08051431432244 1.0
-0.004660080812750443 -0.9999891417644586 253.6744121056976 288.124228607624 252.3344698233832 1.0 310.62665250856026 252.22960557088132 1.0 265.6218047066878 252.43933407588509 1.0
0.999387520591479 0.03499405215198986 -406.36673394039354 394.84201009551873 336.2444679047486 1.0 394.55709220121304 344.3813760491845 1.0 395.1269279898245 328.10755976031277 1.0
0.03191938969318672 0.9994904464584013 -297.3714911753777 288.1312731857788 288.3214319905561 1.0 265.61431834682355 289.0405258635944 1.0 310.648228024734 287.6023381175179 1.0
-0.9980719960486533 -0.062066824499543594 420.30740817789354 404.72107595459175 263.69378792781544 1.0 406.15841937948136 240.58043820106207 1.0 403.28373252970215 286.8071376545688 1.0
-0.36778577446641514 -0.9299105462893402 220.42782556488194 340.8910061231883 102.2173189115054 1.0 367.5508009753946 91.6731936341224 1.0 314.2312112709819 112.7614441888884 1.0
-0.430958227599165 0.9023718779220606 -279.59194182578295 14.706427442707007 316.8647037064512 1.0 7.893022447436036 313.6107315775338 1.0 21.51983243797798 320.11867583536866 1.0
-0.9999840641517767 0.005645479828622544 598.0064260970612 598.8345808334154 145.0030509741238 1.0 598.569953183582 98.1295449479908 1.0 599.0992084832488 191.8765570002568 1.0
-0.9994457238210039 0.03329031594787746 387.0467443966714 398.44099568177074 335.63529255630186 1.0 398.1907640491701 328.12280947987193 1.0 398.69122731437136 343.1477756327318 1.0
-0.9997678888940272 -0.021544566284335976 485.0217503673161 478.17171000992914 323.0990696203205 1.0 479.3031174117891 270.59651400104144 1.0 477.0403026080692 375.60162523959957 1.0
-0.999855656773859 -0.016990162368710073 317.1639275357449 312.09062703702836 301.25366406725345 1.0 312.25024764986745 291.8601356699735 1.0 311.93100642418926 310.6471924645335 1.0
-0.15168676694510547 -0.988428613878484 273.84058780789843 336.73986746267906 225.36944285421896 1.0 345.38224701709635 224.04316132521902 1.0 328.0974879082618 226.69572438321887 1.0
0.9995772328688748 -0.02907499836979285 -133.87294168668186 141.74635342516967 268.73556242123857 1.0 141.98407295641996 276.90818648208597 1.0 141.50863389391935 260.56293836039123 1.0
0.061830605286058285 -0.9980866576855737 260.0888297937797 388.1091750630675 284.6304504898987 1.0 393.16720032203307 284.94379078044943 1.0 383.05114980410184 284.31711019934795 1.0
-0.054157555983290584 -0.9985324026439587 333.2081951591724 146.88077809744084 325.7315339344725 1.0 153.1124465920028 325.39354596886426 1.0 140.64910960287884 326.06952190008076 1.0
0.0020162826732475184 0.9999979673000248 -254.96750582318904 286.24877180811825 254.39086448465787 1.0 263.1226056462873 254.43749346757133 1.0 309.37493796994914 254.34423550174438 1.0
0.9999409435889253 0.010867811853807304 -358.766506721645 356.4713300950146 213.12740551589133 1.0 356.3218326886327 226.882573493817 1.0 356.6208275013965 199.37223753796565 1.0
-0.9986582881224099 -0.051784394989397804 414.0517770039525 398.4063012117337 312.44976912395964 1.0 399.08841150386604 299.29532178917816 1.0 397.72419091960137 325.6042164587411 1.0
0.10798922969743144 -0.9941520639566943 297.93767033134424 371.3823645552453 340.0314479632775 1.0 383.32017789642293 341.32818647413944 1.0 359.44455121406776 338.73470945241564 1.0
0.9999549677812614 0.009490121683966003 -8.020956668895373 5.399517722813752 276.2537916425505 1.0 5.227460724208277 294.3830903203286 1.0 5.5715747214192275 258.12449296477234 1.0
-0.9999976237551028 0.0021800192998875714 590.5751278395956 590.9825590541916 186.24922051250874 1.0 590.96212142182 176.87426506704762 1.0 591.002996686563 195.62417595796987 1.0
-0.9999864885365016 0.005198340546481184 478.27719666180786 479.4890711714354 231.88090502467298 1.0 479.2941360348369 194.38191837758936 1.0 479.6840063080339 269.3798916717566 1.0
-0.9971586053256513 0.07533070970727704 -22.65178729897015 5.569843963050658 374.4263826353214 1.0 4.707047990011157 363.0054836088843 1.0 6.432639936090161 385.84728166175853 1.0
0.999989340419382 0.004617255419563873 -181.96115083369156 180.99633440865819 209.37671456408737 1.0 180.92130480788288 225.62636812956373 1.0 181.0713640094335 193.12706099861103 1.0
-0.9994331542108522 0.0336655649610586 396.85059134708087 404.2562680026409 213.17110527054984 1.0 403.6674545715378 195.69093925017242 1.0 404.84508143374404 230.65127129092724 1.0
0.9993398120753318 -0.036330978534034074 -0.23745635015023922 5.578138844510435 146.89942549863719 1.0 5.805882514890676 153.1638677444174 1.0 5.350395174130194 140.63498325285698 1.0
0.9996276302097072 0.027287376592934107 -332.21201108555243 324.1462052374601 300.01081542886163 1.0 323.85591944615305 310.64495230382147 1.0 324.4364910287672 289.3766785539018 1.0
-0.01664798204404896 0.9998614127437166 -223.42705837712498 285.6235224338867 228.21374116619683 1.0 265.6082584464521 227.88048122514627 1.0 305.63878642132136 228.5470011072474 1.0
-0.33906853409381627 0.9407616750205497 -194.95888228931798 339.0095791206913 329.42069341713227 1.0 331.57437844658307 326.7409046244945 1.0 346.4447797947995 332.10048220977006 1.0
-0.9999693257471924 -0.007832468621411615 446.9387131899682 444.57815912165296 303.1216958432045 1.0 444.9893894531111 250.62002144762266 1.0 444.16692879019485 355.62337023878644 1.0
-0.9987319470362097 0.050343797723868204 9.061898001349364 30.559858610773517 426.2532836287378 1.0 29.896766024836268 413.09869896568193 1.0 31.222951196710767 439.4078682917937 1.0
-0.9984024147438962 0.056503258610072 6.591427529095493 32.52885822341381 458.12336680717465 1.0 31.610151752163425 441.88998873482166 1.0 33.4475646946642 474.3567448795276 1.0
-0.999980026312575 0.0063203620071933505 452.16142420077483 454.00336221549327 289.99444832193717 1.0 453.9441100051846 280.6198228248362 1.0 454.06261442580194 299.3690738190381 1.0
-0.9999774350804814 0.006717836695065092 392.5297311069383 394.34404945728426 268.7502079253834 1.0 394.25587984024673 255.62580024783784 1.0 394.4322190743218 281.874615602929 1.0
-1.0 0.0 374.375 374.37500000000006 265.0 1.0 374.37500000000006 246.875 1.0 374.37500000000006 283.125 1.0
-0.0408755720775629 -0.9991642445600882 365.8736822686055 16.894986426746016 365.4885490762855 1.0 23.211121493221544 365.2301574899502 1.0 10.578851360270484 365.7469406626207 1.0
-0.3466265494432294 -0.9380032170632894 337.3472713669442 14.277244853113858 354.3680801955346 1.0 24.904639809371957 350.4408684586802 1.0 3.649849896855759 358.295291932389 1.0
0.05266758028020849 0.998612099860315 -340.6345063512516 280.6280267561042 326.30738929437996 1.0 233.09542801251956 328.8142955902328 1.0 328.1606254996888 323.80048299852706 1.0
0.9985403390869515 -0.054011028652634685 -170.82723719218217 188.02149419141807 313.2658235815021 1.0 188.96530753155972 330.7147727352201 1.0 187.07768085127643 295.81687442778417 1.0
-0.9997436854703601 -0.022639862237695863 198.80194375437873 192.73846036063117 270.00540009383633 1.0 193.26219333432377 246.87810683451582 1.0 192.21472738693853 293.1326933531568 1.0
-0.26791788584989445 0.963441750414483 -226.99610112050956 533.675920444325 384.0163925798123 1.0 480.3310564003809 369.1820310945902 1.0 587.0207844882692 398.8507540650344 1.0
0.12724855704506383 0.9918708609138335 -472.70302354168086 618.7906216770989 397.1916358721188 1.0 599.4138101208903 399.6775152419291 1.0 638.1674332333074 394.70575650230853 1.0
-0.8048388461644806 0.5934934133624631 -49.954961302610116 186.39028495087962 336.93567388694396 1.0 184.45728392994616 334.31432329349985 1.0 188.3232859718131 339.55702448038807 1.0
-0.9706276755111531 0.240586607133098 -37.66134760787163 72.43340122508098 448.7665076410875 1.0 67.65571747184045 429.4913196703383 1.0 77.21108497832151 468.04169561183676 1.0
0.08654109489910553 -0.9962482817519255 326.70393651199134 162.59267056205988 342.0581901990749 1.0 175.6193726975392 343.1897806734358 1.0 149.56596842658053 340.926599724714 1.0
-0.9994928932640396 -0.03184268070811717 183.10092969194972 175.46758606267815 242.51489674793862 1.0 175.7665935329083 233.12951100521985 1.0 175.16857859244797 251.90028249065742 1.0
0.05639006989156035 -0.9984088140724847 256.4063909438544 464.37962205913755 283.04316458835723 1.0 473.17217388779915 283.5397673878868 1.0 455.587070230476 282.54656178882766 1.0
0.04389099052735432 0.9990363261416112 -339.01325166561134 70.00065475103086 336.2649032878174 1.0 9.355416737382738 338.9292504166813 1.0 130.645892764679 333.60055615895345 1.0
-0.2262925584467858 -0.9740593811424476 229.99146095566962 546.3518753721257 109.18851491453188 1.0 589.6105043732907 99.13871094868684 1.0 503.09324637096086 119.23831888037692 1.0
0.6062603683656339 -0.795266223191433 39.04261397523997 319.5510801193156 292.699177623668 1.0 323.82472419890814 295.9571319519178 1.0 315.27743603972306 289.44122329541824 1.0
0.9998415122068873 0.017803102758920154 -594.2176745130647 590.5172103018793 213.1119520017552 1.0 590.2945086930313 225.61911529664744 1.0 590.7399119107274 200.604788706863 1.0
0.9992493538894945 -0.0387392404601275 -12.655306951469468 30.643604276269375 463.7492787430592 1.0 31.056775647833152 474.4067212013253 1.0 30.230432904705598 453.0918362847932 1.0
0.9717804034524724 -0.23588736181862285 37.41659084932286 74.7998173921244 466.7718809686562 1.0 76.94469327261636 475.60808284242444 1.0 72.65494151163242 457.9356790948879 1.0
0.025580741464679892 0.9996727592898172 -336.6306298601061 168.12343126710488 332.43869530545135 1.0 158.1139922789408 332.6948279934568 1.0 178.13287025526898 332.1825626174459 1.0
0.09575979711869835 -0.9954044711853497 299.8215579807949 325.12187830225037 332.4830987465425 1.0 340.7823225035191 333.98966316624654 1.0 309.4614341009817 330.9765343268384 1.0
0.5239687118361445 -0.8517375118055863 196.19980703300487 382.03214873223067 465.36954682665197 1.0 390.61131467054395 470.64724619179697 1.0 373.45298279391744 460.091847461507 1.0
-1.0 0.0 374.375 374.375 301.875 1.0 374.375 284.375 1.0 374.375 319.375 1.0
-0.03238430587321079 0.9994754908116108 -183.07637525807405 288.76931272356387 192.52895221257717 1.0 266.8767948325181 191.8196061583356 1.0 310.6618306146097 193.23829826681873 1.0
-0.04182692386718501 0.9991248712947791 -238.95384724981176 434.40748655761183 257.3489896054556 1.0 428.1161829799562 257.0856132414712 1.0 440.6987901352674 257.6123659694399 1.0
0.9993373316614124 0.03639914213066138 -44.7350562425963 38.38946662021028 175.03239729058822 1.0 38.04762273200894 184.41771076455942 1.0 38.73131050841162 165.64708381661706 1.0
0.0027051550555587055 -0.9999963410613688 342.6455077382694 223.75134704834744 343.25204576409595 1.0 230.6279874537568 343.2706482107191 1.0 216.87470664293812 343.2334433174728 1.0
-0.9144741445538238 0.4046443363529905 -78.29752029329057 107.42922052530406 436.2813191069822 1.0 95.54010463573445 409.41256522646074 1.0 119.31833641487366 463.1500729875036 1.0
-0.3083787847896584 0.9512636464680302 -208.04461954657614 545.6373000382982 395.5870577683668 1.0 538.1171572818298 393.149192626253 1.0 553.1574427947666 398.0249229104806 1.0
0.9999738821166282 -0.00722738435396033 -228.9711363403499 230.49491388919682 210.0009402068781 1.0 230.60783882029023 225.62512403368123 1.0 230.3819889581034 194.37675638007497 1.0
0.0529814201939394 0.998595498244526 -345.15454172459954 276.85913483107163 330.95097278984315 1.0 234.37923300428622 333.2047837998454 1.0 319.33903665785704 328.6971617798409 1.0
-0.8377294541233047 0.546085489364321 -116.37208676948808 157.3434438094086 454.47705331032745 1.0 141.81896493382717 430.66152723010026 1.0 172.86792268499005 478.29257939055464 1.0
0.8361043606101309 -0.5485704131364763 119.91097996346875 157.54954776747743 458.7174915709622 1.0 170.38582589986592 478.2819227970852 1.0 144.71326963508895 439.15306034483916 1.0
0.9084220428578726 -0.41805429318442505 87.24212953313463 118.80618681901416 466.84914292057977 1.0 124.06167416849614 478.26919201961863 1.0 113.55069946953219 455.4290938215409 1.0
0.08818346578512369 0.9961042497460414 -242.84240202981206 435.0247992377884 205.28012763993252 1.0 429.38864110511025 205.77908742047686 1.0 440.6609573704665 204.78116785938818 1.0
-0.09626313713484279 0.9953559204771719 -137.2353186913381 28.06792649505836 140.59013712555898 1.0 6.715416305096517 138.52508725314345 1.0 49.4204366850202 142.6551869979745 1.0
-0.312066436163766 0.9500602819926988 -207.38005307729867 489.85729982264695 379.18443880861736 1.0 480.46878249576463 376.10059118484685 1.0 499.2458171495292 382.26828643238787 1.0
-0.5125453071618951 0.8586601819732406 -201.4653848920914 345.0274861744233 440.57895278582725 1.0 330.5779427116198 431.95383443519836 1.0 359.4770296372268 449.2040711364562 1.0
-0.26799264124968064 -0.9634209589976855 308.54774323832817 365.7366824761473 218.52649325657342 1.0 371.0230565159201 217.05599447997804 1.0 360.4503084363745 219.99699203316882 1.0
0.9161236450232113 -0.4008958306460487 78.56732800955726 100.51416564708892 425.67350112778524 1.0 107.02770206071357 440.5581775576324 1.0 94.00062923346427 410.78882469793814 1.0
-0.69389395582442 0.7200772028542063 -159.65504022495176 255.98685749641865 468.39807186687585 1.0 245.48110404154642 458.2743256979622 1.0 266.4926109512909 478.5218180357896 1.0
-0.9999203374721239 -0.012622151545341817 601.549987743161 598.8366827073961 218.74320473622538 1.0 598.939229518913 210.61949920074116 1.0 598.7341358958793 226.8669102717096 1.0
0.8443450446312932 -0.535799818595135 112.7498232880362 139.0614383044329 429.57397825026806 1.0 143.8898449455544 437.18286701694444 1.0 134.23303166331138 421.96508948359167 1.0
0.1554942266873898 -0.9878368010288394 305.5532672134132 516.2572442678321 390.578978006042 1.0 525.5975749059209 392.0492284442333 1.0 506.91691362974336 389.1087275678507 1.0
-0.5239405618205228 0.8517548283861941 -194.22927742043277 393.18858466969016 469.89663226448477 1.0 379.58721337464243 461.5300109312557 1.0 406.7899559647379 478.2632535977139 1.0
0.4018261788605538 -0.9157159614107019 317.6554032690399 39.220044534705934 364.1031258049935 1.0 42.0063063003404 365.3257679405148 1.0 36.43378276907146 362.88048366947214 1.0
0.008844596063103907 0.9999608857952798 -275.6873204771199 434.3803603451901 271.8560350847314 1.0 428.12532160686607 271.91136053974213 1.0 440.6353990835142 271.8007096297207 1.0
-0.9999357664973731 -0.011334146607072736 167.0603256319506 164.00352415667612 270.62787366454575 1.0 164.1452721781649 258.1223960639276 1.0 163.86177613518734 283.1333512651638 1.0
0.0 1.0 -341.8750000000001 54.375 341.87500000000006 1.0 44.375 341.87500000000006 1.0 64.375 341.87500000000006 1.0
0.0472967084611793 -0.9988808844745896 166.0763412841882 290.0002919373956 179.99383444020813 1.0 309.36147783765267 180.9105807502237 1.0 270.63910603713856 179.07708813019258 1.0
-0.22204020985353273 -0.9750375096416544 228.0859935782964 371.2516292572205 149.38215450099736 1.0 384.2707862462178 146.4173697400342 1.0 358.23247226822315 152.34693926196053 1.0
-0.2233197645754636 -0.9747452399216728 228.5485717121928 487.56116607563627 122.76697744906073 1.0 501.8995097573556 119.48198009358666 1.0 473.222822393917 126.05197480453481 1.0
-0.029384190787110506 0.9995681914365757 -286.65660225724974 464.4357515810111 300.43340070522436 1.0 455.6749494103318 300.17586041469013 1.0 473.1965537516904 300.69094099575864 1.0
0.05882967572062679 -0.9982680347755336 337.13936233641346 121.91719031697369 344.90908164253864 1.0 132.02940047144003 345.50501181708324 1.0 111.80498016250735 344.31315146799403 1.0
-0.04445644506040676 0.9990113235056903 -252.59052805126393 466.88092244185816 273.61691273962424 1.0 460.6155169812681 273.33809942981867 1.0 473.1463279024482 273.89572604942987 1.0
0.6904942855569692 -0.7233378474911778 -10.195096259977763 331.13018327766406 302.0005158396539 1.0 334.63821584602925 305.3492642155412 1.0 327.62215070929886 298.6517674637666 1.0
0.15600049829053256 -0.9877569764537761 151.376661036452 434.98778537280873 221.9523400300328 1.0 440.6685077239534 222.84951973977306 1.0 429.30706302166413 221.05516032029252 1.0
-0.21400939879939837 -0.9768316012627355 224.83811919301982 440.6012452088671 133.64157284310812 1.0 456.7602796628896 130.10136668657736 1.0 424.4422107548446 137.18177899963885 1.0
