0.9995945508856953 0.0284733882708985 -369.21950729810203 359.2755058754003 354.35436283016804 1.0 358.8124942056368 370.6089770576246 1.0 359.73851754516375 338.09974860271143 1.0
-0.24141406958683248 -0.9704222003878127 480.78605164961994 502.7476380656573 370.37044105687914 1.0 509.8076418203529 368.61410836267834 1.0 495.68763431096176 372.1267737510799 1.0
-0.2404539849443768 -0.9706605385634924 480.2978955738919 419.00251980688995 391.0193676424635 1.0 474.766500365742 377.20540198812614 1.0 363.23853924803785 404.83333329680096 1.0
-0.9990222313904268 -0.044210645637587656 510.4384822587844 495.36427745027316 351.91877940091524 1.0 495.9188133999587 339.3880023934413 1.0 494.8097415005876 364.4495564083892 1.0
-0.2726758249108894 -0.9621059684406733 422.36325604828943 446.5843514166488 312.42972135454085 1.0 492.2602889852053 299.4844488340197 1.0 400.90841384809227 325.374993875062 1.0
-0.2293639581058017 -0.973340728995782 475.16290855850167 563.9636195761998 355.2815270574469 1.0 577.2353266776317 352.1541008839363 1.0 550.6919124747677 358.40895323095754 1.0
-0.2727211053701855 -0.9620931341017169 422.37862075454433 381.4989848453986 330.87835743379026 1.0 398.5947812776014 326.0322730632504 1.0 364.4031884131958 335.72444180433007 1.0
-0.22389642158254267 -0.9746129449184082 473.08482212535677 529.5212778744445 363.7617422443874 1.0 542.2129540949584 360.84610183095623 1.0 516.8296016539307 366.6773826578186 1.0
-0.14662965773331757 -0.9891914594622268 457.50423519492904 323.1584779006289 414.6008482621782 1.0 329.45540730375234 413.66744290943404 1.0 316.8615484975055 415.53425361492236 1.0
-0.23667225613632967 -0.9715895445996418 478.55123150271316 596.7945579101408 347.16976824944027 1.0 616.9677419024163 342.25572507612424 1.0 576.6213739178655 352.0838114227563 1.0
0.9986300814552259 0.0523255235303847 -495.9244423725907 476.4347132765016 384.94418184816163 1.0 476.07375688869445 391.8330170214649 1.0 476.7956696643087 378.0553466748583 1.0
-0.25957602626737936 -0.9657226758170467 455.5152545938316 517.0950381795083 332.69362667578457 1.0 537.3141842529085 327.258934373657 1.0 496.8758921061079 338.1283189779121 1.0
-0.24088704888597506 -0.9705531565447644 479.98782088549206 343.42043477006587 409.315330281211 1.0 357.2492957494036 405.88306746458557 1.0 329.5915737907282 412.7475930978365 1.0
-0.25777315267414264 -0.9662054656026496 454.69995645837076 552.5193712742832 323.1976089233656 1.0 564.5392950289361 319.99082346059953 1.0 540.4994475196304 326.4043943861316 1.0
-0.27235145243537745 -0.962197841587862 422.4723795425993 302.74820096550945 353.37687593055864 1.0 332.0735059621809 345.07630710390885 1.0 273.422895968838 361.6774447572084 1.0
-0.23430659724506228 -0.9721627530858402 478.02985614706915 259.47851714695906 429.179503546902 1.0 264.6311145143536 427.9376460983463 1.0 254.3259197795645 430.42136099545775 1.0
-0.25339047086646244 -0.967364083101121 452.46323295419546 579.6120322710574 315.90491368824127 1.0 592.0754507635968 312.64025714826903 1.0 567.1486137785181 319.1695702282135 1.0
-0.2554822961980264 -0.9668137340405255 454.12913782006075 315.210688158117 386.4223006658331 1.0 357.1312491730552 375.34471580235936 1.0 273.2901271431789 397.4998855293069 1.0
-0.2590348864081674 -0.9658679659371191 455.12924672432376 427.1513731799364 356.6555175679084 1.0 491.0021935456667 339.5314482501544 1.0 363.3005528142061 373.77958688566235 1.0
-0.2717158427452997 -0.9623775250914848 422.2170155730155 346.17502669332475 340.98445558198955 1.0 358.31733422901766 337.5562195322961 1.0 334.0327191576319 344.412691631683 1.0
-0.9988570492618184 -0.04779743863402323 499.9691645770159 481.1599205413613 405.02559708796036 1.0 482.50839851873087 376.8454943049815 1.0 479.81144256399176 433.2056998709392 1.0
-0.22968850975658203 -0.9732641925427036 477.4984352277683 196.51284860948874 444.23877421511474 1.0 233.39848270226767 435.53383429118423 1.0 159.62721451670978 452.94371413904526 1.0
-0.9979773563759063 -0.0635704031838485 516.4280073831616 497.327950412911 316.27885259889626 1.0 498.4035826697719 299.39274550547094 1.0 496.2523181560501 333.16495969232153 1.0
-0.9997739953746296 -0.021259307906189812 370.2369155408914 362.82486274357586 352.50690791831437 1.0 363.15724683000053 336.87568570025934 1.0 362.49247865715125 368.13813013636945 1.0
0.9987293801352239 0.05039469470798924 -508.94864318036224 491.77971326999847 353.0886551897014 1.0 491.1489927266166 365.5883665378974 1.0 492.41043381338034 340.5889438415054 1.0
0.2732265690815143 0.9619497086375901 -419.13010384638005 296.49675533122485 351.4937523317168 1.0 261.2314954247792 361.51029049944765 1.0 331.7620152376705 341.4772141639859 1.0
0.2518350752666023 0.9677701663439853 -448.32037955019473 528.7581652706099 325.65637809651014 1.0 516.7223442465249 328.78836335386353 1.0 540.7939862946947 322.5243928391568 1.0
0.2575783101094678 0.9662574264455362 -450.74619400596515 553.4691954210073 318.946613518365 1.0 543.9384229287634 321.48726180256045 1.0 562.999967913251 316.40596523416957 1.0
0.25703959535874826 0.9664008725253774 -450.89146887957025 316.08301745557037 382.4971898122036 1.0 274.18013463300656 393.6423577764368 1.0 357.9859002781342 371.35202184797043 1.0
-0.999797731976957 -0.020112064382670942 342.84130446870444 335.79451360444966 353.75340995825195 1.0 335.95839669375255 345.60656148576953 1.0 335.6306305151467 361.9002584307343 1.0
-0.20791603861642038 -0.978146676570572 530.2028463480356 389.4832724715145 459.2593707964079 1.0 472.10299787159704 441.6976222077521 1.0 306.863547071432 476.8211193850637 1.0
-0.9984460176763247 -0.05572745989445842 503.2193377851261 478.3582826342209 459.4577882249489 1.0 479.405430704082 440.6964662079332 1.0 477.3111345643598 478.21911024196453 1.0
0.9999655860248905 -0.008296189842185844 -265.6338660998731 268.8942653215947 391.8841737005106 1.0 269.1224457075995 419.3874659046592 1.0 268.6660849355898 364.380881496362 1.0
0.9999779165379664 0.0066457833539612845 -361.07020443231556 358.50289128179736 387.49835773272696 1.0 358.432253788984 398.1270419872104 1.0 358.5735287746107 376.86967347824356 1.0
0.2595579394528819 0.9657275371795991 -451.572333458284 427.9761575543274 352.57120746801195 1.0 364.134426336651 369.7299065503217 1.0 491.81788877200376 335.41250838570227 1.0
0.9999959899896269 0.0028319612754796612 -267.7933570908874 266.52005112431755 449.9972248116036 1.0 266.46163714472937 470.6238293677069 1.0 266.5784651039057 429.3706202555002 1.0
0.9992827363878151 0.037868360900367055 -411.69516484161517 399.27212720941714 335.62110157984444 1.0 398.98652569869773 343.15764798329366 1.0 399.55772872013654 328.0845551763952 1.0
0.24780190817417597 0.9688107216093539 -446.8352208844306 506.0656204963801 331.77914663261447 1.0 497.68931392554254 333.92163401989006 1.0 514.4419270672176 329.6366592453388 1.0
0.23271680214335422 0.9725445439670981 -472.2828534170673 265.8072320805106 422.0115643305686 1.0 148.02232347920454 450.19590554195736 1.0 383.5921406818166 393.8272231191798 1.0
-0.21697592629027157 -0.9761769549679394 533.9901930714093 539.4299524463017 427.1222316289462 1.0 598.3264323432938 414.03124621298144 1.0 480.5334725493095 440.21321704491106 1.0
-0.9999664051299278 -0.008196865957737595 518.2445174712552 515.6285965163843 321.2500294811531 1.0 515.6747863241899 315.61516167886157 1.0 515.5824067085788 326.8848972834446 1.0
0.23986362006536266 0.9708065944198873 -441.90642662623753 582.9488553208978 311.1620848192909 1.0 570.2948078333302 314.2886042066676 1.0 595.6029028084653 308.03556543191416 1.0
-0.9829563272233143 0.1838392198951375 474.1902799596897 539.4317005956557 304.8725036888857 1.0 536.5025553434361 289.2108735934811 1.0 542.3608458478753 320.53413378429025 1.0
-0.9998449837005067 -0.01760706020133998 152.37437117586038 145.92649784155122 367.4943031949233 1.0 146.02571595776945 361.860044286361 1.0 145.82727972533303 373.12856210348554 1.0
-0.22172482095686616 -0.9751092778615357 475.80677097468646 291.94729461038116 421.5679398004149 1.0 297.10687124807794 420.39473159475057 1.0 286.78771797268433 422.7411480060792 1.0
0.24068695910003146 0.9706027960598402 -474.2433998548989 474.1643047653778 371.02534289931845 1.0 405.30880673882564 388.0999078033199 1.0 543.0198027919299 353.95077799531697 1.0
-0.9282189519792802 0.3720343763504751 411.99387914988546 563.313735006448 298.04935415128114 1.0 557.268734765288 282.9671893158515 1.0 569.3587352476081 313.1315189867107 1.0
-0.2543540392209903 -0.967111173925711 452.83738481344653 616.5355887396983 306.08587251908995 1.0 627.2419084607997 303.2700683595749 1.0 605.8292690185968 308.901676678605 1.0
0.9992341735218279 0.039128844426452654 -489.8225216117078 487.06588717559396 79.98300064827663 1.0 483.95571527717397 159.40752984105683 1.0 490.176059074014 0.5584714554964254 1.0
-0.9998420917032149 -0.01777052780701248 494.6714609779539 494.105190470107 36.25631291898811 1.0 494.73875766478824 0.6092485186487773 1.0 493.4716232754258 71.90337731932743 1.0
0.04541537702798989 -0.9989681894481953 212.04665877683055 197.52860584229427 221.24577861388758 1.0 246.91518840896555 223.49100553010027 1.0 148.142023275623 219.00055169767492 1.0
0.07479434294190995 -0.9971989802761975 371.65206123299214 394.96660533585805 402.3202358790668 1.0 408.1114125962117 403.30615467920825 1.0 381.82179807550443 401.3343170789253 1.0
0.9998057052836627 0.019711714340403894 -150.17985010486277 142.92668259116468 369.3710900642085 1.0 142.80350831329932 375.61866161619446 1.0 143.04985686903004 363.12351851222246 1.0
0.9953980257844176 0.09582677216980624 -513.135292820232 474.5313615354603 425.640052894266 1.0 474.162186398248 429.474849730568 1.0 474.9005366726726 421.8052560579639 1.0
-0.1543467169502017 -0.9880167462987125 462.71950745541125 279.8422266417684 424.61504835909204 1.0 286.36282271581064 423.59640915043786 1.0 273.3216305677261 425.6336875677462 1.0
-0.2151300465191042 -0.976585410030627 532.9516978526627 619.6195178480465 409.23499168529963 1.0 638.5522146043332 405.06434578778993 1.0 600.6868210917597 413.40563758280933 1.0
-0.18244803739460463 -0.9832154970558881 467.2760430060758 312.9498538232267 417.181134350839 1.0 316.7992586716347 416.4668287262508 1.0 309.10044897481873 417.8954399754272 1.0
0.9989910229617986 0.04491031108486023 -238.16078204491558 222.7799254685066 347.4844869431249 1.0 222.35931611589226 356.84057816773367 1.0 223.20053482112095 338.12839571851623 1.0
0.2973057769401477 0.9547823181217879 -356.80781147549834 118.31617121375393 336.8639365891396 1.0 24.514346652563805 366.0725046577523 1.0 212.11799577494406 307.6553685205269 1.0
-0.9936829447101192 -0.1122239074004565 634.280408910782 606.5531439910291 281.2136504388655 1.0 608.0325208966592 268.1145556561728 1.0 605.0737670853989 294.3127452215582 1.0
-0.9997677130866405 -0.02155272301842319 370.36849820144323 362.1274687111726 386.2689162340828 1.0 362.38363817075066 374.3859650846564 1.0 361.87129925159445 398.1518673835092 1.0
-0.9995120951764604 -0.03123414151153115 236.4096776523721 226.07684460525613 334.3500581321947 1.0 226.8585366253318 309.33542379431475 1.0 225.29515258518046 359.3646924700747 1.0
-0.9999813803453599 -0.0061023735209110655 517.5869228669784 515.7391115612181 304.3756963643357 1.0 515.8001341601863 294.37606875396153 1.0 515.6780889622498 314.3753239747098 1.0
0.9984302833470625 0.05600865375550895 -497.53552066280884 472.47825982475746 460.6237804477007 1.0 471.4937651266459 478.17373486510246 1.0 473.46275452286903 443.0738260302989 1.0
0.24400291362481735 0.9697744986039795 -475.88107809753006 591.2677386962323 341.9455013517629 1.0 543.9299230515447 353.8560691781655 1.0 638.60555434092 330.0349335253604 1.0
0.062566978760637 -0.9980407672879731 263.2772428598168 633.1415753551369 303.48559726733373 1.0 638.2390854625229 303.8051591700881 1.0 628.044065247751 303.1660353645794 1.0
-0.24136024537066483 -0.9704355887716672 480.90275390533424 628.8495475686595 339.1502502701079 1.0 638.4103609051789 336.7723487591315 1.0 619.2887342321402 341.5281517810843 1.0
0.9999706042477686 0.007667505484356695 -335.6050165215509 333.04616021664566 335.0041878095603 1.0 333.0125791220918 339.3837226505664 1.0 333.07974131119954 330.62465296855413 1.0
0.23307702980378806 0.9724582758030517 -471.9896925210895 394.44681639306157 390.81697343445353 1.0 383.83237425859124 393.3610236084145 1.0 405.0612585275319 388.2729232604926 1.0
0.1369567034755593 0.9905770345475953 -271.2736798910566 8.071525818637113 272.73823327259583 1.0 0.5426216518510119 273.7791759348062 1.0 15.600429985423215 271.69729061038544 1.0
-0.3019617755353158 -0.9533200334177183 359.33742128681075 101.21025578649821 344.87452400266056 1.0 106.8621122895436 343.08431235819114 1.0 95.55839928345283 346.66473564713004 1.0
-0.999635745750768 -0.026988438585920572 494.9739139351838 489.21431751933574 220.01253577106283 1.0 489.56886698333545 206.88023407370716 1.0 488.8597680553361 233.1448374684185 1.0
0.25243793309316176 0.9676130889646193 -412.27712656382414 349.6374862075132 334.8604580787746 1.0 340.40191552396874 337.2699008621339 1.0 358.8730568910576 332.4510152954154 1.0
0.99998857777592 -0.004779572961338245 -89.5913386090479 91.41460547618503 381.25220051435235 1.0 91.45941346088489 390.62698634887397 1.0 91.36979749148517 371.87741467983074 1.0
-0.07372100944220786 -0.9972789042022406 441.0629656932547 303.55241826207236 419.8271649346402 1.0 309.10089732918993 419.41700938439914 1.0 298.00393919495474 420.23732048488125 1.0
0.9999996458221518 0.0008416386225074533 -333.0925171526839 332.79437956842753 354.3747217369769 1.0 332.78806728099437 361.87471642431007 1.0 332.80069185586063 346.87472704964364 1.0
-0.29844326224452955 -0.9544273776568037 359.3447937269694 60.63809671731666 357.5418835575997 1.0 89.49777845894765 348.5176479080977 1.0 31.778414975685667 366.5661192071017 1.0
-0.9999995681490221 0.0009293555666546725 272.37089789202486 272.7514698581042 409.3741854475066 1.0 272.7421763064511 399.3741940845243 1.0 272.7607634097573 419.3741768104889 1.0
0.9996875934043098 -0.024994311222743686 -18.58487131283614 28.27929569835797 387.5117686063994 1.0 28.732566509489423 405.6410622005391 1.0 27.826024887226517 369.38247501225965 1.0
-0.9999916848927056 0.004078007534050488 29.455715933676338 30.99286661435672 376.87349982470096 1.0 30.957184345138142 368.12364533847364 1.0 31.028548883575297 385.62335431092833 1.0
-0.9843761827367666 0.176078195301383 477.9528198004123 554.9261899157095 387.91461153132116 1.0 550.2019565335775 361.50348881904574 1.0 559.6504232978417 414.3257342435966 1.0
0.29136824417041435 0.9566109691452683 -468.2686424208181 606.7812358490098 304.69215651621465 1.0 599.0469328192356 307.0479002473165 1.0 614.5155388787839 302.3364127851128 1.0
-0.999999999806828 -1.9655638564030508e-05 272.60800368573064 272.6005714500187 378.12500197679606 1.0 272.60086628483856 363.1249896978171 1.0 272.6002766151988 393.125014255775 1.0
-0.02396821058268484 -0.9997127211761707 372.12846922145815 99.41640227499073 369.85188657132323 1.0 104.44348155567724 369.7313618523084 1.0 94.38932299430424 369.97241129033813 1.0
0.9912934422092846 -0.13167122477165633 -490.22109799761216 535.3048975754863 307.00053577827873 1.0 536.4794972238062 315.8435683438233 1.0 534.1302979271663 298.15750321273424 1.0
-0.9788765570737433 0.20445216069157712 465.48403819039095 546.3791938186075 339.2174759948736 1.0 544.0231910482082 327.9374001446423 1.0 548.7351965890068 350.4975518451049 1.0
0.04804507024568798 -0.9988451687949874 211.2659769171193 287.543710675927 225.34126582079676 1.0 315.6937694034438 226.69530105191814 1.0 259.3936519484102 223.9872305896754 1.0
0.28317865611606163 0.959067176333494 -379.265442528101 61.788886535962554 377.20835161826307 1.0 33.13770613303585 385.668033028336 1.0 90.44006693888926 368.7486702081901 1.0
0.07877819297710582 0.9968921688483975 -348.4874538573373 625.1617005449938 300.1712262576862 1.0 612.1181543434085 301.20197665565684 1.0 638.2052467465791 299.1404758597156 1.0
0.21030162056354526 0.9776365522976044 -524.5002934871236 381.1444642014481 454.5093920153171 1.0 289.3493269124059 474.2556526132556 1.0 472.9396014904903 434.7631314173785 1.0
-0.1672931177088344 0.9859072029188437 -420.22368782600034 73.0402821328844 438.6242671339328 1.0 0.3014757232247245 426.2816230527606 1.0 145.7790885425441 450.96691121510503 1.0
0.04635955599960431 -0.9989248177753518 211.71105781161393 370.04119577631093 229.1123408657129 1.0 383.1669309850278 229.72149907823948 1.0 356.9154605675941 228.5031826531863 1.0
0.999146438480081 0.0413085278431658 -490.19295344876065 481.5424891714888 219.36125273304418 1.0 481.02444032248115 231.89151438772876 1.0 482.06053802049644 206.83099107835963 1.0
-0.28717341946636826 -0.95787860773273 381.7268060442732 60.889693679617835 380.2578965221751 1.0 89.6756483683802 371.62782484728666 1.0 32.103738990855476 388.88796819706357 1.0
-0.9999777262681055 -0.006674351479354253 517.8466434833151 515.5471080691052 346.2536516728868 1.0 515.6263920694076 334.37500929136746 1.0 515.4678240688029 358.1322940544061 1.0
-0.27596509667779817 -0.9611676572875376 483.72953779530303 248.16678558380718 432.02053634564606 1.0 253.44912372455258 430.5039008818504 1.0 242.8844474430618 433.53717180944165 1.0
0.10763384534859244 -0.9941906031216928 346.6812309090926 426.1318602830406 394.8412310721224 1.0 439.3054476173627 396.26744034967584 1.0 412.9582729487186 393.415021794569 1.0
0.9931099688136283 0.11718613332213913 -632.2764481588576 603.560900182236 280.52893691254957 1.0 602.2344738763317 291.769918673327 1.0 604.8873264881403 269.2879551517721 1.0
-0.9999968612262422 -0.002505501479507683 403.1915676134846 402.3550543676642 334.3746368373638 1.0 402.3769735133371 325.626257699328 1.0 402.3331352219913 343.1230159753997 1.0
-0.9999944280493938 -0.0033382435749702835 95.38991550374298 94.12398963399468 379.37624847544924 1.0 94.15320606743991 370.62425959370415 1.0 94.09477320054947 388.12823735719434 1.0
0.05783860239057792 -0.9983259468097104 206.96185983921782 430.6390070426887 232.25823077363077 1.0 475.59673419879715 234.86288320571055 1.0 385.68127988658034 229.65357834155103 1.0
0.8546047408979216 -0.5192790548778144 -345.1266474086909 601.8079309371203 325.8002838569118 1.0 607.0989470722868 334.5079862585514 1.0 596.5169148019538 317.0925814552722 1.0
-0.048712338941552316 0.9988128493540936 -108.33893967757416 15.008550507855261 109.19967774490186 1.0 0.6068426922832448 108.49730304787727 1.0 29.41025832342728 109.90205244192644 1.0
-0.9999943842415357 -0.0033513408349330163 273.8052964991511 272.3029207201299 448.7472449166679 1.0 272.37624492855633 426.86830145289264 1.0 272.22959651170356 470.6261883804432 1.0
0.11733799646806026 -0.9930920373182244 408.76469388100935 236.84926567729585 439.592802857834 1.0 248.2356919412938 440.938156958504 1.0 225.4628394132979 438.24744875716397 1.0
0.9992521281491168 -0.03866761421992396 -248.56919201272854 255.4557593211493 173.15573437754338 1.0 256.9558122541182 211.92024353707623 1.0 253.95570638818035 134.39122521801053 1.0
0.01575584316437197 0.9998758689988371 -80.71798085579738 440.6157008179325 73.78486796748166 1.0 395.6071795554347 74.4941032076343 1.0 485.62422208043034 73.07563272732902 1.0
0.22022742511391905 0.9754485538600656 -528.6628072551055 559.3865148406418 415.6760024337165 1.0 480.15948872700693 433.5631210227939 1.0 638.6135409542766 397.78888384463914 1.0
0.008345862967678424 -0.9999651726791913 359.17958689293744 218.12698122756126 361.0126178900748 1.0 225.63167480953598 361.07525321574497 1.0 210.62228764558657 360.94998256440465 1.0
0.9998720673521924 -0.015995278329956734 -27.359335275339628 28.852720416505328 93.13335507619107 1.0 29.1126104366946 109.3791975310972 1.0 28.592830396316053 76.88751262128493 1.0
-0.037887257684275276 -0.9992820201050179 275.81791537659774 63.09651931370316 273.6238176902683 1.0 68.13666716147272 273.43272310792486 1.0 58.05637146593361 273.81491227261176 1.0
-0.042967045994528004 -0.9990764900439326 207.3943188866569 450.0314650387269 188.23163001371785 1.0 454.42521766135775 188.04266893525542 1.0 445.63771241609606 188.42059109218027 1.0
-0.9999416980013538 -0.010798175687088121 519.0843435986951 514.187603078644 456.2547255904358 1.0 514.4240180264001 434.36203082952346 1.0 513.9511881308879 478.14742035134805 1.0
-0.9998476916309742 0.017452608407119482 24.433211801709955 31.3862704020421 398.12262136374943 1.0 31.255205404363483 390.61399959640806 1.0 31.517335399720714 405.63124313109086 1.0
0.08889130588718136 -0.9960413323440306 297.61221707876604 301.35580621316075 325.68942442008154 1.0 331.9601662820011 328.42069815744594 1.0 270.75144614432037 322.9581506827171 1.0
-0.15671638890400108 0.9876436469946486 -422.7620330027446 213.3193675995189 461.9000743480692 1.0 161.97374443380474 453.75270188934684 1.0 264.6649907652331 470.04744680679164 1.0
0.0017291343418486963 -0.9999985050460966 212.41080008944417 613.1254819181634 213.4712955458373 1.0 620.6265402012195 213.48426590270483 1.0 605.6244236351071 213.45832518896978 1.0
0.02368727640909671 0.999719417104779 -101.99261179610819 217.5146300976162 96.86746198289939 1.0 196.8864021244518 97.35622565945704 1.0 238.14285807078056 96.37869830634173 1.0
0.8786514625943267 -0.47746372352342187 -345.85258271564317 561.7657235546451 309.4343813823954 1.0 564.1938328282342 313.9027036013781 1.0 559.337614281056 304.9660591634126 1.0
-0.30055632023306017 -0.9537640685032972 385.52357528322676 107.0590111085765 370.47559718949617 1.0 110.61836658797604 369.3539500016665 1.0 103.49965562917697 371.5972443773258 1.0
0.9828740822324148 -0.18427842650670848 -468.765482787435 540.833574640858 340.8202561675763 1.0 542.9985471650824 352.36743194470375 1.0 538.6686021166337 329.2730803904489 1.0
0.9800421057943132 0.19879001702864313 -543.8697295477456 461.2589861383872 461.8768227325055 1.0 457.92023016621073 478.33701264854994 1.0 464.5977421105637 445.4166328164611 1.0
0.9788263706355772 0.2046922962604687 -545.2222574339945 492.17591524367384 310.06292743437973 1.0 490.1928096147495 319.5460204516029 1.0 494.1590208725982 300.57983441715663 1.0
-0.04374590685543919 -0.999042689595092 302.7417907157338 38.75371956504858 301.33494518773 1.0 46.94511577040173 300.9762617609381 1.0 30.562323359695423 301.6936286145219 1.0
0.999543393107656 0.030215977476059818 -521.851734280674 509.81002062062214 406.225363352166 1.0 509.22371211386167 425.62042660039424 1.0 510.39632912738256 386.8303001039378 1.0
-0.9999529906234395 -0.009696212829742203 518.6408693421502 514.7743668543128 401.25993294597674 1.0 514.9986399956663 378.1310472304037 1.0 514.5500937129592 424.38881866154986 1.0
0.9999988646422853 -0.0015068888945447517 -195.41885011184348 195.5942480851016 116.25004633977164 1.0 195.6215632536986 134.37688879205746 1.0 195.5669329165046 98.12320388748584 1.0
0.9441548564958825 -0.32950205910622105 -429.86935200490893 585.3305947529581 372.60274494109154 1.0 592.5613392975646 393.32171281761873 1.0 578.0998502083515 351.88377706456436 1.0
-0.8844152653118728 0.46670080188845786 395.2347000305552 635.4071733823757 357.2505192252361 1.0 630.842629720681 348.6005403153001 1.0 639.9717170440704 365.900498135172 1.0
-0.31998565403707874 -0.9474223879613901 384.4479398206512 122.51787440956002 364.40344035921703 1.0 134.68536908863206 360.2939493947348 1.0 110.35037973048799 368.5129313236993 1.0
-0.2937312482124372 0.9558880446075071 -21.901699053205412 247.26393741642562 98.8932172148559 1.0 239.13801107037438 96.39623181790179 1.0 255.38986376247684 101.39020261181 1.0
-0.04315889882460854 -0.9990682206197168 319.12939996743586 504.48876708561033 297.6335491145809 1.0 510.8079728026605 297.360564793225 1.0 498.1695613685602 297.9065334359367 1.0
0.9448468377971531 -0.3275125235845501 -430.0054354036508 570.582309934666 333.13979766928367 1.0 574.5999353879777 344.73031843309474 1.0 566.5646844813543 321.54927690547265 1.0
-0.9858960587492421 0.1673587802976311 482.4232805698301 565.8997849253038 451.0972588400241 1.0 561.3429147435681 424.2531318428297 1.0 570.4566551070395 477.94138583721843 1.0
0.014159487338364992 0.9998997494340692 -80.04058397699924 539.998608532741 72.40173883203744 1.0 495.6059589472875 73.03037901329309 1.0 584.3912581181945 71.7730986507818 1.0
-0.9809306239185532 -0.19435820296235992 546.0392443181778 465.25384824779235 461.30029661432013 1.0 468.6363653955369 444.2286494927686 1.0 461.87133110004777 478.37194373587164 1.0
0.9983283575865756 -0.05779697603240534 -492.8379311242916 512.2921236910158 321.77848395166734 1.0 512.6611021680865 328.1518567868165 1.0 511.92314521394525 315.4051111165181 1.0
0.9995667762748266 0.02943229123855106 -521.8041730794071 511.79770012397944 347.5161270561837 1.0 511.4467188438138 359.4360018598284 1.0 512.148681404145 335.59625225253893 1.0
0.9896147139228737 -0.14374532335818357 -486.9910544596071 549.4117467152985 394.5512296813812 1.0 552.5120972576243 415.89559375059827 1.0 546.3113961729726 373.20686561216417 1.0
0.990699919100991 -0.13606494880493725 -490.8002127926941 557.481212664828 451.9634191964817 1.0 561.1122687778496 478.4014330201505 1.0 553.8501565518063 425.52540537281294 1.0
0.2193962392293027 0.9756358389337891 -402.7221685420492 365.9382712655537 330.48876965065733 1.0 359.1266338529466 332.02053752108816 1.0 372.7499086781607 328.9570017802265 1.0
0.7909402508307183 -0.6118933890931004 -279.34870829195984 587.4828761072637 302.85528230617024 1.0 591.5407908088378 308.10058831718896 1.0 583.4249614056896 297.6099762951515 1.0
0.9999988516178513 -0.0015155074986779528 -88.50315985983578 88.68038679760211 116.8751054994514 1.0 88.7296421702236 149.37597804575353 1.0 88.63113142498062 84.37423295314926 1.0
-0.9305356486197326 0.3662013198335767 415.55282635894537 576.9254920333346 331.2301294563237 1.0 572.3760390891189 319.66974472522924 1.0 581.4749449775503 342.7905141874182 1.0
0.9853909880371765 0.17030737122954198 -533.8703463072618 468.0795535524826 426.4581857369501 1.0 466.67976559256584 434.55729754230964 1.0 469.4793415123994 418.3590739315905 1.0
0.979616285048193 0.20087790836320826 -542.999967948798 481.3699291393831 355.6495923991248 1.0 478.7840384661817 368.2601409430795 1.0 483.9558198125845 343.0390438551701 1.0
-0.2859326901418955 -0.9582497047785713 385.138313552131 167.40620550235985 351.9660952510596 1.0 188.28883313698458 345.73491577140663 1.0 146.52357786773516 358.19727473071254 1.0
0.9973004003094015 0.07342963667830256 -537.6192404829892 511.42032156967036 375.5915227528895 1.0 511.04742464997275 380.65610245274326 1.0 511.793218489368 370.5269430530357 1.0
-0.1841549523008316 -0.9828972243032729 280.65115438114776 42.739256083489714 277.52699058549103 1.0 57.192397888978306 274.81905981310166 1.0 28.286114278001122 280.23492135788035 1.0
-0.20522825051572918 -0.9787141386483864 280.85734910431916 14.386430499464826 283.9489450163018 1.0 28.90919933818653 280.90364064833665 1.0 -0.13633833925687844 286.994249384267 1.0
-0.9882810368947339 -0.15264531474719217 531.0352736158018 471.9613510291041 423.23487198750115 1.0 473.51360433867313 413.1850220275148 1.0 470.40909771953505 433.28472194748747 1.0
0.2608405626580712 0.9653818937975897 -271.77369659728066 93.73455395111192 256.192833523378 1.0 88.02012140303428 257.73683990125676 1.0 99.44898649918956 254.6488271454992 1.0
-0.9999805016218941 0.006244707841433073 76.28247698527146 76.99821197997164 114.37423056217972 1.0 76.80301991950915 83.11764346633079 1.0 77.19340404043412 145.63081765802863 1.0
-0.10176365094431493 -0.9948086043789949 260.46389535583774 84.93703899853625 253.13451357223101 1.0 94.40476928410784 252.16601491251419 1.0 75.46930871296468 254.10301223194784 1.0
0.010087406927945 -0.9999491208163894 223.8783574489868 336.23328791408306 227.28164335136032 1.0 355.60631639587405 227.47707691658306 1.0 316.8602594322921 227.08620978613757 1.0
-0.9319283414229567 0.3626424774521828 418.176054649237 595.748225032404 377.8338422281176 1.0 585.4795698221295 351.4451773204961 1.0 606.0168802426786 404.2225071357391 1.0
-0.11732171636255086 0.9930939607457822 -436.3885452396962 279.60185888815715 472.45470596786873 1.0 269.5938633794797 471.2723856066161 1.0 289.6098543968346 473.63702632912134 1.0
0.9485340785291857 -0.3166750730145786 -437.24625460916945 605.9532289688669 434.26541834654734 1.0 612.212068953829 453.01246705260155 1.0 599.6943889839049 415.51836964049306 1.0
0.9997764018510273 0.02114583414796001 -518.9679417494563 512.5804533360065 307.48848253127267 1.0 512.4351082324038 314.3604084004477 1.0 512.7257984396093 300.61655666209765 1.0
-0.9812828177908555 -0.19257214624248964 543.564407534357 484.38754898049706 354.37746267850986 1.0 486.8423557879289 341.8685937266332 1.0 481.93274217306515 366.8863316303865 1.0
0.9994073064612761 0.03442434882197423 -487.2598373012329 473.6010761706616 404.9302864213221 1.0 473.23405295251024 415.58570034820013 1.0 473.9680993888129 394.2748724944441 1.0
0.9999887544978391 -0.0047424548348541425 -72.08885777486972 72.63505386101903 114.99935950596117 1.0 72.80401597138231 150.6265222693771 1.0 72.46609175065576 79.37219674254523 1.0
-0.9999824673322827 0.005921573105190995 55.319336586516954 56.00500898478514 115.62645075764235 1.0 55.84214666382664 88.12371412761082 1.0 56.167871305743645 143.12918738767388 1.0
-0.00276968360568888 -0.9999961644190062 221.29639714334573 81.87796487186728 221.07046902006215 1.0 91.87961920600848 221.04276749577167 1.0 71.87631053772606 221.09817054435263 1.0
0.9992418572807508 0.038932128866987124 -525.2372582531891 507.8355927247934 456.8637242100085 1.0 507.0051229270631 478.17877189041593 1.0 508.6660625225237 435.5486765296011 1.0
0.9999584336251995 0.009117621501090193 -146.44914706769822 143.33235423069465 342.4961919056652 1.0 143.24682812523145 351.87611082890714 1.0 143.41788033615782 333.1162729824233 1.0
0.9943832651898538 -0.1058391322260581 -232.79758317406774 257.38278316242565 218.62943000339158 1.0 257.8642321617667 223.15275533607337 1.0 256.9013341630845 214.10610467070975 1.0
0.09493042139217953 -0.9954839100127653 288.50475750006194 218.06695540497574 310.60868222812513 1.0 223.0809600473639 311.0868231290244 1.0 213.05295076258759 310.13054132722584 1.0
0.9999548929035493 -0.009498008120184162 -354.33288108107143 356.08234452890827 182.50159246485725 1.0 356.21892861958855 196.88123165239028 1.0 355.94576043822804 168.12195327732425 1.0
-0.9324443026430815 0.3613137451972418 418.6801621152533 621.8766843474239 446.10871104026495 1.0 609.132243885269 413.2190658018226 1.0 634.6211248095786 478.9983562787073 1.0
0.09672235821352963 -0.9953114012316012 335.68574720556046 499.35860403801746 385.793720947222 1.0 508.14708199281154 386.6477675419294 1.0 490.57012608322344 384.9396743525146 1.0
-0.2444717817911308 -0.9696564071401116 381.0365933176073 205.44550857230558 341.16307729212974 1.0 222.20588891067553 336.9374154858996 1.0 188.68512823393564 345.3887390983599 1.0
0.2604841784307227 -0.9654781161617655 139.31473282597688 549.6852283916508 292.6001461971495 1.0 558.3130704045667 294.9279217321342 1.0 541.0573863787348 290.2723706621648 1.0
-0.838276235159268 0.5452457735436412 336.66102213815 590.4666588483044 290.3518987398569 1.0 581.0093468903514 275.81196051839163 1.0 599.9239708062574 304.8918369613222 1.0
-0.06685060091089712 -0.9977629964865664 237.87195779177318 476.26642793904057 206.495191358939 1.0 480.7469405313845 206.19499485912715 1.0 471.78591534669664 206.79538785875081 1.0
0.9405593125942893 -0.33962947382722536 -421.13303283353696 614.5097524112354 461.82634183468065 1.0 616.3953311821642 467.0482050983191 1.0 612.6241736403065 456.6044785710422 1.0
0.9475599461216587 -0.3195780788882728 -435.80018951065557 594.6571990446344 399.50535537692497 1.0 596.7413142431644 405.68482829978745 1.0 592.5730838461043 393.32588245406254 1.0
0.9995782088553153 0.0290414252680462 -232.9243144423468 223.67101478214119 321.8727051887672 1.0 223.38019589588228 331.8824143798587 1.0 223.96183366840006 311.8629959976757 1.0
0.8567933641358852 -0.5156598987440387 -348.41379585522265 631.9415415578644 374.33495205562167 1.0 634.5954882224928 378.7446102364548 1.0 629.2875948932359 369.92529387478857 1.0
-0.2974557598861913 -0.9547356026201854 359.4575093644609 179.9415112724015 320.43727033353935 1.0 212.1911190795622 310.38963874843455 1.0 147.69190346524078 330.48490191864414 1.0
0.8809761932613487 -0.4731605931464947 -379.2900077784463 626.2381578090167 364.38136028323197 1.0 629.0220018588576 369.56459060542164 1.0 623.4543137591756 359.1981299610423 1.0
-0.2991462118057593 -0.9542072856367549 359.4365791874577 125.56857427181235 337.3200149665644 1.0 141.9700290193124 332.1781206112471 1.0 109.16711952431231 342.4619093218816 1.0
0.28310803395452727 0.9590880257361168 -379.2498114225768 125.68472601103358 358.3273344276288 1.0 109.37953846621214 363.1403750091033 1.0 141.989913555855 353.5142938461542 1.0
0.21649892676070814 0.9762828558934451 -269.9383061479352 82.51604960943351 258.19737430119477 1.0 78.08190843192611 259.1806823663121 1.0 86.95019078694092 257.21406623607743 1.0
0.3293984627781929 0.9441910043626572 -366.6918679177165 100.667393313732 353.2465166128381 1.0 96.93551203427681 354.5484522922116 1.0 104.3992745931872 351.9445809334646 1.0
-0.9998822701097797 -0.015344247134147188 586.1179814564144 584.7867160040603 91.24672693231864 1.0 585.0652392020797 73.09722731338768 1.0 584.5081928060407 109.3962265512496 1.0
-0.0589159965534958 -0.998262943993269 349.21020980338966 351.26985605628664 329.0864377480546 1.0 364.4595735443214 328.3080002083838 1.0 338.08013856825187 329.8648752877254 1.0
0.014103069734417408 -0.9999005467665604 171.71863185783357 80.61974170517213 172.87281045704609 1.0 118.1210966255362 173.40174728510095 1.0 43.118386784808074 172.34387362899122 1.0
0.07828566232361125 0.9969309680587486 -236.54156719812661 48.72592930199303 233.44347101942185 1.0 39.26205022105897 234.18663786420768 1.0 58.18980838292708 232.70030417463605 1.0
-0.9999872148811317 0.00505668609636176 92.20515245072833 92.79731547897283 116.87033608051226 1.0 92.64561683559197 86.87110318274055 1.0 92.9490141223537 146.86956897828395 1.0
0.9999992591773477 -0.0012172283088494455 -37.2091723170818 37.331683821201786 100.62520487936945 1.0 37.34385702130075 110.62595083005132 1.0 37.31951062110282 90.62445892868756 1.0
-0.9999794241797761 0.006414921440156386 31.88497495255442 32.48704281833648 93.75008312101272 1.0 32.38678601370258 78.12171686537472 1.0 32.58729962297038 109.37844937665074 1.0
0.04040931664052639 -0.9991832099913638 186.84770899056286 519.9533463497886 208.02858407049212 1.0 549.3308499225856 209.21667933881795 1.0 490.57584277699164 206.8404888021663 1.0
-0.9999922543747183 0.003935884979108085 64.31051591780326 64.77840744110186 118.75087216957955 1.0 64.66278203336948 89.37386731424425 1.0 64.89403284883424 148.12787702491485 1.0
-0.8167071195120322 0.5770524074452503 313.7167585213243 612.1594733305482 322.74060245063595 1.0 604.0303170958975 311.23533934661765 1.0 620.2886295651988 334.2458655546543 1.0
-0.11498486714678985 -0.9933672434337842 231.6243188812082 170.04202670556106 213.48807345209622 1.0 174.5019603076355 212.9718244252556 1.0 165.58209310348664 214.0043224789368 1.0
0.0999115419380816 0.9949963235045419 -244.40885658173264 56.99199795397696 239.91515601507564 1.0 49.38046854387519 240.67945998475443 1.0 64.60352736407874 239.15085204539685 1.0
-0.04461241916938215 0.9990043703887663 -188.59257492182036 71.24610773509389 191.96215935437488 1.0 63.08156865998528 191.5975565054386 1.0 79.41064681020251 192.32676220331118 1.0
0.23078706949978015 -0.9730042798218843 94.87749283394668 463.74847490101826 207.5064298569222 1.0 471.8617597074087 209.43082141748832 1.0 455.63519009462783 205.5820382963561 1.0
0.9502488639969981 -0.3114917277752567 -485.21692968272424 636.4619900985326 383.8957594146792 1.0 638.0026053361424 388.5956205951065 1.0 634.9213748609229 379.195898234252 1.0
0.9042770695510994 -0.4269461107494434 -357.5025600240124 618.6179893020967 472.8922396301326 1.0 621.2319383720857 478.42861563978005 1.0 616.0040402321076 467.3558636204852 1.0
0.09296051670023113 -0.9956697958333507 343.06886599894557 461.29624183144057 387.62971881500107 1.0 474.4235175479395 388.85534435730324 1.0 448.1689661149416 386.4040932726989 1.0
-0.06395617392513203 0.9979527082065855 -433.5755198413931 593.7888135284561 472.5193654934203 1.0 570.6786223014724 471.03829389814183 1.0 616.8990047554399 474.00043708869885 1.0
-0.033196173242684056 0.999448855160704 -198.99431072384903 621.2172023041778 219.73745175540898 1.0 604.3815344898828 219.1782638164426 1.0 638.0528701184728 220.29663969437536 1.0
-0.9998011473903596 0.019941556532031616 39.749796949784 41.664828457179354 95.61672602956945 1.0 41.340594060732315 79.36072710238098 1.0 41.9890628536264 111.87272495675792 1.0
0.10626820984954032 -0.9943375018450095 305.63603035862485 26.84871318463063 310.2459622342641 1.0 53.13248141569461 313.05499738865853 1.0 0.564944953566644 307.43692707986963 1.0
-0.2884905914163911 -0.9574827302172196 422.79198362833205 466.94991898405624 300.8736515523681 1.0 494.5781480395466 292.54923599011795 1.0 439.3216899285659 309.19806711461814 1.0
0.2879228518698383 0.9576536071937176 -379.5874998195048 179.9323456213 342.2749763195808 1.0 148.11479726803253 351.84106492673845 1.0 211.7498939745674 332.7088877124232 1.0
-0.9415478963888234 -0.3368791456973574 552.9655418018564 420.7595836987201 465.44953253281653 1.0 425.3627993541103 452.5839453561904 1.0 416.15636804332996 478.31511970944274 1.0
0.02108957564264222 0.9997775901665396 -83.09252387186659 333.74622152310644 76.07087659860439 1.0 329.35998933953886 76.16340095235203 1.0 338.1324537066741 75.97835224485674 1.0
-0.9998132111827882 0.01932725392707003 441.5676786363764 445.4074585191968 194.36712347448787 1.0 445.31060683592074 189.35691391082705 1.0 445.5043102024729 199.37733303814866 1.0
0.07062687794670618 -0.997502804061974 432.2256155411595 595.0133246972155 475.4368078666066 1.0 618.1990998642789 477.0784462721887 1.0 571.827549530152 473.79516946102456 1.0
0.27176144520554424 0.962364648612881 -418.6880053029484 501.1883007391099 293.53150989195217 1.0 439.1427378659782 311.0525107509274 1.0 563.2338636122415 276.01050903297687 1.0
-0.9998163397552706 -0.019164726931868444 494.86196667662506 492.9637641408995 103.77086970038783 1.0 493.5031321999752 75.63224813155027 1.0 492.42439608182383 131.90949126922538 1.0
0.04745225685250757 -0.9988735071667502 236.24647541157293 268.10128208686797 249.24926382103263 1.0 279.3555745256043 249.78390766899184 1.0 256.8469896481317 248.7146199730734 1.0
-0.14609430446266594 0.9892706678172409 -297.6007403450363 216.91383896502975 332.8620037866045 1.0 211.83989818133682 332.11269030365855 1.0 221.98777974872272 333.6113172695504 1.0
-0.9961479368694987 -0.08768858460849598 582.9060796573812 576.083589252104 103.11035124914025 1.0 577.080703196615 91.78307298272604 1.0 575.086475307593 114.43762951555446 1.0
0.0020885209286243068 0.9999978190377871 -132.47624797178295 239.99629349073982 131.97529852317444 1.0 200.6201599185933 132.05753658158628 1.0 279.37242706288635 131.8930604647626 1.0
-0.04728290975708264 0.9988815377435422 -215.51517046380235 356.92697812937257 232.65192896199775 1.0 283.1352276920297 229.15893350166735 1.0 430.71872856671547 236.14492442232816 1.0
0.9518906311280101 0.3064379649630878 -541.2015452144458 432.1136306454491 423.82682131431693 1.0 425.8751303156451 443.20552335257366 1.0 438.3521309752531 404.44811927606025 1.0
1.0 0.0 -79.37499999999999 79.37499999999999 114.375 1.0 79.37499999999999 145.625 1.0 79.37499999999999 83.125 1.0
0.03888701728015506 0.9992436138835479 -232.49902101654436 469.3763057309376 214.40855215678988 1.0 459.3428557274669 214.7990184437328 1.0 479.40975573440835 214.01808586984694 1.0
-0.10333431340788325 0.9946466808231561 -283.6471489512437 219.3914709288174 307.9664587164902 1.0 213.07973189105627 307.31072916704153 1.0 225.7032099665785 308.62218826593886 1.0
-0.0013399358675137154 0.9999991022855326 -110.70278591228852 603.125487689538 111.51103549092522 1.0 585.6238441911995 111.48758439000896 1.0 620.6271311878766 111.53448659184147 1.0
0.029896211279184983 -0.9995530083748186 245.69709890610883 436.8899796562628 258.874168629024 1.0 448.16727815236715 259.21146789747013 1.0 425.6126811601585 258.53686936057784 1.0
-0.09861508517550224 0.9951256528578833 -291.3400143265287 602.5639166791893 352.48001625340913 1.0 588.2060446188907 351.0571780700109 1.0 616.921788739488 353.9028544368074 1.0
-0.9997000714439802 -0.02449014403593726 252.32290972815989 247.6831093495923 192.48917478753302 1.0 248.06640278888594 176.84294265090034 1.0 247.2998159102987 208.1354069241657 1.0
-0.03109178925068247 0.9995165334506434 -459.18082572047143 591.2408372064201 477.7945589139896 1.0 571.8651440331154 477.1918425520596 1.0 610.6165303797248 478.39727527591964 1.0
0.07990679345132554 -0.9968023396643525 226.63557451345253 11.810120844733751 228.30933911838466 1.0 20.65359740538791 229.01825986104842 1.0 2.9666442840795937 227.6004183757209 1.0
-0.9967974525177639 -0.0799677350816955 262.9847313946847 255.30383298444804 106.27437489737562 1.0 255.66456170835656 101.77789300158783 1.0 254.9431042605395 110.77085679316343 1.0
-0.03478646609669747 0.9993947677352045 -182.26234042698968 521.2537843986697 200.51627644587094 1.0 491.8708742687287 199.4935298395686 1.0 550.6366945286109 201.5390230521733 1.0
-0.03979242880610219 0.9992079676472319 -434.2133606841932 633.1341014415319 459.77145821030274 1.0 628.1171680585364 459.5716640023583 1.0 638.1510348245274 459.9712524182471 1.0
-0.38100677914686626 -0.9245722439291216 400.42902218111186 234.24747079963183 336.56553054852486 1.0 240.91118836146273 333.8194805972652 1.0 227.58375323780092 339.31158049978455 1.0
-0.9594647406496912 -0.28182869167283264 385.38712194940865 350.8504208826812 173.00762949634031 1.0 352.68937660767193 166.74704201934634 1.0 349.0114651576904 179.2682169733343 1.0
-0.0471935302331524 0.9988857645917939 -215.40119142361308 236.93591062003145 226.83578194487026 1.0 221.85146669564264 226.12309968866967 1.0 252.02035454442026 227.54846420107086 1.0
0.05906791023950126 -0.998253966673781 158.72124110146063 476.1952126195338 187.1759125581434 1.0 481.8374398779833 187.50977005771682 1.0 470.55298536108427 186.84205505856997 1.0
0.04087297539201851 -0.9991643507864977 168.691117056507 512.5082853487644 189.7974596896869 1.0 533.1754020086973 190.642892725804 1.0 491.8411686888315 188.95202665356976 1.0
-0.030234173520991243 0.9995428428794348 -199.97903214825632 518.7269827707673 215.76095041018783 1.0 491.78211075009165 214.94592187791682 1.0 545.6718547914429 216.57597894245882 1.0
-0.010923170672321295 -0.9999403403915972 224.50894086606218 49.9956434949872 223.97619225121514 1.0 54.370121488985475 223.9284062305891 1.0 45.62116550098892 224.02397827184117 1.0
0.1519902390649556 -0.988381994589631 294.9245776696617 524.4271265599409 379.03602459208923 1.0 530.7205256246784 380.00380348083536 1.0 518.1337274952033 378.0682457033431 1.0
0.19535310459846703 0.9807329730990696 -285.00534561909666 78.7343172539225 274.92126776680334 1.0 73.20423993405335 276.02280896378403 1.0 84.26439457379165 273.8197265698226 1.0
-0.9999059987196468 -0.01371108035369872 150.87524213723842 146.2100874059781 341.24945270376963 1.0 146.33873419731768 331.8676465252524 1.0 146.08144061463852 350.63125888228694 1.0
-0.022271012122966578 0.999751970250131 -243.7714636037635 215.62755341623648 248.63537643016681 1.0 208.11735747093797 248.4680752695582 1.0 223.13774936153501 248.80267759077543 1.0
0.9991450959713877 0.04134098688138128 -567.5493646663125 563.8454602115553 101.25394979605015 1.0 563.4571516229469 110.63874322502531 1.0 564.2337688001638 91.86915636707499 1.0
0.06722057759208447 -0.9977381389664257 232.1137630076101 116.88243269186628 240.51467842265203 1.0 123.18802707152618 240.93950501763538 1.0 110.5768383122064 240.08985182766867 1.0
-0.045082449350391 0.9989832695098398 -215.88196433412506 187.51967001600286 224.56413155937628 1.0 154.3212547537791 223.0659424302362 1.0 220.7180852782266 226.06232068851634 1.0
0.9999533180697745 -0.009662384863397622 -277.43205519201905 278.3991279579292 98.74131187405055 1.0 278.5140384750114 110.6333193299694 1.0 278.28421744084693 86.84930441813172 1.0
-0.110881905664098 0.9938335891869915 -330.10319695079147 463.73436112155275 383.89017113617393 1.0 458.1096455032723 383.2626222252101 1.0 469.3590767398332 384.51772004713774 1.0
-0.09803708535997593 -0.9951827620563576 353.5042516859222 258.8451766399679 329.71614613846157 1.0 264.5990472782333 329.1493229091802 1.0 253.09130600170258 330.28296936774285 1.0
0.058552858074013746 -0.9982843096089232 233.20855169404282 180.63501643115012 244.20422702009176 1.0 211.92400876775034 246.0394355973773 1.0 149.34602409454988 242.36901844280624 1.0
-0.9514399374321555 -0.3078344448873391 544.0781161660199 434.7687024413326 423.6751646343874 1.0 440.7287499816821 405.25413556157486 1.0 428.80865490098313 442.0961937071999 1.0
0.050821870956314116 -0.9987077337402067 162.69988536377585 543.7522556803576 190.58067330805224 1.0 551.9197151664557 190.99629597524526 1.0 535.5847961942595 190.16505064085922 1.0
-0.09554176008058288 -0.995425422661439 230.06172649762783 66.9059356654697 224.69731087065503 1.0 71.97917539701076 224.21037710120575 1.0 61.83269593392863 225.1842446401043 1.0
-0.07788293054282876 0.9969625113965224 -161.12407079673127 473.75975016397047 198.62519026453165 1.0 466.78086527239714 198.07999824270183 1.0 480.73863505554385 199.17038228636147 1.0
-0.22540431712213024 -0.9742653097707555 240.6359902818786 125.12571830361958 218.04339235194607 1.0 131.15118960276186 216.64934985664084 1.0 119.10024700447731 219.43743484725132 1.0
0.11372155769201263 -0.9935126608735806 210.6621424294156 623.3805511833145 283.3924124301757 1.0 638.4690218115093 285.11950102260465 1.0 608.2920805551198 281.66532383774677 1.0
-0.30027448883941094 -0.953852835269797 400.8011287755562 439.37522739789017 281.875722352815 1.0 474.44165931127816 270.83675016667445 1.0 404.3087954845022 292.91469453895553 1.0
0.05192329327319869 -0.9986510760098671 234.75856455213375 244.39280859344922 247.782483763275 1.0 255.67729483999705 248.36920289159954 1.0 233.10832234690142 247.19576463495045 1.0
0.056376989668694866 -0.998409552756731 233.97251113006524 350.60282867084914 254.142643646842 1.0 369.3987730622239 255.20399042566643 1.0 331.80688427947445 253.08129686801757 1.0
0.9398542147787234 0.3415758407186747 -551.9856901927137 417.5429955290865 467.11777290121825 1.0 413.34802095165526 478.6603472507184 1.0 421.7379701065177 455.5751985517181 1.0
-0.5018051728813762 -0.8649806752000255 412.66737338523393 247.66253754127615 333.40517214607644 1.0 252.56356981804694 330.56191400233416 1.0 242.7615052645054 336.2484302898187 1.0
-0.999989665490981 0.0045463074286602595 247.83375259101547 248.5381616987008 154.37596309199594 1.0 248.44722357173518 134.37353505744267 1.0 248.62909982566643 174.37839112654922 1.0
0.2967989971170451 -0.9549399747158542 171.48088716526578 114.16367454904167 215.0549319497544 1.0 120.57167733673775 217.04656372899512 1.0 107.7556717613456 213.06330017051368 1.0
0.01419753400529081 0.9998992099347657 -241.94769986691045 73.76313018256084 240.92472813687232 1.0 64.36340220785631 241.0581945465218 1.0 83.16285815726539 240.79126172722283 1.0
-0.061942318964278646 0.9980797308438478 -161.74998802969534 559.3424291477822 196.7748157957021 1.0 553.077769857624 196.38602168240473 1.0 565.6070884379403 197.16360990899946 1.0
0.0638933285079144 -0.9979567338177441 316.29579064957034 603.7517235690324 355.5980793908801 1.0 618.1477431527956 356.51977226322833 1.0 589.3557039852692 354.67638651853184 1.0
-0.766663809030276 -0.6420487550982313 474.02546366640735 252.71762331203502 436.53383912572474 1.0 256.72465079758075 431.74908885471535 1.0 248.71059582648928 441.3185893967341 1.0
0.003116662111052466 0.9999951431968486 -191.6291352854723 51.2487388060603 191.47034021674799 1.0 45.62379344496307 191.48787135597695 1.0 56.87368416715753 191.45280907751902 1.0
-0.9426177836981864 -0.3338737992953613 549.8979184904595 455.1755585916966 361.93718258876754 1.0 459.59718959889983 349.4536992212873 1.0 450.7539275844934 374.4206659562478 1.0
0.04455989860550723 0.9990067144100018 -428.6553264950952 89.40705243099559 425.0935966481037 1.0 84.36133580643884 425.31865681831 1.0 94.45276905555234 424.86853647789735 1.0
-0.1777679976077793 0.984072425701747 -390.79314422205135 159.93063534509005 426.0089827479285 1.0 154.0460521015208 424.94596080701837 1.0 165.81521858865932 427.0720046888386 1.0
0.9995944769929692 0.028475982250876258 -487.7645963191359 482.44306270767095 193.74837799691466 1.0 482.3180240053837 198.1376206616827 1.0 482.5681014099582 189.35913533214662 1.0
-0.22191636886445337 -0.975065703032373 397.6033388045669 565.0934324891891 279.16052769664316 1.0 575.8713814454494 276.70756141063663 1.0 554.315483532929 281.61349398264974 1.0
0.15768781533426826 -0.9874890140629949 374.27382692104584 55.66031606811972 387.9038400504237 1.0 65.6063053286885 389.4920717122466 1.0 45.71432680755093 386.3156083886007 1.0
-0.227813317002767 -0.9737048282699419 281.29589115628346 90.80561797441868 267.64698557168487 1.0 100.84118621715511 265.2990090360775 1.0 80.77004973168225 269.9949621072922 1.0
-0.30467897111697406 -0.9524551036973354 402.2033855894965 367.60064811325236 304.68963546300324 1.0 398.284681963171 294.8741808270623 1.0 336.9166142633337 314.50509009894415 1.0
0.9995784146866148 -0.02903433988562618 -262.38048760242305 271.49485761853623 309.9747336063108 1.0 271.84054879043487 321.87600069000416 1.0 271.14916644663765 298.0734665226174 1.0
-0.0636946064966695 0.9979694369584845 -233.98185321657022 300.0092044733582 253.60578397292988 1.0 293.12236807415917 253.16623711086285 1.0 306.89604087255714 254.04533083499695 1.0
-0.10297396201056297 0.9946840519219392 -276.338859759363 477.5257538275466 327.2512291356332 1.0 469.294858581142 326.39913153461254 1.0 485.7566490739513 328.10332673665386 1.0
-0.08727859367546495 0.9961839423951949 -270.8540226718941 417.52434694699866 308.472107831656 1.0 404.33630445361763 307.31666479230415 1.0 430.71238944037975 309.62755087100777 1.0
-0.06058978286501283 0.9981627513649117 -235.11819079131757 334.39931501919386 255.8494316977148 1.0 324.32262911637804 255.23776370067156 1.0 344.4760009220097 256.46109969475805 1.0
0.06471995141794043 -0.9979034662172787 326.37679767797846 565.6252178239139 363.7466414183887 1.0 578.113224587428 364.55656263662564 1.0 553.1372110603997 362.9367202001518 1.0
0.30011195307663613 0.9539039865838317 -397.8963730621762 441.69003126054275 278.1620780057149 1.0 413.9830226891539 286.87910254195714 1.0 469.3970398319316 269.44505346947255 1.0
-0.04848233097205946 0.99882404035121 -215.13073427147174 453.75441759525836 237.40898951729173 1.0 431.840038108668 236.34527843666675 1.0 475.6687970818487 238.47270059791668 1.0
0.16739207685177782 0.9858904059819472 -284.76162549634165 45.5986667669126 281.094904954 1.0 36.78441100171375 282.5914572781601 1.0 54.41292253211145 279.59835262983995 1.0
-0.9967326956648663 -0.0807708697034334 362.63326970955086 348.67891882572644 186.8692398917076 1.0 349.0936860342912 181.75090899612576 1.0 348.26415161716176 191.9875707872894 1.0
0.29032064236471355 -0.956929425097243 22.568320636528235 627.0944159986249 213.83685039445777 1.0 633.113482966445 215.66296143535945 1.0 621.0753490308048 212.01073935355612 1.0
-0.053236605721925616 -0.9985819264392923 235.41195561203327 101.8917500101675 230.31418714987785 1.0 108.15726235417436 229.9801588628918 1.0 95.62623766616065 230.64821543686392 1.0
-0.05788373508908109 0.998323330996595 -235.72130959108935 248.13200818471898 250.50412952918165 1.0 230.6184090494758 249.48867441426535 1.0 265.6456073199622 251.51958464409796 1.0
0.059112996316373775 -0.998251297853652 232.99399750315337 222.51753586882467 246.57886877837274 1.0 231.93353840356414 247.13645194840996 1.0 213.10153333408516 246.0212856083355 1.0
0.9998546855058917 -0.017047224756953753 -51.890492866617016 54.15700164913734 132.4930607430361 1.0 54.31697778732084 141.87598926145446 1.0 53.99702551095384 123.1101322246177 1.0
-0.04701999616093836 0.9988939483053371 -215.5579962810068 268.14059925627464 228.41860901822582 1.0 253.08569747633206 227.7099437739352 1.0 283.1955010362172 229.1272742625164 1.0
-0.07409576949146493 0.9972511303295011 -228.62005442564666 438.13032573130846 261.80332125769587 1.0 426.84972517834694 260.96517251774776 1.0 449.41092628427 262.64146999764404 1.0
0.005961194332291371 0.9999822319232141 -113.97697198648808 266.87433280618677 112.38807914635004 1.0 256.87096248430714 112.44771224038203 1.0 276.87770312806646 112.32844605231804 1.0
0.06243964669557165 -0.9980487415555074 231.89611010069655 305.572347064249 251.46661584900804 1.0 330.63067385428155 253.03430789289885 1.0 280.5140202742165 249.89892380511722 1.0
0.17776943248396684 0.9840721664971164 -286.0196010184068 32.570498399833234 284.7652555804397 1.0 28.333757023508046 285.5306091141461 1.0 36.807239776158426 283.9999020467333 1.0
0.9991493285704552 0.041238564684145634 -412.368162981331 400.08011669956466 306.2275106637338 1.0 399.58869955048556 318.1338201657987 1.0 400.5715338486437 294.32120116166897 1.0
-0.05424053802299172 0.9985278984760397 -237.4414595027614 395.63003359293566 259.2823353038332 1.0 364.3365704907319 257.582458637536 1.0 426.9234966951394 260.9822119701303 1.0
-0.06260482735386046 0.9980383938466464 -234.4093374637067 315.0231595509496 254.63079331085345 1.0 306.81285059675344 254.11577807920668 1.0 323.23346850514565 255.14580854250022 1.0
-0.14925544800634857 -0.9887986707315216 399.36212107443237 9.278489503525062 402.48563003461015 1.0 15.57373655951286 401.535386119985 1.0 2.983242447537265 403.4358739492354 1.0
-0.031229939250705382 0.999512226485698 -248.9781752555393 470.64280979294654 263.80499870546225 1.0 466.85744881945067 263.6867244211547 1.0 474.42817076644235 263.9232729897698 1.0
0.27462972534535157 0.9615500579568058 -391.22405110301173 364.2887617656485 302.8230575240553 1.0 357.84997048261266 304.662050166179 1.0 370.7275530486843 300.9840648819316 1.0
-0.009939546881716383 0.9999506014837864 -129.2119511329211 296.8782870139502 132.16931575294717 1.0 278.12392750262745 131.9828967085236 1.0 315.632646525273 132.3557347973707 1.0
-0.02175710381976402 0.9997632861999766 -213.36272872489135 235.00484249456053 218.52748195185518 1.0 224.37127709644776 218.29607158748746 1.0 245.6384078926733 218.75889231622287 1.0
-0.07163696851429009 0.9974307719045381 -229.32639405275566 458.1467698732687 262.82188916283064 1.0 450.59594264170045 262.2795774677424 1.0 465.6975971048369 263.36420085791883 1.0
0.29421706727473684 0.9557386239575405 -396.35171021701285 383.8407198622963 296.54469560403084 1.0 370.9731350254718 300.50588643455603 1.0 396.7083046991208 292.58350477350564 1.0
-0.9970468817459098 -0.0767952837142852 424.7426550123355 402.84368499444565 300.6514715603047 1.0 403.3259240551969 294.3904757214594 1.0 402.3614459336944 306.91246739915005 1.0
0.9999164236056292 -0.012928488068140061 -61.18136698557157 62.721829927016316 118.74713183472448 1.0 62.87544735782035 130.62822660802505 1.0 62.568212496212276 106.86603706142394 1.0
0.019777406618176646 -0.9998044079656078 321.86114119549524 475.6480840986279 331.3330328638292 1.0 484.3823031113213 331.50580685795245 1.0 466.9138650859345 331.16025886970596 1.0
0.8854039112581863 -0.4648224542002091 -221.32336151632177 308.9690755011668 112.3849889741702 1.0 312.7437825051577 119.57513289898941 1.0 305.19436849717596 105.194845049351 1.0
0.20896527609726784 -0.9779230610766845 162.49524293979215 566.1914578798331 287.14896747643763 1.0 572.0817137987765 288.40761348180985 1.0 560.3012019608898 285.89032147106536 1.0
0.04829604764568467 -0.9988330650222818 237.7116214382687 471.8964347188313 260.80669859228897 1.0 485.64451253664265 261.47145213777833 1.0 458.14835690102 260.14194504679955 1.0
0.017185543481929254 -0.999852317642576 181.53520136839978 564.9888605818804 191.273089659528 1.0 576.8818321417367 191.4775070282382 1.0 553.0958890220242 191.06867229081786 1.0
-0.05249726264411421 0.9986210679806804 -237.33386282725226 279.38295512474747 252.3486748685341 1.0 266.88463911175666 251.69164148582178 1.0 291.8812711377382 253.00570825124638 1.0
-0.05442353380242279 0.998517941235137 -236.43782885115445 163.12202311505501 245.67961742042232 1.0 124.35094036770948 243.56642621441694 1.0 201.89310586240055 247.7928086264277 1.0
0.15007368727290454 -0.9886748142783423 400.2327473276532 164.3166421520158 429.7594573660176 1.0 189.3099921425709 433.55326715687653 1.0 139.32329216146064 425.96564757515864 1.0
0.28692326612140395 0.9579535684772127 -419.7935832634139 478.8738039139196 294.7883453614059 1.0 464.3079293898444 299.1510706853542 1.0 493.43967843799476 290.4256200374576 1.0
0.24035602693358724 0.9706847996732516 -378.10662971272205 406.8813779309309 288.77575745941135 1.0 401.7327768883706 290.050627830589 1.0 412.0299789734912 287.50088708823375 1.0
0.9999245067747244 -0.012287422484968398 -52.35386860911428 53.57900188959007 99.37710128465949 1.0 53.84018426850071 120.63157200298623 1.0 53.31781951067943 78.12263056633275 1.0
0.28856275486243443 0.9574609843258379 -420.559494829541 447.3274573084314 304.427497511291 1.0 431.44940941690123 309.212876045168 1.0 463.2055051999616 299.642118977414 1.0
-0.04142808858017373 0.999141488217056 -413.73702268484493 115.6193389662013 418.88652992277287 1.0 109.35419543067385 418.6267539807083 1.0 121.88448250172875 419.14630586483736 1.0
-0.0014330830477936561 -0.9999989731359619 113.28084024160732 226.87475755916296 112.95582586285246 1.0 253.1229122968584 112.91821003863568 1.0 200.62660282146754 112.99344168706926 1.0
0.08258928667170576 -0.9965836692054806 223.19512930724957 382.4457639613448 255.6544523216549 1.0 396.8770381030744 256.8504067346742 1.0 368.01448981961516 254.45849790863556 1.0
-0.9999874934267202 0.005001298845816004 80.75934220914313 81.3261449811447 113.12774502230315 1.0 81.17610789224354 83.1284954120075 1.0 81.47618207004587 143.12699463259878 1.0
-0.3321228119997842 -0.94323615163402 351.0855993910248 51.18523407245055 354.1910633294325 1.0 69.26888477578603 347.82363040989355 1.0 33.10158336911506 360.5584962489714 1.0
-0.030766307380080224 0.999526605113738 -168.20066382294496 269.36510021075725 176.57162139612302 1.0 256.85771244240016 176.18663300798568 1.0 281.87248797911434 176.95660978426037 1.0
-0.07863781860972736 0.996903251817499 -339.2450213646383 316.85190460558647 365.2927837292528 1.0 310.59155758562963 364.7989544308813 1.0 323.11225162554325 365.7866130276243 1.0
-0.053316616229816406 0.9985776576880752 -329.14506536991547 566.9146220092149 359.88291139887417 1.0 555.6300509746463 359.2803992772219 1.0 578.1991930437835 360.4854235205264 1.0
-0.024299696971258073 0.9997047187680496 -219.0466366814295 135.0177878545195 222.39319654907845 1.0 116.87312456668224 221.95215649868908 1.0 153.1624511423568 222.83423659946783 1.0
-0.07564688307468713 -0.9971346694810508 239.429846055371 624.3938662993928 192.74868494833873 1.0 633.1409386849473 192.08509478118486 1.0 615.6467939138383 193.41227511549263 1.0
-0.21946361031555525 -0.975620686408023 328.7403822203834 88.31376273279818 317.0891406059347 1.0 94.00968676838667 315.80785570664074 1.0 82.61783869720968 318.37042550522864 1.0
0.05613577536247552 -0.9984231441250015 233.7113322538585 453.7027925196616 259.58962572247947 1.0 458.09903544491567 259.8368019891186 1.0 449.30654959440756 259.3424494558403 1.0
0.9999944558716334 -0.0033298987966080603 -62.148423967186716 62.45678635347923 92.50014389786733 1.0 62.496335612601236 104.37709340039315 1.0 62.417237094357226 80.62319439534151 1.0
0.0770781094256658 0.9970250573818921 -374.1480809966952 408.0261036052328 343.720749841916 1.0 400.42656985524064 344.30825533099977 1.0 415.6256373552249 343.1332443528322 1.0
-0.05751518633908882 -0.9983446315478337 341.9571244873685 551.2940015468827 310.7637758113334 1.0 559.4280115599696 310.29517099611905 1.0 543.1599915337957 311.23238062654775 1.0
0.02386111038345966 -0.9997152831737985 177.68499239939305 597.5120065804463 191.99695710811983 1.0 609.3653365705026 192.2798712738475 1.0 585.6586765903899 191.71404294239218 1.0
0.17054472624697506 -0.9853499359868779 308.2119392034283 315.7429874054012 367.44330854628134 1.0 322.02126080144757 368.5299543951594 1.0 309.46471400935485 366.3566626974033 1.0
0.9999559196348577 -0.009389291091766505 -104.52462768244523 107.59261845755148 326.2491303400067 1.0 107.70416647364308 338.1289515026638 1.0 107.48107044145989 314.36930917734946 1.0
-0.08241866295931535 0.9965977944968566 -316.89939418197156 384.29129668342523 349.7621316907507 1.0 376.7909065423736 349.14184923526847 1.0 391.7916868244769 350.382414146233 1.0
-0.134787920018134 0.9908744706657776 -370.24449633093315 13.149751815096137 375.4430405063147 1.0 0.5429543351310462 373.72814718660624 1.0 25.756549295061227 377.15793382602305 1.0
-0.9999989417297346 0.0014548331213451665 43.26673554819763 43.458638273738906 131.87542388313824 1.0 43.43136150441844 113.12637283799077 1.0 43.48591504305937 150.62447492828568 1.0
-0.271071414382751 -0.9625592388546976 331.34089551404986 51.7759280254746 329.64820102994577 1.0 80.53337995544614 321.5496624111937 1.0 23.01847609550307 337.7467396486978 1.0
0.2527477184794755 0.9675322169330692 -386.64187520077326 332.2836484786061 312.81432893175315 1.0 322.46394714484956 315.37952217784897 1.0 342.1033498123626 310.24913568565734 1.0
0.9999724387956129 -0.00742439554134065 -57.61187837763056 59.149442868553486 206.87667467151698 1.0 59.24224525500421 219.37598565090255 1.0 59.056640482102765 194.3773636921314 1.0
0.9462471394583883 0.3234445100273267 -545.7651792014148 466.7589373963774 321.83532768777224 1.0 463.30604165600806 331.93688333605485 1.0 470.21183313674675 311.7337720394896 1.0
-0.03152979313085598 0.9995028124748452 -246.08391035339005 354.35891993667786 257.384742276092 1.0 345.57822590926924 257.10775109330183 1.0 363.1396139640865 257.6617334588822 1.0
0.09400648502788843 -0.9955715849564517 318.8840682958466 380.00618981322697 356.18444705263494 1.0 388.11788127281477 356.9503905701771 1.0 371.89449835363916 355.4185035350927 1.0
-0.33002022892725746 -0.9439738600717715 412.56242684353765 486.8620645198215 266.83799997974177 1.0 493.2101822464446 264.6186511672248 1.0 480.51394679319844 269.0573487922587 1.0
0.06489240967668368 -0.997892266312528 232.20798964722692 136.27048078742558 241.56005377621472 1.0 148.17641940972447 242.3342907081419 1.0 124.36454216512672 240.78581684428755 1.0
-0.07808809746107552 0.9969464624717366 -354.4425621332037 457.5398661804818 391.3660306577335 1.0 449.3670983414169 390.7258800422618 1.0 465.71263401954667 392.00618127320524 1.0
-0.02420741070539909 0.9997069576965744 -170.18681230255018 229.9956188866655 175.80592928385528 1.0 213.13050761528592 175.39754893599894 1.0 246.86073015804513 176.21430963171164 1.0
-0.9648993858647121 -0.262619830092667 298.20237648032287 251.288095825104 212.22558526483436 1.0 252.770633061334 206.7785507882104 1.0 249.80555858887402 217.6726197414583 1.0
0.1502175665134804 0.9886529637394348 -155.10953769634568 295.3609468060539 112.01214084784664 1.0 290.19531143811395 112.79701602946034 1.0 300.5265821739939 111.22726566623294 1.0
-0.03859096250969171 0.9992550913618481 -321.8985696174743 430.57605857420674 338.76726481336476 1.0 421.8149882352415 338.42891463639944 1.0 439.33712891317197 339.1056149903301 1.0
0.2715960827953304 0.9624113298430312 -418.7857608196939 585.7561137847053 269.8396068183324 1.0 570.8823784654649 274.0370306473922 1.0 600.6298491039458 265.6421829892726 1.0
-0.2533441931135001 -0.9673762038708982 412.6731358998357 597.2489273760424 270.1778142360944 1.0 604.7270761692978 268.2193770071972 1.0 589.770778582787 272.1362514649915 1.0
0.022690407186225305 -0.9997425395679246 248.09239927003506 406.25279833415857 257.37670500245673 1.0 414.3877929940252 257.5613388796647 1.0 398.11780367429196 257.1920711252488 1.0
-0.1108247409790057 0.9938399653802097 -404.73390260123983 200.05012983345634 429.5504520786003 1.0 184.41052165227703 427.80645346104694 1.0 215.68973801463565 431.2944506961536 1.0
-0.02243624797591697 -0.9997482757058214 351.22060567172116 429.3564509950485 341.67346537904837 1.0 438.0880272492031 341.4775122428246 1.0 420.6248747408938 341.8694185152721 1.0
-0.999983512571229 0.0057423501901856765 59.48194149564853 60.674498503820665 207.50330478561347 1.0 60.60628861048065 195.62510744912274 1.0 60.74270839716068 219.38150212210417 1.0
0.30743501349767577 -0.9515690791927215 83.10196460259151 598.7055430260393 280.76260267997515 1.0 602.2665437592898 281.9130985634909 1.0 595.1445422927887 279.6121067964594 1.0
-0.009394429149963579 0.9999558713768054 -106.76292883447783 462.50716053530107 111.11282284136881 1.0 441.88398080084403 110.91907129051731 1.0 483.13034026975805 111.30657439222031 1.0
-0.9998079793839948 -0.01959602919199205 227.43635909232188 223.49868849296894 203.13232421701758 1.0 223.768562160737 189.36311394403086 1.0 223.22881482520089 216.90153449000428 1.0
0.030647451483800475 0.9995302565293098 -153.429006551431 631.2621250816171 134.145445146412 1.0 624.3744368779066 134.35663444126308 1.0 638.1498132853275 133.9342558515609 1.0
0.06845404694625726 -0.9976542705049078 263.78063871906005 576.2796909374845 303.94228211262623 1.0 584.4519843809067 304.5030240204933 1.0 568.1073974940624 303.38154020475923 1.0
0.03878948722540241 0.9992474046405075 -226.03190837679165 596.2715699486289 203.05565867783824 1.0 590.5823579083545 203.27650650464668 1.0 601.9607819889032 202.8348108510298 1.0
0.9995360455624843 0.03045806332174194 -504.6680619229352 496.4841506342709 276.2571350851999 1.0 496.1208895142347 288.178201096262 1.0 496.84741175430713 264.33606907413775 1.0
0.27162309660725664 0.962403706034783 -384.53517745028125 559.3246441712505 241.69658131317166 1.0 552.8822359005176 243.51484829731962 1.0 565.7670524419834 239.8783143290237 1.0
-0.9990164055203327 -0.04434209626567479 511.11154628626315 499.40739031782533 275.0291787648291 1.0 499.9346636755554 263.1498410941409 1.0 498.8801169600953 286.90851643551736 1.0
0.13029148937911653 0.9914757323280139 -444.6313665193433 430.00931238619717 391.94586422120574 1.0 419.403204966061 393.33963059109936 1.0 440.61541980633336 390.5520978513121 1.0
-0.16090634535102563 0.9869696793852263 -40.348765276048574 580.7375711686639 135.55950932977888 1.0 575.7677693759837 134.74927912688423 1.0 585.7073729613442 136.36973953267352 1.0
-0.2538602783952037 -0.9672409002172673 377.91576855259285 571.8742587865161 240.62217587957457 1.0 580.9811548439973 238.23199658923537 1.0 562.767362729035 243.01235516991375 1.0
0.03383954630038713 0.9994272785481614 -348.42652122039635 453.1092349197322 333.28438940557226 1.0 444.3481170715117 333.581031551961 1.0 461.87035276795274 332.9877472591835 1.0
-0.017652179712002728 -0.9998441881370392 84.65856426663224 539.3776320410395 75.14908249175213 1.0 583.125030458472 74.37672521052816 1.0 495.630233623607 75.92143977297609 1.0
0.28864922455034664 -0.9574349195462235 27.651668847767084 590.778742863545 206.9900426757833 1.0 595.8803313276607 208.52807886401834 1.0 585.6771543994291 205.45200648754823 1.0
0.003004898389814029 -0.999995485282642 218.1710212418271 438.1246588455773 219.48853225241672 1.0 446.8783359442313 219.51483628139067 1.0 429.3709817469233 219.46222822344276 1.0
0.046793403336322155 0.9989045887391871 -399.41153354440786 503.0972251020804 376.2820858068567 1.0 496.80248256165993 376.5769612433225 1.0 509.39196764250096 375.9872103703908 1.0
0.07072305979972802 -0.9974959893716687 188.37391689066155 235.6300973616055 205.55310551788546 1.0 245.66826231036404 206.26481739193298 1.0 225.59193241284694 204.84139364383796 1.0
-0.9997006675632165 -0.02446579803847417 257.40027117237855 252.76610681200924 192.50651246491128 1.0 253.1180714943835 178.1248304378254 1.0 252.41414212963497 206.88819449199713 1.0
0.28896967034516985 0.9573382524586614 -428.13605543539654 618.5279133581012 260.5142409931955 1.0 606.7800116962884 264.06030975388995 1.0 630.2758150199139 256.968172232501 1.0
-0.04217436748777455 0.9991102655498071 -208.33353111784766 287.4987364798352 220.65493277771648 1.0 259.371090723763 219.46761070768477 1.0 315.6263822359074 221.8422548477482 1.0
-0.020908281622436235 -0.9997813979863782 85.51140583267646 336.86946230298395 78.48520126788372 1.0 345.62870200527414 78.30202057372122 1.0 328.1102226006937 78.66838196204624 1.0
-0.01646122685540099 -0.9998645048257364 83.62702232392209 440.6272078743616 76.38410757440701 1.0 485.62530100760443 75.64328337717654 1.0 395.6291147411188 77.12493177163749 1.0
0.3126002884352872 0.949884761258004 -326.147410175322 35.92365072216225 331.5324968271482 1.0 22.032614899949667 336.1039374711034 1.0 49.81468654437484 326.9610561831929 1.0
0.283233987805159 0.9590508371050968 -418.26219546061407 568.1828874870515 268.32101123207315 1.0 556.8167450462123 271.6777444988912 1.0 579.5490299278907 264.9642779652551 1.0
-0.15939119377390445 0.9872155019788383 -56.38993510174054 455.0067098396198 130.58344150776674 1.0 449.3279242515755 129.66657136923052 1.0 460.6854954276642 131.50031164630295 1.0
-0.02776813391508753 0.9996143910222951 -174.18295030123988 56.24478985362989 175.81255805870217 1.0 45.62798246452935 175.51763540454775 1.0 66.86159724273043 176.10748071285656 1.0
-0.27757790694121387 -0.960703130825613 418.43869835779384 513.0707015272898 287.3120718132555 1.0 526.5946146172593 283.40458013479855 1.0 499.54678843732023 291.21956349171245 1.0
0.28323835455636615 0.959049547473019 -390.62264656704116 518.0999462856238 254.29016772693927 1.0 494.21796834782185 261.34328834252955 1.0 541.9819242234257 247.23704711134903 1.0
0.041366086710158186 0.9991440571160335 -319.62824778065124 350.09450393246004 305.40761965298225 1.0 343.2312681102268 305.69176807593766 1.0 356.95773975469325 305.1234712300269 1.0
-0.2733080173158053 -0.9619265708311125 416.2674090371001 564.5957721097823 272.3272918332576 1.0 598.8677619098188 262.58974027189214 1.0 530.3237823097459 282.06484339462315 1.0
-0.1874118567178673 -0.9822814240132822 267.75859263681593 432.3979670168486 190.09021471084316 1.0 441.90391494272274 188.27655183674267 1.0 422.89201909097443 191.90387758494361 1.0
0.4367821047378957 0.8995673365461498 -387.77726003968303 447.26960634896744 213.90049657880132 1.0 442.7469754681515 216.09644584776862 1.0 451.7922372297834 211.704547309834 1.0
0.23175212122169808 -0.9727748733953008 19.884981160347184 632.6685958516362 171.1673222995077 1.0 638.2732857701013 172.50257345876165 1.0 627.063905933171 169.8320711402538 1.0
-0.9990930106653412 -0.0425811700128652 269.7599633054897 261.9058965355126 190.02795419604718 1.0 262.41222253151886 178.14789633067707 1.0 261.3995705395064 201.9080120614173 1.0
-0.2053083549019844 -0.9786973379995682 385.0903527628914 626.8937471976146 261.9643671979845 1.0 638.1718794419775 259.5984725668721 1.0 615.6156149532518 264.33026182909686 1.0
0.2764453646138895 0.9610296355386204 -417.37946731176635 383.2170542298809 324.0700156498039 1.0 374.637611724023 326.5379386190956 1.0 391.79649673573874 321.6020926805122 1.0
-0.32985323010201895 -0.9440322275172943 351.2472442348951 16.294637691013236 366.37775202736503 1.0 31.971168866566025 360.9002330462068 1.0 0.6181065154604481 371.8552710085233 1.0
0.26080629968649416 0.9653911508004612 -329.10677337766845 66.8028444120647 322.8579114896486 1.0 55.3738932273577 325.94551226712565 1.0 78.23179559677172 319.77031071217147 1.0
-0.9996886881482397 0.024950486737767907 197.23515242533003 200.35373926354026 122.49117128471269 1.0 200.15069058953372 114.35564011527165 1.0 200.5567879375468 130.62670245415373 1.0
0.9988664775203887 -0.04760000090347371 -36.92499883805211 44.59246996286723 160.01942044364515 1.0 44.861332567353344 165.6613918214316 1.0 44.3236073583811 154.37744906585868 1.0
-0.3693739380266322 -0.9292808477025111 352.61857350027714 470.3718311782091 192.4880710965084 1.0 474.46832234598077 190.85978285784287 1.0 466.27534001043745 194.11635933517394 1.0
-0.1422970012347168 -0.9898240062958703 241.2241235097683 63.68511942636952 234.54868796415627 1.0 75.58376109442617 232.83814041493386 1.0 51.78647775831287 236.25923551337868 1.0
-0.04921740532772731 0.9987880891424398 -285.0505123787875 295.0032867281036 299.93330113889044 1.0 286.8672447472371 299.53238038273736 1.0 303.13932870897 300.3342218950436 1.0
0.08553701275319732 -0.996334993588632 182.12784702437682 600.5728044117246 234.35797413231697 1.0 606.8303404826906 234.89519398924273 1.0 594.3152683407586 233.8207542753912 1.0
-0.030827349069715588 0.9995247243311862 -167.37520190514766 377.4892880601918 179.09731655516617 1.0 358.1134426798105 178.4997265861321 1.0 396.8651334405732 179.69490652420023 1.0
-0.010287577780164817 0.9999470814715231 -175.46646090627974 84.3740350028583 176.34379720825225 1.0 70.6190608280259 176.20228435291244 1.0 98.12900917769072 176.48531006359207 1.0
0.009156988395043019 0.9999580739028676 -209.15173431170402 624.389356358578 203.4427377815246 1.0 619.3897756107602 203.4885208039159 1.0 629.3889371063956 203.3969547591333 1.0
-0.026071406402932058 0.9996600831123413 -390.1924664275675 398.7636918844723 400.72500989559217 1.0 389.3787751527134 400.4802487189634 1.0 408.1486086162312 400.9697710722209 1.0
0.3383214184979664 0.9410306146908951 -347.9057233334548 14.427210679693564 364.5202223989353 1.0 0.6592006230814285 369.4701279806759 1.0 28.1952207363057 359.5703168171946 1.0
-0.4224811098787735 0.9063717293669302 59.17688266435599 577.1698134834886 203.7425205811049 1.0 566.4918607225918 198.76527649074947 1.0 587.8477662443854 208.71976467146035 1.0
0.9953188975175367 0.09664518738393257 -628.2465514455793 606.4448955637505 254.95823697918357 1.0 605.7718948266131 261.8892634466995 1.0 607.1178963008879 248.02721051166765 1.0
0.9445823456680771 0.32827456839084174 -271.709674371248 217.23184248165336 202.62401492806373 1.0 211.32567642413184 219.61850894526918 1.0 223.1380085391749 185.62952091085825 1.0
0.27739864200521747 0.960754908087209 -415.7866856323955 513.0227393897385 284.645826012332 1.0 500.3186240048036 288.3138836261877 1.0 525.7268547746735 280.97776839847626 1.0
0.9996911128369024 0.024853146982135848 -215.17639661769618 211.56095289234594 148.10165451308907 1.0 211.24999846597325 160.60946194550516 1.0 211.87190731871866 135.593847080673 1.0
-0.072020587983475 0.9974031456269399 -202.0215387755738 540.6009335807556 241.58329250607858 1.0 528.1208746687963 240.68213114033742 1.0 553.0809924927149 242.48445387181977 1.0
0.9999318715673357 0.011672712788614112 -246.49009948107243 244.27426374601114 191.25611999707849 1.0 244.1209846705933 204.38662663510613 1.0 244.427542821429 178.12561335905082 1.0
0.26329740262898566 0.9647147131503852 -249.2728236164077 464.15893624990724 131.7083481393601 1.0 460.5101526593676 132.70420238419385 1.0 467.8077198404469 130.7124938945264 1.0
0.9999880351936745 -0.00489177569951428 -201.6922547975066 203.10107094871165 287.50011705695215 1.0 203.1469307971838 296.87489271817566 1.0 203.05521110023946 278.12534139572864 1.0
0.9997041297555314 0.02432391723665644 -271.60449937994724 267.0618601737475 190.00454651658004 1.0 266.80275545210634 200.65365610463076 1.0 267.32096489538867 179.35543692852931 1.0
-0.7078713005345029 -0.7063414343499831 435.2804352641359 415.173823936733 200.1734482648239 1.0 422.66637720391236 192.6646668630318 1.0 407.6812706695536 207.682229666616 1.0
-0.04361790479914184 0.9990482863109935 -217.8020081305706 580.6420269332298 243.36000583263257 1.0 570.6338169037692 242.92305282620006 1.0 590.6502369626904 243.79695883906507 1.0
-0.9939753164168786 -0.10960415299597889 607.5548139746735 586.9770181410053 220.0112493859258 1.0 588.0283991542788 210.47651236385727 1.0 585.9256371277318 229.54598640799435 1.0
0.0072395849539121804 -0.9999737938614668 160.8384117832425 229.37497647077294 162.50324999438578 1.0 246.8785838899628 162.6299721681958 1.0 211.87136905158303 162.3765278205758 1.0
0.2899947639701943 0.95702823201297 -421.53410008823766 543.1974370550273 275.86405364964503 1.0 530.7078996831962 279.64858196457567 1.0 555.6869744268585 272.0795253347144 1.0
0.021286846884250386 -0.9997734094032139 156.9219743546678 277.50551250666314 162.8660956347387 1.0 298.1477692328574 163.30560378142786 1.0 256.8632557804689 162.4265874880496 1.0
-0.29999924265747335 -0.9539394395898213 400.7771878606152 535.7488424819408 251.643795086859 1.0 544.6056624249153 248.8584617994666 1.0 526.8920225389661 254.4291283742514 1.0
-0.9761230709146057 -0.21721820924646146 651.041229069886 609.9158372026898 256.37035335723806 1.0 610.9024556021485 251.93674263352636 1.0 608.9292188032309 260.8039640809498 1.0
0.9993585302227406 0.03581240107901043 -380.06228449497553 372.5343954252065 216.87623257342136 1.0 372.3099099169992 223.14058516579365 1.0 372.7588809334138 210.61187998104907 1.0
0.9999471363038281 -0.010282246727893265 -82.42205106626425 83.82100435953782 135.62426987705948 1.0 83.89818321118888 143.12990300705764 1.0 83.74382550788677 128.11863674706132 1.0
0.03933081202846548 -0.9992262442636209 243.64218244736577 542.5173182674265 265.1850175428546 1.0 566.9037377430241 266.1448979362573 1.0 518.1308987918289 264.22513714945194 1.0
0.9999897345329947 -0.004531095742827826 -14.751004254089063 15.167450938486718 91.87424125597661 1.0 15.224101885617287 104.37681652638688 1.0 15.11079999135615 79.37166598556637 1.0
-0.01973439080910433 0.9998052579474634 -172.47398531800692 564.352362235184 183.6468991624823 1.0 554.3439251046818 183.4493502816861 1.0 574.3607993656864 183.8444480432785 1.0
0.10352040593207054 -0.9946273299862914 445.3038934826986 83.66753044226772 456.41737011557154 1.0 100.4903952172086 458.1682870046804 1.0 66.84466566732682 454.66645322646275 1.0
0.6986190933633903 0.7154937892030332 -437.16837938497616 410.023523731018 210.64909193164362 1.0 393.26199562801594 227.01530466948947 1.0 426.78505183402 194.28287919379778 1.0
0.023108696525967615 0.9997329584168317 -250.94211346416952 500.0162112446576 239.4513340437878 1.0 489.38244604215396 239.6971321350923 1.0 510.6499764471613 239.2055359524833 1.0
-0.10137713881077702 0.994848066654673 -278.64953177400605 351.3497783544135 315.8958413440474 1.0 339.4707530169747 314.68534333843763 1.0 363.22880369185225 317.1063393496573 1.0
0.08395206089974215 -0.9964697945601191 444.34404663268566 48.07499600058223 449.9685229521823 1.0 60.59146626006289 451.02302904881475 1.0 35.55852574110157 448.91401685554985 1.0
-0.016239244869168175 -0.9998681347688201 194.56218131765567 51.26023700058765 193.755303364822 1.0 56.88375361454684 193.66396965776167 1.0 45.636720386628454 193.8466370718823 1.0
-0.9889952898359216 -0.14794700633119104 197.1686392929558 157.76500368882813 278.0711469866686 1.0 159.46581202011134 266.70159331832804 1.0 156.0641953575449 289.44070065500927 1.0
0.5195026725027335 -0.8544688252139556 -46.614771931762235 570.9573434321571 292.57836738947896 1.0 574.8050291775638 294.9176955998311 1.0 567.1096576867503 290.2390391791268 1.0
0.9999981263854271 -0.0019357752026789605 -83.54524909894877 83.74987227019155 105.62500024725665 1.0 83.79100975819294 126.87613047594677 1.0 83.70873478219015 84.37387001856654 1.0
-0.28636241666949436 -0.9581213734800028 394.30192808309505 553.1165030954166 246.22157075993266 1.0 562.0063791506235 243.56457294992143 1.0 544.2266270402097 248.8785685699439 1.0
-0.9998591637967769 0.01678250790585799 15.722599631789398 18.24233588873023 149.9875399872577 1.0 17.602416853628597 111.8627904013496 1.0 18.882254923831862 188.11228957316578 1.0
-0.07508076603863711 -0.9971774559079498 192.42281989908327 68.72499873117611 187.7929482248831 1.0 74.31828992313828 187.3718109590117 1.0 63.131707539213956 188.2140854907545 1.0
-0.04433684566406235 0.9990166385584182 -243.28781571186025 534.3586950275406 267.242390564984 1.0 518.085272002497 266.52016811418633 1.0 550.6321180525842 267.96461301578177 1.0
-0.014749915538461777 0.9998912140786158 -475.32906797639185 81.24514273615682 476.57927208488684 1.0 63.09643292826772 476.31155102380615 1.0 99.39385254404593 476.8469931459676 1.0
0.9999846215324746 -0.00554587220858186 -66.85380800209944 67.48568923246467 113.7500793669085 1.0 67.66941264717815 146.87752666809487 1.0 67.3019658177512 80.62263206572212 1.0
-0.8155364746955703 0.5787056751416227 315.46332808134633 551.0253472516035 231.40941386371674 1.0 547.913978254388 227.02474128754875 1.0 554.1367162488191 235.79408643988475 1.0
-0.19555302679537392 0.9806931292260428 -454.6382231204638 31.284518145859078 469.82689243407594 1.0 0.2724560840117318 463.64299818354084 1.0 62.29658020770643 476.0107866846111 1.0
0.46325576698263915 0.8862246297397328 -415.46255427840254 77.8239098792593 428.11965102924745 1.0 72.12310350297126 431.09963075633135 1.0 83.52471625554736 425.13967130216355 1.0
-0.04437873283785415 0.9990147787053534 -161.38608538146053 420.01872299819587 180.2035244259289 1.0 409.3592298749775 179.7300031051379 1.0 430.67821612141427 180.67704574671984 1.0
-0.12299646622201056 0.9924071086489141 -128.93142912163617 322.36112593302425 169.87051683684098 1.0 316.7449325635933 169.17445981342857 1.0 327.97731930245516 170.5665738602534 1.0
0.12843176443272905 -0.9917183480629446 158.41087895003022 453.1676221911812 218.42088197210563 1.0 459.5533454603269 219.24786042645954 1.0 446.7818989220355 217.5939035177517 1.0
-0.9999842534746376 0.005611844863457576 85.66982441147606 86.40773470380472 131.24911480337389 1.0 86.34107541240824 119.37098143259655 1.0 86.47439399520121 143.12724817415122 1.0
-0.0029657977502707943 -0.999995602012181 164.62820996228442 323.1266181510741 163.6706015864316 1.0 328.12657417129265 163.65577266289796 1.0 318.1266621308556 163.68543050996524 1.0
-0.12490366795208582 0.9921688735956773 -443.1929057436012 39.403143555115946 451.65144243891154 1.0 34.32624127203038 451.01231362337677 1.0 44.480045838201505 452.2905712544464 1.0
-0.09167939908125027 0.9957885758453453 -283.03402113785626 313.1309742730425 313.0601096003649 1.0 304.34040238212475 312.2507868504471 1.0 321.9215461639602 313.8694323502827 1.0
0.9999943991627296 -0.0033468855928322416 -58.29721628305725 58.66361142781395 109.37528913428702 1.0 58.76402443426505 139.37704487677155 1.0 58.56319842136285 79.3735333918025 1.0
-0.17528881302795923 0.9845170552241587 -438.0419868861472 126.26569251825006 467.4118623054732 1.0 116.85517254421457 465.7363617466241 1.0 135.67621249228557 469.08736286432236 1.0
-0.049416506118315204 0.9987782581349368 -205.42655457078274 365.0006451796171 223.73695999728056 1.0 359.3585337969849 223.45780551089766 1.0 370.64275656224925 224.01611448366344 1.0
-0.010835638923366682 -0.9999412927412901 168.97498250857558 381.8665682073113 164.84689196771023 1.0 391.8789378500934 164.73839517594456 1.0 371.85419856452916 164.95538875947594 1.0
0.9983026987007668 0.05823849042314091 -189.80304448754976 172.0405546433247 310.0096580451223 1.0 171.5639303985851 318.17977485846444 1.0 172.5171788880643 301.8395412317802 1.0
0.20942907941073163 -0.9778238392968202 427.789390068696 126.94356304994555 464.67987929412516 1.0 134.49858040484273 466.29800340399146 1.0 119.38854569504838 463.06175518425886 1.0
-1.0 0.0 70.625 70.625 119.375 1.0 70.625 91.875 1.0 70.625 146.875 1.0
-0.09226388994675708 0.9957345904466172 -283.4402705390025 290.03210107739915 311.52855727820065 1.0 281.86142822534106 310.77146992977873 1.0 298.20277392945724 312.2856446266226 1.0
-0.7879982093112997 -0.6156775309544639 471.1166184678335 421.99511413354764 225.09384738734371 1.0 425.53912818109166 220.5579067644833 1.0 418.4511000860037 229.62978801020412 1.0
-0.1879095627395862 0.9821863347812457 -436.1986655657953 19.31655476506583 447.8054879711735 1.0 5.475310427209525 445.1574138948042 1.0 33.157799102922134 450.45356204754273 1.0
-0.9999688126298282 0.007897706482987358 85.50775805919194 86.30021705198136 99.99960338809373 1.0 86.16690842793538 83.12072003281459 1.0 86.43352567602734 116.87848674337286 1.0
0.2258896095586282 0.9741529060129372 -390.1799412962902 378.79550965140146 312.6962611704496 1.0 368.02500269456584 315.19375986517275 1.0 389.5660166082371 310.1987624757264 1.0
-0.39341289576564464 -0.9193618947102876 384.0639726752447 9.370964701399222 413.74056995892283 1.0 18.349083379534232 409.89865777176857 1.0 0.3928460232642139 417.58248214607715 1.0
0.7544854660270122 0.656316753979359 -496.8764891120985 307.72220869102085 403.31829635011366 1.0 304.51917924121165 407.00041958174694 1.0 310.92523814083006 399.6361731184804 1.0
0.2367114770063798 -0.9715799898379227 428.49085693921364 11.102652299343323 443.7297872258547 1.0 21.707269199847257 446.31344946248004 1.0 0.4980353988393893 441.1461249892293 1.0
0.7562244277434712 -0.6543123221245797 227.8382922042972 105.48305214804039 470.12281833967387 1.0 109.25329990982381 474.4802992546717 1.0 101.71280438625696 465.76533742467603 1.0
-0.010340819930583103 0.9999465322921839 -221.11289837203825 617.4934285623362 227.51045118744906 1.0 598.1205003806249 227.31010851373034 1.0 636.8663567440475 227.71079386116782 1.0
0.9501040641643956 -0.3119331134366757 -445.6258772151204 623.0061769398524 468.9942080312559 1.0 626.0887051390062 478.3831521470332 1.0 619.9236487406986 459.6052639154786 1.0
0.0 -1.0 99.37499999999986 223.75 99.37499999999994 1.0 236.875 99.37499999999994 1.0 210.625 99.37499999999994 1.0
0.04432791853134216 -0.9990170347089576 199.47501816019488 468.7291666613079 220.46952035946669 1.0 476.8658790419509 220.8305587712163 1.0 460.59245428066487 220.1084819477171 1.0
