line_hom_a line_hom_b line_hom_c centroid_x centroid_y centroid_z point1_x point1_y point1_z point2_x point2_y point2_z
0.01758422752912617 -0.999845385518283 80.05897246785683 518.1063884006559 89.18326210963667 1.0 585.6074939451958 90.37040045677969 1.0 450.605282856116 87.99612376249365 1.0
-0.9956265262583743 -0.09342280348331652 625.7918026003113 619.2701029853647 98.79880291727 1.0 621.4483312912107 75.58496431806262 1.0 617.0918746795186 122.01264151647737 1.0
-0.9933811653391226 -0.11486453042382884 629.1323702821041 586.8009211732999 402.34689694351 1.0 590.4709791463713 370.6071905894285 1.0 583.1308632002285 434.08660329759147 1.0
-0.9932001362149174 -0.11641945465715606 629.6121935481468 595.0297313590286 331.8052246868184 1.0 596.5089628103797 319.1855737590429 1.0 593.5504999076775 344.42487561459393 1.0
-0.99248274050055 -0.12238467963155371 630.7813784247442 597.259025056735 310.59528498327757 1.0 598.198093941896 302.9798737776489 1.0 596.319956171574 318.2106961889062 1.0
-0.9946011620372428 -0.10377152053509836 626.7864237646131 607.624948274095 216.26303645409433 1.0 611.7360045357736 176.86049793503082 1.0 603.5138920124165 255.66557497315785 1.0
-0.997918267201412 -0.06449133264037463 495.7648391050251 479.83543931625115 262.48936512323303 1.0 480.51663382226377 251.94877907490516 1.0 479.1542448102386 273.02995117156087 1.0
-0.9977579697523252 -0.06692558401477021 496.434491408645 486.3562330711515 166.88212568633278 1.0 486.8654477707515 159.2905143119924 1.0 485.84701837155154 174.47373706067316 1.0
-0.9942692261321626 -0.10690512600689771 625.491730334396 623.9869413653223 47.52547624511579 1.0 625.1377277561193 36.82260785181457 1.0 622.8361549745254 58.22834463841701 1.0
0.9997764293456604 0.02114453415995947 -450.2888820423521 449.2531371396649 53.734204401304495 1.0 448.5790263638408 85.6081657446143 1.0 449.927247915489 21.860243057994694 1.0
-0.9968926071892857 -0.0787726458318398 499.2788488536993 476.28986729877454 310.6281502416449 1.0 477.87205928259084 290.6050130832496 1.0 474.70767531495824 330.65128740004013 1.0
0.03998383719972822 -0.9992003266426536 68.31063743107084 441.3090370546851 86.0246577503117 1.0 449.49595730186473 86.35226421480344 1.0 433.1221168075055 85.69705128581997 1.0
-0.9983113143264725 -0.058090616176376786 495.0870805862528 484.6857617936302 193.14308288037705 1.0 485.559867734016 178.121210026462 1.0 483.8116558532444 208.16495573429214 1.0
-0.9956784822868835 -0.09286743191715963 625.5403719927463 613.8666147867978 154.26928859215553 1.0 614.6810834188121 145.53696042658507 1.0 613.0521461547833 163.001616757726 1.0
-0.9984104768942301 -0.05636062125133023 495.42672822243793 489.96876206529555 110.65851807663279 1.0 490.81679823595425 95.63582707762333 1.0 489.1207258946368 125.68120907564224 1.0
-0.024374538451452737 0.9997028968024843 -82.18411565567803 513.1166068759915 94.71923750838576 1.0 493.0980301176132 94.23114892676705 1.0 533.1351836343697 95.20732609000449 1.0
0.9981557448309044 -0.060705099135596144 -33.5612219250522 39.43864697902566 95.62112916502115 1.0 41.724709017106825 133.2101618631415 1.0 37.15258494094449 58.03209646690078 1.0
-0.015939646813980583 0.9998729557596033 -88.22457362810253 629.3727038132579 98.26903675637504 1.0 620.6249269462377 98.12958256585553 1.0 638.120480680278 98.40849094689456 1.0
-0.998481313326117 0.0550914416089537 27.684366910730855 32.72414539701806 90.57814820274253 1.0 31.066324480549564 60.53168077347227 1.0 34.38196631348656 120.62461563201278 1.0
-0.9990552674781756 -0.04345770960498283 589.4140314694984 587.9610697054004 46.215682475477216 1.0 589.8912247865275 1.8430816555595353 1.0 586.0309146242732 90.5882832953949 1.0
0.9983052920812953 -0.05819401861428548 -33.575467158885914 53.23517043542817 336.2800108609075 1.0 54.94383930483945 365.59184075967846 1.0 51.52650156601688 306.9681809621365 1.0
0.99837658412099 -0.05695784650865989 -35.489721830424365 60.679011950426016 440.51494897483246 1.0 61.8183471778244 460.485605911902 1.0 59.53967672302763 420.54429203776294 1.0
0.9969455283685338 0.07810002218940165 -593.6913768762465 565.4038678137006 384.3087145905721 1.0 563.1539138366946 413.02934095571356 1.0 567.6538217907065 355.5880882254307 1.0
-0.00745460430288198 0.9999722140513142 -172.1977850564806 506.8770035375756 175.9812423538536 1.0 486.8734559618508 175.83211967850767 1.0 526.8805511133004 176.13036502919948 1.0
-0.009505904929060628 -0.999954817865027 255.6749372029529 505.6274224638589 250.879826281658 1.0 519.3761799832167 250.74912599446827 1.0 491.8786649445011 251.01052656884775 1.0
0.9973604278913083 -0.07260975744668598 -30.124483017551054 46.22078717927013 220.00212674953627 1.0 48.81715750019554 255.665612006925 1.0 43.62441685834473 184.33864149214756 1.0
-0.9975383108811007 0.0701235932085653 27.21269605208687 30.088191908988577 39.94986500392012 1.0 29.076500056951556 25.55811274143179 1.0 31.099883761025595 54.34161726640845 1.0
-0.8862445481271154 0.46321766040919143 304.7468703386549 549.8604285181274 394.12127876364593 1.0 544.9505475033578 384.72751929979364 1.0 554.7703095328969 403.51503822749817 1.0
-0.931963606925715 0.3625518381776757 366.13189338778585 460.3111512359592 173.38581909327024 1.0 454.2101722835839 157.7028470283291 1.0 466.4121301883345 189.0687911582114 1.0
0.02600373235147315 -0.9996618457777575 144.64941668419672 506.2567017645019 157.8673639737028 1.0 524.4019394203576 158.33936748714052 1.0 488.11146410864615 157.39536046026507 1.0
-0.027976573989160227 0.999608579048734 -80.37393632508947 451.89451236194725 93.05281940856977 1.0 433.14170926031795 92.52797478991299 1.0 470.6473154635765 93.57766402722656 1.0
-0.2449104219973722 0.9695457107310975 -59.978504555184024 446.78724465848995 174.72240381507999 1.0 440.3184970031061 173.08837697081708 1.0 453.2559923138739 176.35643065934292 1.0
-0.9229329565768882 0.3849607222357155 355.40753208664376 524.6574627806283 334.62149197843326 1.0 504.05835711281594 285.2356913013637 1.0 545.2565684484406 384.00729265550274 1.0
-0.9993771257415484 0.03528966625744232 27.748623061718668 28.162348032549822 11.226611390822445 1.0 27.919104346234377 4.3381309412958435 1.0 28.40559171886527 18.115091840349045 1.0
-0.9992137315230788 -0.03964743037984682 426.41910046500595 416.3388643176222 262.50352601424004 1.0 416.9588507801937 246.87832708395126 1.0 415.71887785505066 278.12872494452876 1.0
-0.03052130346513983 0.9995341164936737 -203.6630875302596 616.2476956455314 222.57546469666596 1.0 609.360033123984 222.36514627479653 1.0 623.1353581670788 222.78578311853542 1.0
-0.9975838137541911 0.06947326489840153 24.776957792186074 47.251012943864396 321.84881388260897 1.0 43.94090672316886 274.31817900598463 1.0 50.56111916455993 369.37944875923336 1.0
0.9971255435907849 0.07576707938664287 -549.4517152676982 540.4461970174151 139.36141356661338 1.0 539.6835283023197 149.39844367620017 1.0 541.2088657325105 129.32438345702658 1.0
-0.02161502567990999 0.9997663680404821 -83.98629252435498 565.0006210189335 96.22127582206204 1.0 544.3717509766465 95.77527806702102 1.0 585.6294910612207 96.66727357710305 1.0
-0.9970349789403093 0.07694966386864144 22.22612691084908 54.992932364218305 423.7023089071853 1.0 51.47030894001042 378.0597603241883 1.0 58.5155557884262 469.3448574901822 1.0
0.5906247765448194 -0.8069463261775112 -48.97947584399132 543.2556209416122 336.9254497622652 1.0 567.1703708707652 354.4292704933656 1.0 519.3408710124592 319.4216290311648 1.0
0.999993141466355 0.0037036495852890245 -111.18640331286626 109.9672598207674 329.377193537884 1.0 109.93946549311445 336.88172019046175 1.0 109.99505414842034 321.8726668853063 1.0
-0.16381050176477402 0.9864918243511058 -59.169896923941565 626.9234860099551 164.08300985345346 1.0 615.5713728636155 162.19795079397713 1.0 638.2755991562948 165.9680689129298 1.0
0.5932451894188683 -0.8050218290402882 -51.36979898386482 614.9877685738043 389.3915978001397 1.0 638.9286968220671 407.03439952445603 1.0 591.0468403255413 371.74879607582346 1.0
0.2419623320862908 -0.9702856434325736 48.80642576982011 83.6182884058968 71.15317257847539 1.0 98.03209012404064 74.74757501198292 1.0 69.20448668775299 67.55877014496785 1.0
-0.008627301353048848 0.999962784143172 -109.55120838759248 233.10070124680547 111.56639042166843 1.0 208.097170142346 111.35066939569711 1.0 258.10423235126495 111.78211144763975 1.0
-0.9993858475814363 -0.035041798668649995 426.8945665352088 421.28222131075796 167.54495895266973 1.0 421.78640525695084 153.1657227391555 1.0 420.7780373645651 181.92419516618395 1.0
0.9994361216032367 0.033577355981078846 -475.8802094963541 472.2441238173124 116.22040581931948 1.0 471.3827799438614 141.8584632272251 1.0 473.1054676907634 90.58234841141388 1.0
-0.6781901921954213 0.7348864287833443 79.8663569666837 507.01641190670193 359.2217661545396 1.0 475.18781438003987 329.8487340390132 1.0 538.845009433364 388.59479827006595 1.0
-0.9984183845533564 -0.05622036451203444 636.7950002156408 624.9563298091209 228.1577343469192 1.0 625.2409379484287 223.10337368695465 1.0 624.671721669813 233.21209500688374 1.0
-0.059308044208176196 -0.9982397286685203 285.39817254309656 614.376468499556 249.39971696070822 1.0 621.9240922261953 248.95129281088674 1.0 606.8288447729167 249.8481411105297 1.0
0.9999617315192636 -0.008748456835139433 -262.91820333818526 264.13119487650397 137.49666500545194 1.0 264.24606181303005 150.62612805333197 1.0 264.0163279399779 124.36720195757191 1.0
0.9990388843199538 -0.04383272312715381 -35.467066001100875 36.29512916261345 18.095598155381847 1.0 37.06386620630337 35.616713515600935 1.0 35.52639211892352 0.5744827951627562 1.0
-0.9997482454290567 -0.022437597053220355 123.70364531772951 116.03406567385855 343.12015373253007 1.0 116.28736905287441 331.8337575943117 1.0 115.78076229484267 354.4065498707484 1.0
0.9998759007894964 0.015753825579624296 -578.5110466564413 573.5407400979209 320.0163976729146 1.0 573.3932214259745 329.37922603800945 1.0 573.6882587698673 310.65356930781974 1.0
0.004358266215959171 0.9999905027126961 -225.1464071287183 550.6288080089748 222.74873570597848 1.0 529.3792116417685 222.84134798349385 1.0 571.8784043761812 222.6561234284631 1.0
0.06105069438800683 0.9981346666230675 -209.3164525371562 552.5557012633587 175.9106753410489 1.0 538.1200230534154 176.79363052550363 1.0 566.991379473302 175.0277201565941 1.0
-0.9982634009078621 -0.05890825415736675 536.8303695573147 529.6536572712916 137.44268035441885 1.0 530.2093008193328 128.02670587182178 1.0 529.0980137232505 146.85865483701593 1.0
0.006601357131287573 0.9999782108046281 -226.65552824618544 453.741187617429 223.6650941039816 1.0 443.1125248744781 223.7352592314175 1.0 464.36985036037987 223.5949289765457 1.0
-0.9916577361360216 -0.12889893080076498 159.47777229535114 120.03649738810304 313.75474405042394 1.0 122.24544267768454 296.76067224931234 1.0 117.82755209852155 330.7488158515355 1.0
-0.024901305480772736 0.9996899144161419 -138.19570112296682 561.8971720229192 152.23488009396942 1.0 544.3769063557444 151.79846728116493 1.0 579.4174376900941 152.67129290677389 1.0
-0.680716641095078 0.7325468275381681 84.77453968607921 611.3853214536223 452.40196297402895 1.0 584.2091776050219 427.1486239885809 1.0 638.5614653022227 477.6553019594771 1.0
0.19325436570458587 -0.9811486891068644 54.867065110511525 552.42969669188 164.73192854001132 1.0 576.842413814324 169.54043943647704 1.0 528.016979569436 159.92341764354563 1.0
0.41869748628495446 0.9081257704628035 -184.11918594476515 56.70129890703926 176.60383598800763 1.0 43.50077360217332 182.69002684676013 1.0 69.9018242119052 170.5176451292551 1.0
0.9970077544941854 0.07730160074967522 -536.4776953986858 517.9302209823054 259.98489808149196 1.0 517.3928932797045 266.9151541305553 1.0 518.4675486849064 253.05464203242857 1.0
0.9783640689354048 0.20689066826746555 -188.98367914086 137.26705077068135 264.325739174448 1.0 135.10914509594662 274.53024667588306 1.0 139.42495644541606 254.12123167301297 1.0
0.10617390689944871 0.9943475757971691 -124.15251135930228 436.81797550106114 78.21595002541812 1.0 426.7327536731146 79.29282437950124 1.0 446.90319732900764 77.13907567133502 1.0
-0.3535865562426619 0.9354018105843365 -20.35529261177942 79.41132868870301 51.778893627772376 1.0 68.32754688879913 47.58916874972783 1.0 90.49511048860687 55.96861850581691 1.0
-0.9311926138497681 0.36452752421680945 358.38336771876635 476.14138984278276 233.16751686614168 1.0 469.7118509268362 216.7431353002983 1.0 482.57092875872934 249.5918984319851 1.0
-0.9318218515638427 0.36291601913959637 366.79199304646113 496.54941464474473 264.2583871831182 1.0 488.55119026001927 243.72217532598546 1.0 504.54763902947025 284.7945990402509 1.0
0.9937592391967539 0.11154628864775756 -573.588257942245 561.5422854242099 139.40780810181226 1.0 560.5645699593996 148.11821692167888 1.0 562.5200008890203 130.69739928194565 1.0
-0.9887506523894802 -0.1495732175203072 161.37019471987307 141.93181578607903 140.63359480588886 1.0 142.69923405234422 135.56059227238174 1.0 141.1643975198138 145.70659733939598 1.0
0.08083174373438852 -0.9967277608278291 104.69584996706091 550.6496807817614 149.6956638666434 1.0 559.3928648141391 150.404710849082 1.0 541.9064967493838 148.9866168842048 1.0
-0.9990441362562044 -0.0437128563708029 620.7410146337769 615.2634599420081 138.76152760542453 1.0 615.5103039853446 133.1199815125949 1.0 615.0166158986716 144.40307369825416 1.0
-0.9951739118840432 -0.09812688268466596 594.3317125357969 575.0220106203983 225.0637970253092 1.0 575.8274799006111 216.89496507466282 1.0 574.2165413401855 233.2326289759556 1.0
-0.9982708046896142 -0.05878265479161626 430.8982092148502 418.9534375176688 215.52657091652895 1.0 419.98467441006005 198.01368916522932 1.0 417.9222006252775 233.0394526678286 1.0
0.01372991262914821 0.9999057403071531 -136.44042339216824 569.3820026867261 128.63498333668946 1.0 565.5983880549746 128.68693693213572 1.0 573.1656173184776 128.5830297412432 1.0
0.010121469980800903 0.9999487766107961 -132.23141005734095 500.627994417822 127.1708329613641 1.0 494.35333231497606 127.23434501878056 1.0 506.9026565206679 127.10732090394764 1.0
0.9290681518350008 -0.36990859579887536 -365.63574437854754 572.2591017495928 448.8459136672186 1.0 583.9793010631358 478.28254757905046 1.0 560.5389024360497 419.4092797553867 1.0
-0.4175249750134898 0.9086654473677233 -0.665966370285045 597.9099353804561 275.4680481418493 1.0 581.4102028723678 267.88654449479696 1.0 614.4096678885445 283.0495517889017 1.0
0.9226188427581837 -0.385712938579392 -347.5385917480859 530.8147037296318 368.6706918614441 1.0 550.5443094264334 415.8635758831753 1.0 511.08509803283016 321.47780783971285 1.0
-0.009833250294469785 -0.9999516524255792 247.64846855559102 503.1270928970746 242.71282849774389 1.0 516.8819088552189 242.57756741012759 1.0 489.37227693893027 242.84808958536019 1.0
0.999099506111275 0.042428491467484356 -531.8495058961498 525.29478060105 165.63751836893113 1.0 525.0817040661437 170.65501141253398 1.0 525.5078571359561 160.6200253253283 1.0
0.9990975927018007 0.04247352419409864 -476.32797981281243 469.4789908118818 171.22785091614818 1.0 468.54959340412336 193.08991040787603 1.0 470.4083882196402 149.36579142442034 1.0
0.37928869395155373 -0.9252783833206764 11.01364537717406 530.6105948312049 229.41014154654943 1.0 576.7873418924162 248.33884278878742 1.0 484.4338477699937 210.4814403043114 1.0
-0.37935830733699855 0.9252498444498152 -8.429448880893792 550.6705596381046 234.88888065120958 1.0 523.3987716772814 223.7072745359193 1.0 577.9423475989278 246.07048676649984 1.0
0.9429569669040154 -0.33291464156323847 -370.98193483440986 453.9965404469933 171.56729923983562 1.0 457.94380807389234 182.74765313337886 1.0 450.0492728200943 160.38694534629235 1.0
0.9995814112254807 -0.028930992594040982 -98.35900464748279 103.75361865632473 184.9637163800221 1.0 104.56748535043175 213.08324999092451 1.0 102.93975196221773 156.84418276911967 1.0
-0.994204309550781 -0.10750716660137014 156.63413698752663 144.70972820131857 118.71861178500158 1.0 145.86704249784196 108.01600564735978 1.0 143.55241390479515 129.4212179226434 1.0
-0.4551234038737963 0.8904283728893242 48.00319880880687 617.3129030168226 261.6160467927712 1.0 605.111531910943 255.37957711288428 1.0 629.5142741227022 267.8525164726581 1.0
0.9993752017685368 -0.03534410969449596 -97.59910463302597 100.62282674260211 83.77218073889335 1.0 100.95475149725779 93.15754569852199 1.0 100.29090198794643 74.38681577926471 1.0
0.9009814445652692 0.4338576224397595 -236.45576421464062 71.08101482638561 397.39555070082395 1.0 60.2858476715195 419.8136085946098 1.0 81.87618198125172 374.97749280703806 1.0
0.9883097255097029 0.15245945842398886 -181.75647682523544 118.44828312646669 424.3284563002377 1.0 117.27462209805091 431.93664683709017 1.0 119.62194415488248 416.72026576338527 1.0
0.01430782504283556 0.9998976378322652 -252.15976033550186 499.3755704377585 245.03986485476037 1.0 489.3686761010438 245.18305640554976 1.0 509.3824647744732 244.89667330397097 1.0
-0.9975358305128265 0.07015886859895676 24.74064727317346 40.22667189748585 219.31510005964958 1.0 39.783106656083866 213.00838174584925 1.0 40.670237138887835 225.62181837344988 1.0
0.8192265646839393 0.5734699954802792 -271.17929182239794 109.8459889063875 315.95469878866356 1.0 105.26538813814035 322.4982840871707 1.0 114.42658967463466 309.41111349015637 1.0
0.08301042527868345 -0.9965486788386466 37.66161420070131 433.787431212319 73.92563445273683 1.0 440.71846235077413 74.50297488240199 1.0 426.85640007386394 73.34829402307166 1.0
0.7836323111333809 0.6212249197736327 -231.01784770350918 63.36910338007558 291.93898215386446 1.0 51.179862374823145 307.3148674344941 1.0 75.55834438532801 276.56309687323477 1.0
-0.9999235273572408 0.012366868538705883 66.62845365895485 66.93462324983906 24.343343054870367 1.0 66.64074140876707 0.5815179629954104 1.0 67.22850509091104 48.10516814674532 1.0
-0.01992624229803602 0.9998014527234295 -117.22492023270448 553.1345210382215 128.27228083433963 1.0 541.8267307647176 128.04691431958668 1.0 564.4423113117255 128.49764734909257 1.0
0.9947052375032133 0.10276911249824057 -598.8499032977618 590.7295580928688 109.45037513113758 1.0 589.2909600363434 123.37460768216064 1.0 592.1681561493942 95.52614258011452 1.0
0.9996722413944517 -0.025600972352492684 -98.566510671527 101.46414456695697 111.88552174717537 1.0 101.56093600948931 115.66505468724702 1.0 101.36735312442462 108.10598880710374 1.0
-0.36838699536745523 0.9296725346293385 -14.440295555509131 504.7803922555439 215.55420872880995 1.0 485.25210962856323 207.81603739033093 1.0 524.3086748825245 223.29238006728895 1.0
-0.9996281356482761 0.027268854401161155 262.08397803855075 266.1195114015753 144.361510224224 1.0 265.94914443853594 138.1161576643512 1.0 266.28987836461465 150.6068627840968 1.0
0.011201849431529416 -0.9999372573163344 173.7838558648027 505.61705781887224 179.45896175337117 1.0 523.1218626104586 179.65506024472043 1.0 488.1122530272859 179.26286326202188 1.0
-0.00045094548777724347 -0.9999998983240784 101.89786788185366 628.1251644273702 101.61462800495683 1.0 635.6254447431327 101.61124578704748 1.0 620.6248841116078 101.61801022286618 1.0
-0.9965572070942204 -0.08290797904042306 146.85654086687552 124.3813869596706 276.25053135927845 1.0 126.102661262933 255.56074574207176 1.0 122.66011265640822 296.9403169764851 1.0
0.02443596661016602 -0.9997013971860932 135.75723882498164 570.0065847546721 149.7306106792982 1.0 579.3607188690943 149.95925626239975 1.0 560.6524506402498 149.50196509619667 1.0
0.3876115320639212 -0.9218228138916177 5.289788421412038 622.1959547718964 267.3617011647302 1.0 638.6843295492062 274.29479515238734 1.0 605.7075799945867 260.4286071770731 1.0
0.4075320085791806 0.9131909230732742 -183.54615991057503 110.01090862327345 151.8994438609651 1.0 100.33215788669726 156.21880428007609 1.0 119.68965935984964 147.58008344185413 1.0
-0.3225547918070415 0.9465507943487851 -49.705980464662105 634.584803735607 268.75932198919253 1.0 630.4616734760334 267.35428865087596 1.0 638.7079339951806 270.1643553275091 1.0
0.9950154505399399 0.0997208763840373 -604.6256223206651 578.7782114865277 288.1278273673129 1.0 576.4030004591442 311.8276960030204 1.0 581.153422513911 264.4279587316053 1.0
0.9979657452031007 -0.06375242270863081 -94.44650654403985 101.06539326976531 100.5968666316684 1.0 101.46811582174759 106.90099272795693 1.0 100.66267071778302 94.29274053537988 1.0
0.9948629845538721 0.10123063747977766 -161.23199613870196 126.63122236142384 348.22738649208463 1.0 125.86308320298247 355.77641744501466 1.0 127.39936151986521 340.67835553915455 1.0
0.9883053177707526 0.1524880285991385 -597.0120933593798 595.30872434634 56.82620106099469 1.0 594.714515861904 60.67738472719814 1.0 595.902932830776 52.97501739479125 1.0
-0.009952209287528277 -0.9999504755388124 215.66821554898607 550.0020392134323 210.20489043010434 1.0 570.6312162027508 209.9995743751102 1.0 529.3728622241139 210.4102064850985 1.0
0.9985605252186647 -0.05363653116136851 -92.9884663529347 106.48495960924942 248.77095057139184 1.0 107.1245726634811 260.67873680478516 1.0 105.84534655501771 236.8631643379985 1.0
-0.9998767498057813 -0.015699847063809128 259.2292415302212 257.1317320918896 135.61921753747453 1.0 257.50532776942975 111.82601558575226 1.0 256.7581364143494 159.41241948919676 1.0
0.10989579297222248 0.99394311441199 -126.28535880765871 330.67952830985803 90.49317664178128 1.0 315.6558780269387 92.15427367765693 1.0 345.70317859277736 88.83207960590562 1.0
0.9334631494186776 -0.35867331748732517 -363.48939510432336 501.5586648051463 291.9010995754243 1.0 513.0182311384679 321.7251270648754 1.0 490.09909847182473 262.07707208597327 1.0
0.9999703944836897 0.007694813586680713 -209.03067974385547 207.91621632982208 145.6330122027668 1.0 207.68523073109918 175.65047236252715 1.0 208.14720192854494 115.61555204300642 1.0
0.9999881098614706 0.004876488048133195 -108.87341641899455 107.56718545212718 268.12532763294985 1.0 107.54888397679483 271.8782862262323 1.0 107.58548692745954 264.37236903966743 1.0
-0.9972941448905346 -0.0735145466357343 591.148379939257 582.2001975688906 143.14897161556246 1.0 583.1233983911507 130.62488193899557 1.0 581.2769967466305 155.67306129212938 1.0
0.9969779880009157 -0.0776845637282305 -92.05089212711592 101.96438693340383 123.64563491788479 1.0 102.60875378736951 131.91522592503267 1.0 101.32002007943815 115.3760439107369 1.0
0.9961088146957784 0.08813188574727956 -598.113592761464 592.876231115153 85.60298988362179 1.0 592.0983687813708 94.39476281268557 1.0 593.6540934489352 76.811216954558 1.0
0.9995191755045468 -0.03100673795662661 -98.0596470416696 99.15281091692037 33.71811560543216 1.0 99.90943852488266 58.108420833035446 1.0 98.3961833089581 9.327810377828873 1.0
0.9949005683806554 0.10086059208555465 -160.8284358376283 123.95092794862018 371.895369585171 1.0 122.42665993203104 386.9309259378704 1.0 125.47519596520931 356.85981323247165 1.0
-0.9947954461165183 -0.10189219982823794 625.976440483615 599.8630418129495 286.92498781822303 1.0 600.7629359317912 278.1391281261192 1.0 598.9631476941079 295.71084751032686 1.0
0.9993918214972257 -0.03487100693208143 -78.98064573084167 79.92291647277148 25.62768961597895 1.0 80.79796141091778 50.70619556016531 1.0 79.04787153462516 0.5491836717925924 1.0
0.9953287230741739 0.09654394348448014 -604.0720188335714 585.9828154716067 215.72033019508712 1.0 581.8580864650983 258.2446057415386 1.0 590.1075444781152 173.19605464863565 1.0
-0.21547445401834203 -0.9765094775093058 421.3409388544304 609.071110952071 297.0802439149128 1.0 615.8899259829088 295.575619044738 1.0 602.2522959212331 298.5848687850875 1.0
0.9997318332677324 -0.023157321760924048 -128.17220857699834 129.40817981422435 51.874231438263344 1.0 129.87120204897673 71.86350620724056 1.0 128.94515757947195 31.884956669286126 1.0
0.9960210271892516 0.08911853565262433 -598.1806795925897 588.0445394149831 139.99280082516458 1.0 586.6377476405171 155.71561514189435 1.0 589.4513311894492 124.26998650843484 1.0
0.9995145634452192 -0.031155055142189417 -127.32036200166851 130.67510745827053 105.64291950762244 1.0 131.41528747599807 129.38932932501297 1.0 129.93492744054296 81.89650969023191 1.0
-0.1705959817514631 0.985341063292429 -178.5618814253709 616.3908400925509 287.9365252327549 1.0 608.1871233292443 286.5161834167233 1.0 624.5945568558574 289.3568670487864 1.0
-0.9943498849146228 -0.10615227915723786 543.8411526195763 523.9174464442864 215.57615365978074 1.0 524.5912349932706 209.2646399413907 1.0 523.2436578953021 221.88766737817082 1.0
0.036244844071568125 -0.9993429397750442 79.57257340243564 510.62429065429313 98.14455808176706 1.0 529.3949352770426 98.82534448690994 1.0 491.8536460315437 97.46377167662418 1.0
0.029741853779828385 -0.9995576132138353 158.74535912012482 53.15037783242392 160.39710744683293 1.0 66.90679532199829 160.80642988317925 1.0 39.39396034284955 159.98778501048662 1.0
0.03800441339174781 -0.9992775713297828 140.57520037695545 605.0024258911137 163.68621428765232 1.0 616.8840100064926 164.13809337252837 1.0 593.1208417757349 163.23433520277624 1.0
0.4522152066174745 0.8919088557156021 -186.3353583913559 133.19377430883856 141.3856442998847 1.0 125.46292423687188 145.30533625071544 1.0 140.92462438080523 137.4659523490539 1.0
0.9994114762578532 -0.03430307747270649 -37.72232498011226 42.786169097753294 146.88662978709573 1.0 43.08761525550879 155.66918726388133 1.0 42.4847229399978 138.1040723103101 1.0
0.9854821513050279 0.16977906072073215 -372.8888732718765 352.5029504013838 150.2158585439573 1.0 351.5077610923662 155.99243250450974 1.0 353.4981397104014 144.43928458340486 1.0
-0.9987446023018474 0.050092108888773315 64.58985766240085 85.45448304675769 414.38355229031475 1.0 83.25943147586256 370.61825757945377 1.0 87.64953461765282 458.14884700117574 1.0
-0.18715761611419524 0.982329897096923 -58.10975714644689 487.3555708295687 152.00806208196747 1.0 472.90956506476107 149.25574841493616 1.0 501.8015765943763 154.76037574899877 1.0
-0.015427109998770037 0.9998809950574548 -119.30127909324636 518.7527882104678 127.31928704357722 1.0 508.12067611871345 127.15524475897583 1.0 529.384900302222 127.48332932817863 1.0
-0.4420208943977452 -0.8970047541210789 184.06592239616995 79.80585079361526 165.87433697159565 1.0 86.07375673588795 162.7856739763599 1.0 73.53794485134256 168.9629999668314 1.0
0.06401360656302503 -0.9979490258398944 39.44986450377771 332.56489105949515 60.86337179959334 1.0 341.98132762527143 61.46739069228174 1.0 323.1484544937189 60.25935290690493 1.0
-0.12986017562416396 -0.9915323165620279 129.16700124636736 341.24380069714647 85.5776659417341 1.0 345.7059728627962 84.99325890686738 1.0 336.7816285314967 86.1620729766008 1.0
-0.672998337790482 0.7396439936423793 123.88238254081655 485.3429372510026 274.1218873271743 1.0 479.7767543996241 269.0572456360166 1.0 490.909120102381 279.186529018332 1.0
-0.9303300451166637 0.3667233387081144 364.4116534965045 433.0115508580052 104.79835367077374 1.0 426.75611986748845 88.92912806835402 1.0 439.266981848522 120.66757927319344 1.0
0.9294951058009956 -0.3688344456419385 -365.40006620109835 475.0496991526312 206.47828605314038 1.0 480.2295346775756 219.53192522968294 1.0 469.86986362768675 193.4246468765978 1.0
-0.9999176284319726 0.012834965951636046 134.33838861509736 136.50736622175316 168.1136739266405 1.0 136.33069405647817 154.34989666557226 1.0 136.68403838702815 181.87745118770871 1.0
-0.1272112870228676 -0.9918756416275104 127.99822277420735 321.3724282000948 87.82958156555361 1.0 327.22184488999363 87.07937479141195 1.0 315.523011510196 88.57978833969528 1.0
-0.9972020393013189 -0.07475354716192936 568.1282410429636 559.2748556592122 139.36749285058892 1.0 559.9341041848841 130.5732081756116 1.0 558.6156071335404 148.1617775255662 1.0
-0.9979904039480441 0.06336523990027765 62.608572543433695 68.01042802400715 83.09259147776864 1.0 66.4959805115177 59.240332934661026 1.0 69.52487553649661 106.94485002087625 1.0
-0.9048183603795403 -0.42579776269971203 234.02545713336866 89.49827716230863 359.43301290314326 1.0 92.58610137687911 352.87140011952164 1.0 86.41045294773812 365.9946256867649 1.0
-0.11770445059444733 0.9930486706653703 -230.57550507292228 626.846712425076 306.4886565548942 1.0 620.6102481305155 305.74945854262427 1.0 633.0831767196365 307.2278545671641 1.0
-0.033501676029021474 -0.9994386613010556 335.77401503565426 493.73030740929437 319.4125208399935 1.0 509.3586972923087 318.8886495160301 1.0 478.10191752628003 319.9363921639569 1.0
-0.9970181378837065 -0.07716756268605629 538.6248645742764 521.2730384413962 245.0017831374406 1.0 521.7095334224083 239.36219315926806 1.0 520.8365434603841 250.64137311561316 1.0
-0.5858720241889612 0.8104035854268719 44.93710410036348 580.8852406818794 364.4940780016762 1.0 572.1711885019678 358.1943534183455 1.0 589.5992928617909 370.7938025850069 1.0
-0.565413127163811 0.8248078537640388 52.577400110248476 617.2815346654115 359.4069593209822 1.0 594.9552122123424 344.1020665042502 1.0 639.6078571184805 374.71185213771423 1.0
0.999142702375132 0.041398795761691386 -415.33716322272653 415.2797857956988 9.985696285121309 1.0 414.88986248903177 19.396332975738215 1.0 415.6697091023658 0.5750595945044013 1.0
0.19848516232122745 -0.9801038926248156 -72.02302037760747 628.1309767898066 53.720487088876865 1.0 630.8972410410636 54.28069546379078 1.0 625.3647125385496 53.160278713962946 1.0
0.029886712208511943 -0.9995532924428621 165.40813577747028 449.40731098971173 178.9193673789491 1.0 453.2099739843149 179.0330672640927 1.0 445.6046479951085 178.8056674938055 1.0
-0.1984516854901835 0.9801106715703616 -51.68600193898624 600.6301106902481 174.34975938771237 1.0 591.7384510287945 172.54938633005216 1.0 609.5217703517017 176.15013244537258 1.0
-0.5067766866597629 0.862077368835392 5.34576458572265 561.8036505247023 324.05818558715566 1.0 553.3078802236017 319.06390261504777 1.0 570.2994208258028 329.0524685592635 1.0
-0.20199702840584946 0.9793861345328544 -51.52546905189097 321.22678832926704 118.86254219259854 1.0 315.46036703479865 117.67322581885345 1.0 326.9932096237355 120.05185856634363 1.0
-0.005714521552156772 -0.9999836719884131 182.6358619572613 554.3719759501341 179.47082175443978 1.0 564.3752209102217 179.4136570621381 1.0 544.3687309900464 179.52798644674147 1.0
-0.9997679139169715 -0.021543405072254235 358.4380355928672 356.1778876984854 108.74844609483802 1.0 356.4608693399885 95.61607614433584 1.0 355.8949060569823 121.8808160453402 1.0
-0.6982374359827118 0.7158662465798261 117.73444799513722 418.31793534749124 243.55219350048628 1.0 412.9439869871135 238.3105831547256 1.0 423.69188370786907 248.793803846247 1.0
0.01660896213031503 -0.9998620616749861 12.837239292701922 446.87064632578887 20.26209185368792 1.0 469.374818698719 20.635914364855044 1.0 424.3664739528587 19.8882693425208 1.0
0.030912446349155992 -0.9995220961343029 82.16837785474333 565.0098394184242 99.68185254518173 1.0 585.6344416402836 100.31971429143195 1.0 544.385237196565 99.0439907989315 1.0
-0.15609826336617874 -0.9877415310566136 437.806799827104 587.3680746947057 350.4152174711843 1.0 594.3646502365009 349.3095098976491 1.0 580.3714991529104 351.52092504471943 1.0
-0.549537651006201 0.8354689522217967 36.93180305764529 531.293769007604 305.25865273485203 1.0 510.1481685168912 291.34993285737534 1.0 552.439369498317 319.16737261232873 1.0
-0.42344794043030853 0.905920438970956 2.39304426822355 293.8789276296847 134.72417347275135 1.0 286.5583768373532 131.30238053986486 1.0 301.1994784220162 138.14596640563784 1.0
0.559246599072669 -0.8290013518840927 -41.55538330883417 616.9823097101669 366.0909290374833 1.0 638.8302315071468 380.8295973568987 1.0 595.134387913187 351.35226071806784 1.0
-0.8181799483356474 0.5749622354046195 125.17950384749 261.6118937566707 154.55989349943275 1.0 258.43332696602556 150.03674492999437 1.0 264.79046054731594 159.0830420688711 1.0
-0.9348423884510588 0.35506296449379166 367.3814752050012 445.83617433494317 139.14455690583142 1.0 439.0320452904994 121.23002094090613 1.0 452.6403033793869 157.0590928707567 1.0
-0.03494758407430412 0.9993891466127544 -110.20506560540275 456.22897416011796 126.22627178267471 1.0 443.076346368766 125.76633826519135 1.0 469.3816019514699 126.68620530015808 1.0
0.9900848723004789 -0.14047044401490497 -11.491700201803951 48.574473971709736 260.56122990296524 1.0 49.269862279832175 265.46257017475654 1.0 47.87908566358729 255.659889631174 1.0
0.01901436903360527 -0.9998192105427128 200.51169358532715 504.99711141818455 210.15188826856473 1.0 518.1292479560667 210.40163271005775 1.0 491.8649748803023 209.9021438270717 1.0
0.04456170587930792 -0.9990066337963558 -25.792636088754385 615.663182808699 1.6439986770100243 1.0 638.2019737316045 2.649364345268904 1.0 593.1243918857937 0.6386330087511449 1.0
-0.9992133289344218 0.03965757531406901 65.23726374894923 73.94641844298016 218.1420098865613 1.0 72.01070071473755 169.36961420183354 1.0 75.88213617122275 266.9144055712891 1.0
0.08981626185133987 -0.9959583520946304 99.34395757069194 487.50355922897927 143.71053227159717 1.0 500.6904052225307 144.89973181017143 1.0 474.31671323542776 142.52133273302292 1.0
0.9936143041722 0.11283002501282612 -165.0278038015469 141.73870594151867 214.4304950782954 1.0 137.33876533966398 253.1776629444188 1.0 146.1386465433734 175.68332721217197 1.0
0.9994780893820459 -0.03230400664337191 -127.25323200153112 132.63293939031018 164.39090382958187 1.0 133.11724659289973 179.37525059690364 1.0 132.14863218772066 149.4065570622601 1.0
0.5522586494931025 -0.8336728279487431 -35.90979787021923 538.7197915759809 313.79560171633875 1.0 568.0560303155852 333.22911453383597 1.0 509.3835528363768 294.36208889884153 1.0
-0.03397476095218067 -0.9994226911663765 337.2071286084616 620.0237819901574 316.3245858083584 1.0 638.2127484532945 315.70626305762005 1.0 601.8348155270204 316.94290855909674 1.0
-0.5874553922147774 0.8092565490360779 46.511240527705866 471.2477580841967 284.614064973989 1.0 465.0747727807639 280.13297241207704 1.0 477.4207433876294 289.095157535901 1.0
0.017909655983478035 -0.9998396092486802 88.7899250365688 451.24978158900245 96.88719319715759 1.0 470.6185669458144 97.23413712631339 1.0 431.8809962321905 96.5402492680018 1.0
0.9935042349210814 0.11379514573951115 -608.3083780435633 573.4182646363174 339.33700330836007 1.0 572.4047449897793 348.18567654892433 1.0 574.4317842828555 330.48833006779586 1.0
0.9847085190126703 0.17421002434955832 -182.03332893706354 133.88224758833948 288.14839662462543 1.0 131.6430803605847 300.80511401443454 1.0 136.12141481609427 275.4916792348163 1.0
0.37223732598732173 -0.9281375830887403 14.802034187436513 438.9529898657421 191.99386450463632 1.0 464.2663186657255 202.14598634091237 1.0 413.63966106575873 181.84174266836027 1.0
-0.9985639688421173 0.05357238215982928 62.02172662070722 79.17870795532474 318.13553095521206 1.0 76.69736836706868 271.88452983486286 1.0 81.6600475435808 364.38653207556126 1.0
0.6742342871726702 -0.7385175190885869 -71.77252980436722 507.89527084890864 366.50163211950803 1.0 540.2478412896955 396.03811799227043 1.0 475.54270040812173 336.9651462467457 1.0
-0.9999997575177998 -0.00069639381226181 70.33230314271334 70.23003812881961 146.8738544584537 1.0 70.23700327766446 136.87211832398864 1.0 70.22307297997477 156.8755905929188 1.0
-0.9998318024874697 0.018340303559574174 221.9079347872554 224.5364250906281 141.2585035348339 1.0 224.1805107894067 121.85563835513136 1.0 224.89233939184945 160.6613687145364 1.0
-0.7903844031414187 0.612611210533062 113.52978663100133 277.93723654267296 173.27053171650377 1.0 271.9601708522687 165.55898576856643 1.0 283.9143022330772 180.9820776644411 1.0
-0.04763196316815703 -0.9988649538775235 357.5855160038384 469.3742480411823 335.60923106544806 1.0 475.610068016712 335.3118691986164 1.0 463.1384280656526 335.90659293227964 1.0
0.9921875962565393 0.12475485495430881 -161.09403490918794 149.00869364565796 106.20394167768553 1.0 142.6450464389823 156.81465200017064 1.0 155.37234085233362 55.59323135520044 1.0
-0.9221917825953921 -0.38673287436360115 238.29544507440576 99.85512246853597 378.064243761188 1.0 112.33043133631244 348.3159909338724 1.0 87.37981360075949 407.8124965885036 1.0
-0.05923407764720222 -0.998244120466174 146.8166421352481 107.43028707028375 140.70016070184812 1.0 119.3375341304997 139.99360527871187 1.0 95.52304001006779 141.40671612498437 1.0
0.13981329350349647 0.9901778845034386 -134.96270375380377 294.4249311899696 94.72861987988387 1.0 285.6729240250887 95.9644048490683 1.0 303.17693835485045 93.49283491069943 1.0
0.9996443352284403 -0.026668390384306077 -328.41630463199226 332.9851228714666 166.87873162507714 1.0 333.25260092904705 176.90494322634189 1.0 332.7176448138862 156.8525200238124 1.0
0.9999687991388289 0.007899414462391412 -354.971228205463 354.1380424834816 106.87312811596264 1.0 354.0294289235661 120.62227010566598 1.0 354.2466560433972 93.12398612625931 1.0
-0.02892103512838977 -0.9995816993758453 320.3764186803001 562.4959700467466 304.23571496045815 1.0 570.650310255081 303.99978431090614 1.0 554.3416298384121 304.4716456100102 1.0
-0.013972615337108585 -0.999902378245317 46.16060466584929 288.11122236985534 42.13905106947726 1.0 295.62722217914245 42.03402264220895 1.0 280.5952225605682 42.24407949674558 1.0
-0.9508739277036588 -0.3095783804037635 203.7018978841483 60.783181920837784 471.301499679858 1.0 63.04657267710464 464.3494662221836 1.0 58.519791164570925 478.25353313753243 1.0
-0.9977441936472247 0.06713064906024324 25.595290716298226 37.93025414362309 182.47105145777226 1.0 36.20546201857905 156.83594510766372 1.0 39.65504626866713 208.10615780788078 1.0
0.3678218450983424 -0.9298962793067036 59.19511914445521 622.2114476328651 309.7744213675668 1.0 625.8816444278776 311.22617312424876 1.0 618.5412508378525 308.3226696108848 1.0
-0.18477133725118344 0.9827815387614937 -43.814140080951304 54.4104581901735 54.81140118798277 1.0 44.411381674976774 52.93148925829991 1.0 64.40953470537022 56.691313117665615 1.0
-0.44294172760922396 0.8965504034590337 12.041115662174185 334.67172943478204 151.91444656112765 1.0 328.90934096198987 149.06753210384065 1.0 340.43411790757415 154.76136101841468 1.0
0.5743148785465625 -0.8186344851519799 -38.32195043173175 438.2826590834007 260.66615267154305 1.0 450.6485312452958 269.3414583147724 1.0 425.91678692150555 251.9908470283137 1.0
0.9985356654324212 0.05409736462556879 -427.22183234083803 419.07753122360793 161.89274456000237 1.0 417.9916810298059 181.93549809028474 1.0 420.16338141741005 141.84999102972 1.0
0.5529633077075646 -0.8332056050754275 -36.22872166114223 437.7906716850375 247.06201564582278 1.0 461.9115059459188 263.06999280814085 1.0 413.66983742415624 231.05403848350468 1.0
0.993126146939219 0.1170489481612742 -158.71767379862413 123.95734847413581 304.2521140355359 1.0 116.59788465664097 366.6950155688056 1.0 131.31681229163064 241.80921250226612 1.0
0.992377696301766 0.1232335501509233 -160.34683896625336 136.73494304046 200.06022026968117 1.0 131.37558041124146 243.21820714189337 1.0 142.0943056696785 156.90223339746893 1.0
0.1374561880916565 0.9905078477000124 -336.07903264267617 504.8936829687028 269.2338805891096 1.0 500.34606117273637 269.86496974040466 1.0 509.44130476466927 268.6027914378146 1.0
0.17772332600372873 -0.9840804943672914 151.53668782728818 588.9134580329383 260.3449085554546 1.0 594.6887155017448 261.3879105982337 1.0 583.1382005641316 259.30190651267543 1.0
-0.9987604028289423 0.049776075990067226 38.36735158866499 43.77403276394168 107.52995091788264 1.0 41.31319141780201 58.152999334575284 1.0 46.23487411008136 156.90690250119 1.0
-0.9933766968014893 -0.11490316902401689 154.88659328748037 102.92264955557404 458.17388757052424 1.0 105.24675072255282 438.08124817775604 1.0 100.59854838859526 478.26652696329245 1.0
0.999269604289359 -0.03821332154351051 -81.53775793419737 85.1592540631417 93.14281070810756 1.0 85.82932407277484 110.66498795746998 1.0 84.48918405350857 75.62063345874513 1.0
-0.8930663331051271 -0.44992502116926353 241.49139538090384 98.66401117591931 340.8965527455757 1.0 104.4496094544465 329.4125880929858 1.0 92.87841289739214 352.3805173981657 1.0
-0.9997455366534277 0.022557968471250116 130.95356472393914 132.17165803436205 52.50740861292908 1.0 131.79077114316877 35.6269005155083 1.0 132.55254492555537 69.38791671034987 1.0
-0.9989123508908647 0.046627408652916404 38.64719544386679 39.505858795540675 17.49389174983164 1.0 38.71715943360437 0.5973590764758008 1.0 40.29455815747698 34.39042442318748 1.0
0.9974847794288618 0.07088099045410604 -494.57292552042844 482.985564154336 180.6150917276641 1.0 481.11705775268524 206.90996548678257 1.0 484.8540705559867 154.32021796854565 1.0
-0.04403685496263897 0.999029907162443 -2.9035154895297217 486.22404133440676 24.338904073636986 1.0 451.8332138640004 22.822969595097724 1.0 520.6148688048131 25.854838552176247 1.0
-0.7761993795309127 -0.6304875282000638 225.94964157456346 67.32772914236851 275.4850686497912 1.0 75.45137492540579 265.4839686528986 1.0 59.204083359331236 285.4861686466837 1.0
-0.9927454090134059 -0.1202354061115342 157.17772665860622 131.91687326589658 218.0543751660266 1.0 134.79692474483494 194.27470846131172 1.0 129.03682178695823 241.8340418707415 1.0
0.7779804627413154 0.6282884684544264 -232.76129232640665 114.97295136586831 228.1031558204527 1.0 107.37110833443568 237.51616537930917 1.0 122.57479439730093 218.69014626159625 1.0
-0.930579165094546 0.36609072303452 365.67175265780804 566.7968561833036 441.90574185134165 1.0 552.4370004430253 405.4039084945696 1.0 581.1567119235818 478.40757520811377 1.0
0.9988571245162208 -0.04779586596335429 -210.8639047455348 212.24078478051047 23.732496995905013 1.0 213.34765654018756 46.86434576138121 1.0 211.13391302083335 0.6006482304288174 1.0
-0.9761529670317929 -0.2170838201134007 194.54267881807087 107.4253064127565 413.10838911030913 1.0 109.36785289165722 404.37341057535633 1.0 105.48275993385576 421.84336764526194 1.0
0.9547480824926323 0.29741570062228057 -237.60543729752789 130.85917336431882 378.82294786603194 1.0 125.98006365268053 394.4856066688835 1.0 135.7382830759571 363.16028906318036 1.0
-0.9995868147802733 0.028743690045426984 141.94915305717979 148.55040293686488 227.52371175974378 1.0 146.9870778239394 173.15772160240698 1.0 150.1137280497904 281.8897019170806 1.0
-0.9989538724953443 0.04572920977401113 64.22049297655734 69.89435239172212 122.4762255544309 1.0 69.23245477930092 108.01708256046287 1.0 70.55625000414334 136.9353685483989 1.0
-0.9993605338608469 0.035756445032509444 115.661495081069 122.15466257212864 179.40971801789954 1.0 121.03639004303147 148.1550048979463 1.0 123.2729351012258 210.66443113785274 1.0
0.9983366622582519 0.05765335021534477 -493.01029178185166 487.1175233120478 116.26400557745043 1.0 485.7104055037729 140.629932117196 1.0 488.5246411203227 91.89807903770487 1.0
-0.1071990839314068 -0.9942375754336924 341.4624805938238 534.3963178922711 285.8227167037975 1.0 544.5478548495555 284.7281740218414 1.0 524.2447809349867 286.9172593857536 1.0
-0.9993285184796166 0.036640307768014434 115.43888144246911 124.20336445444158 236.9271241643363 1.0 123.56091148587709 219.40484849642164 1.0 124.84581742300607 254.449399832251 1.0
0.992221057124035 -0.12448844845873261 -277.2801992147316 300.9349606458467 171.21111096452984 1.0 301.9579328500231 179.3645948773194 1.0 299.9119884416703 163.05762705174027 1.0
-0.5456510786782546 0.838012470275507 34.21865699244866 436.931137469407 243.66378391567235 1.0 420.6609197501902 233.06983434604123 1.0 453.20135518862384 254.25773348530345 1.0
0.9991430602097198 0.041390158670345435 -475.5647444788884 466.39162536099315 231.28175795999178 1.0 465.6916235391345 248.17954199640084 1.0 467.09162718285177 214.38397392358272 1.0
0.33983043044283484 -0.9404867242789967 21.099280490017417 50.99191000451874 40.85957007571288 1.0 63.24687351759735 45.28771288538778 1.0 38.736946491440136 36.431427266037986 1.0
-0.9994331733881046 0.033664995639135185 100.62053043134843 101.85656119733665 35.000621094264005 1.0 101.07708278449896 11.859772003397593 1.0 102.63603961017435 58.141470185130416 1.0
-0.1683635269001607 0.985724973209941 -52.23331879947283 111.02322528397914 71.95270740189405 1.0 103.92820560705421 70.74086579424645 1.0 118.1182449609041 73.16454900954164 1.0
0.9464516880399145 0.322845477289672 -231.92219841400586 95.53248631949636 438.30663716346055 1.0 81.94217216226292 478.1479131915135 1.0 109.1228004767298 398.46536113540753 1.0
0.37351177587679946 -0.9276254380305445 9.688793061313714 556.5553795814503 234.5437849618387 1.0 577.6559119144258 243.03999149145739 1.0 535.4548472484747 226.04757843221998 1.0
-0.4543827932579597 0.8908065318525086 15.538497634597901 320.4322125361166 146.0029551836794 1.0 314.94665429942773 143.20488042216812 1.0 325.9177707728055 148.8010299451907 1.0
0.9980376682192961 0.06261639414235345 -479.3839994042051 463.9790932556134 260.56094881122755 1.0 463.2686896315605 271.8840150170584 1.0 464.68949687966625 249.23788260539672 1.0
0.6753441798765012 -0.7375027042031345 -72.55225626743326 607.2893967305794 457.7299871463173 1.0 630.1399767785418 478.6546646481682 1.0 584.4388166826169 436.8053096444663 1.0
-0.3759636053782953 0.9266344303073103 -10.378767839433692 447.6254940599125 192.81569581456708 1.0 434.61379075595124 187.53645437234312 1.0 460.6371973638737 198.09493725679104 1.0
0.9980002480037619 0.06321000699596396 -479.0148515640141 460.5780168277226 306.2470242425748 1.0 458.7987961217276 334.3385051682106 1.0 462.3572375337176 278.15554331693903 1.0
-0.9308210466356983 0.36547527842526245 364.31614117078124 476.3769023141474 216.44557184603624 1.0 465.8985183409466 189.7584033485916 1.0 486.8552862873482 243.1327403434809 1.0
-0.7868123291208373 0.6171923190897981 111.07972706016109 268.3817090908129 162.16389521926385 1.0 265.8464176952994 158.931841828117 1.0 270.91700048632634 165.3959486104107 1.0
-0.02211812327951079 -0.9997553643880048 330.3739985541186 564.3853679705941 317.9686398609996 1.0 568.1473538731781 317.88541143239286 1.0 560.6233820680101 318.05186828960626 1.0
0.8861226388262307 0.46345082690576517 -251.68573335803762 104.01683314150858 344.18767522184294 1.0 102.20832129391927 347.6455680503742 1.0 105.8253449890979 340.7297823933116 1.0
0.9992616701552173 0.03842023631637337 -424.3696544191385 416.51249005236343 212.51009238134884 1.0 415.815714845909 230.6323327234174 1.0 417.2092652588178 194.3878520392803 1.0
-0.8584654827549837 -0.5128713434363953 238.474336514029 96.02836021450038 304.2425861792563 1.0 109.38707380757471 281.8822132310915 1.0 82.66964662142605 326.6029591274211 1.0
-0.6734530417935628 0.7392300051398062 73.94265332329688 435.64424713159644 296.8538729780608 1.0 414.0752169600633 277.2040632076782 1.0 457.21327730312964 316.5036827484434 1.0
0.027782673588798882 -0.9996139870211191 8.146980217217493 420.0569781750761 19.8249388142407 1.0 425.67763636722253 19.981156028019356 1.0 414.4363199829296 19.668721600462042 1.0
0.9972317009840748 0.07435680568992174 -495.4483997475658 477.62304349576783 257.50917451911846 1.0 476.6463565115626 270.60795160550424 1.0 478.59973047997306 244.41039743273265 1.0
0.24052292450581064 0.9706434581179497 -332.5586387040917 553.4053796823905 205.4842658007155 1.0 546.6362797092299 207.1616311692244 1.0 560.1744796555511 203.80690043220656 1.0
0.03551177156909754 0.999369258122354 -92.81760281855884 610.0204181431604 71.19960564992903 1.0 600.6128791076508 71.53389487740043 1.0 619.4279571786702 70.86531642245762 1.0
-0.09557314776388723 -0.9954224095460691 118.77657215883545 611.250955923525 60.6349562243262 1.0 620.6592421156923 59.731641693905914 1.0 601.8426697313578 61.5382707547465 1.0
-0.9982952411446773 0.05836618462680923 36.77364662002324 49.91845762051484 223.75476744491988 1.0 47.54498617194599 183.1589110042591 1.0 52.2919290690837 264.35062388558066 1.0
0.9896743520023098 0.14333414453230636 -174.23663002352862 128.3466077006848 329.4070953555431 1.0 126.90238558835064 339.3789662439173 1.0 129.79082981301897 319.43522446716895 1.0
-0.7732522051031643 0.6340985943077733 89.6371647860664 383.2705726906954 326.01815010147584 1.0 257.98562784979566 173.23929089234662 1.0 508.5555175315952 478.7970093106051 1.0
-0.9978021674586457 0.06626337310180176 34.52163862684339 56.8449365616799 335.00199649278693 1.0 54.89723948510347 305.6733300879674 1.0 58.79263363825634 364.33066289760643 1.0
0.9972167242910716 -0.0745573926192783 -465.6875993047754 485.9107699811009 253.10363426859902 1.0 486.28946788129105 258.1687775931775 1.0 485.5320720809108 248.0384909440206 1.0
0.561533217168358 -0.8274541957211613 -42.16018444949425 490.85734002183665 282.15763249612877 1.0 498.02525656451036 287.02197816917703 1.0 483.68942347916294 277.2932868230805 1.0
-0.160897598360964 -0.9869711053732394 522.5345849208121 576.7383397177541 435.4117043933363 1.0 584.1434302393831 434.2045147663157 1.0 569.3332491961253 436.6188940203569 1.0
-0.9994363921166685 0.0335693031327275 116.22293915983394 119.96364455474583 109.41820640734996 1.0 118.78726820847476 74.39474087278197 1.0 121.1400209010169 144.44167194191795 1.0
1.0 0.0 -351.875 351.875 176.25 1.0 351.875 186.875 1.0 351.875 165.625 1.0
0.4323929834545515 -0.9016852598658092 23.442938681007 555.1391847124077 292.2097529137174 1.0 558.4109526363123 293.7786922728887 1.0 551.867416788503 290.6408135545461 1.0
0.07068328699459887 -0.9974988084903356 271.6994977345129 115.58452771003081 280.5711542676874 1.0 121.84736847500186 281.0149424380832 1.0 109.32168694505975 280.1273660972916 1.0
-0.08775750902522696 0.9961418672105329 -158.03431067488475 541.1338108433341 206.31887156730374 1.0 536.6285938908502 205.92197366512508 1.0 545.639027795818 206.71576946948244 1.0
0.9994367574442902 0.03355842471337426 -529.2639205154456 524.9237041893407 138.14342402542306 1.0 524.6302333615115 146.88357005656718 1.0 525.2171750171698 129.40327799427894 1.0
0.9999803834874962 -0.0062635964269819955 -228.80053101981608 229.7054405824125 143.75184503750873 1.0 229.85030792881975 166.87985245367727 1.0 229.56057323600527 120.6238376213402 1.0
0.9981325263043745 0.06108567698934788 -429.40046801367833 414.21363469624475 261.2783744277934 1.0 413.2586212666866 276.8831776170204 1.0 415.16864812580286 245.67357123856638 1.0
-0.04004865352094965 -0.999197730857691 269.4451995608667 57.419242420163734 267.36013099873014 1.0 66.87924721713594 266.9809663522139 1.0 47.95923762319153 267.73929564524633 1.0
-0.9858750811191137 -0.16748231079245623 163.9500650337631 140.17464618606965 153.77966922217044 1.0 141.36241742195025 146.78792150873082 1.0 138.98687495018905 160.77141693561006 1.0
0.9960998226710776 0.08823345892941115 -603.1117883204348 595.169704993476 116.32039411995359 1.0 591.1305598975044 161.9197819560224 1.0 599.2088500894477 70.72100628388476 1.0
0.3517895967645136 -0.9360790990126108 20.407295972283436 109.44736664033167 62.932439162205874 1.0 117.25408307032362 65.86629552953491 1.0 101.6406502103397 59.99858279487684 1.0
0.9988965559719352 0.046964566083449774 -351.47797488021916 346.8414311095955 106.87342171007364 1.0 346.19362380095095 120.65173467028865 1.0 347.48923841824 93.09510874985864 1.0
0.9992044201511463 0.03988140858108778 -425.51312399920056 421.3117026559562 113.75246274814552 1.0 420.63824523119087 130.62552865906738 1.0 421.98516008072147 96.87939683722367 1.0
0.9941484980097517 0.10802205286400805 -154.56846923529187 109.83649870722925 420.0501454640315 1.0 103.5215274144348 478.16808582209785 1.0 116.1514700000237 361.93220510596524 1.0
-0.0019302037833660742 -0.9999981371549422 40.254844588309545 258.7507343995132 39.755477000116755 1.0 269.3756948140926 39.73496862312249 1.0 248.12577398493377 39.77598537711102 1.0
0.9872790630673491 -0.15899701767283916 -275.71971802207645 299.7282507787197 127.01941757869454 1.0 301.13337707634304 135.74443516024022 1.0 298.3231244810964 118.29439999714886 1.0
0.9418050876850996 0.3361594514668028 -237.46688610254176 139.5421385911028 315.46157505987674 1.0 129.77632506272087 342.8220815881972 1.0 149.30795211948472 288.10106853155634 1.0
0.010703332698873714 -0.9999427176939373 367.104222444028 67.48958873077554 367.8476571280037 1.0 78.11337151663511 367.96137352361865 1.0 56.865805944915955 367.73394073238865 1.0
-0.9991347020685979 0.04159143087577197 99.29342426816547 107.00222358206747 183.1197040065685 1.0 105.90923092337698 156.86316819115788 1.0 108.09521624075795 209.3762398219791 1.0
0.9255642534960136 -0.3785905606989789 -356.0228157215108 437.78250785558305 129.88444367093578 1.0 450.03670061187154 159.8430426115169 1.0 425.5283150992945 99.92584473035467 1.0
-0.003985047172416602 -0.9999920596679924 287.28064710253204 143.12684332400192 286.7125564731358 1.0 148.12925455570326 286.6926214701111 1.0 138.12443209230062 286.7324914761605 1.0
0.9221679249770407 -0.38678975961565876 -351.99735240239 464.1670588418961 196.59936490588197 1.0 469.94893494041423 210.38427143893733 1.0 458.385182743378 182.8144583728266 1.0
0.9988103465469945 0.048763630204004975 -584.3417464345529 564.5337313086627 419.97723596464664 1.0 564.2582760229894 425.61930133571343 1.0 564.809186594336 414.3351705935798 1.0
-0.9991218043886517 0.04190011927387236 99.24310768570386 110.15613847682631 258.1446626213717 1.0 109.31667749637214 238.12744586780872 1.0 110.99559945728049 278.16187937493464 1.0
-0.9983135477488586 0.058052221155503736 139.36009606069743 145.11939095959724 94.99305738121441 1.0 144.42486455996232 83.04941250038398 1.0 145.81391735923214 106.93670226204485 1.0
0.9990210717738276 0.04423684156755661 -415.87444389827834 404.7959547298884 259.3936399548711 1.0 403.74391210642426 283.1524055448575 1.0 405.84799735335264 235.63487436488475 1.0
0.323006218480697 0.946396842145408 -163.73779778718912 76.84420411921641 146.78476915409937 1.0 73.10333785217658 148.06153066993383 1.0 80.58507038625623 145.50800763826487 1.0
0.9951317403394824 0.098553637015145 -159.43242603239497 115.08834284843984 455.63374910191794 1.0 112.85132861071948 478.22169145461635 1.0 117.3253570861602 433.0458067492195 1.0
-0.9336555615932457 -0.35817215456537227 381.33543891580354 367.0721610907513 107.81540026256761 1.0 373.59729525734286 90.80618352942153 1.0 360.54702692415975 124.8246169957137 1.0
0.08777845046637503 0.9961400221021752 -489.0852131361798 619.3882853331263 436.40076652599623 1.0 600.6188058382671 438.05470652395184 1.0 638.1577648279855 434.7468265280407 1.0
-0.778361182193396 -0.6278167487846266 232.5848198689392 85.59276859560622 264.3490025376674 1.0 92.33207691781398 255.99367273323912 1.0 78.85346027339845 272.7043323420956 1.0
-0.6994931887858153 0.7146392648338403 81.91399813924203 480.52287508914395 355.7158031339027 1.0 405.3599034223573 282.145836694901 1.0 555.6858467559306 429.28576957290437 1.0
0.9087317232597434 0.4173807076775078 -233.10532260456608 117.91107243382669 301.77674301537434 1.0 114.63090262289961 308.9184108261719 1.0 121.19124224475378 294.6350752045768 1.0
-0.994076549749654 -0.10868216614432905 157.71584657499878 150.9379498690737 70.59088362920015 1.0 152.71572090092081 54.330253607927155 1.0 149.1601788372266 86.85151365047315 1.0
0.9969649809842153 0.07785131142853878 -496.5806752111298 473.7386722028242 311.8741154314519 1.0 472.07798873939686 333.1408510477988 1.0 475.3993556662515 290.60737981510505 1.0
-0.9927956766857232 -0.11981963259056018 604.1668608360565 574.6218571861153 281.1289315805677 1.0 575.6063239739541 272.97188461192263 1.0 573.6373903982766 289.2859785492128 1.0
-0.9975808653177141 0.06951558927291758 33.49557828072911 64.10847395205408 438.1435726450092 1.0 62.715484996615174 418.1535367109235 1.0 65.50146290749299 458.1336085790949 1.0
-0.9998331968025868 0.01826413347300761 172.2399748227396 175.46551959834056 175.00291325728284 1.0 173.39890018988459 61.86999661579318 1.0 177.53213900679654 288.1358298987725 1.0
-0.9995083868017154 0.03135258702296493 100.7732637503895 104.17548175008879 106.88125849004932 1.0 103.19496634177925 75.62280529523485 1.0 105.15599715839834 138.13971168486378 1.0
0.6755600990690304 -0.7373049250790624 -72.66315307639012 437.28350595184077 302.1112811660695 1.0 457.83489712742056 320.9416176880889 1.0 416.732114776261 283.28094464405007 1.0
-0.24750664821655655 0.968886195117159 -45.26344564249819 83.75327812945415 68.11216747854318 1.0 68.18618680123191 64.13547897111388 1.0 99.32036945767639 72.08885598597249 1.0
-0.9322575511443771 -0.3617953265788394 233.01341255877483 135.48176873672477 294.94441407140187 1.0 138.1278525556171 288.12610703452043 1.0 132.83568491783245 301.7627211082833 1.0
0.9982664873116825 0.05885592842182038 -355.03812799426566 345.2645418766316 176.22874806198777 1.0 344.5625092777816 188.13605519695574 1.0 345.96657447548165 164.3214409270198 1.0
-0.04484557129868898 0.9989939312803128 -25.871012373553405 271.9040425645042 38.103038776219414 1.0 253.1637508797423 37.26177331845018 1.0 290.6443342492661 38.944304233988646 1.0
0.9816975425421375 0.19044667223852502 -385.5054323994165 373.28685209542294 100.0313988694403 1.0 371.20971631296106 110.73843338572352 1.0 375.3639878778848 89.32436435315705 1.0
-0.6716175976402223 0.740897970398068 53.68813865105627 591.7498599554542 463.95252036050135 1.0 574.3365055597881 448.1674653146743 1.0 609.1632143511202 479.73757540632846 1.0
0.9997124362047138 0.023980093778713508 -374.9104484584994 371.4354861612986 149.36445738525657 1.0 371.1051358830625 163.13651701537898 1.0 371.7658364395348 135.59239775513416 1.0
0.944088326725526 0.32969263161404816 -215.00392573526887 89.81815616635737 394.93649686119477 1.0 86.03547927702844 405.76834674970075 1.0 93.6008330556863 384.10464697268884 1.0
-0.9991937086844553 0.04014887950371494 213.18979985346624 213.68840397254985 8.127475007060701 1.0 213.38652270614014 0.6144916836194547 1.0 213.99028523895953 15.640458330501946 1.0
-0.01595887463979439 0.9998726490509836 -49.32570671905316 339.34909052254665 54.74830856288321 1.0 331.8510006651449 54.62863224591848 1.0 346.8471803799484 54.86798487984794 1.0
0.9987653356063874 0.049677000624637375 -417.1144948551828 407.2153062411486 209.3919262916437 1.0 406.09586899614214 231.89842027559584 1.0 408.3347434861551 186.8854323076916 1.0
-0.9993359313841917 0.036437566390883205 101.40838116133943 113.25813445596299 323.14293429301733 1.0 112.98420437571063 315.6301336590094 1.0 113.53206453621534 330.6557349270253 1.0
0.9956855114786847 0.09279203754326305 -622.7587376291796 614.5004387585864 117.56993648160778 1.0 610.4783769063198 160.7278282425879 1.0 618.522500610853 74.41204472062766 1.0
0.9916305764383859 -0.1291077064798012 -68.10347818952283 85.83391965071579 131.76642584340323 1.0 86.8253772709707 139.38146074948318 1.0 84.84246203046088 124.1513909373233 1.0
0.9997298893703974 -0.02324109075437055 -174.09097924971852 179.83371132634167 245.00386577434267 1.0 180.74891968439695 284.37211919323215 1.0 178.9185029682864 205.63561235545316 1.0
0.9993674937451783 0.03556138981368701 -389.5907201305286 383.36595969508517 181.86133434940328 1.0 379.7636944587078 283.0943513924615 1.0 386.9682249314625 80.6283173063451 1.0
-0.5766777635639798 0.8169716990268675 44.8409775044422 542.1186769861536 327.7797860625642 1.0 518.022146792073 310.7707107683694 1.0 566.215207180234 344.78886135675896 1.0
-0.6853758625856222 0.7281894856320119 68.42279738713185 333.9993661703214 220.39909868460745 1.0 329.1645762367177 215.84856838096277 1.0 338.83415610392507 224.94962898825213 1.0
0.047562367771192486 -0.9988682701798061 -1.6609684272398637 494.99847038429687 21.907123812649253 1.0 519.3777154503908 23.067972199202632 1.0 470.61922531820284 20.746275426095874 1.0
0.9192022219232986 0.3937858240354406 -376.38386490313445 370.18880988456385 91.68813634807829 1.0 366.89254156940706 99.38251480055104 1.0 373.4850781997207 83.99375789560554 1.0
0.9947479539404043 0.10235481489104122 -623.7868753974612 604.690659496006 217.59678937082282 1.0 600.6357708420592 257.0047272999133 1.0 608.7455481499527 178.1888514417323 1.0
-0.7616927843997361 0.6479383475249609 100.71824905368587 470.4742423644726 397.62824284966456 1.0 401.2957018597556 316.30446360581 1.0 539.6527828691897 478.95202209351913 1.0
-0.14100243081003946 0.9900092497071227 -62.84091871065629 75.11767960037045 74.17374550070316 1.0 70.74241590519999 73.55059696281177 1.0 79.49294329554093 74.79689403859456 1.0
0.9419328929426191 0.33580116913547003 -219.29188187534757 144.94890328167332 246.45459779502391 1.0 142.09704211427598 254.45415850707607 1.0 147.80076444907064 238.45503708297178 1.0
0.9640886341917407 -0.26558069474700874 -274.29681506528186 322.9234905055098 139.43051048902228 1.0 323.9718193720364 143.23606550527157 1.0 321.8751616389831 135.624955472773 1.0
-0.7610080271750728 0.6487424624418413 99.29363392028243 306.542004545263 206.53387123863843 1.0 284.94756848992324 181.20249533551473 1.0 328.13644060060284 231.86524714176215 1.0
0.5861751343620073 -0.8101843690516887 -45.27536766602887 493.1091381197284 300.8857698794785 1.0 506.17665181958614 310.34022480528415 1.0 480.04162441987063 291.4313149536728 1.0
0.9994035408597434 -0.03453349847622149 -144.9552092082325 150.69986656022004 163.74741305274836 1.0 151.41318583938414 184.39095757665436 1.0 149.98654728105595 143.10386852884238 1.0
-0.04239889083105963 -0.9991007627142998 105.00004150504203 241.81485129576868 94.83263706677553 1.0 258.1150656569976 94.14090402540837 1.0 225.5146369345397 95.5243701081427 1.0
-0.9987120462618024 -0.05073705402921531 414.74278362663995 407.0851987662387 161.2606786197277 1.0 408.1968601687897 139.37865067516717 1.0 405.97353736368774 183.14270656428826 1.0
0.16593965662628574 -0.9861359086651041 60.19205571407741 627.6424715501402 166.6533289003193 1.0 638.2817250990845 168.44362379289822 1.0 617.0032180011958 164.86303400774037 1.0
0.9172806685782448 -0.39824135276569195 -228.66922804958804 320.6497996437714 164.36423312785067 1.0 323.3294094209056 170.53625476957265 1.0 317.97018986663716 158.19221148612868 1.0
0.9864726556361293 0.16392589692358697 -233.27205957368486 169.68133300286394 401.925904515158 1.0 160.9901034747958 454.22795339333544 1.0 178.3725625309321 349.62385563698047 1.0
0.9997080114960616 0.024163852147169766 -373.9062592072368 368.45632974759747 229.9929017228256 1.0 368.04831887296365 246.87314654739697 1.0 368.86434062223134 213.11265689825422 1.0
0.011331704408544079 -0.9999357941764048 67.5913679576349 306.2520818936221 71.06628889376282 1.0 315.63295993360657 71.17259705640767 1.0 296.87120385363767 70.95998073111798 1.0
-0.999904738213773 0.013802698926154267 303.03741861624724 304.48980631149357 103.1234152120779 1.0 304.33454074085904 91.87555850017641 1.0 304.64507188212804 114.37127192397938 1.0
0.9996228537857728 0.02746179508312558 -356.4317288495043 350.7621382671648 211.27093758144747 1.0 350.46999539485387 221.90508188441927 1.0 351.0542811394757 200.63679327847566 1.0
-0.9995948256620851 -0.02846374025994635 382.86509679323655 378.7317196773551 150.6066824141662 1.0 379.23064603894164 133.0852953837304 1.0 378.23279331576856 168.12806944460198 1.0
0.003537699741131044 -0.9999937423206916 211.87098550623105 115.00520339539776 212.27916775946738 1.0 119.37793759237303 212.29463727690734 1.0 110.63246919842247 212.26369824202743 1.0
0.9997994052417519 -0.020028711347439675 -174.95129712230343 177.0649687766807 103.7587148629548 1.0 177.27798186546696 114.3919680854316 1.0 176.85195568789442 93.12546164047802 1.0
0.9913389275464343 -0.13132833179129946 -263.9223194063692 281.05233014362443 111.90118645526962 1.0 283.200270437155 128.11502849512905 1.0 278.9043898500938 95.68734441541018 1.0
0.9109779086654058 0.4124551489842302 -236.78322974395869 94.50877301995436 365.34354273140275 1.0 86.5289604628808 382.968326838687 1.0 102.48858557702793 347.7187586241185 1.0
0.9978223900594613 0.06595815261227578 -217.8381631397792 214.6382165804236 55.60108535723518 1.0 214.05962046875806 64.35415275157214 1.0 215.21681269208912 46.848017962898204 1.0
0.705094756945896 -0.7091130965702211 -82.17466865222585 514.399270686248 395.6005909949525 1.0 555.1375930023693 436.1080609751302 1.0 473.6609483701268 355.0931210147748 1.0
-0.017074230321947197 -0.9998542247042381 462.4697406956345 74.35395201387551 461.2674455919091 1.0 84.40438591209268 461.0958171495085 1.0 64.30351811565835 461.4390740343097 1.0
-0.4032859064299203 0.9150740285217354 -1.8422688793873077 620.8902071927259 275.64823284084207 1.0 603.2379776036902 267.8686486887013 1.0 638.5424367817617 283.4278169929829 1.0
0.9952343344348366 0.09751215084310315 -602.9427041257952 600.1335700986058 58.138087076231926 1.0 599.2784621066227 66.86554130540378 1.0 600.988678090589 49.410632847060064 1.0
-0.9997456186459152 0.02255433435720003 131.18692667467772 133.60328907728507 105.6283098091585 1.0 133.0956277095467 83.12566264102324 1.0 134.11095044502343 128.13095697729375 1.0
0.9859181585986373 0.1672285398652761 -234.56153790188793 158.92868913764462 465.6553087262543 1.0 156.78037663482613 478.3209715884644 1.0 161.07700164046312 452.98964586404423 1.0
-0.9917875769239555 0.1278960603744651 197.48021462322833 248.1184790376114 380.00084091131885 1.0 246.75029646923258 369.39108115555285 1.0 249.4866616059902 390.61060066708484 1.0
-0.9976979231058074 -0.06781485257934694 391.6431715794359 374.44626177285613 266.2973258371992 1.0 375.1737587112633 255.5943285304452 1.0 373.71876483444896 277.00032314395315 1.0
-0.9933913039079759 -0.11477681525469831 162.4786432711399 124.63344088890457 336.9048603602058 1.0 129.11751821937008 298.09525045553494 1.0 120.14936355843908 375.71447026487675 1.0
-0.7068102705844691 -0.7074031675051431 225.4855697030879 90.35105049214624 228.4758206938165 1.0 103.79431275445114 215.0438256538895 1.0 76.90778822984133 241.90781573374346 1.0
0.9985298720357426 0.05420419404698732 -379.83628641882115 370.04748935716873 190.62757791219195 1.0 369.09847417646415 208.10998907261794 1.0 370.99650453787336 173.14516675176594 1.0
0.999488298247229 0.03198658573305439 -414.7416515686217 411.51339609889726 107.50842945526617 1.0 410.77344534084324 130.62975069055824 1.0 412.2533468569513 84.38710821997408 1.0
0.9981189277970636 0.0613074707783652 -93.51841608550025 86.43835859344458 118.13656955212636 1.0 86.13004872971504 123.15602161413469 1.0 86.74666845717411 113.11711749011802 1.0
-0.9999595852220265 0.008990435061353276 192.9487149417913 194.09157392632721 126.24692897768202 1.0 193.4790747732969 58.1218165850868 1.0 194.7040730793575 194.37204137027723 1.0
-0.9989246550087609 -0.046363063052694206 414.2821255561399 402.6024913603808 261.2547569287432 1.0 403.50115319996365 241.8924583883178 1.0 401.70382952079797 280.6170554691685 1.0
-0.9991032717239584 -0.04233972638648273 413.6330913982072 409.2899712917972 111.24639667655768 1.0 410.16468588994087 90.60549293399058 1.0 408.4152566936536 131.88730041912478 1.0
0.9937656591812793 0.11148907853237054 -625.5738892646506 594.4386889975649 312.5071451730954 1.0 590.5835328370337 346.87034786119267 1.0 598.293845158096 278.1439424849982 1.0
0.9939080222641741 0.11021271831743379 -165.37837879672074 155.02567435198443 102.50284698388569 1.0 150.52241640143257 143.1136246845788 1.0 159.52893230253628 61.89206928319256 1.0
-0.9999728948084149 -0.0073627201820348435 274.8745590786568 273.92482076250997 130.00128719124595 1.0 274.17794128964977 95.6235490725286 1.0 273.6717002353702 164.37902530996328 1.0
-0.9997101635942565 0.02407465070037515 117.35221293118538 118.46970919988945 44.9916988404412 1.0 117.97258895845974 24.348568268334382 1.0 118.96682944131915 65.63482941254802 1.0
0.9990664471318882 -0.04319993304700854 -142.04024116028972 153.5239685480871 262.5097736678248 1.0 154.47158406655097 284.42487405116384 1.0 152.57635302962328 240.59467328448568 1.0
0.9866104506535519 0.16309450837227826 -233.1045942826991 189.78124693408688 281.2138383885794 1.0 178.5033294886927 349.43754085583646 1.0 201.05916437948102 212.99013592132232 1.0
0.49665702622996755 -0.867946886794581 -8.676265783737632 434.7254690311363 238.76252803559075 1.0 442.53081711696416 243.2289084420159 1.0 426.9201209453085 234.2961476291656 1.0
0.99842220835476 0.056152416368344164 -355.64819809654813 344.40147461749075 209.96633824227422 1.0 343.7337460766109 221.83893513986098 1.0 345.06920315837067 198.09374134468743 1.0
-0.9989382496468845 -0.046069223918129225 386.05464777825347 375.77233774970784 231.85297108162217 1.0 376.4639688816286 216.85604398881884 1.0 375.0807066177871 246.8498981744255 1.0
0.06846620707930218 0.9976534360629317 -114.52190482897433 633.753330112303 71.29852463899202 1.0 629.3561474897004 71.60029116945444 1.0 638.1505127349056 70.9967581085296 1.0
-0.007923615570368272 0.9999686076654072 -275.3319842725288 91.24157206939324 276.06361369497273 1.0 80.61228704176415 275.97938868260616 1.0 101.87085709702234 276.1478387073393 1.0
-0.1268319729186766 0.9919242161806294 -61.787196736555074 137.35889169481732 79.8535761866184 1.0 131.58848796245357 79.1157459391313 1.0 143.1292954271811 80.59140643410548 1.0
-0.5791264452120286 0.8152377324781276 47.06209108378065 614.6889421673936 378.9330628327521 1.0 590.6421935813382 361.85079655293015 1.0 638.735690753449 396.0153291125741 1.0
-0.9941017309072565 -0.10845159568764616 159.92030045609792 114.29273347465687 426.93420954519 1.0 119.89895634470942 375.5457922182337 1.0 108.68651060460431 478.32262687214626 1.0
0.022811751543834802 -0.9997397781380424 169.1968664009822 236.89733038908497 174.64635624322145 1.0 255.69458787749406 175.07526622250595 1.0 218.10007290067588 174.21744626393695 1.0
-0.7165589177909014 0.697526571059721 87.06991322808558 499.04640701288747 387.8364657815231 1.0 469.7596305195229 357.7505855579401 1.0 528.333183506252 417.9223460051061 1.0
0.9993541712582605 -0.03593383348204396 -144.28790636990607 151.9769480496094 211.2463342483137 1.0 152.9436601840465 238.13152044584146 1.0 151.01023591517227 184.36114805078594 1.0
1.0 0.0 -213.125 213.12500000000009 396.25 1.0 213.12500000000009 423.125 1.0 213.12500000000009 369.375 1.0
0.9140817720572361 0.4055299175063454 -241.42278994791894 99.7917893778172 370.3917461880751 1.0 93.56421139189152 384.42897322178834 1.0 106.01936736374289 356.3545191543618 1.0
0.999771020135919 0.021398768571672028 -149.6525543001666 148.28214176447665 65.62836341040423 1.0 147.93449139835266 81.870922416838 1.0 148.62979213060063 49.385804403970475 1.0
-0.9999450905115467 0.010479311134558796 181.69729470864937 183.31198425842783 153.1230404261795 1.0 183.23339374052074 145.62386404589338 1.0 183.39057477633492 160.6222168064656 1.0
0.9996803771677368 0.02528128766046594 -374.8240636734059 371.8301792012896 123.1238665102054 1.0 371.54505669109074 134.3982676547451 1.0 372.1153017114884 111.84946536566571 1.0
-0.9994581971514287 -0.03291370758234419 383.30395055309583 377.090530122086 194.98651552224607 1.0 377.728564767238 175.6119447733145 1.0 376.452495476934 214.36108627117767 1.0
0.59756199136989 -0.8018227151122944 -52.119605027418125 92.4115345369563 3.868705036123112 1.0 97.52526634325069 7.679736706724844 1.0 87.2978027306619 0.05767336552137958 1.0
-0.9985412078157516 0.0539949654491957 124.20500091640874 139.2252323435004 274.4168946684587 1.0 138.68424820316065 264.41235160763756 1.0 139.76621648384017 284.4214377292799 1.0
-0.7162276634200139 0.6978667022805337 86.79571295523947 423.49509436273684 310.2643932465237 1.0 407.4587920725318 293.8061738162557 1.0 439.53139665294185 326.72261267679175 1.0
-0.9999999294114216 0.0003757354811497928 182.53391358322835 182.58324182990458 131.25020355778108 1.0 182.57877997138087 119.37520523425975 1.0 182.58770368842826 143.1252018813024 1.0
0.7029177068276115 -0.7112711841683257 -81.09608629828296 429.8454171107112 310.7814199530736 1.0 456.5657437339336 337.1879314689898 1.0 403.1250904874888 284.3749084371574 1.0
-0.9925969840066845 -0.12145463079205256 164.00336392854143 141.35531320474746 195.08936146499974 1.0 153.8212951312 93.2101989976242 1.0 128.88933127829492 296.96852393237526 1.0
-0.20592702532616636 -0.9785673508963584 120.35492926270665 217.56969315047826 77.20618257077295 1.0 225.85392854905933 75.46287082920617 1.0 209.2854577518972 78.94949431233974 1.0
0.010117731465344584 -0.9999488144450169 62.88336441447041 281.8738500285235 65.73865320561004 1.0 299.37205857994843 65.9157044433238 1.0 264.3756414770986 65.56160196789625 1.0
-0.026552226425812665 0.999647427482226 -50.34534340652044 298.7453981186981 58.29825322295831 1.0 269.3579295215374 57.517675292358724 1.0 328.1328667158588 59.078831153557886 1.0
-0.9988801748952351 -0.0473116920143926 414.43328320772423 404.89093913710747 211.27443731907638 1.0 405.92752143972615 189.38932884698664 1.0 403.8543568344887 233.15954579116612 1.0
-0.3999490460538602 0.9165373754302697 -4.264286444584797 529.36372399114 235.65084050060346 1.0 484.2305247863917 215.95608450789356 1.0 574.4969231958881 255.34559649331334 1.0
-0.9272120618196831 -0.3745367704459633 211.26151619420085 76.26460488286159 375.2583611204521 1.0 80.0463498339765 365.8961841325311 1.0 72.48285993174667 384.62053810837307 1.0
0.9999887942814553 0.004734058673200898 -207.17469645039526 206.8485756018469 69.37783372377339 1.0 206.80122153853048 79.3805683641736 1.0 206.89592966516332 59.37509908337319 1.0
0.7634824317556285 -0.6458285967658232 -99.25942270919752 474.52418090180777 407.2774946321204 1.0 534.9424032094606 478.70240755917223 1.0 414.10595859415486 335.8525817050686 1.0
-0.9963809603202671 0.08499989359559353 164.41205930472645 180.9534425139181 186.90029891253022 1.0 180.31373483316435 179.40155360460977 1.0 181.5931501946719 194.3990442204507 1.0
-0.01755877022097298 0.9998458329104177 -63.388041367467984 309.99838706675985 68.84184496172472 1.0 304.36414877330276 68.74289941201226 1.0 315.632625360217 68.94079051143716 1.0
-0.999061146728807 0.043322339467313835 141.43474750807536 144.16982762491642 60.008896900166505 1.0 143.43710347731144 43.11146624099307 1.0 144.90255177252138 76.90632755933994 1.0
0.7259442302919223 -0.6877535710600623 -87.3895147010964 496.0046620303951 396.4824311671222 1.0 520.3279709138021 422.15640290426865 1.0 471.68135314698804 370.8084594299757 1.0
0.1720560727638891 -0.9850871574764678 55.731381880556434 570.7324781685006 156.25964616913316 1.0 578.2223162617456 157.5678269916934 1.0 563.2426400752557 154.95146534657292 1.0
0.9995604988359432 0.029644715664693285 -460.6753376429279 459.2468304840281 54.99619878050174 1.0 458.3753011734761 84.38242336969786 1.0 460.11835979458016 25.609974191305618 1.0
0.9941224765222041 -0.10826126580342502 -203.6875640556632 249.33762157044103 408.1290705609151 1.0 250.83211536552176 421.8524448599963 1.0 247.8431277753603 394.4056962618339 1.0
-0.004166098465951135 -0.9999913217741303 74.81599494634781 237.50292535583662 73.82717506226444 1.0 249.37771924886653 73.77770307231411 1.0 225.6281314628067 73.87664705221479 1.0
0.3298872879395771 -0.9440203267175292 -21.790458551306166 459.9489007964941 137.64622778310115 1.0 465.5456697410722 139.6020150432877 1.0 454.35213185191606 135.69044052291457 1.0
0.9993654105685376 -0.03561988432292089 -171.55936213860502 178.32952787892233 186.8899866787017 1.0 178.59730046642767 194.40271915770836 1.0 178.061755291417 179.37725419969505 1.0
-0.9929408300867536 0.11861074127847208 201.1601311226042 251.1202834091191 406.265495163996 1.0 249.54812845300214 393.10431911597874 1.0 252.6924383652361 419.42667121201316 1.0
0.6670090617853762 -0.7450496033796624 -66.75223497208984 360.59582698592675 233.2307117288217 1.0 367.2075029602159 239.14984485557574 1.0 353.9841510116376 227.31157860206767 1.0
0.9931584893982477 0.11677420492639062 -627.01953380746 584.1633498203901 401.2251144638944 1.0 580.8504088997281 429.4015032674342 1.0 587.4762907410519 373.0487256603546 1.0
-0.9491246132469324 0.3149007280538758 192.0414920317013 257.4324712296365 166.06504209918114 1.0 255.00581175454178 158.75098395134714 1.0 259.8591307047313 173.37910024701515 1.0
0.02277442755923552 0.9997406290880396 -239.33506561230325 443.7480278845617 229.28842904563606 1.0 436.8481331214284 229.4456109675038 1.0 450.647922647695 229.1312471237683 1.0
0.9911876118505092 -0.13246553557089571 -159.39105488803122 178.51999762348305 132.53073826551466 1.0 179.7838190748377 141.98741815417327 1.0 177.25617617212836 123.07405837685603 1.0
0.05906586482586869 -0.9982540877013087 105.8312310677115 496.19079985172505 135.375523571138 1.0 501.8698789108022 135.71154995978148 1.0 490.5117207926479 135.0394971824945 1.0
0.997963455246844 0.0637882590433405 -588.9809210041457 568.4915927515281 339.35848301391445 1.0 568.2503308450367 343.1330109510697 1.0 568.7328546580195 335.58395507675914 1.0
-0.999972894775649 0.00736272463215157 303.06940069361985 304.00260322236755 125.6277419292482 1.0 303.92897797172907 115.6282840263883 1.0 304.07622847300604 135.62719983210812 1.0
-0.6835329895031019 0.7299196204110097 71.32295984746358 356.09325480592264 235.74996799650714 1.0 346.0880144685959 226.3805639590885 1.0 366.0984951432494 245.11937203392577 1.0
0.8578778663686104 0.5138536429712652 -235.838911182052 93.61560824375908 302.67013779212124 1.0 80.94753574309263 323.819465341955 1.0 106.28368074442555 281.5208102422875 1.0
0.9993432776781278 0.036235526207526 -414.89369139978726 409.38749190187724 159.375452948099 1.0 408.57108672078385 181.8911748094202 1.0 410.2038970829706 136.85973108677777 1.0
-0.9865524612852002 0.16344491773106185 275.1218220104073 303.303795416948 147.47037846099363 1.0 302.16182958766194 140.57748013643675 1.0 304.4457612462341 154.36327678555054 1.0
-0.9358746819430497 0.35233305223608485 366.51137799068965 564.6987244794809 459.7237192117202 1.0 557.5850679467559 440.82827070706156 1.0 571.812381012206 478.6191677163788 1.0
0.9890480183780161 0.14759409657069483 -502.44664831073226 455.2159965023479 353.7822328218995 1.0 452.86702068662845 369.5230377032275 1.0 457.5649723180673 338.04142794057157 1.0
0.9623777858286124 0.27171491925107333 -237.06821416388786 134.78045562108224 395.114475149951 1.0 125.79938156892695 426.92423438032085 1.0 143.76152967323756 363.30471591958116 1.0
0.8923060585138112 0.4514309448183044 -237.53869194824912 93.85380498321172 340.67751648938275 1.0 84.39050155761623 359.38284246922234 1.0 103.31710840880721 321.97219050954317 1.0
0.7818259908599972 -0.6234966880551841 -90.61467167317238 288.75339701820377 216.74572079333007 1.0 314.6194084840006 249.180087216224 1.0 262.88738555240695 184.3113543704361 1.0
-0.3924516926994804 0.9197726180406288 -8.367866138131992 437.14389883587387 195.61979304495145 1.0 409.5929278811197 183.8642515397684 1.0 464.694869790628 207.37533455013448 1.0
0.16496050937615783 -0.9863001725369202 61.004492220444504 517.454496836883 148.39706376727926 1.0 533.0610612581936 151.00729023609279 1.0 501.8479324155725 145.78683729846574 1.0
0.6870407662387954 -0.726618872261111 -63.48089050422816 588.1730645590997 468.7711748960383 1.0 599.4169615056118 479.4026295258952 1.0 576.9291676125874 458.1397202661814 1.0
-0.0282182169655719 0.9996017868287771 -26.640927218200805 319.99830851566287 35.68491912131993 1.0 261.88433285459456 34.04439306830189 1.0 378.1122841767311 37.325445174337965 1.0
-0.9990562642243563 0.043434789214098525 176.99528226835113 181.72771620831048 105.00640328345435 1.0 181.26429887576577 94.34720595785437 1.0 182.19113354085516 115.66560060905434 1.0
-0.5725230410869139 0.8198886311107089 41.93026623059876 442.92080663914646 258.14737869994343 1.0 426.00295261617794 246.33374832825146 1.0 459.83866066211505 269.96100907163543 1.0
0.9321832626526019 -0.3619866915099921 -364.0285020506356 564.0863736518256 446.9870797819958 1.0 576.2692386849739 478.36023007015496 1.0 551.9035086186773 415.61392949383674 1.0
-0.9548109007706589 -0.2972139696742447 235.17263652560726 128.02587285770616 379.96914365824705 1.0 133.2563940320974 363.1659003938263 1.0 122.79535168331492 396.7723869226678 1.0
0.03325227966434292 0.9994469900385533 -291.66609770138257 558.1294295348255 273.2581362930076 1.0 546.8918688184827 273.63201756476013 1.0 569.3669902511681 272.88425502125506 1.0
-0.7629264656560061 0.6464852728420307 100.96119422965157 358.02189629463567 266.33736756436434 1.0 347.9854681134615 254.49323591630346 1.0 368.05832447580985 278.1814992124252 1.0
0.031930435208416444 -0.9994900936514585 51.039829373768214 293.75557799833683 60.450396865288525 1.0 321.8917957709535 61.34925687831405 1.0 265.6193602257202 59.551536852263006 1.0
0.9891349377679374 0.1470104584266669 -229.14037231804164 203.55344013676086 189.0923494384171 1.0 201.60436950035492 202.20634066924092 1.0 205.5025107731668 175.9783582075933 1.0
-0.5820759013322679 0.813134456955446 48.33950030465653 489.55632635138954 290.99669505483496 1.0 478.27235432216156 282.91915248688935 1.0 500.8402983806175 299.07423762278063 1.0
-0.9728516096177092 -0.2314297856029605 100.01267397633296 77.52651945880939 106.25630866270446 1.0 78.6119614044681 101.6934822260405 1.0 76.44107751315067 110.81913509936841 1.0
-0.9999995409691298 -0.0009581552743761726 215.29650746843416 214.91813486427134 394.99992156045244 1.0 214.9426881556952 369.3743462390075 1.0 214.89358157284744 420.62549688189733 1.0
0.9287280825838127 -0.37076157921256453 -358.70781401664385 477.6340843436428 228.94598057539594 1.0 484.906167974655 247.16196806083863 1.0 470.3620007126307 210.72999308995324 1.0
0.9944196863343431 -0.10549638586561448 -204.4555504503884 245.91322421627717 379.9694227562527 1.0 247.04178020682315 390.60730655597877 1.0 244.7846682257312 369.3315389565266 1.0
-0.034060442927407446 0.9994197747831434 -53.7402480003813 283.136219500984 63.42079138781266 1.0 265.6352460668765 62.82435441321324 1.0 300.6371929350915 64.01722836241208 1.0
-0.15062961039686373 0.9885902692580425 -72.94432889547657 631.3477502170849 169.98346004531652 1.0 624.4426003049664 168.9313355470904 1.0 638.2529001292033 171.03558454354265 1.0
-0.3111653142183989 -0.9503558003334146 166.14289148477712 84.84950776691136 147.04036918613454 1.0 95.36987233504594 143.59579343315104 1.0 74.32914319877679 150.48494493911804 1.0
0.6520161203178401 -0.7582051034157393 -59.148976709354436 123.97009165063668 28.595852740194918 1.0 127.97973013356163 32.04392888177734 1.0 119.9604531677117 25.147776598612495 1.0
-0.9999157305461052 -0.01298198006656853 259.9195792172612 258.8218927813509 86.23470454663172 1.0 258.8950155979423 80.60253948424162 1.0 258.7487699647595 91.8668696090218 1.0
-0.9408392422344359 -0.3388532429706592 241.1579162647342 96.00177845972007 445.1357007629214 1.0 101.55723650397243 429.71075487544124 1.0 90.44632041546772 460.56064665040157 1.0
0.9376970991853856 -0.347453810137856 -160.41421116162624 332.49014641987947 435.6286511406075 1.0 338.46357424997973 451.7495448681965 1.0 326.5167185897792 419.50775741301845 1.0
-0.7116625039931775 0.7025215159766715 82.6977118187852 350.9476269391787 237.7984892134779 1.0 344.1173508658217 230.8793397457606 1.0 357.7779030125357 244.71763868119518 1.0
0.7210036740322827 -0.6929312390359881 -86.69468236908952 493.8048954106635 388.69724195410026 1.0 521.9851436254648 418.01914484056863 1.0 465.62464719586217 359.3753390676319 1.0
-0.010597280944519448 -0.9999438472417252 78.7362430555591 285.6259393561037 75.71363626067517 1.0 299.3743951986067 75.56793182985317 1.0 271.8774835136007 75.85934069149718 1.0
0.7775272527047924 -0.6288492436994244 -88.45182358675454 360.5123187355087 305.09113446211427 1.0 405.50533094963134 360.72178605033685 1.0 315.51930652138606 249.4604828738917 1.0
-0.05541343888939535 -0.9984634949713741 300.89407292690004 164.3603108188941 292.23532393225946 1.0 174.3641845117123 291.6801218178846 1.0 154.35643712607595 292.7905260466343 1.0
-0.7287561548516138 0.6847732958913414 92.05888570973633 505.6678312795117 403.7097537307325 1.0 492.04666152188486 389.2136988221831 1.0 519.2890010371385 418.2058086392819 1.0
-0.7605408732996994 0.6492900584796678 99.14457987095118 335.1467854157884 239.87468614173528 1.0 330.52469309504323 234.46063415652165 1.0 339.76887773653345 245.2887381269489 1.0
-0.15114391105487748 -0.9885117693538279 128.73795453150922 612.4563099655495 36.58925833196771 1.0 621.8039023668954 35.160007089557304 1.0 603.1087175642036 38.01850957437812 1.0
0.9931771251134465 -0.11661559994867424 -200.16916894570724 256.65972106973504 469.4002773457769 1.0 257.69014459755283 478.1760592948277 1.0 255.62929754191728 460.624495396726 1.0
0.9724435897133701 -0.23313829549298606 -182.74681022349225 284.7034439932923 403.671257259988 1.0 286.96476991443876 413.1034781296723 1.0 282.44211807214583 394.23903639030374 1.0
-0.1669706286097272 0.9859618700445126 -62.51988810773117 425.6474269463431 135.49256884046008 1.0 413.08435014850585 133.36503744808235 1.0 438.2105037441804 137.62010023283784 1.0
0.6997562901244925 -0.7143816448028373 -69.36212641041513 426.97256811129796 321.1373297523495 1.0 433.6054949698892 327.63446237746876 1.0 420.33964125270677 314.6401971272302 1.0
0.6912208238361749 0.7226436000513944 -224.46011838217166 88.81106247273831 225.6604259726396 1.0 76.35175294730918 237.57796622897692 1.0 101.27037199816745 213.74288571630225 1.0
-0.993942204452607 0.10990402271023664 205.245027699046 255.21491572003225 440.60123594000794 1.0 253.5536940942301 425.577597640731 1.0 256.87613734583437 455.62487423928485 1.0
-0.9703188717455107 0.24182904526652552 180.63102846055557 295.18161322452124 437.45473719622214 1.0 291.25933124395914 421.7169079298814 1.0 299.10389520508335 453.1925664625629 1.0
-0.9983198450664325 -0.05794382578441368 626.1811916708356 625.7813778144352 25.045352218705446 1.0 626.2534788221114 16.911477755658755 1.0 625.3092768067589 33.179226681752134 1.0
-0.9980178125274779 -0.06293207352270924 314.2675250266107 303.46374468404935 181.23194958009412 1.0 303.976529521857 173.09987362137994 1.0 302.9509598462417 189.36402553880828 1.0
0.9968131886476728 -0.0797713415836744 -185.832677083427 197.281758246593 135.64246509542318 1.0 197.88211385367973 143.14443729674196 1.0 196.68140263950627 128.14049289410443 1.0
0.9913371801972077 -0.1313415210763494 -193.17776220773453 253.32325221431012 441.22373371250023 1.0 255.5635666990563 458.1331392520646 1.0 251.08293772956395 424.3143281729358 1.0
0.0 1.0 -45.625 286.875 45.625 1.0 273.125 45.625 1.0 300.625 45.625 1.0
0.8963082167671992 -0.44343159625313516 -140.64946776034296 387.5717185645291 466.2145185919807 1.0 393.39750638179294 477.9901826039223 1.0 381.7459307472652 454.43885458003916 1.0
0.023910231947943655 -0.9997141095374193 53.422214536455485 368.13116795931944 62.24211057541461 1.0 384.38681747010304 62.6308980763204 1.0 351.87551844853584 61.853323074508815 1.0
-0.9851727749755316 -0.17156515802169967 230.55020032286274 172.50519847081642 353.23474734886815 1.0 174.90282816817256 339.46691983922113 1.0 170.1075687734603 367.0025748585151 1.0
-0.891313415047797 0.45338768857991 136.28637095127178 374.8522375730199 436.32516285977124 1.0 366.86783233786645 420.62864600118473 1.0 382.83664280817334 452.02167971835775 1.0
0.6378320001140008 0.7701755252087494 -225.45198104775346 88.7417160556304 219.23531620493492 1.0 82.27116183222385 224.5939992675301 1.0 95.21227027903694 213.8766331423397 1.0
0.9703299486593588 -0.24178459573497654 -178.5104079236339 300.61566638297916 468.1273257293266 1.0 303.1079242034774 478.12925490789473 1.0 298.1234085624809 458.1253965507585 1.0
-0.16257648769872315 0.9866959438690052 -64.31045579526183 540.0356737005885 154.15849208934333 1.0 494.41349158556324 146.64139001195096 1.0 585.6578558156139 161.6755941667357 1.0
-0.8958449442619513 0.44436678075695696 142.1829083936247 389.99049657170224 466.2547139941637 1.0 384.15252940457395 454.48535229135996 1.0 395.82846373883046 478.02407569696743 1.0
-0.9690036918261781 0.24704624107085157 178.19846399455497 287.47329234889196 406.25680908119307 1.0 284.43982678671983 394.35847249436205 1.0 290.50675791106414 418.1551456680241 1.0
-0.08450470776949748 -0.9964230800040673 472.3921026204741 613.1430981022213 422.0884007351015 1.0 638.1750780643174 419.96548709125034 1.0 588.1111181401252 424.2113143789527 1.0
0.8502973423958406 -0.5263026026104854 -121.10652125255207 429.6186382262513 463.986048831453 1.0 438.6484705022012 478.5746948849533 1.0 420.5888059503013 449.39740277795266 1.0
0.8461749082964907 -0.5329052679129994 -116.40297557537433 409.50072895918714 431.79581823270445 1.0 419.1045751979864 447.04530852623304 1.0 399.8968827203879 416.54632793917585 1.0
0.04207890150610053 0.999114290783612 -430.9754312924565 270.6233095408624 419.95986202534027 1.0 254.37580632268472 420.6441451888826 1.0 286.87081275904006 419.27557886179795 1.0
0.9718160194084506 -0.23574058713152007 -181.68931414893632 292.94512896647024 436.9186326446626 1.0 296.87634784178584 453.12467304406636 1.0 289.0139100911546 420.7125922452588 1.0
0.7641585019603494 -0.6450285140067179 -99.8766543350518 393.870364129383 311.7734002725659 1.0 410.7494871920886 331.7699199828049 1.0 376.9912410666774 291.7768805623269 1.0
-0.8482869752804749 0.5295367858510899 120.87091355361727 412.48065577495646 432.51207548748573 1.0 402.83308260447103 417.0572272460464 1.0 422.1282289454419 447.96692372892505 1.0
0.8915383682620635 -0.4529451820216405 -134.47993699633287 371.596099820036 434.51669495927115 1.0 379.1920649817867 449.46793995420995 1.0 364.00013465828533 419.5654499643324 1.0
-0.019907611408090987 0.9998018238671224 -53.10423387926072 372.4894149299752 60.53160432457573 1.0 359.3571767466233 60.270121010151 1.0 385.62165311332717 60.79308763900046 1.0
0.9893607358665645 -0.1454831066673039 -153.4727998689063 178.09992387000108 156.2536873843515 1.0 179.65569281851106 166.83372479897798 1.0 176.54415492149113 145.67364996972503 1.0
-0.99884072554327 0.048137355517248154 256.42108895589746 259.1003264223994 49.41835817087442 1.0 258.85557390747863 44.33979128752304 1.0 259.3450789373202 54.4969250542258 1.0
0.0 1.0 -289.375 165.625 289.375 1.0 156.875 289.375 1.0 174.375 289.375 1.0
0.9376546763019813 -0.3475682781972868 -160.46874725963607 344.22015382347604 466.9323981235524 1.0 348.3395317191014 478.045477738648 1.0 340.10077592785063 455.8193185084568 1.0
-0.5837099671897439 0.8119622369318341 46.80943184975234 360.7556935445526 201.69320042700588 1.0 354.26542457738776 197.02742348128018 1.0 367.2459625117175 206.35897737273157 1.0
-0.847905226347181 0.5301478351678292 120.46130309661739 432.72133383487767 464.8616123008047 1.0 424.53786197461824 451.77317149300166 1.0 440.90480569513716 477.95005310860785 1.0
-0.05677868497696047 0.9983867892416681 28.369098072866734 556.2800873098627 3.2209498343808916 1.0 525.6475284769523 1.4788630732638874 1.0 586.9126461427729 4.963036595497896 1.0
0.8941210015126665 -0.44782545110119193 -137.2781341587017 302.28068284490746 296.9848462106889 1.0 309.16508726972364 310.7301359524816 1.0 295.3962784200912 283.2395564688962 1.0
0.0 1.0 -19.375 275.0 19.374999999999993 1.0 265.625 19.374999999999993 1.0 284.375 19.374999999999993 1.0
0.89078481545465 -0.45442536522010424 -133.77645430901833 355.53352870479875 402.54666320755337 1.0 361.63111196252925 414.4994171528046 1.0 349.43594544706826 390.5939092623022 1.0
-0.9662890499300225 -0.2574596511792364 233.76680406576745 129.81871263992147 420.7432235289806 1.0 132.16125518505117 411.95127030451897 1.0 127.47617009479175 429.53517675344216 1.0
-1.0 0.0 214.375 214.37500000000003 441.875 1.0 214.37500000000003 425.625 1.0 214.37500000000003 458.125 1.0
0.062003242087861135 0.9980759479972424 -73.73216664725342 250.63612583830093 58.304094370480186 1.0 246.823187415129 58.54096466536348 1.0 254.44906426147284 58.06722407559688 1.0
-0.06386993265437024 -0.9979582314419407 474.94545887729714 284.38883141036706 457.7161137370068 1.0 296.8776765097975 456.9168200688951 1.0 271.8999863109367 458.5154074051185 1.0
-0.9947517736542436 -0.10231768572312575 209.8688214277137 178.38039762573237 316.9012695626147 1.0 179.79296837779958 303.1679911845895 1.0 176.96782687366513 330.6345479406399 1.0
0.9994728856074016 0.0324646105107376 -226.51023381507892 212.27706342912438 441.86775863402966 1.0 211.7491328681462 458.120911617543 1.0 212.80499399010256 425.61460565051635 1.0
-0.025240168017345476 0.9996814162114129 -12.861240532063814 316.2600906765871 20.850340938531318 1.0 288.1372380808124 20.140289202914897 1.0 344.3829432723618 21.560392674147735 1.0
-0.006877196563855181 -0.9999763518040925 289.0010312815778 392.496104176163 286.3085291027967 1.0 403.12060165794185 286.23546061728445 1.0 381.8716066943841 286.3815975883089 1.0
0.0 -1.0 421.875 264.375 421.875 1.0 273.125 421.875 1.0 255.625 421.875 1.0
0.974468898677482 0.2245225278458608 -642.525885003683 554.1079559483633 456.8134717094604 1.0 552.0675156057529 465.66935656234085 1.0 556.1483962909736 447.95758685657984 1.0
1.0 0.0 -214.375 214.37499999999994 303.75 1.0 214.37499999999994 321.875 1.0 214.37499999999994 285.625 1.0
0.8441493121299661 -0.536108140985105 -114.3157653141756 389.8952052494344 400.69155376969854 1.0 397.8873687329304 413.27591649664106 1.0 381.9030417659384 388.1071910427561 1.0
0.0 1.0 -451.875 355.625 451.87500000000006 1.0 346.875 451.87500000000006 1.0 364.375 451.87500000000006 1.0
0.9982796814008322 0.058631712428113 -209.12057695902493 206.50671982746545 50.64007786182468 1.0 206.06558992488112 58.15087705855949 1.0 206.94784973004977 43.12927866508988 1.0
0.0 1.0 -391.875 232.5 391.87500000000006 1.0 223.125 391.87500000000006 1.0 241.875 391.87500000000006 1.0
0.0 -1.0 423.125 236.875 423.125 1.0 246.875 423.125 1.0 226.875 423.125 1.0
-0.9796067336960828 -0.2009244815777613 533.8074254863443 467.6154598672905 376.89868166038514 1.0 468.92132342546023 370.531947627647 1.0 466.30959630912076 383.26541569312326 1.0
0.0 1.0 -459.375 201.875 459.37500000000006 1.0 193.125 459.37500000000006 1.0 210.625 459.37500000000006 1.0
0.0 1.0 -38.125 392.5 38.125000000000014 1.0 383.125 38.125000000000014 1.0 401.875 38.125000000000014 1.0
0.0 1.0 -454.375 316.875 454.3749999999999 1.0 308.125 454.3749999999999 1.0 325.625 454.3749999999999 1.0
0.026248705200921305 -0.9996554433780047 41.62436430348383 284.365664989745 49.10551444324152 1.0 295.62431358948925 49.40114125147138 1.0 273.10701639000087 48.80988763501165 1.0
0.09056866927575005 -0.9958902128977971 13.661541409406485 307.3482251421484 41.66891151992191 1.0 318.0551899724336 42.64262884749716 1.0 296.6412603118633 40.69519419234667 1.0
-0.9862888071000444 -0.16502844902977068 236.4605629952375 186.83317658365496 316.24300199547747 1.0 188.39314812112087 306.91986725208704 1.0 185.27320504618902 325.5661367388679 1.0
0.7483481884224401 -0.6633061049657634 -63.7286772891711 419.00545740698306 376.648572702878 1.0 425.13268496819563 383.56136848623987 1.0 412.8782298457705 369.73577691951624 1.0
0.8120437347644077 -0.583596583977213 -121.60538632499805 430.9123244142138 391.2193340686956 1.0 435.3642958556483 397.41401651822156 1.0 426.46035297277933 385.0246516191696 1.0
