0.05853531296892894 -0.9982853385358466 223.98172865691072 506.9648443443101 254.09275754453137 1.0 638.2033936787876 261.7880419109721 1.0 375.72629500983254 246.39747317809068 1.0
0.4849833264676203 0.8745233976563471 -391.5398963446126 353.6076398479546 251.61829574427975 1.0 345.8032268176771 255.94637913541 1.0 361.41205287823215 247.2902123531495 1.0
-0.05269180269937167 0.9986108220564659 -230.44570722315208 556.3096236616103 260.1200171433787 1.0 474.43173715194104 255.79972204330707 1.0 638.1875101712797 264.4403122434503 1.0
-0.999998328862239 -0.001828188373514922 245.0264445306784 244.72863118449564 163.12450388585748 1.0 244.8200425393341 113.12352838366995 1.0 244.63721982965717 213.125479388045 1.0
-0.9999938317045379 -0.0035123429326229263 245.47313958652347 244.64266679089707 236.87374491548667 1.0 244.70414012342306 219.37176560436984 1.0 244.58119345837108 254.37572422660352 1.0
-0.09417045545486043 -0.9955560884849352 134.63983264992837 591.8637400201924 79.25596116346156 1.0 609.442928638991 77.59313149679913 1.0 574.2845514013937 80.91879083012401 1.0
0.9999998747904135 0.0005004189817000643 -354.6561190128275 354.54951156664924 213.12508732891138 1.0 354.5401287119172 231.87508263355218 1.0 354.5588944213813 194.3750920242706 1.0
-0.9999893870465374 -0.004607146002736148 304.43524926639554 303.66677687880406 167.49961657486057 1.0 303.87123007906234 123.12267903379013 1.0 303.4623236785457 211.876554115931 1.0
-0.050069123938744575 0.9987457548485533 -230.86010258357453 438.7177240601784 253.14381909138174 1.0 396.85393935741286 251.0451037630292 1.0 480.58150876294394 255.24253441973428 1.0
0.9997278524477646 -0.02332854560791863 -77.34190389872003 83.02172658717728 242.5024098743625 1.0 83.50342717250503 263.1453380614104 1.0 82.54002600184954 221.8594816873146 1.0
-0.9999923426205898 0.003913400079846923 302.4953966974593 303.4075907669974 232.50133999458063 1.0 303.3513264999288 218.12411428707486 1.0 303.46385503406594 246.87856570208638 1.0
0.16192229526717059 0.9868035114932513 -330.9820422677089 455.5284585448417 260.6616471311277 1.0 437.9879584098011 263.53982704123166 1.0 473.06895867988237 257.7834672210238 1.0
0.999978447393533 -0.006565420658187279 -304.34549841074045 305.8580237671857 229.37347006797103 1.0 305.9318831576937 240.62298513955133 1.0 305.78416437667784 218.12395499639075 1.0
0.018104060936156165 0.9998361080585257 -222.73220596352766 210.00391417997008 218.96616909495228 1.0 176.85583158041177 219.56638237237075 1.0 243.15199677952836 218.3659558175338 1.0
-0.9999971504433868 -0.0023872798550821877 352.06739987049326 351.519332767005 229.99765886619895 1.0 351.54768519644284 218.12123449741435 1.0 351.4909803375671 241.87408323498352 1.0
-0.9999459980940629 0.010392347938185479 76.08706517379801 78.60504231405838 241.88300210029863 1.0 78.3972065794266 221.885162118212 1.0 78.81287804869018 261.88084208238524 1.0
0.20464312081615088 0.9788366529215313 -353.5096187878446 448.24305626784746 267.43967963162106 1.0 434.31771915984973 270.3510177345538 1.0 462.1683933758452 264.5283415286883 1.0
-0.9999997625193249 0.0006891743566512142 171.5850722086866 171.75008416696602 239.3750860888093 1.0 171.73716215084755 220.62509499433355 1.0 171.7630061830845 258.12507718328504 1.0
0.09042321071418241 0.9959034305414047 -278.5260860811743 304.44578187843 252.0295776658656 1.0 280.6085554025604 254.1938824431847 1.0 328.2830083542996 249.86527288854649 1.0
-0.9999680337172584 0.00799572033278989 76.46513102751025 77.67703537239771 151.2585793993408 1.0 77.16228737258837 86.88269782700054 1.0 78.19178337220704 215.63446097168102 1.0
0.02079936531861807 0.9997836698017939 -223.33849263669714 278.7648213399849 217.58743201196194 1.0 255.62383194719595 218.06885405030178 1.0 301.90581073277383 217.10600997362206 1.0
0.12580518804236826 -0.9920549655445632 182.76206563887055 235.50256657471442 214.09046644373882 1.0 243.19587863839837 215.06607626825001 1.0 227.8092545110305 213.11485661922765 1.0
-0.9999953064533066 0.003063832788750851 171.0004725636222 171.48384063406888 157.5031133569966 1.0 171.30958009516536 100.62673236017476 1.0 171.6581011729724 214.37949435381847 1.0
-0.1242064111744026 -0.9922564020570365 317.6610667843956 451.315265246278 263.64638901558214 1.0 460.6996906992007 262.471686787383 1.0 441.9308397933553 264.82109124378127 1.0
0.99987119732502 0.016049571951640543 -574.7584891940295 573.6887046095585 71.25904838314653 1.0 573.5382592527725 80.63163348852311 1.0 573.8391499663445 61.88646327776995 1.0
0.013756952174576379 0.9999053686558876 -222.33146621911473 71.89375766175655 221.36337514703888 1.0 66.88610664896241 221.4322716823006 1.0 76.90140867455071 221.29447861177718 1.0
0.02316510625656029 0.9997316529209836 -182.64190841582035 497.5269384022308 171.1625749992695 1.0 356.87608074816626 174.421641622911 1.0 638.1777960562954 167.90350837562798 1.0
-0.9999515850987509 -0.009840094435292933 353.91789965676355 352.26216137094536 169.99765953211622 1.0 352.6620774048213 129.35814386381492 1.0 351.8622453370694 210.63717520041752 1.0
0.9996681281458955 0.025761086337368337 -173.05655448493098 168.6518725473505 173.15468333920677 1.0 168.23214950884253 189.44218530050196 1.0 169.0715955858585 156.86718137791155 1.0
0.9979078483776518 -0.06465234834316075 -158.27230595746576 166.98821190424374 129.40815767312432 1.0 168.68962276874478 155.66940414771125 1.0 165.2868010397427 103.14691119853741 1.0
0.9999899731493115 -0.004478124701184131 -305.1619761639416 306.0354719931931 194.37316183679712 1.0 306.0914479906893 206.87291116678665 1.0 305.9794959956969 181.87341250680763 1.0
-0.9991530432970243 -0.0411484637659122 383.0908884711523 374.9977227383936 204.40064580492339 1.0 375.4109753614685 194.36618574962793 1.0 374.5844701153186 214.4351058602188 1.0
-0.03331702969513218 0.9994448336613151 -234.01842424071228 280.5915948955361 243.50208690209917 1.0 261.84159627105447 242.8770456392742 1.0 299.3415935200177 244.1271281649241 1.0
-0.0623683481045239 -0.9980531995613825 264.86303592862544 275.6269215588978 248.15574986053588 1.0 301.9304313476517 246.51204343727434 1.0 249.32341177014385 249.79945628379738 1.0
-0.023466207944683605 0.9997246306282029 -241.25994614711675 383.7421635586769 250.333853830396 1.0 373.10835201085837 250.08424986408292 1.0 394.3759751064954 250.5834577967091 1.0
-0.16476095629625145 -0.9863335274035577 329.65451306075505 450.0491453118858 259.0442060419978 1.0 461.90648936434377 257.06350956262395 1.0 438.19180125942785 261.0249025213717 1.0
0.2598866918436478 0.965639118616559 -352.29661701186313 379.27580390256804 262.7564254053763 1.0 371.6549702069186 264.80745380726046 1.0 386.89663759821747 260.7053970034922 1.0
-0.02333592641000612 -0.999727680190254 218.0983434831905 69.99180647604831 216.52398360798372 1.0 76.89222455296981 216.36291209657907 1.0 63.09138839912683 216.68505511938838 1.0
0.023322514253066213 0.9997279931706 -223.08928047037952 121.88215279468295 220.30660712633141 1.0 84.35883271290504 221.18198340208636 1.0 159.40547287646086 219.4312308505765 1.0
0.999952561052387 -0.009740412967253012 -80.4278492609183 81.90491006699062 151.2436206028592 1.0 82.53197870296123 215.61860045253468 1.0 81.27784143102002 86.86864075318375 1.0
0.14331880981928685 -0.9896765728014294 261.3427832286978 419.66090932631397 324.84156351302147 1.0 431.5579421149687 326.5644178540357 1.0 407.76387653765926 323.11870917200724 1.0
-0.0023309571949373686 0.9999972833155876 -191.6237559848268 398.12342126697604 192.55228774190124 1.0 389.3734688088887 192.53189192185468 1.0 406.8733737250634 192.57268356194777 1.0
-0.9999255035293898 -0.0122060391403741 408.19103878002744 405.77250194324574 200.6191712058052 1.0 405.84887712182507 194.3624741708561 1.0 405.6961267646665 206.8758682407543 1.0
-0.05126175927704279 -0.998685251736413 227.78652558021074 280.6535220483348 213.6806685806932 1.0 293.2486608562027 213.0341696236822 1.0 268.0583832404669 214.3271675377042 1.0
0.0007062116923431938 0.9999997506324917 -192.83147394401482 583.7512671347388 192.4192699568581 1.0 529.3762942534519 192.4576702080535 1.0 638.1262400160256 192.38086970566272 1.0
0.0033791255650805784 0.9999942907389099 -194.09446423523548 433.75466272161316 192.6298525395818 1.0 408.1278433789883 192.71644927437754 1.0 459.38148206423807 192.54325580478607 1.0
-0.3238731945264821 -0.9461004988198725 373.5189809927996 568.9726027925229 200.02526873666602 1.0 573.6547336929317 198.42246153616452 1.0 564.2904718921142 201.6280759371675 1.0
0.9999180165272665 -0.012804695395713703 -299.3546200239602 301.60420681218284 173.75346770858002 1.0 301.74024554691994 184.37672563119813 1.0 301.4681680774457 163.1302097859619 1.0
-0.6726268542423801 0.7399818342040565 19.38180377344629 314.9013318657141 260.0459627270534 1.0 307.6837106702167 253.4853072954745 1.0 322.11895306121147 266.6066181586322 1.0
0.0034037663842301537 0.9999942071704224 -217.7716384463019 328.75137479127307 216.65390060714148 1.0 306.8745008851663 216.72836480649354 1.0 350.62824869737983 216.57943640778942 1.0
0.13172420559308892 0.9912864034479992 -305.42963998557974 330.59957480456876 264.1836634842664 1.0 321.8381778675244 265.3478961897727 1.0 339.3609717416132 263.01943077876007 1.0
-0.9999548010480329 -0.009507673794822081 461.73312588840685 459.8167371542796 203.7482575178858 1.0 459.90592406473587 194.36816295154637 1.0 459.72755024382343 213.12835208422527 1.0
-0.03428772951394309 0.9994120029321134 -180.17760006530077 364.9895144429172 192.80563095761997 1.0 355.60411891635397 192.48363772334616 1.0 374.3749099694805 193.12762419189377 1.0
0.11677165884928455 -0.9931587887591724 249.9517100865873 492.54874894998306 309.58538357170244 1.0 498.3144975843573 310.2632973556453 1.0 486.78300031560883 308.9074697877595 1.0
0.018314023036877142 -0.9998322842158103 212.48714973725365 161.87751092705406 215.48791892683022 1.0 170.64746483631353 215.6485590066337 1.0 153.10755701779456 215.32727884702672 1.0
-0.39002212093047955 0.9208054871605025 -90.67339327317907 418.1427927355899 275.58299302736026 1.0 409.37706430622177 271.8701263674694 1.0 426.9085211649581 279.2958596872511 1.0
-0.9985028017050078 -0.05470059403013773 499.04866145889304 488.63347291670766 203.77785547576292 1.0 489.1530035828697 194.29436018778335 1.0 488.11394225054556 213.2613507637425 1.0
-0.022234251418601393 -0.9997527884751581 219.84388887098095 328.73803943293456 212.5871986569129 1.0 350.6300112091506 212.10032669203076 1.0 306.84606765671845 213.07407062179507 1.0
-0.9997647688986043 -0.021688865095255867 436.5074152546251 432.31209052153537 198.12092349775133 1.0 432.3936986378272 194.3591351715108 1.0 432.23048240524355 201.8827118239919 1.0
-0.002292778501662865 0.9999973715799169 -191.31284136869775 503.7486396191581 192.46833130748578 1.0 493.12082950741745 192.44396402889438 1.0 514.3764497308988 192.49269858607718 1.0
-0.05784520530946347 -0.9983255642438023 253.98058883096977 365.0076611189869 233.25721996351288 1.0 373.1776597523331 232.78383205755264 1.0 356.83766248564075 233.73060786947312 1.0
0.12447795496125902 -0.9922223736283428 136.55807180032505 109.20826276519959 151.3290740110357 1.0 123.1311779600189 153.07575505412947 1.0 95.28534757038028 149.5823929679419 1.0
-0.0025149795977207063 0.9999968374338106 -191.34208075153379 476.24832641537176 192.54044449781674 1.0 461.8734173390059 192.5042917804352 1.0 490.6232354917376 192.57659721519823 1.0
-0.28357421853586934 -0.9589502920286176 326.6807009014859 444.17305154654383 209.3170799185611 1.0 449.2808553213466 207.8066351375181 1.0 439.06524777174104 210.82752469960406 1.0
0.9896511332528175 -0.14349437080044014 -283.1131503644738 330.84928972085794 308.8081009483511 1.0 332.04172326471354 317.0320696059547 1.0 329.65685617700234 300.5841322907475 1.0
0.4379927401061434 0.8989785089835644 -433.8846937924131 570.7241412754693 204.5784871079792 1.0 563.1863758516885 208.2509737127724 1.0 578.2619066992501 200.90600050318602 1.0
-0.9995736515512899 -0.029197861641231535 628.7485360881299 623.1569029151185 200.60767544707954 1.0 623.3398445694352 194.34476278337078 1.0 622.973961260802 206.8705881107883 1.0
0.301911131445426 -0.9533360733284683 9.019333393544262 612.7711640739017 203.5187530236013 1.0 621.2349030292139 206.19912679288026 1.0 604.3074251185895 200.83837925432235 1.0
0.9999154496587467 0.013003596954169189 -467.89726459248726 465.23018742101306 208.12799351754967 1.0 465.05129739698987 221.88379504239543 1.0 465.4090774450363 194.37219199270393 1.0
0.9973448029712696 -0.07282406186281772 -421.7325184807883 437.58864185261257 201.77725513102752 1.0 438.14331586981274 209.37366261293752 1.0 437.0339678354124 194.18084764911748 1.0
0.7065528760009171 -0.7076602528154543 -73.85632984324315 439.7162115030803 334.6611923960157 1.0 448.16006828458586 343.09183587185953 1.0 431.2723547215747 326.2305489201718 1.0
0.9999883215192809 -0.004832889927522788 -174.04872713257967 174.65487154008287 124.99864739585658 1.0 174.76663081446307 148.12310726927726 1.0 174.5431122657027 101.87418752243589 1.0
0.17262500735036457 -0.9849876176060725 252.5533144222364 382.34051640695304 323.41000352019523 1.0 394.39300328417477 325.52227437373875 1.0 370.28802952973126 321.2977326666517 1.0
0.11894470497196097 -0.9929008798259438 275.63012580975743 403.1671304573427 325.8983124812247 1.0 406.93788873557526 326.35003101631514 1.0 399.39637217911013 325.4465939461343 1.0
0.058399958887534534 -0.998293265930375 144.82436813848176 32.38496123562765 146.9664812438486 1.0 64.33343818146442 148.8354608351487 1.0 0.43648428979088383 145.09750165254846 1.0
0.9999619951816131 0.00871826774123529 -67.17841952344234 65.8187243992663 156.24623988093987 1.0 65.74784366085498 164.3760710246297 1.0 65.8896051376776 148.11640873725005 1.0
0.9992614396762708 0.03842623031350611 -311.90372530243224 306.341890543732 150.62853361698637 1.0 306.1489784331249 155.64514939749608 1.0 306.5348026543391 145.61191783647666 1.0
-0.012844965201983099 -0.9999175000313575 217.44331654202003 114.35563130034873 215.99224179049094 1.0 144.3587089473505 215.60682150500134 1.0 84.35255365334697 216.37766207598054 1.0
-0.14380697373235052 0.9896057570092966 -77.12923259707482 275.5549151991668 117.98228761501105 1.0 249.22516098380748 114.15611517612955 1.0 301.8846694145262 121.80846005389253 1.0
0.990352566479231 -0.13857053823955628 -244.8369189648768 279.3293506319675 229.46883753528164 1.0 280.2230645469947 235.85613948770154 1.0 278.4356367169403 223.08153558286173 1.0
-0.699581867692494 -0.7145524546146923 555.1471950206665 461.40807329021675 325.17483053808013 1.0 467.72353048496353 318.9916884732819 1.0 455.09261609547 331.35797260287836 1.0
-0.03986487124279367 -0.9992050800715514 256.91654910925723 338.09536039160287 243.63208910229721 1.0 350.62528676944055 243.13218781907074 1.0 325.5654340137651 244.1319903855237 1.0
-0.13742279047561531 0.9905124818284196 -79.53249334310622 330.46643564554716 126.14289610707924 1.0 307.96597682932645 123.02120315092492 1.0 352.9668944617679 129.26458906323356 1.0
0.007965417311294652 0.9999682755603085 -222.5789599170402 8.125169660116674 222.52129891349972 1.0 0.6206672912806888 222.58107730301703 1.0 15.62967202895266 222.46152052398244 1.0
0.47907241211103696 0.8777753835430296 -470.0012439535612 453.8753800480747 287.729726273117 1.0 434.47914014967876 298.31580969288905 1.0 473.2716199464707 277.143642853345 1.0
0.29212580047980263 -0.956379901866426 146.37354708581714 284.0025926830929 239.79804611550287 1.0 289.4967983949913 241.47624871936017 1.0 278.50838697119457 238.1198435116456 1.0
0.05332778412701599 0.9985770613428402 -266.55864701094475 339.34515647082947 248.81617191165904 1.0 329.3070301189766 249.35224574697372 1.0 349.38328282268236 248.28009807634436 1.0
-0.6916212785467537 -0.7222603457627684 512.1742753400542 461.2356944098775 267.45737294615896 1.0 469.5190374209132 259.5254183295953 1.0 452.95235139884176 275.3893275627226 1.0
0.02279952401412426 -0.9997400570672006 148.01755967596782 139.38959802979826 151.23488860405274 1.0 148.16354161651338 151.43498235451295 1.0 130.61565444308317 151.03479485359253 1.0
-0.03280893045227752 -0.9994616421266889 222.75839873192618 256.2325081564724 214.4671442678909 1.0 263.1206022704815 214.24103153758702 1.0 249.3444140424633 214.69325699819478 1.0
-0.9999687015912314 -0.007911753152546068 358.7738180335499 357.17299774482444 203.74741275790015 1.0 357.2472072315412 194.36805490292636 1.0 357.0987882581076 213.12677061287394 1.0
0.9825606020049528 -0.18594263466904204 -122.97894324872 167.96137460188254 226.16268812440842 1.0 169.05388907294017 231.93576796858807 1.0 166.8688601308249 220.3896082802288 1.0
0.9999726321184342 -0.007398311572969508 -173.49333674435695 175.25984195542569 238.1230775556408 1.0 175.38934307400447 255.62674351107904 1.0 175.1303408368469 220.61941160020254 1.0
0.7853089035834875 -0.6191041317520831 126.48551812301135 31.938908338273684 244.81734079669957 1.0 35.439006715229254 249.25707601710997 1.0 28.438809961318114 240.37760557628917 1.0
0.007423750219193124 -0.9999724435866635 204.93054348240273 506.8753770576481 208.6992106756502 1.0 511.88902064540014 208.73643173901274 1.0 501.8617334698961 208.66198961228767 1.0
-0.08457519573720387 -0.9964170995451722 242.05680315680684 8.565401229522267 242.20016174091316 1.0 16.73762361322104 241.5065091450025 1.0 0.39317884582349416 242.89381433682382 1.0
0.02653387296429658 -0.999647914810767 219.2511631815759 229.34736843644322 225.4160027563509 1.0 241.83856785626213 225.74755939110858 1.0 216.85616901662428 225.08444612159326 1.0
-0.01142647063459254 -0.999934715753402 184.86607824939017 497.4979217474696 179.19313134434725 1.0 638.1474076199601 177.58589919731486 1.0 356.8484358749792 180.8003634913796 1.0
-0.44563454670631586 -0.8952149746188658 513.4326752017671 468.0748225729154 340.5242008486642 1.0 473.07921862537216 338.0330318785239 1.0 463.0704265204587 343.01536981880446 1.0
-0.04007581006194355 0.9991966420319269 -232.2071971833593 218.1042791525022 241.14162589496885 1.0 193.09437639775444 240.13852793576362 1.0 243.11418190724993 242.1447238541741 1.0
-0.999877306300774 0.015664365442250056 90.22429900297233 92.83934715445662 166.21530940063863 1.0 92.61419952880907 151.8438366280938 1.0 93.06449478010417 180.58678217318345 1.0
0.9963532448647358 -0.08532415512334195 -343.6550227570647 362.3531719335606 203.6555282715523 1.0 363.16381919398543 213.12167566202405 1.0 361.5425246731357 194.18938088108055 1.0
0.9988425290115515 -0.04809991931186724 -400.79985134773557 410.9519723801852 201.17405985724395 1.0 411.28516856770614 208.0932091481724 1.0 410.61877619266426 194.25491056631546 1.0
-0.5100954641706155 -0.8601177927659469 465.12028741779955 364.0419548208479 324.86729125474255 1.0 370.3970554676178 321.0983795527297 1.0 357.68685417407795 328.6362029567555 1.0
-0.5506746471700871 -0.8347199727837475 265.38305328803193 235.18310792486216 162.7775574340364 1.0 239.66785646438797 159.8189157336182 1.0 230.69835938533635 165.7361991344546 1.0
0.9993900233983292 -0.03492250179879946 -486.8690137321532 494.3063736988438 204.33371829400232 1.0 494.65691017415696 214.36514898254575 1.0 493.95583722353064 194.3022876054589 1.0
0.8747862636651572 0.4845090225194511 -568.3848551976887 467.91585014010434 328.28799785154433 1.0 466.1511900361559 331.4741106940767 1.0 469.6805102440528 325.101885009012 1.0
-0.14979928434670248 0.9887164277027137 -74.0517283237086 38.117874938466244 80.67202736343188 1.0 0.5336870650475589 74.97769045505093 1.0 75.70206281188493 86.36636427181284 1.0
-0.006815412209756219 -0.9999767748085008 217.16415599738508 33.74617783037556 216.93920033943894 1.0 51.87459546066082 216.8156448309776 1.0 15.617760200090297 217.0627558479003 1.0
-0.9808111995879674 0.19495997220663666 270.14914757412566 337.09583373862466 310.2084023024985 1.0 336.3074951651508 306.24240203496225 1.0 337.88417231209854 314.1744025700348 1.0
-0.9044016134086751 -0.4266822256243932 572.6941131514575 477.888619874341 329.2634796349163 1.0 481.9478921466708 320.65938934972127 1.0 473.82934760201107 337.86756992011135 1.0
0.1012519411154747 0.9948608166072019 -117.87537251617553 591.8872104680336 58.24497514383678 1.0 575.5519757741499 59.9074933511305 1.0 608.2224451619172 56.58245693654307 1.0
0.6961044693217519 -0.7179405043527508 -4.129792667311676 335.48019546344403 319.5243468963198 1.0 338.6624940771252 322.60985645354555 1.0 332.2978968497628 316.43883733909405 1.0
0.3318964902091619 -0.9433158112672763 137.75980620181042 355.0966992306734 270.97516156114193 1.0 362.1927667008279 273.47184385937214 1.0 348.0006317605188 268.47847926291166 1.0
0.9999693300421046 0.007831920271821712 -307.528156499125 306.5193912759215 130.00210991570594 1.0 306.47529973868427 135.63165968401273 1.0 306.5634828131587 124.37256014739917 1.0
-0.14389334943705978 0.9895932012639256 -76.53990110783454 218.69268574505358 109.14416552086914 1.0 194.19939535899505 105.58268026825922 1.0 243.1859761311121 112.70565077347904 1.0
0.4358377073538698 0.9000252734498752 -175.89333088835778 56.031294439664364 168.2983627771879 1.0 50.24896056820101 171.09846096557902 1.0 61.81362831112772 165.4982645887968 1.0
0.042754942781770965 0.9990855893604549 -149.5312717372286 338.75733163068156 135.17132350282594 1.0 331.86820162396145 135.4661374430831 1.0 345.64646163740167 134.8765095625688 1.0
-0.020174784955241044 -0.9997964683134312 219.1191046339907 201.86421065495307 215.09031528850284 1.0 226.87924845468737 214.585539542387 1.0 176.8491728552188 215.59509103461863 1.0
0.797325873549199 0.6035490463657504 -280.0867965816854 230.93604151460855 158.98544803417263 1.0 226.40779211050713 164.96754747333875 1.0 235.46429091870996 153.0033485950065 1.0
0.9998120627820527 0.019386570493425827 -303.8553239917374 301.3550813988037 131.88915643502486 1.0 301.20923964714456 139.41056630045276 1.0 301.5009231504628 124.36774656959695 1.0
-0.07310221339031804 -0.9973244539253192 267.72343218846237 210.6161199885496 253.00385110231448 1.0 243.12470870909186 250.62102595417556 1.0 178.10753126800734 255.3866762504534 1.0
-0.15508416908383849 0.9879012605010561 -73.5323523990454 126.26883539321926 94.25501671083983 1.0 83.03198021326246 87.46754510058906 1.0 169.50569057317608 101.04248832109059 1.0
-0.8459163232213502 0.5333156420991907 96.73007716246407 221.09304672564394 169.31087874730764 1.0 218.23047752557818 164.77042686190063 1.0 223.9556159257097 173.85133063271462 1.0
-0.03176265155746674 -0.9994954396924675 154.7405743976578 156.8697112796831 149.8335764937953 1.0 166.83978097847833 149.51674078122423 1.0 146.89964158088785 150.15041220636635 1.0
-0.07395873607835061 -0.9972613024467022 317.3355844882796 319.3397164267527 294.5242354848476 1.0 329.51550555991963 293.76958020940236 1.0 309.16392729358574 295.27889076029294 1.0
0.43213095192731804 -0.9018108673033333 84.98943053921353 409.7243137141439 290.57532765806917 1.0 416.53330945600715 293.83807145311675 1.0 402.9153179722806 287.3125838630216 1.0
0.08692510954362026 0.9962148489812975 -277.3783534228523 235.0369978533102 257.9240179971192 1.0 190.61843635791917 261.79977665269956 1.0 279.45555934870123 254.04825934153894 1.0
0.9999917550745828 -0.0040607613640074106 -174.1639875981322 174.9522033684396 193.75019409231504 1.0 175.0359661871476 214.37739194547072 1.0 174.86844054973156 173.12299623915936 1.0
0.09122813959105394 -0.9958300189021995 124.79447189193716 30.62521780763313 128.12262245091932 1.0 58.12346633760233 130.64174118382016 1.0 3.1269692776639335 125.60350371801849 1.0
0.07655849645776908 0.9970650914660114 -223.3719560049023 31.231295673836527 221.631402861343 1.0 18.08780671285592 222.64061054665314 1.0 44.37478463481714 220.62219517603285 1.0
0.9999581964980606 -0.009143590998397736 -298.37616717862437 300.8805089882503 272.5148085824876 1.0 301.011994867522 286.8943212624053 1.0 300.7490231089787 258.1352959025699 1.0
0.317578647003533 0.9482319352180696 -415.95024181958763 402.3433515118435 303.90727617638913 1.0 387.9124682690265 308.7404190026385 1.0 416.7742347546604 299.07413335013973 1.0
-0.7755690940433548 0.6312626872901406 -79.78140160826825 33.024046569931684 166.95716951145363 1.0 30.689976480157018 164.08953189971527 1.0 35.35811665970635 169.82480712319196 1.0
-0.057251672746925865 0.9983597778194386 -197.84606811241179 187.56153390261852 208.92696631558402 1.0 176.86418922555555 208.31351924938716 1.0 198.2588785796815 209.54041338178087 1.0
0.03430749926089867 -0.9994113244777966 287.594109979309 374.37534476998997 300.6149565098094 1.0 379.4123188765571 300.7878642818206 1.0 369.3383706634228 300.4420487377982 1.0
-0.5142825698414512 0.8576208010287955 264.26134877357714 612.7789239331221 59.327118594130496 1.0 608.6424378220868 56.84662522836233 1.0 616.9154100441574 61.807611959898665 1.0
0.4488337958947192 -0.8936152548287979 -183.27715301648095 423.4032475636473 7.565374186632022 1.0 435.3927872627313 13.587328920608972 1.0 411.4137078645633 1.5434194526550726 1.0
-0.5684579505021358 0.822712318195681 142.9660583101839 602.4874258778863 242.51819815369691 1.0 596.9571488663968 238.697020487906 1.0 608.0177028893758 246.3393758194878 1.0
0.9999961448184714 -0.0027767513743044195 -626.3452215366465 626.9047142455106 200.6214465380108 1.0 626.9220688746944 206.8713983483346 1.0 626.8873596163266 194.371494727687 1.0
-0.4148428240253702 -0.9098930878705782 437.85496899294685 435.7097183836929 282.564976468892 1.0 453.78238809932986 274.3251981449808 1.0 417.63704866805597 290.8047547928032 1.0
0.05834622645347369 0.9982964078161556 -153.8541010256964 496.25657767182463 125.11254311638424 1.0 354.31849618552263 133.4082270234193 1.0 638.1946591581267 116.8168592093492 1.0
0.9997576995022583 0.022012321230435037 -217.6262047386317 214.26626447017617 154.99760589849637 1.0 214.1149664301921 161.86927467028045 1.0 214.41756251016022 148.12593712671227 1.0
0.15505561568476364 0.9879057424899498 -334.4445459168456 97.00275515862573 323.31396635833994 1.0 46.960277149629924 331.1683262474921 1.0 147.04523316762155 315.45960646918786 1.0
0.4199559503653393 0.9075444891313839 -447.4761065498205 431.3953570761538 293.43912345343585 1.0 419.23261327639 299.06729561761114 1.0 443.55810087591766 287.8109512892605 1.0
-0.059141690163311784 0.998249598289239 -227.56448872162693 156.30339357817806 237.2237724933073 1.0 149.37864282678666 236.81351291083533 1.0 163.22814432956946 237.63403207577926 1.0
-0.20477658103302226 0.9788087412055667 -245.53558589591077 350.4083873083039 324.16038400249994 1.0 343.91937859040286 322.8028184602178 1.0 356.89739602620483 325.5179495447821 1.0
-0.9996276367844581 -0.02728713573681716 619.3973624107125 617.6839508344435 71.22089973584941 1.0 617.974234061298 60.58676287159505 1.0 617.3936676075889 81.85503660010377 1.0
0.9999969826561007 -0.0024565583026361425 -247.0495781096732 247.52014161689314 191.24995052079447 1.0 247.57388243929384 213.12635385650452 1.0 247.46640079449244 169.37354718508445 1.0
0.9866260186926221 -0.16300030441304583 -353.27929595375963 390.8795368075112 198.6046918846142 1.0 391.63294286215955 203.16499021554856 1.0 390.1261307528629 194.04439355367984 1.0
-0.052903074509818716 0.9985996518662564 -256.8129231571271 17.468294308964904 258.0984773535978 1.0 0.5414686074245822 257.201740488499 1.0 34.395120010505224 258.9952142186966 1.0
0.16817646490471 0.9857569054549682 -336.23203844558503 280.3432363182692 293.26186040584525 1.0 262.2128055801526 296.35502843932596 1.0 298.4736670563858 290.1686923723646 1.0
-0.17275933941681065 0.9849640656614166 -141.5771309407532 187.75520305288217 176.66999422500362 1.0 182.08538344134197 175.67552719331104 1.0 193.42502266442239 177.6644612566962 1.0
0.1044894478899469 0.9945259952759677 -317.02514860953835 360.7165706637603 280.8715655729201 1.0 351.9971551349642 281.78766723225795 1.0 369.43598619255636 279.95546391358226 1.0
-0.9994144154278313 -0.034217338222695536 222.50521500769585 217.3289924256965 154.99414514748008 1.0 217.56483063700006 148.1058212646727 1.0 217.09315421439294 161.88246903028747 1.0
-0.9995938833741402 -0.028496812470971154 610.3736981235604 608.6974081448665 67.49850069087239 1.0 608.9293582580304 59.36229547132954 1.0 608.4654580317025 75.63470591041525 1.0
-0.08084745619211423 0.9967264864682106 -127.64900061813519 30.009942053503607 130.5024295627387 1.0 3.1091484138952374 128.3204260092687 1.0 56.91073569311198 132.68443311620877 1.0
0.9980345179151643 -0.06266658639056112 -231.61548651839058 240.0794947022431 127.5342522771054 1.0 240.9101947942999 140.7640676166704 1.0 239.24879461018625 114.30443693754039 1.0
0.1192956909935497 0.9928587704756259 -171.56668333434237 257.49835429712664 141.86130335666138 1.0 249.34093020862628 142.84144834032193 1.0 265.65577838562706 140.8811583730008 1.0
0.14762092161897825 0.9890440149459293 -334.3409444829807 21.231437391222364 334.87563255321834 1.0 0.41713037961713884 337.98229629869536 1.0 42.04574440282759 331.7689688077414 1.0
-0.13135809113307845 0.9913349847018784 -252.3521097582633 383.2455421501526 305.34029090216916 1.0 376.8592233171961 304.4940636790709 1.0 389.63186098310905 306.18651812526736 1.0
0.08617710821819993 0.9962798331890236 -163.66116281970233 314.39253120352816 137.07767545393153 1.0 308.08162614715803 137.62356179015973 1.0 320.70343625989824 136.53178911770334 1.0
-0.03800625797400985 0.9992775011751306 -231.63797149355446 184.39615719204608 238.81872566185893 1.0 176.8595172612634 238.53207907857282 1.0 191.9327971228288 239.10537224514508 1.0
-0.05356819355319242 -0.9985641935496424 156.24260931003394 210.60056743213588 145.16955273162483 1.0 224.44483930091667 144.4268737532873 1.0 196.75629556335508 145.91223170996233 1.0
0.15426909442840825 0.9880288692666014 -334.45938522297007 203.81837453408554 306.68791022336336 1.0 152.13004180402834 314.75843582318623 1.0 255.50670726414276 298.61738462354043 1.0
-0.056026243205505505 -0.998429296481367 266.4120124465152 65.59135978681084 263.1505063972478 1.0 73.10277913897052 262.72900774038175 1.0 58.07994043465115 263.5720050541139 1.0
0.9999898140541766 0.00451351170303013 -248.04954588277656 247.47093983611379 128.75268980882282 1.0 247.40605876626452 143.12739696437185 1.0 247.53582090596305 114.37798265327382 1.0
-0.6566595775661265 0.7541871115251682 28.323097633350773 380.21992984984337 293.497406016971 1.0 373.52369366132035 287.6670920807565 1.0 386.9161660383664 299.32771995318546 1.0
0.9999794567288051 0.006409845580344345 -240.45567664460424 239.22267021250607 193.1280298053147 1.0 239.12649882516362 208.13141958469745 1.0 239.31884159984853 178.12464002593194 1.0
-0.34369046575393003 0.9390829908745268 -150.7835600408024 436.52660026806575 320.32695035907363 1.0 429.10563911365375 317.6109884895838 1.0 443.94756142247775 323.04291222856347 1.0
0.2069550153325175 0.9783504595127032 -101.41344448943961 445.1568504084606 9.491488042440963 1.0 435.5506522858507 11.523531734373353 1.0 454.7630485310706 7.459444350508573 1.0
-0.4355737625614272 0.9001530410813938 179.79561885892986 429.4282890147408 8.056493070138972 1.0 424.38038553331415 5.613870302558819 1.0 434.4761924961674 10.499115837719124 1.0
0.0043541408238537945 0.9999905206839144 -236.81180661005052 144.37471879659734 236.18541762923448 1.0 139.37209227709042 236.2071999760713 1.0 149.37734531610425 236.16363528239765 1.0
-0.07754704911213163 0.9969886936038947 -207.74373890789875 565.1107417882188 252.3262409785066 1.0 555.7437978139706 251.5976681581109 1.0 574.477685762467 253.0548137989023 1.0
-0.9999966629125542 0.002583440294504228 97.65376728241742 98.07228930769666 161.87513617538087 1.0 98.04645499096328 151.8752029170184 1.0 98.09812362443004 171.8750694337433 1.0
-0.684369696464533 0.7291351853813136 136.73334622415413 489.3912510477421 271.81680390878375 1.0 483.553122621068 266.3371092521688 1.0 495.22937947441625 277.2964985653987 1.0
-0.06173526306551276 -0.9980925594824519 209.29328637605894 614.3637348868344 171.69287352845242 1.0 623.1574083965633 171.14895629124064 1.0 605.5700613771057 172.2367907656642 1.0
-0.9999993289116147 -0.0011585233361342381 1.4701551556226684 1.351407284476094 102.50011748278436 1.0 1.3796471107036972 78.12442612173301 1.0 1.323167458248491 126.87580884383571 1.0
0.9994668504628915 0.032649882477397 -252.03411763545088 247.28910844753517 149.36811074259214 1.0 247.1252798122307 154.38317596546798 1.0 247.4529370828396 144.3530455197163 1.0
-0.12576055088881177 -0.9920606250830353 169.21765600397435 185.10854238098915 147.10623529454276 1.0 195.955381930308 145.73121396758432 1.0 174.26170283167033 148.4812566215012 1.0
0.9999950785447421 -0.0031373374531794957 -294.64929027563034 295.2644824425648 195.62417022524352 1.0 295.2958618144979 205.62603262263866 1.0 295.2331030706318 185.6223078278484 1.0
0.9976207017448487 -0.06894153646471406 -363.94067063468674 378.75640956657764 201.8313658356505 1.0 379.278182015795 209.38169069975876 1.0 378.23463711736025 194.28104097154224 1.0
0.06464148657426476 -0.9979085520294276 131.4874545451055 257.5197970872243 148.4443807499894 1.0 265.65116303037644 148.97110595078635 1.0 249.38843114407211 147.91765554919243 1.0
0.028754103624171603 -0.9995865152775774 330.62972873307825 454.37249810715036 343.83697396336333 1.0 460.63529450058115 344.01712955142045 1.0 448.1097017137195 343.6568183753062 1.0
0.2114498171764075 0.9773888554797746 -348.05675100065326 569.2053889921581 232.96600353670166 1.0 564.041440315325 234.08318018292883 1.0 574.3693376689911 231.8488268904745 1.0
-0.030500811944007628 -0.9995347420028761 151.27503412196967 229.97948240223832 144.32762275893293 1.0 234.36946648004624 144.19366235398883 1.0 225.58949832443042 144.46158316387704 1.0
0.8584059967946631 0.5129709004095269 -214.40922786937307 142.8909163510564 178.8616241445525 1.0 141.07518952154194 181.90006316273434 1.0 144.70664318057086 175.82318512637067 1.0
0.9999861489512077 -0.005263259991023648 -46.158049608279136 47.484374045843865 251.87179266153993 1.0 47.54358490059908 263.1214810151004 1.0 47.42516319108864 240.6221043079794 1.0
-0.10472036792487312 -0.994501706655991 147.41984588116011 600.6889939253895 84.98273342642571 1.0 617.0211521107492 83.26296803765729 1.0 584.3568357400299 86.70249881519412 1.0
0.2826129445728939 -0.9592340296089575 179.10964060989247 431.07299458527393 313.7257849976118 1.0 439.56564504035623 316.2279199076062 1.0 422.5803441301916 311.22365008761744 1.0
-0.08025152502105828 -0.9967746449081629 267.99584412308946 103.69080426179914 260.51475153076854 1.0 121.8490599776058 259.0528085325594 1.0 85.53254854599248 261.9766945289776 1.0
-0.2069441039641012 -0.9783527675815586 351.48393471167117 301.57787078373235 295.47028643002466 1.0 308.3194504083778 294.0442873416043 1.0 294.83629115908695 296.8962855184451 1.0
-0.9994772968192266 -0.032328519034000094 631.6607858932763 627.3820298724761 142.4961842059592 1.0 628.1298893120205 119.37515814688058 1.0 626.6341704329318 165.6172102650378 1.0
-0.5928745045986442 0.805294866366918 -73.14320050076041 126.2377423128479 183.76664948055708 1.0 122.71918413550405 181.17621518944395 1.0 129.75630049019173 186.35708377167023 1.0
0.3473443250135109 0.9377376604791494 -392.52770128997315 355.82506004804 286.79010913060705 1.0 349.7183895711864 289.05206087282335 1.0 361.93173052489357 284.52815738839075 1.0
-0.08772917420355525 -0.9961443630285535 159.19026310360084 277.07577081789776 135.40470592821788 1.0 294.5503223307301 133.86574427697946 1.0 259.6012193050654 136.9436675794563 1.0
0.006420548952117993 -0.9999793880631508 129.02899050095684 336.2423558251535 131.1905550977449 1.0 345.62098211570316 131.25077226813949 1.0 326.8637295346038 131.13033792735027 1.0
-0.20757395448276952 0.978219327870997 -63.41837219210071 185.05855424105255 104.0990555036438 1.0 176.77600354641774 102.34153369651378 1.0 193.34110493568733 105.85657731077383 1.0
0.7007126533899073 -0.7134436049046031 -35.12636956592216 346.76920390942234 291.3463628945805 1.0 352.75683241616053 297.22714594404187 1.0 340.7815754026841 285.4655798451192 1.0
0.003037660187347529 -0.99999538629965 202.72745879433347 8.126129775868355 202.75307865718082 1.0 11.879892230911175 202.76448136455195 1.0 4.372367320825535 202.74167594980972 1.0
0.9996822440250295 -0.02520735966104961 -159.33970888921766 165.64611211164916 248.09294843525592 1.0 165.83510723568844 255.5881828528978 1.0 165.45711698760988 240.59771401761404 1.0
0.15021093319877712 -0.9886539715934755 71.76873583358982 37.475507461764835 78.286204279109 1.0 74.44665134560417 83.90340724777447 1.0 0.5043635779254974 72.66900131044355 1.0
-0.9929393820910568 0.11862286243650606 245.71107287175673 274.56837392933426 226.92656479935033 1.0 273.95306352663766 221.77607425732054 1.0 275.1836843320308 232.07705534138015 1.0
-0.4782697299774524 0.8782129954557122 -91.68223411386225 364.41171464627564 302.85287037951787 1.0 357.49123827660856 299.08401888020876 1.0 371.33219101594267 306.621721878827 1.0
0.9999912792010338 0.004176304811666221 -259.23239666178347 258.07311339476814 278.1247833038311 1.0 258.01046936890384 293.12452168100293 1.0 258.1357574206324 263.1250449266593 1.0
-0.04596320425742202 0.9989431334437364 -180.14894706746117 263.1274607780398 192.44651858229832 1.0 256.86196798689735 192.15823177668216 1.0 269.3929535691822 192.73480538791446 1.0
-0.12069902984541671 0.9926891478173695 -105.4167859723957 53.18161242116923 112.65939115295015 1.0 46.872893248604846 111.89232697644543 1.0 59.49033159373361 113.42645532945487 1.0
-0.9995122931519738 -0.03122780552781532 560.6102312195787 556.3534358812572 145.00323165168317 1.0 557.0368204555075 123.13005576344547 1.0 555.6700513070069 166.87640753992085 1.0
0.07320212120923703 -0.9973171258182967 162.64857313567106 263.7540072932704 182.44540401096666 1.0 270.63779583894745 182.95066749281648 1.0 256.8702187475933 181.94014052911683 1.0
0.9982896991863105 -0.058460897174996945 -272.12923429056593 284.30789548499075 200.00392971114007 1.0 284.71339884686694 206.9283843245316 1.0 283.90239212311457 193.07947509774857 1.0
-0.007728092573892463 -0.9999701378467106 133.54704928994616 327.49822268074735 131.02002524736207 1.0 334.38730182313867 130.96678421610898 1.0 320.609143538356 131.0732662786152 1.0
0.11454139608587742 -0.9934184760626803 102.98811011755983 31.821449894161393 107.3394405110559 1.0 59.387360551982056 110.51779683037819 1.0 4.255539236340731 104.1610841917336 1.0
0.07037234259241763 -0.9975207934665098 303.39654466412827 350.7470583690136 328.89483504282487 1.0 360.78528304677025 329.6030041262862 1.0 340.7088336912569 328.1866659593636 1.0
0.3296363723853372 0.9441079715798586 -414.66272723753775 553.4368225514645 245.97803185433767 1.0 547.6450050104818 248.0002515381017 1.0 559.2286400924473 243.95581217057364 1.0
-1.0 0.0 435.62500000000017 435.62500000000006 150.0 1.0 435.62500000000006 130.625 1.0 435.62500000000006 169.375 1.0
0.30262375331568725 -0.9531101006332511 148.15461732776896 392.66102049637186 280.1178677613058 1.0 399.6274845758265 282.32980267382294 1.0 385.6945564169173 277.90593284878855 1.0
0.11457908628849886 -0.9934141296485031 103.09696508599032 104.35292651355977 115.81637971885296 1.0 124.37492038146866 118.12569030201392 1.0 84.33093264565089 113.50706913569199 1.0
-0.999631627731238 -0.027140538671803896 267.74463767805474 260.3427143668554 276.25930488018685 1.0 260.76708944816124 260.62885780527114 1.0 259.91833928554956 291.8897519551025 1.0
-0.9998804096685647 -0.015465004397772373 495.19164010359225 492.9597295796153 148.132110570326 1.0 493.2884711009123 126.87752838366475 1.0 492.6309880583183 169.38669275698723 1.0
-0.10515014335574459 0.9944563576911086 -106.89166985022888 103.71521212960837 118.45400591266376 1.0 84.29301476572758 116.40037447745705 1.0 123.13740949348916 120.50763734787047 1.0
-0.9999990020282025 -0.0014127783262114686 122.85392131937625 122.50614690195746 246.2500086842185 1.0 122.52115890415726 235.62414690553595 1.0 122.49113489975767 256.87587046290105 1.0
0.11995631679460816 -0.9927791708436835 74.80713384938272 83.76838224064367 85.47286540540648 1.0 91.9253300732959 86.45845963121926 1.0 75.61143440799145 84.48727117959372 1.0
-0.9999052230275892 -0.013767532899809738 592.8218241024437 590.8900890626436 144.37864996832428 1.0 591.2000661250776 121.86570694490418 1.0 590.5801120002096 166.89159299174437 1.0
-0.9853410569380128 -0.17059601845377284 424.66298397541146 384.2931873010839 269.6612092300992 1.0 385.0831721963748 265.0983562470917 1.0 383.503202405793 274.2240622131067 1.0
0.10255748215174129 -0.994727079582483 248.44557398129425 556.2895260170249 307.11662865879975 1.0 616.8507139790852 313.36055534079395 1.0 495.7283380549644 300.8727019768055 1.0
0.9998252603474861 0.018693548916179602 -627.7802847680664 625.2256268974758 142.50421850458477 1.0 624.7931957112178 165.63281892826097 1.0 625.6580580837337 119.37561808090858 1.0
0.9997366137017677 0.022950015776085866 -524.783998454854 521.5504258467965 146.881896594392 1.0 521.0625372723333 168.13504413278963 1.0 522.0383144212599 125.62874905599436 1.0
0.9996017222050586 0.028220506102491997 -592.6672325188711 588.792090599037 145.626188291277 1.0 588.1921459377761 166.876895647341 1.0 589.3920352602978 124.375480935213 1.0
0.9998841274132146 0.015222737832412776 -358.7465811487972 356.4378288382251 154.377859600511 1.0 356.1520010799292 173.1520539563796 1.0 356.723656596521 135.60366524464234 1.0
0.08245785975772366 0.9965945521445396 -153.48945128778115 278.1559790607681 130.99941625677428 1.0 261.91374634633024 132.3432925045798 1.0 294.39821177520605 129.65554000896876 1.0
0.17845710751386085 0.9839476920943442 -87.3712510751477 465.72981794985947 4.327928115563338 1.0 455.71905148131395 6.143565717365944 1.0 475.74058441840504 2.512290513760731 1.0
0.9998133054036281 0.019322379198000797 -557.0595449905219 554.3492271492271 145.62450191421442 1.0 553.9382365552527 166.8907165993024 1.0 554.7602177432016 124.35828722912642 1.0
-0.9980917099767039 -0.06174899574712996 291.77449025332595 280.07464895323676 198.12961831097266 1.0 280.62107086948157 189.29742309622088 1.0 279.52822703699195 206.96181352572447 1.0
0.14525241418848092 0.9893946311621152 -328.6618393211782 227.50512291227898 298.7848949925069 1.0 198.121144592633 303.09873868536926 1.0 256.88910123192494 294.47105129964456 1.0
0.09173034899677805 -0.9957838837182139 139.58477554578008 12.49294306197126 141.32660698159629 1.0 19.36718342258442 141.9598532890302 1.0 5.618702701358098 140.69336067416234 1.0
-0.9997676547257545 -0.02155543003895971 526.7842509973981 523.7399903740419 146.87478418806506 1.0 524.1982272337984 125.62118870146814 1.0 523.2817535142854 168.12837967466197 1.0
0.12541182379121263 -0.9921047698974952 118.01090613736696 53.19771602322584 125.67475987263822 1.0 59.42717878142485 126.46222537975991 1.0 46.96825326502682 124.88729436551654 1.0
0.9992800337043171 0.0379396130699704 -466.5739225391489 461.23878537067816 149.37457421475176 1.0 460.47963978023245 169.36948111609584 1.0 461.99793096112387 129.3796673134077 1.0
-0.48906880933484226 0.872245206198234 -109.25289933833837 366.3134597447727 330.6471447359214 1.0 361.44293143498516 327.91623436304394 1.0 371.18398805456013 333.3780551087989 1.0
1.0 0.0 -406.875 406.8750000000001 151.25 1.0 406.8750000000001 170.625 1.0 406.8750000000001 131.875 1.0
0.1472481481984424 0.9890995818683423 -328.8631274090293 144.9491848206895 310.9086627864357 1.0 98.08923318702492 317.88474611435703 1.0 191.8091364543541 303.9325794585144 1.0
-0.13245273848226735 0.9911893220109608 -284.87102869486023 411.96464874961896 342.45412762414594 1.0 393.2153792981968 339.94866067829105 1.0 430.7139182010411 344.95959457000083 1.0
0.9995504658853177 0.029981096518383564 -437.8388688157416 433.5367856504575 149.99360472511302 1.0 432.9556012411311 169.36991895535732 1.0 434.1179700597839 130.6172904948687 1.0
-0.15752987379069175 0.9875142221069471 -281.6134522503285 628.6763729180461 385.46154922118603 1.0 619.2423391334978 383.95661681803927 1.0 638.1104067025944 386.9664816243328 1.0
0.9999141079700591 0.01310636038115811 -492.5763684168683 490.6771250850851 148.12568322883394 1.0 490.3986388487883 169.37203297433206 1.0 490.95561132138187 126.8793334833358 1.0
0.9999701633742332 -0.007724788755006032 -91.64079035782149 93.95136217389812 298.7484444733317 1.0 94.09140708782886 316.8771907607038 1.0 93.81131725996738 280.6196981859596 1.0
0.1519134904575567 -0.9883937936961168 71.68972149553548 110.60108029944875 89.53062859822862 1.0 128.0725962771137 92.21595401475797 1.0 93.12956432178382 86.84530318169926 1.0
-0.9996074897858566 -0.028015466514384225 467.45320736465874 463.4505412526527 149.36660722924302 1.0 464.0111211972827 129.36480176267486 1.0 462.88996130802275 169.36841269581114 1.0
1.0 0.0 -381.87500000000017 381.87500000000006 153.125 1.0 381.87500000000006 171.875 1.0 381.87500000000006 134.375 1.0
0.08545859099606938 0.9963417231176092 -133.82067309841264 596.9275044286092 83.11213685203566 1.0 585.7064488749481 84.07459338161262 1.0 608.1485599822702 82.14968032245872 1.0
0.07597936443664914 -0.9971093902776178 264.8632407408188 627.6650544851386 313.45892006159204 1.0 638.323417479233 314.27108335493034 1.0 617.0066914910443 312.6467567682538 1.0
-0.6121818935371306 0.790716971630996 8.044926035112645 443.62560583457207 333.2856721446912 1.0 439.0749752206676 329.76252319765166 1.0 448.17623644847646 336.80882109173075 1.0
-0.9999014735205924 0.014037209528537565 119.57388209138246 121.47205657679928 134.3718826381616 1.0 121.2964855936209 121.86557328724612 1.0 121.64762755997764 146.87819198907704 1.0
-0.08285417107328885 -0.9965616821530708 278.7208033568233 133.16541136013 268.61106379748367 1.0 171.95903467600886 265.3857606774377 1.0 94.37178804425113 271.83636691752963 1.0
-0.016464280047413102 0.9998644545549764 -219.977769778063 54.99525483158486 220.91317082894062 1.0 45.62279613643623 220.75883912529142 1.0 64.36771352673348 221.0675025325898 1.0
0.14069939484108054 -0.990052362398754 96.8000544582139 195.54510690545254 125.56217972426506 1.0 205.78245548414887 127.01704090585945 1.0 185.30775832675624 124.10731854267067 1.0
-0.9999940720377692 -0.0034432382027248416 97.22882745269197 96.20503492029889 297.49984517360195 1.0 96.2717546749369 278.12292287033796 1.0 96.13831516566087 316.87676747686595 1.0
-0.999853085273082 0.01714082465632864 -0.49056725409582064 1.8451499564972949 136.25051172954227 1.0 1.7912254891075614 133.10500699611475 1.0 1.8990744238870285 139.39601646296978 1.0
-0.09282311807611564 -0.9956826144663908 284.46818621324013 58.15114923999446 280.2804941719652 1.0 94.37763437248267 276.9032580345865 1.0 21.924664107506242 283.6577303093439 1.0
-1.0 0.0 409.37500000000017 409.37500000000006 151.25 1.0 409.37500000000006 131.875 1.0 409.37500000000006 170.625 1.0
-0.11980806755801415 -0.9927970723909366 130.87149468704519 145.6841585717415 114.24022121822787 1.0 163.15598610343253 112.13176829114819 1.0 128.2123310400505 116.34867414530756 1.0
0.08932340357165346 0.9960026754855508 -277.4949257134548 178.1369239720534 262.63295852590375 1.0 168.1611067082216 263.5276086843282 1.0 188.11274123588518 261.7383083674793 1.0
-0.1166762975382518 0.9931699963212569 -105.31080163398852 24.35778449554131 108.89654152437681 1.0 4.267928544945871 106.53641181941734 1.0 44.44764044613675 111.25667122933629 1.0
-0.09463335843293731 -0.9955121935324064 280.7603058166774 197.5119305791909 263.2505058180026 1.0 221.90416259190096 260.9317809947059 1.0 173.11969856648085 265.5692306412993 1.0
0.09056522859946038 0.995890525795244 -282.3008133626204 45.61973446187168 279.3170980919906 1.0 0.6506032410463636 283.40654321014864 1.0 90.58886568269699 275.2276529738326 1.0
0.30637177222029643 -0.9519119377266968 345.52503303272636 336.264080605201 471.20625087753956 1.0 346.80315089830543 474.5982386395207 1.0 325.7250103120966 467.81426311555845 1.0
0.08520229778858662 0.996363672787976 -281.7597705243928 122.4841002467459 272.31406679209556 1.0 95.64502408019574 274.60916347452905 1.0 149.32317641329607 270.018970109662 1.0
-0.055460003326915634 -0.998460909615884 265.76875113204596 142.50765228049102 258.2627660021883 1.0 161.8922767303026 257.18603748320083 1.0 123.12302783067945 259.3394945211757 1.0
0.07714881360151606 0.9970195888546417 -266.57478263769883 19.919163750079207 265.83032645418416 1.0 5.533574281508944 266.94347525573744 1.0 34.304753218649466 264.71717765263094 1.0
-0.09390448474153504 -0.9955812110247093 284.6392452579884 150.60821368092667 271.6970303969754 1.0 203.1127136407597 266.74473925212203 1.0 98.10371372109361 276.6493215418288 1.0
0.999657965537211 -0.02615247479693476 -71.26641387724779 74.65931415823084 128.75891282638432 1.0 75.10091369271098 145.6387108435238 1.0 74.21771462375071 111.87911480924485 1.0
-0.027696391781550558 -0.9996163813595108 277.46976721081654 15.597821669880794 277.1440814666606 1.0 28.122840252071065 276.79705051739614 1.0 3.0728030876905255 277.49111241592516 1.0
-0.03647873055573418 0.9993344296165534 -137.49564235573075 139.36862682992765 142.67459292530378 1.0 130.60748640340788 142.35478478950023 1.0 148.12976725644742 142.9944010611073 1.0
-0.999932824280108 0.011590812189267405 382.38416500458396 384.18475759645753 153.1199604678174 1.0 383.9673605002259 134.36523570172247 1.0 384.4021546926892 171.87468523391234 1.0
-0.08128775584866399 -0.9966906745571005 278.7260373175336 60.60126654528634 274.70899783440746 1.0 91.89795953185171 272.15651289268465 1.0 29.30457355872098 277.2614827761302 1.0
-0.9998501987049725 -0.017308383795922908 326.0816228763902 321.2833940763342 280.00057808408746 1.0 321.4890875817869 268.1183194790033 1.0 321.0777005708815 291.88283668917165 1.0
-0.09346366178451124 0.9956226915482744 -109.73204033794977 196.20232169919237 128.6328936270225 1.0 185.5538177418456 127.63326979278386 1.0 206.85082565653914 129.63251746126116 1.0
0.09496990363086029 0.9954801441537371 -282.8930037966716 162.4928872970033 268.67544422671017 1.0 153.14335516298962 269.5673999035517 1.0 171.842419431017 267.7834885498687 1.0
-0.1314973610883369 -0.9913165206062106 132.85116500861125 181.86057016258974 109.89121807391388 1.0 187.01852895734186 109.20701887414918 1.0 176.70261136783765 110.57541727367855 1.0
0.11443860987876404 -0.9934303219496655 102.38039486828652 222.64910850623363 128.7056037161753 1.0 235.81538366318074 130.22229813645964 1.0 209.48283334928655 127.18890929589097 1.0
-0.07395271355878312 -0.9972617490695673 276.8037322927363 236.8748615982666 259.99813363502034 1.0 249.35259293302778 259.07283785171774 1.0 224.39713026350537 260.92342941832294 1.0
-0.07017622951043137 -0.9975346093302724 277.68934638275107 282.5263820877 258.50001367244533 1.0 291.9427170174208 257.83757762762593 1.0 273.11004715797907 259.1624497172647 1.0
-0.08943312501186651 -0.995992829367065 283.8024635743572 228.13259534666938 264.45958734745386 1.0 248.1953165477309 262.65809661343627 1.0 208.06987414560786 266.2610780814715 1.0
-0.999999998073997 -6.20645316486917e-05 359.90221613014415 359.892674401971 153.749993338887 1.0 359.8937993240125 135.62495461837239 1.0 359.89154947992955 171.8750320594016 1.0
0.11114372089410693 -0.9938043435736297 112.98246974287723 53.09703775123598 119.62502765837074 1.0 58.17334200849692 120.19274437966597 1.0 48.020733493975044 119.05731093707551 1.0
0.12804423641840593 -0.9917684576149957 78.5126469110199 58.76595929978274 86.75138701613693 1.0 70.60500259140703 88.27989021318956 1.0 46.92691600815846 85.22288381908429 1.0
0.09034749270275293 -0.9959103024682122 97.44401744847794 271.19812186158043 122.44685839893666 1.0 293.2319809630745 124.44573713274637 1.0 249.16426276008636 120.44797966512692 1.0
0.15222997869846783 -0.9883450984273985 76.51996258016014 93.75193070768296 91.8624649823164 1.0 103.09774446414711 93.30195512733773 1.0 84.40611695121882 90.42297483729506 1.0
-0.23178937683819592 0.9727659969308964 -325.5212797724997 486.87011961588627 450.6454818347697 1.0 475.6608486014605 447.97455177405465 1.0 498.07939063031205 453.3164118954848 1.0
0.2053726356573986 -0.9786838511609015 301.29227252538385 505.70885557664394 413.97539418869724 1.0 515.7895635868459 416.09078780727185 1.0 495.628147566442 411.86000057012257 1.0
0.0 -1.0 173.125 554.375 173.125 1.0 564.375 173.125 1.0 544.375 173.125 1.0
0.2382431628313343 -0.9712055371362553 323.7732476559242 361.81301955785057 422.1276651673622 1.0 370.6448289646032 424.29416661956003 1.0 352.98121015109786 419.96116371516433 1.0
-0.08516245304462022 -0.9963670792390839 284.5964989092682 9.360819031810843 284.83408827070764 1.0 18.100391567361356 284.08709105331934 1.0 0.6212464962603292 285.5810854880959 1.0
-0.09213432292321613 -0.9957465875108388 162.67122148801846 632.5428620080811 104.83823342839645 1.0 638.23479092942 104.3115712998266 1.0 626.8509330867423 105.3648955569663 1.0
-0.09589165459096649 0.9953917774322867 -94.74035971453203 32.42269788343583 98.30242531567839 1.0 3.1388388517085897 95.48134746570392 1.0 61.70655691516308 101.12350316565286 1.0
-0.99925477585016 0.03859913134575101 63.410961113622456 73.06796396570998 248.7763456318712 1.0 72.65722264024991 238.1430692654025 1.0 73.47870529117004 259.4096219983399 1.0
-0.12432959043770865 0.9922409752381685 -316.632042752359 528.1671873144606 385.2883144057197 1.0 518.1675596424611 384.0353429562279 1.0 538.1668149864602 386.5412858552114 1.0
-0.035556934466370926 0.9993676522738537 -282.44632034924933 586.2372616007683 303.4830270438084 1.0 574.3772751108835 303.0610554486368 1.0 598.0972480906531 303.90499863898 1.0
-0.0041432504816825665 0.9999914167008865 -247.2743290367618 11.248143576818926 247.32305576081976 1.0 0.6233259711423123 247.27903410230618 1.0 21.87296118249554 247.36707741933333 1.0
-0.042915568217336136 0.9990787026078493 -184.08012518015877 221.9272853298117 193.78279231422147 1.0 216.9096965409036 193.56726107189306 1.0 226.94487411871978 193.99832355654988 1.0
0.9999708459983377 -0.007635912084917448 -73.70483164424374 75.0910246059508 181.24930492384715 1.0 75.33444864969898 213.12721868925072 1.0 74.84760056220263 149.37139115844354 1.0
0.037317881363163025 -0.9993034452710371 106.7400655188993 203.79481418589614 114.42495946374228 1.0 223.23606180921692 115.15097134310909 1.0 184.3535665625754 113.69894758437546 1.0
-0.12050849605646684 0.9927122958733858 -95.72750119653874 208.221277166603 121.7068980177643 1.0 180.7467957706008 118.37168352840344 1.0 235.69575856260516 125.04211250712515 1.0
-0.9484552532543008 0.3169110799172538 348.59140765345455 471.63159284754715 311.53866317729944 1.0 469.8776313733013 306.289386393766 1.0 473.38555432179305 316.7879399608329 1.0
-0.11065071611599703 -0.9938593557556407 129.585946939509 565.0668272696028 67.47523928850677 1.0 570.7604211883984 66.84134653422522 1.0 559.373233350807 68.10913204278832 1.0
-0.0923455763339996 0.99572701807852 -122.21129238553104 19.360507280310912 124.53126945147505 1.0 3.1341437624786206 123.0264063076078 1.0 35.5868707981432 126.03613259534231 1.0
0.12177916088983891 -0.9925572205031641 98.04992439379397 23.771261103887248 101.70171204149416 1.0 43.161108639483544 104.08069766961725 1.0 4.381413568290952 99.32272641337107 1.0
-0.26680779802207555 -0.9637497594887436 430.18879311155945 48.84608868841937 432.84708674574085 1.0 55.71381208940764 430.94580257938793 1.0 41.97836528743111 434.7483709120937 1.0
0.9997615823146571 -0.02183525881901372 -68.10827535030312 71.61881606818305 159.99194488521277 1.0 71.8510583669013 170.625522896423 1.0 71.3865737694648 149.35836687400254 1.0
0.28253367084425307 -0.9592573819571425 46.64575536949209 230.13694600634017 116.41004137358618 1.0 236.32926324384408 118.2338877708634 1.0 223.94462876883628 114.58619497630895 1.0
0.09974086313730691 -0.995013447256179 85.68963562816647 30.58143756783406 89.1845782103432 1.0 56.88043221132096 91.82080833629591 1.0 4.282442924347163 86.5483480843905 1.0
-0.1078148621728497 0.9941709890630733 -238.06043644565122 617.481536873387 306.42025022780786 1.0 610.6194606742599 305.6760786438777 1.0 624.343613072514 307.164421811738 1.0
-1.0 0.0 71.875 71.875 188.125 1.0 71.875 174.375 1.0 71.875 201.875 1.0
-0.04315265332236231 -0.9990684904005531 138.48741104338632 623.7683214936176 111.67417848176638 1.0 638.1434983510989 111.05327307904486 1.0 609.3931446361363 112.2950838844879 1.0
0.0 -1.0 113.125 598.125 113.125 1.0 606.875 113.125 1.0 589.375 113.125 1.0
