0.09389334697796313 0.9955822614898658 -130.57983549304222 439.4074196398105 89.7187561803694 1.0 416.87208237665385 91.8440634731576 1.0 461.9427569029671 87.59344888758119 1.0
-0.9998826650430797 0.015318490341693478 225.7857511344556 230.38909150473575 298.7440390061097 1.0 230.24535084826343 289.36166597438967 1.0 230.53283216120803 308.1264120378297 1.0
0.014012686256391712 0.9999018174920375 -114.69653247877334 616.2562578569025 106.0715412538302 1.0 594.3680389926855 106.37828411426905 1.0 638.1444767211195 105.76479839339136 1.0
0.16904602891350673 0.9856081574888541 -124.26972437086854 466.62649762806996 46.051128550586014 1.0 381.6604412581976 60.62403393152643 1.0 551.5925539979423 31.4782231696456 1.0
-0.1588007088196738 -0.9873106577356335 368.38742898319356 338.83027151578517 318.62407159506006 1.0 529.3517230701834 287.9802804892491 1.0 148.30881996138692 349.26786270087104 1.0
-0.9996337861775852 -0.027060922605591942 372.7030545988631 365.2595692218178 280.00702675591754 1.0 365.5136301476663 270.62198512495644 1.0 365.0055082959693 289.39206838687863 1.0
-0.1902753675813149 -0.9817307596748691 410.87876450978473 423.8938845740158 336.3673762410742 1.0 623.0555387131807 297.76661266513963 1.0 224.73223043485086 374.9681398170089 1.0
-0.04826599222221651 -0.99883451782305 132.09696653979717 615.6853913819514 102.49976187362901 1.0 638.223368507588 101.41067473332737 1.0 593.1474142563148 103.58884901393064 1.0
-0.2051354181228546 -0.9787336002363265 119.9302619595857 409.72317104392084 36.66117924653361 1.0 491.19313647720116 19.585669200107205 1.0 328.25320561064046 53.73668929296001 1.0
0.043348481336557464 0.9990600127949343 -134.500209414317 448.1599901247839 115.18142351096256 1.0 411.9239724996247 116.75367774355969 1.0 484.39600774994307 113.60916927836543 1.0
0.10676328236157358 0.9942844671115922 -135.8063346951727 485.69846291540455 84.43415876769492 1.0 462.02013786638804 86.97666625592018 1.0 509.3767879644211 81.89165127946968 1.0
0.9999159801675062 -0.012962739126263252 -222.7531920561469 226.6447866845212 298.744882053189 1.0 226.76640717364123 308.1264077787604 1.0 226.52316619540116 289.36335632761757 1.0
-0.99996385121217 -0.008502721265880572 347.0152758361213 344.63105594846604 281.8718628581632 1.0 344.6841508501905 275.62762871853323 1.0 344.5779610467415 288.11609699779314 1.0
0.42583863254150633 0.9047991263452789 -84.59594822265665 74.54673849024906 58.41193421242463 1.0 47.7289814950833 71.03356108421475 1.0 101.36449548541479 45.79030734063451 1.0
-0.26115126732063243 -0.9652978895537002 498.62165532683724 499.1572034354832 381.5051530131324 1.0 638.6377148559609 343.7701566786549 1.0 359.67669201500553 419.2401493476098 1.0
-0.1207886274368241 -0.9926782497274371 311.9957706673577 307.5756017520928 276.8713185507311 1.0 327.0426233447769 274.50258042323713 1.0 288.1085801594087 279.240056678225 1.0
0.0015614114024290742 -0.9999987809964732 98.76689603187064 474.3738169014946 99.50771001884382 1.0 493.12474706982715 99.53698797070474 1.0 455.6228867331621 99.47843206698292 1.0
-0.11657285497889543 -0.9931821431550557 313.82864594841885 274.9948332239961 283.7059798920113 1.0 285.6925315458837 282.4503580066603 1.0 264.29713490210855 284.96160177736243 1.0
0.03231028527692363 0.9994778864313726 -116.11370162893822 250.0393193941489 108.09129582106411 1.0 223.1116421331719 108.96179125268748 1.0 276.9669966551259 107.22080038944073 1.0
0.056184382335394925 0.998420410038572 -130.054184609111 446.8813289290172 105.11246776491615 1.0 399.3559726014883 107.78687502230444 1.0 494.40668525654604 102.43806050752784 1.0
0.06219174859328451 -0.9980642195805386 37.43262064116846 63.54189731413117 41.46466883810546 1.0 112.95869161431273 44.54394649089476 1.0 14.125103013949607 38.38539118531616 1.0
0.16296222650441747 -0.986632308782113 -60.260397586130566 516.8877859002989 24.297589531314323 1.0 535.7427872557137 27.41187331694774 1.0 498.0327845448841 21.1833057456809 1.0
-0.7914387351337165 -0.6112484998181532 376.81909365321445 252.04389088455895 290.1304387759113 1.0 256.1661659015063 284.7929563505855 1.0 247.92161586761156 295.46792120123706 1.0
-0.11745455913868502 -0.9930782580126992 132.11205004942312 426.95314871301935 82.5357473422944 1.0 475.75962431288116 76.76324852013063 1.0 378.1466731131576 88.30824616445817 1.0
-0.6041261293847807 -0.7968887123021402 41.39227392673014 8.597834399563409 45.424281899109246 1.0 17.96990262688748 38.31926056413937 1.0 -0.7742338277606631 52.529303234079116 1.0
0.9986029552795344 -0.052840682309943036 -75.84783993398577 94.40957314471191 348.78124220464457 1.0 95.16984186503817 363.1490845135528 1.0 93.64930442438568 334.41339989573635 1.0
-0.05122356840314672 0.9986872113129558 -67.40538625375929 24.343323628929983 68.74258264163586 1.0 0.527749353773741 67.5210603430376 1.0 48.158897904086224 69.96410494023412 1.0
-0.025020799088985177 -0.9996869308003123 121.8016835765344 514.3803958934701 108.96558880525166 1.0 521.9225999015312 108.77681773567015 1.0 506.838191885409 109.15435987483318 1.0
-0.024588410139010218 0.9996976593384801 -91.24052780664745 162.52421356614792 95.26554247446381 1.0 145.6440529108933 94.85036063470794 1.0 179.40437422140255 95.68072431421967 1.0
0.2629257093706303 -0.9648160816196788 217.10045720716676 211.38673183249017 282.62325724090795 1.0 219.5842385439049 284.8571910529884 1.0 203.18922512107548 280.3893234288274 1.0
-0.02639879140754239 0.9996514911769107 -81.34275175385638 389.3973328964312 91.6543130564169 1.0 361.9000040470977 90.92816373841454 1.0 416.89466174576467 92.38046237441925 1.0
0.9971413440869057 0.07555885065668416 -530.4509114773952 523.0754797509196 117.4015282467146 1.0 522.3620040707027 126.81718362741118 1.0 523.7889554311366 107.98587286601801 1.0
-0.037552371673267554 -0.9992946609392612 128.27975486719777 448.73618214994235 111.50729742429081 1.0 485.6060890952914 110.12176770689078 1.0 411.8662752045933 112.89282714169084 1.0
0.9980661268675034 0.062161132548408195 -262.01415011329055 244.07209176370915 296.2311343972917 1.0 243.48562812316933 305.6474604882999 1.0 244.65855540424897 286.81480830628357 1.0
-0.21945460933064526 -0.9756227111150774 121.87391080422812 168.3072890444481 87.06039688477495 1.0 193.30762097322196 81.43687253047321 1.0 143.3069571156743 92.68392123907667 1.0
-0.999798998418305 0.02004900899680498 241.63929352752203 247.7162312770894 300.6206639056184 1.0 247.61575515479188 295.6101456074808 1.0 247.81670739938693 305.63118220375605 1.0
-0.04028043104839237 -0.9991884141014424 39.92194689877989 494.4262981776342 20.022492459057403 1.0 498.2959879409718 19.866493080470768 1.0 490.5566084142966 20.17849183764404 1.0
0.9991644775466673 -0.040869876546125145 -135.9721577761837 151.4766768854701 376.26629302970844 1.0 152.1678677432677 393.16415058836657 1.0 150.7854860276725 359.3684354710503 1.0
-0.11378414012765722 -0.9935054954329189 309.7094004689909 333.24729647769186 273.5678309167051 1.0 338.2532155552876 272.994513305065 1.0 328.24137740009616 274.1411485283451 1.0
0.08175781111052381 0.9966522263670592 -128.1059756684358 286.8243356815799 105.00738677057417 1.0 278.030968523176 105.72872810925041 1.0 295.6177028399838 104.28604543189793 1.0
0.08060639409945979 -0.9967460103909535 37.897418220600656 493.6133768359713 77.93942669119434 1.0 513.013135080553 79.50827626991867 1.0 474.21361859138966 76.37057711247003 1.0
0.9937331161689329 0.11177877181818698 -469.38060334926945 447.7241556065969 218.84551615946327 1.0 446.6671787339315 228.24222811386522 1.0 448.7811324792624 209.44880420506132 1.0
-0.1331633100953647 -0.9910941089747459 157.68607281486538 438.0737391651252 100.24348116099588 1.0 454.36553000426517 98.05451769539172 1.0 421.7819483259852 102.43244462660003 1.0
0.10935452313174693 -0.9940028109973474 -31.10887339900978 543.842534049898 28.533890706324485 1.0 551.8703719545967 29.417067671353863 1.0 535.814696145199 27.65071374129511 1.0
0.17631797508425434 0.9843332624991336 -126.2373607598111 211.1036169945495 90.43278518534113 1.0 180.4544373443529 95.92279705408153 1.0 241.7527966447461 84.94277331660074 1.0
-0.04782744751853917 -0.9988556128209228 251.11702570151854 459.3168999959049 229.4116064737667 1.0 470.60088191062437 228.87130410583765 1.0 448.03291808118547 229.9519088416958 1.0
0.18829133709095405 0.9821132176976851 -397.67822780338753 449.4936312280551 318.74377141510973 1.0 383.743199948762 331.3494836657882 1.0 515.2440625073482 306.13805916443124 1.0
0.2558512281441566 -0.9667161677851089 176.84658809816457 349.8599030804992 275.5293465195406 1.0 360.5623156604644 278.36184844093003 1.0 339.157490500534 272.69684459815113 1.0
0.10068301081297377 -0.9949185551258126 364.81325353944965 434.37409338343815 410.6339589061005 1.0 438.21129362049396 411.0222729755975 1.0 430.53689314638234 410.2456448366034 1.0
0.049482062475321616 0.9987750124493445 -230.54700205293602 460.68105062441157 208.00635872463687 1.0 449.3968191531572 208.56541060287446 1.0 471.96528209566594 207.44730684639924 1.0
0.01926792577146718 0.9998143562864383 -296.5596837514693 286.87184519078573 291.08629667349055 1.0 266.8672300320551 291.47181568263625 1.0 306.87646034951644 290.70077766434486 1.0
-0.1581993405270234 -0.9874071949590072 377.57737109861654 130.14676740499783 361.54105433497716 1.0 149.427386590409 358.4519728945575 1.0 110.86614821958665 364.63013577539687 1.0
0.35345475787169023 -0.935451620415436 189.45386913692644 236.95788984378174 292.05974606801624 1.0 242.70675666329376 294.2319207538913 1.0 231.2090230242697 289.8875713821412 1.0
-0.06741116701246203 -0.9977252801057102 130.86014187724743 409.9382505142951 103.46107096343655 1.0 421.759287362219 102.66238428574563 1.0 398.11721366637113 104.25975764112746 1.0
0.14699574052411396 0.9891371251084288 -353.58338549085 176.0054879908907 331.31031090496924 1.0 104.75017623484447 341.89956799782016 1.0 247.26079974693695 320.72105381211827 1.0
-0.06002523444044257 -0.9981968599581799 117.79044196107934 257.4262301796944 102.52323589528365 1.0 294.2807128698206 100.30704082154965 1.0 220.5717474895682 104.73943096901763 1.0
0.001590239844977493 0.9999987355678183 -128.00792961906305 293.12506671339145 127.54195172656208 1.0 270.6221419168645 127.57773681944987 1.0 315.62799150991844 127.50616663367428 1.0
0.1530937866222196 0.9882116638138159 -355.80426961176386 401.91889721346274 297.78335401004813 1.0 249.11636530163213 321.4555277684142 1.0 554.7214291252934 274.111180251682 1.0
0.1702058284838729 0.9854085325133523 -391.60114440603536 275.2977233869992 349.8486728523998 1.0 167.16031456855183 368.5268318603174 1.0 383.4351322054467 331.17051384448223 1.0
-0.01955220159653539 0.999808837434801 -119.55583582775144 182.4995571522152 123.14764518022085 1.0 90.63524433623637 121.3511521943081 1.0 274.363869968194 124.94413816613361 1.0
-0.09470380182291396 -0.9955054946710672 327.01185880942677 291.146882269652 300.7910491428702 1.0 305.62865101245853 299.41337863838226 1.0 276.6651135268455 302.16871964735816 1.0
-0.9963258061526872 -0.08564396064053825 489.16715428467546 472.38313535582597 216.2399543393094 1.0 472.98352712669026 209.25538927903082 1.0 471.78274358496174 223.22451939958796 1.0
-0.10147312151603913 -0.9948382811340701 305.0525022619256 375.5186662157052 268.33250798227294 1.0 384.1785692647909 267.4492012066076 1.0 366.8587631666195 269.2158147579383 1.0
-0.27663798031174597 -0.9609742076918808 363.6981449041045 253.11847519221425 305.6023343776398 1.0 261.0414182658854 303.321537502467 1.0 245.1955321185431 307.88313125281263 1.0
-0.12084126513264358 -0.9926718433808538 332.09093732116963 386.71868917673527 287.465957227854 1.0 411.8784301739575 284.4031777677666 1.0 361.55894817951304 290.5287366879414 1.0
-0.15527975116696027 -0.9878705375085982 367.77608971420733 129.90145288460724 351.8730554620204 1.0 148.06878989941714 349.01739830461537 1.0 111.73411586979736 354.72871261942544 1.0
0.10791907636848322 0.9941596818196631 -288.21416634250977 273.2198178232436 260.248469827196 1.0 264.43761394159964 261.201804938968 1.0 282.0020217048876 259.29513471542407 1.0
0.9999750327489515 -0.007066390785508081 -359.2656565719439 361.2842112262863 284.3791748485812 1.0 361.31954229807207 289.37892517918755 1.0 361.2488801545005 279.3794245179749 1.0
-0.9999949570669661 0.0031758212538803106 250.00720689994208 251.45546276320783 455.6263323819925 1.0 251.38399453804243 433.12258955685877 1.0 251.5269309883732 478.1300752071262 1.0
-0.04674501463543156 0.9989068543196273 -385.7910921999627 434.985075999693 406.5689149969643 1.0 430.59045209921067 406.3632634312984 1.0 439.37969990017524 406.77456656263024 1.0
-0.06132977787326943 0.998117557377895 -37.02889986290066 345.0277047009091 58.299117095182524 1.0 308.25314521934644 56.03948790849979 1.0 381.8022641824718 60.55874628186526 1.0
0.07274871531982811 0.9973503017592739 -149.7639283536303 326.78930409099496 126.32514982800791 1.0 322.92310808721595 126.6071578566348 1.0 330.6555000947739 126.043141799381 1.0
0.9999337524870016 -0.011510457734771435 -224.96319261874598 229.6906264906257 409.38575577933176 1.0 229.9353731268282 430.64732747228436 1.0 229.4458798544232 388.12418408637916 1.0
0.998283098840304 0.058573497162112236 -236.95642357469148 212.53728995113713 423.127187959357 1.0 212.0192189415708 431.956804729853 1.0 213.05536096070344 414.29757118886107 1.0
-0.024868682566968198 0.9996907264886392 -118.40918298528645 372.49472287515414 127.71213398646081 1.0 331.84823310340005 126.70099661686078 1.0 413.1412126469082 128.72327135606085 1.0
0.03068874879993643 0.9995289894230653 -291.6652595269778 324.3356862245239 281.8445548919841 1.0 308.13933333078944 282.3418349215687 1.0 340.53203911825835 281.34727486239956 1.0
0.043172253936993164 -0.9990676436007723 73.61287021145134 217.47497067658094 83.07921430754325 1.0 243.0791671878933 84.18563676123725 1.0 191.8707741652686 81.97279185384924 1.0
0.6520186199360818 -0.75820295386964 186.7262976535413 179.83215883431288 400.92195912109435 1.0 186.9244854740639 407.0210240273773 1.0 172.73983219456184 394.8228942148114 1.0
0.07587020075776639 0.9971177024990462 -276.9626472883944 313.80788542425626 253.88575429702445 1.0 305.63509085874614 254.50761825840348 1.0 321.9806799897663 253.26389033564539 1.0
-0.16931885274662414 -0.9855613253900373 373.32333990689557 542.9971826569108 285.50600824704804 1.0 551.8092189720629 283.9921056203874 1.0 534.1851463417587 287.01991087370874 1.0
-0.49567758038079274 0.8685066127024266 13.641266709312147 430.86760751425453 230.19991272802878 1.0 425.4817166214813 227.1260554575379 1.0 436.25349840702773 233.27376999851967 1.0
0.012582599595428045 -0.9999208359602381 119.96548213064933 324.37900367118266 124.05683409115434 1.0 338.1268267462597 124.22983113936202 1.0 310.63118059610565 123.88383704294665 1.0
-0.9937985237883941 0.11119574684316305 252.63232743672947 283.4360681324867 261.2151947024643 1.0 282.66088260252474 254.28706788818153 1.0 284.21125366244866 268.1433215167471 1.0
0.2522461020997719 0.967663114919377 -459.5347898068182 418.19123023448947 365.87907153757567 1.0 409.0826413913886 368.2534578254038 1.0 427.29981907759037 363.50468524974747 1.0
-0.9395805717188321 -0.3423278388453274 615.6681630850296 553.5766794112251 279.0841389817042 1.0 555.0758174838622 274.96948382504223 1.0 552.0775413385879 283.1987941383662 1.0
0.052567727608958704 0.9986173611619369 -344.3520957279398 482.437259141494 319.4331259470756 1.0 468.03636372075835 320.1911964325732 1.0 496.8381545622296 318.67505546157804 1.0
0.1933109267472915 0.9811375467283389 -400.4731133996743 577.0195420944918 294.4836143816335 1.0 515.5690523659124 306.5910412741401 1.0 638.4700318230713 282.37618748912695 1.0
-0.9995636447040452 0.029538452667075936 157.75271021752474 170.26930067859104 421.22357220982906 1.0 169.51161746605882 395.5840235853359 1.0 171.02698389112328 446.8631208343223 1.0
0.22108649292381555 0.9752542041163667 -449.0757118539466 438.6976979766237 361.01928591382085 1.0 427.6487219223274 363.5240476015255 1.0 449.74667403092 358.5145242261162 1.0
-0.9914854341759216 0.13021764019127513 287.21269021309297 323.16907900709055 254.99421084356112 1.0 322.26025957185277 248.07440158414985 1.0 324.0778984423284 261.91402010297236 1.0
-0.7356419996430814 -0.6773705399270982 552.2678524519042 346.5115101982996 438.99079552867374 1.0 354.33755557913815 430.4915069799317 1.0 338.6854648174611 447.4900840774157 1.0
0.04739361200109613 0.9988762914102475 -254.93194959627286 118.78950166009311 249.5825440934411 1.0 114.39474086372897 249.7910619948185 1.0 123.18426245645725 249.3740261920637 1.0
0.02396173562311972 -0.999712876392981 116.12690419473337 253.75617332782036 122.242441223404 1.0 311.8927153546583 123.6358937666139 1.0 195.61963130098238 120.84898868019411 1.0
0.016737446658182813 -0.9998599191283568 126.92685323594687 243.12894115703898 131.01456355388382 1.0 323.1379081037545 132.3538969853253 1.0 163.11997421032345 129.67523012244237 1.0
0.22669312801020375 0.9739662343803039 -452.2875105567288 385.9963809590283 374.5353490499666 1.0 362.0460387613452 380.10985235208784 1.0 409.94672315671136 368.96084574784544 1.0
0.36733278583912504 -0.9300895787222151 310.81788082437316 299.61696459417635 452.5123436944946 1.0 307.38616076265373 455.5807368230556 1.0 291.847768425699 449.44395056593356 1.0
-0.9985396245537117 0.054024237117543304 90.91704088781105 111.97906812072291 386.83555504652963 1.0 110.82725720583193 365.5464281679822 1.0 113.1308790356139 408.12468192507714 1.0
0.22146893897708939 0.975167426172738 -448.98400223512726 329.3725044307872 385.61401156154307 1.0 314.02838531876426 389.0987934441937 1.0 344.7166235428101 382.12922967889244 1.0
0.02023205447740435 -0.9997953110370259 116.99082928829844 145.00103102826637 119.94905029405653 1.0 199.3917007189718 121.04971057931377 1.0 90.61036133756093 118.8483900087993 1.0
-0.016802603388625104 0.9998588262946747 -124.55556020152422 215.62379509475085 128.19669931470423 1.0 161.86796990770645 127.2933339728255 1.0 269.37962028179527 129.100064656583 1.0
0.230097291914338 0.9731676300893325 -454.17117665870313 544.7625638571359 337.889152713269 1.0 450.7979106197881 360.10630377448837 1.0 638.7272170944836 315.67200165204963 1.0
0.021011162255690954 -0.9997792411631005 117.23747764822987 375.60856396893115 125.15707966174402 1.0 413.118267038526 125.9453761425163 1.0 338.0988608993363 124.36878318097175 1.0
0.9981431307312505 -0.06091215456719619 -521.426120065485 528.3073049754832 96.86387475302577 1.0 528.9199333252936 106.9027706581097 1.0 527.6946766256729 86.82497884794184 1.0
-0.2846144893726617 0.958642056473186 -246.94225385685763 588.5461843545311 432.33136162824326 1.0 577.3548595039836 429.00873126142994 1.0 599.7375092050785 435.6539919950565 1.0
0.3346865462168703 0.9423295154994471 -583.5397468845586 560.7040976030651 420.1074279184818 1.0 482.6571882567714 447.8272967142369 1.0 638.7510069493586 392.38755912272666 1.0
0.07830225569059038 0.9969296648980637 -259.0899549784345 275.0615486463545 238.28362584633058 1.0 125.675418738135 250.01692193788304 1.0 424.447678554574 226.55032975477812 1.0
0.20678779597691038 0.9783858172699621 -447.09615049332484 287.5840580436194 396.19061328383157 1.0 257.4759558740368 402.55414388576554 1.0 317.69216021320193 389.82708268189754 1.0
0.9997850962437287 0.020730685683738113 -375.5206419889119 365.9466901645893 465.61871082757057 1.0 365.68734368148984 478.1262927050725 1.0 366.20603664768885 453.1111289500686 1.0
-0.2807824362628525 -0.959771443358416 525.3662638988167 326.26804675773775 451.93668748641284 1.0 338.2174124020939 448.4408843755414 1.0 314.3186811133816 455.4324905972843 1.0
-0.22728775210315305 0.9738276427293978 -344.83508041133166 481.34965876709333 466.44800619440423 1.0 471.9056209236146 464.24380286515265 1.0 490.79369661057206 468.65220952365587 1.0
-0.3826977449336372 -0.9238736039213962 463.73509531912634 222.95564988476528 409.59117056905177 1.0 227.88629521142462 407.54874091247217 1.0 218.02500455810593 411.6336002256313 1.0
0.22946528221065443 0.9733168467975803 -451.2392506544668 353.2050652765579 380.3396107758285 1.0 345.40202756669925 382.17922369949696 1.0 361.0081029864165 378.49999785216 1.0
-0.9999427882397115 0.01069674003570575 48.2110504874187 51.469861775848756 304.37933390621265 1.0 51.148834908848144 274.36939635356396 1.0 51.79088864284936 334.3892714588614 1.0
0.11611226837240934 0.9932360953637426 -307.10777191315844 251.3021611540714 279.8211917911498 1.0 221.89072077304473 283.2594770837219 1.0 280.71360153509806 276.3829064985777 1.0
-0.029753297295306538 0.9995572726462737 -101.16354702606866 154.38827734710958 105.80394964352692 1.0 86.85509441967842 103.79372479306029 1.0 221.92146027454072 107.81417449399353 1.0
0.9999996864087286 -0.000791948511322416 -306.2181089104713 306.59141136067336 471.2507195556459 1.0 306.59685639697034 478.126210211431 1.0 306.5859663243764 464.3752288998609 1.0
0.12318456399407574 0.9923837781793844 -308.84872079055623 331.8778607775335 270.02304663121095 1.0 281.796138872024 276.23968903574604 1.0 381.959582683043 263.8064042266758 1.0
0.9989570661196089 -0.04565939169221762 -249.32419922784578 262.8699525389002 290.6652243831061 1.0 263.15632910121667 296.93070186527393 1.0 262.58357597658375 284.39974690093817 1.0
-0.22842704413601478 -0.9735610332728417 422.6993910061817 630.0247860306205 286.3556386019128 1.0 635.7732565161924 285.00687249845856 1.0 624.2763155450485 287.7044047053671 1.0
0.9999383465159991 -0.011104195911888803 -233.62832700872582 238.7232951235013 457.50723710481805 1.0 238.95245917301253 478.1435733661262 1.0 238.49413107399005 436.87090084350996 1.0
-0.051865069691508316 -0.9986541015516309 122.39302339052013 333.0735744224446 105.25980825330399 1.0 354.3635283526224 104.15411515836547 1.0 311.7836204922668 106.36550134824252 1.0
0.296359668672898 0.9550764088721332 -570.8069460425669 458.48278330120763 455.3888424537788 1.0 433.1624606592421 463.24572422696104 1.0 483.80310594317314 447.5319606805966 1.0
-0.9994256543394965 -0.03388748217364678 534.8587560288388 531.9448851592178 95.00236959305268 1.0 532.2214982657712 86.8443650060116 1.0 531.6682720526646 103.16037418009375 1.0
0.9987468066753267 -0.050048138385333896 -86.10817535838758 105.51548449575135 385.13076526723535 1.0 106.48708299729884 404.51971622720646 1.0 104.54388599420386 365.7418143072642 1.0
0.1639411855087563 0.9864701149522896 -122.0919802938965 568.1209563332818 29.350668369360818 1.0 551.903395207969 32.04586020198222 1.0 584.3385174585947 26.655476536739418 1.0
-0.19618127420255665 0.9805676456279093 -211.04915833556743 619.5386278302392 339.1821433676116 1.0 610.7646979942299 337.4267512305501 1.0 628.3125576662486 340.9375355046731 1.0
-0.21696560640593754 0.9761792487227454 -172.74619185773915 372.5522289206218 259.7650098126668 1.0 358.19205210627877 256.57331681704426 1.0 386.91240573496486 262.95670280828926 1.0
0.12030854753031452 -0.9927365478268372 34.81947384250996 150.67536604630436 53.3344001447752 1.0 161.98647194473472 54.705179456346485 1.0 139.36426014787403 51.96362083320391 1.0
-0.13800345191930968 -0.9904317479051017 340.48083697870436 31.86867978739132 339.32964070547445 1.0 49.5479543647927 336.86626963091913 1.0 14.189405209989937 341.79301178002976 1.0
-0.7734275143349894 0.6338847529871656 -149.6168139237169 176.22225221158365 451.04721493123577 1.0 171.70659949884202 445.5374909052873 1.0 180.73790492432528 456.5569389571843 1.0
0.020227172232068845 0.999795409823177 -472.2941519546649 324.99121556461614 465.81580000041924 1.0 315.58213304936214 466.00615807839387 1.0 334.4002980798701 465.6254419224446 1.0
0.08600423458813757 0.9962947714571769 -273.26215228429004 28.743282170531067 271.79717896703005 1.0 10.645240910630424 273.3594758200244 1.0 46.84132343043171 270.23488211403566 1.0
-0.5621134273574845 0.8270601518537947 -187.23275110045742 241.53163412379928 390.5410326553124 1.0 224.02377385544904 378.6417731890214 1.0 259.03949439214955 402.4402921216033 1.0
0.3364437202399154 0.9417035749699187 -482.4597365356255 356.6614418384602 384.9016227733241 1.0 350.683065664316 387.0375253805612 1.0 362.63981801260434 382.765720166087 1.0
0.08769735635630584 0.9961471646740331 -274.9849089596681 449.9613025739577 236.4354390732644 1.0 430.51691365154113 238.14725592616662 1.0 469.40569149637423 234.7236222203622 1.0
0.9998497846352766 -0.017332286773260278 -357.9923748407615 365.7276514877421 443.1232205476757 1.0 365.87966172592604 451.8922540802306 1.0 365.57564124955815 434.3541870151208 1.0
0.6995669338050098 0.7145670753166963 -363.18172026491084 102.3904631640556 408.013114470942 1.0 97.64372570567822 412.66020875227696 1.0 107.137200622433 403.36602018960707 1.0
0.11395281856716488 0.9934861625310132 -295.9267319470098 230.64360183796828 271.41217824931005 1.0 199.44560777598744 274.99058677786707 1.0 261.84159589994914 267.83376972075297 1.0
-0.6110155263615769 0.7916186117980584 -188.6691036858716 158.54433367465668 360.7067202843623 1.0 148.52645285396147 352.9743594840251 1.0 168.56221449535192 368.43908108469947 1.0
0.8402883827222664 0.5421396811357735 -740.9200924968334 606.9604179816844 425.901870917924 1.0 601.0363279549186 435.08390315224295 1.0 612.8845080084501 416.719838683605 1.0
0.06688244690981754 0.9977608622788106 -486.6875756118774 348.0879018330736 464.4465648203435 1.0 335.5186938145691 465.2891107847904 1.0 360.6571098515782 463.6040188558966 1.0
-0.4881279390368839 0.8727720865905395 -200.791829956498 399.45640296458504 453.47195075495904 1.0 367.45453069700613 435.5737981956604 1.0 431.45827523216394 471.37010331425773 1.0
-0.08946627087148232 -0.9959898525468774 450.94917753174786 221.84912132626016 432.8369037577943 1.0 229.4004740964993 432.15859225626565 1.0 214.29776855602103 433.5152152593229 1.0
0.004361399096186542 0.9999904890537328 -154.10601800267733 220.00827771188492 153.1479306808508 1.0 14.384463221427382 154.04474672909316 1.0 425.63209220234245 152.25111463260845 1.0
-0.08306647965654836 -0.9965440080385152 318.3497147285143 328.2473505911317 292.09283334235886 1.0 338.38529869713284 291.24778921654666 1.0 318.10940248513054 292.93787746817105 1.0
-0.48036993531940975 0.8770659754210204 -198.49096478087034 396.4231613245207 443.4338396934751 1.0 360.8558180488024 423.95356926041165 1.0 431.990504600239 462.9141101265385 1.0
0.08908992900996317 0.996023586341709 -259.43778038818635 68.06998825683144 254.38496983519286 1.0 21.798856662567683 258.5237190430147 1.0 114.3411198510952 250.246220627371 1.0
-0.31553314883470385 -0.9489145546288437 591.0526137956685 487.9173178970251 460.63001560725615 1.0 498.6072829771204 457.075387504861 1.0 477.2273528169298 464.18464370965137 1.0
0.8141565857757371 0.5806453770056167 -671.767640933585 495.0875694431803 462.7417118540452 1.0 491.45957920284104 467.8287275511903 1.0 498.7155596835196 457.65469615690006 1.0
-0.05391624200993008 0.9985454615827597 -88.59542297961774 41.855591060942075 90.98445954851331 1.0 16.860967816298146 89.63488037795739 1.0 66.85021430558601 92.33403871906924 1.0
0.004696290223465079 0.9999889723682641 -103.82267987545792 319.3741731360037 102.32393445919897 1.0 299.3716790898194 102.41787301235274 1.0 339.376667182188 102.22999590604518 1.0
-0.0811007754552264 0.9967059065845657 -32.56013474796931 161.23678642889806 45.78739110280333 1.0 123.05942127327111 42.68094425774695 1.0 199.414151584525 48.893837947859716 1.0
0.9998121084212177 -0.019384216628978986 -154.52079369390313 162.69360022310735 420.0447161546972 1.0 163.19046228702533 445.6722004749915 1.0 162.19673815918938 394.4172318344029 1.0
0.01722745231978938 -0.9998515964314751 94.07866286996476 31.870403827709204 94.64175390633022 1.0 56.86298419987344 95.07237629893993 1.0 6.8778234555449735 94.2111315137205 1.0
-0.7557061449146134 0.6549108508326102 -145.82998285918708 98.29890707575103 336.0992884678623 1.0 92.21565462376164 329.07978153315395 1.0 104.38215952774041 343.1187954025707 1.0
-0.010416505850605271 -0.9999457467312236 238.65583332437083 423.735725453677 234.25469674409666 1.0 433.109708232482 234.15704729983622 1.0 414.361742674872 234.3523461883571 1.0
-0.3454754020211394 -0.9384278057465752 601.354096933056 594.2688630081973 422.0344070704225 1.0 611.1560501286573 415.8175114033064 1.0 577.3816758877372 428.2513027375386 1.0
0.11017624269303469 0.9939120663046834 -295.20122947472765 294.30684502708607 264.3851664542002 1.0 285.5946186304127 265.35092630602026 1.0 303.0190714237594 263.4194066023802 1.0
0.04099063506514783 -0.9991595307241761 339.7593774403935 11.306040038539237 340.5090065598 1.0 16.921588732622112 340.7393850930888 1.0 5.690491344456364 340.2786280265113 1.0
0.6817624973157328 0.7315735761041505 -433.5042843621019 156.62332790190507 446.6049401807318 1.0 150.78453140299388 452.0461871208062 1.0 162.46212440081626 441.16369324065727 1.0
-0.7134612921531004 0.7006946443346261 -204.21806357583318 118.19284413849303 411.79718613681115 1.0 113.85769386558253 407.3830494791439 1.0 122.52799441140354 416.2113227944784 1.0
-0.30717175433265415 0.9516540933239345 -200.97113024854954 213.13299744393268 279.97522298145145 1.0 204.66049684464812 277.2404973170279 1.0 221.60549804321724 282.70994864587504 1.0
0.999808414573928 -0.019573812790783615 -180.9835667340969 184.9584873215412 201.2630486943305 1.0 185.77846261619135 243.14646753033472 1.0 184.1385120268911 159.3796298583263 1.0
0.6734565559742263 0.7392268036369716 -502.0452009608495 256.96944649841237 445.04263226498006 1.0 252.71181106461583 448.92145873844026 1.0 261.22708193220893 441.16380579151985 1.0
-0.9997751759079048 0.0212037175589038 182.98318153434653 187.29234984388643 201.2411486417884 1.0 186.40408179664618 159.3584768548275 1.0 188.18061789112667 243.1238204287493 1.0
0.11405508542479294 0.9934744271941494 -296.33127979710986 341.90661486423414 259.0253806112096 1.0 325.5139077217265 260.9073330422981 1.0 358.29932200674176 257.143428180121 1.0
-0.38205232330755073 -0.9241406939721368 611.5979059928138 531.2637527659635 442.17006958445836 1.0 556.1453543142972 431.88367732713374 1.0 506.3821512176299 452.45646184178304 1.0
0.06821510392527841 -0.9976706368318471 413.5844503628361 355.6596593686137 438.86809416291584 1.0 361.96564649881 439.29926207701203 1.0 349.3536722384174 438.43692624881965 1.0
0.600683683788458 -0.7994867803974796 217.68224432039128 188.3869568135476 413.8194947418207 1.0 193.48308514493488 417.64840250391586 1.0 183.29082848216038 409.99058697972544 1.0
-0.12812023255902344 -0.9917586430220923 437.2777793805459 199.9300523570807 415.0835462573815 1.0 206.85103108337574 414.1894603724862 1.0 193.00907363078568 415.97763214227683 1.0
-0.0038716634974173504 -0.9999925050827946 157.7008205805949 373.74759942194805 156.25496676070435 1.0 425.62182182720204 156.05412572207405 1.0 321.8733770166941 156.45580779933462 1.0
0.2574433502651006 0.9662933930252657 -467.7880381631008 435.29409690306306 368.1329812181108 1.0 415.06485217223087 373.52252912812315 1.0 455.5233416338953 362.7434333080984 1.0
-0.9994362808353756 0.03357261607250977 -6.5356551820637 3.6432182406595057 303.1285869650508 1.0 2.845613639861987 279.38438502152127 1.0 4.440822841457024 326.8727889085803 1.0
-0.3708192920291646 -0.9287050407201359 93.39057837577394 124.25403711264292 50.94705232267222 1.0 131.79892796290957 47.93448001945338 1.0 116.70914626237627 53.95962462589105 1.0
-0.23760288625349796 -0.9713623775110952 487.6703084030783 172.17755242511748 459.93177761684933 1.0 180.2766016771526 457.95068639616244 1.0 164.07850317308237 461.9128688375362 1.0
0.9999997124257586 0.0007583853901257516 -318.2580236031543 318.1092819594178 196.2499880796642 1.0 318.0813165061991 233.12496687106696 1.0 318.13724741263655 159.37500928826148 1.0
0.6701878159012049 -0.7421915463123873 234.07934820054686 157.7229953793562 457.8108975768623 1.0 163.34195602560607 462.88473462318194 1.0 152.10403473310635 452.73706053054275 1.0
-0.1432730776142258 -0.9896831943763358 430.26319825940465 113.5949063260081 418.3036640221609 1.0 121.73036672741128 417.1259210270884 1.0 105.45944592460494 419.4814070172334 1.0
-0.9998686299001793 0.016208730411046274 232.2928171760122 239.0202138123159 413.11048781418856 1.0 238.69575338726867 393.0954840216837 1.0 239.34467423736308 433.12549160669346 1.0
-0.003033027900079767 -0.9999954003603004 157.5068643495019 252.49770020431384 156.74175273566468 1.0 316.8777949032193 156.54648521407287 1.0 188.11760550540842 156.93702025725648 1.0
-0.05476985151257987 -0.998499005189935 270.5113352941263 273.10785427168526 255.93741940697834 1.0 278.1270353649178 255.66210636033307 1.0 268.0886731784527 256.2127324536236 1.0
0.9758655350180943 -0.2183722911997964 -273.80511402370024 370.21494924546903 400.5769001772884 1.0 373.0277443351663 413.1467631851928 1.0 367.4021541557718 388.0070371693839 1.0
-0.9996024779117736 -0.028193725412615413 489.34738176727217 482.2965068832398 256.8868885752969 1.0 482.7554664049208 240.6145773280473 1.0 481.83754736155873 273.15919982254644 1.0
-0.139632800378599 -0.9902033533867829 339.59742512479653 446.86691225977364 279.94264594370594 1.0 480.7366176233701 275.16653425741305 1.0 412.9972068961772 284.71875762999883 1.0
-0.014529128224781973 -0.9998944466457586 54.51752476178579 173.12692721647664 52.00763101699509 1.0 186.892184145714 51.80761272142112 1.0 159.36167028723932 52.20764931256905 1.0
0.6829393415079298 -0.7304750891171548 157.08417406277016 258.39796575737705 456.6265374596585 1.0 264.2055759383352 462.0562167626336 1.0 252.59035557641894 451.19685815668345 1.0
0.22544771424521762 0.9742552684700281 -556.329375342895 443.0235443458897 468.51245734612297 1.0 432.52674594057027 470.9414708541417 1.0 453.5203427512091 466.08344383810424 1.0
-0.3669977841202024 -0.9302218157250781 611.171828042281 628.2803052833838 409.14364914163536 1.0 638.4270099327547 405.1404984312441 1.0 618.133600634013 413.14679985202656 1.0
-0.9997144544446347 -0.02389580662932885 391.28961299611035 380.37607208298726 461.2589891125749 1.0 380.77955555695553 444.378694284589 1.0 379.972588609019 478.13928394056074 1.0
0.050687862854901566 0.9987145440811417 -310.570517758747 258.08043234760316 297.8718733610515 1.0 250.56806260225815 298.2531494420138 1.0 265.59280209294815 297.4905972800891 1.0
0.004109251539114109 -0.9999915569902519 126.95298361552238 526.2459254346588 129.11655062686282 1.0 555.6152928888743 129.23723776423955 1.0 496.87655798044335 128.9958634894861 1.0
0.12121777486563946 0.9926259371266817 -327.3435595562191 139.33049315103173 312.7605431147401 1.0 54.2258178532791 323.15337991700846 1.0 224.43516844878437 302.3677063124717 1.0
0.012919599278849437 -0.9999165384943255 132.8251650706976 241.87872775946653 135.9614888580017 1.0 316.8904312829076 136.93069089981012 1.0 166.8670242360254 134.99228681619326 1.0
-0.9985615303101123 0.053617815926489766 7.030339894261586 18.28241560323282 209.36654756058397 1.0 15.732045732407531 161.86925217354988 1.0 20.832785474058113 256.8638429476181 1.0
-0.2981085317053693 -0.9545319812999818 521.7477331578602 279.15394183375486 459.41840611856435 1.0 287.268268991794 456.8842320916599 1.0 271.03961467571565 461.9525801454688 1.0
-0.9994145480088689 -0.03421346559803937 378.81471430148616 363.07603893116254 466.22692794857846 1.0 363.4828175756009 454.34445746612835 1.0 362.6692602867242 478.1093984310286 1.0
-0.16996584422018457 -0.9854499539796628 107.59976434917037 316.90185395993944 54.53069736206669 1.0 326.82233611963073 52.819658543165886 1.0 306.98137180024816 56.241736180967486 1.0
-0.9996156347924215 0.02772332372830136 149.33068440390605 159.90927311333004 379.3601824781799 1.0 159.52726320208257 365.5861096552009 1.0 160.29128302457752 393.134255301159 1.0
0.5328581110837136 0.8462046049581015 -664.3740142863335 553.0990150687514 436.83373466496107 1.0 546.9327249069684 440.7166699606919 1.0 559.2653052305344 432.9507993692302 1.0
0.22357532959805448 0.9746866532353469 -473.7176341677973 199.8952016725616 440.1681270023431 1.0 174.18911676673716 446.0646337272665 1.0 225.60128657838607 434.27162027741974 1.0
0.26484531468517375 0.9642909100936871 -465.9739410365062 334.41140838194485 391.3825614228909 1.0 317.86467568987706 395.9271698817805 1.0 350.95814107401264 386.83795296400126 1.0
0.13195166996969535 0.9912561509479821 -329.1205206298428 237.471712020654 300.41249315161343 1.0 233.00938882908144 301.00649803774644 1.0 241.93403521222655 299.8184882654804 1.0
-0.3824225971477402 -0.9239875308632564 316.79359216525614 3.0142062213108898 341.60730643071435 1.0 5.59028075339391 340.5411133489907 1.0 0.43813168922786944 342.673499512438 1.0
-0.12628068026849945 -0.9919945512909458 335.30364274422004 139.40846646626323 320.26289494254786 1.0 224.54056584126286 309.4255980967435 1.0 54.27636709126359 331.10019178835216 1.0
0.14129048259156735 0.9899681810689887 -331.8058201652609 353.00532085499293 284.78645416647066 1.0 346.7052482553695 285.68561467989394 1.0 359.30539345461636 283.8872936530474 1.0
-0.0070933062142181655 -0.9999748421870179 158.36594706344076 98.75120192832397 157.66944116745495 1.0 181.88531910908083 157.0797305816145 1.0 15.617084747567098 158.25915175329538 1.0
0.3493053823035628 0.937008938001 -603.547937510605 524.8881701868987 448.4500174067752 1.0 508.91943977080047 454.40296327172894 1.0 540.856900602997 442.49707154182147 1.0
-0.26657992207577386 -0.9638128164462612 463.7761164127631 339.3291719751163 387.33430996081245 1.0 357.0307859586319 382.43824010594125 1.0 321.62755799160067 392.2303798156836 1.0
-0.03683531445563147 -0.9993213495212412 303.95944014849283 351.9420181105894 291.1931636211422 1.0 358.18353785814537 290.9630991451932 1.0 345.7004983630334 291.4232280970912 1.0
-0.17823164913122155 -0.9839885564618956 344.7054835853046 237.4641729084561 307.3022043320458 1.0 242.0290279485618 306.4753637793787 1.0 232.8993178683504 308.1290448847128 1.0
-0.0037510516744578754 -0.9999929647809206 242.71127630126563 460.62635090740093 240.9851384396391 1.0 473.1308638091489 240.9382330355909 1.0 448.12183800565305 241.03204384368726 1.0
0.13294767885202605 0.991123057287973 -328.9931211553104 382.5008942118011 280.6316663362747 1.0 368.05055478835527 282.57001200470046 1.0 396.9512336352469 278.6933206678489 1.0
-0.9997240045897606 -0.02349286374651625 452.7178609673375 446.7180670851897 260.63599927200517 1.0 447.1294236787632 243.13097879093792 1.0 446.30671049161623 278.1410197530724 1.0
0.4417419778148301 0.8971421431614067 -328.87058698443036 505.9171290366288 117.46829038932927 1.0 500.40666386881827 120.18157701894914 1.0 511.42759420443934 114.75500375970941 1.0
-0.1294569202100392 -0.9915850471894639 301.2467255167637 313.7938265935005 262.83569309940214 1.0 320.79429697032145 261.921742916739 1.0 306.79335621667957 263.7496432820653 1.0
-0.17988133867008013 -0.9836883164896593 348.34571920609244 311.80267916696874 297.10451062340553 1.0 315.76311525297024 296.3802888013862 1.0 307.84224308096725 297.8287324454248 1.0
0.9960298160910851 -0.08902025307512486 17.10659147082408 9.806869086895144 301.89226109247284 1.0 11.937470603546481 325.73113554503954 1.0 7.676267570243806 278.0533866399061 1.0
-0.9986214370577281 0.05249024146218091 206.21905892670654 227.33217185650824 396.25882150077007 1.0 226.83903221222337 386.87689056412694 1.0 227.82531150079313 405.64075243741325 1.0
0.6650698322875265 0.7467811715496324 -537.8317777023002 285.4151609043147 466.0143798017814 1.0 277.8179963218957 472.7802774531717 1.0 293.01232548673374 459.2484821503911 1.0
-0.8102226294603428 -0.586122248946726 488.42536262352377 313.26612422602153 400.27495996588743 1.0 319.78324005976503 391.26606338023123 1.0 306.74900839227803 409.28385655154364 1.0
-0.9307276409728977 -0.36571308197687535 519.6901225985933 401.71292350215316 398.68631488640256 1.0 404.9800528226348 390.3715793325962 1.0 398.44579418167154 407.001050440209 1.0
-0.9999363161204262 -0.01128555286687786 322.53539297890677 320.34096035518456 196.2538481711804 1.0 320.75716821711563 159.37649168639794 1.0 319.9247524932535 233.13120465596288 1.0
0.028805716432311182 0.999585029250049 -139.99040659767914 508.72516625829127 125.38824617101116 1.0 496.8420236669049 125.73069071129105 1.0 520.6083088496777 125.04580163073126 1.0
-0.015201715642103148 -0.9998844472445486 247.61481269914253 426.248676820004 241.16296856683266 1.0 446.8784105186369 240.84932497899294 1.0 405.61894312137105 241.4766121546724 1.0
-0.11682480387440809 -0.9931525387369788 299.564276566259 273.75619421271284 269.4276583214971 1.0 280.8274260998491 268.59586738692855 1.0 266.6849623255766 270.25944925606564 1.0
-0.09728462599878682 0.9952566008544109 -298.6537536343526 553.1473507087246 354.146344236938 1.0 544.3591343624785 353.28731115973255 1.0 561.9355670549706 355.0053773141434 1.0
-0.8695616949506552 -0.4938243196467176 780.0395213279367 635.3113937754774 460.8867159436221 1.0 639.3304906799276 453.8095984802602 1.0 631.2922968710274 467.96383340698395 1.0
0.3455057344880308 0.9384166385118533 -593.5185414152235 467.40894072937266 460.3776769424708 1.0 453.8243002071215 465.3792626015224 1.0 480.9935812516238 455.37609128341927 1.0
0.03677143215646471 -0.9993237021992235 129.17967797430478 158.1448240831097 135.08624817652992 1.0 166.9289260783071 135.4094707818389 1.0 149.3607220879123 134.7630255712209 1.0
-0.07288540122639277 -0.9973403222010367 483.60337252437483 231.28586128369383 467.9907142395041 1.0 236.83554748059993 467.58514444939533 1.0 225.73617508678774 468.39628402961284 1.0
0.9693863742156814 -0.2455403377960022 -424.5673948052024 555.6006538569786 464.38116674665594 1.0 559.099564117019 478.19476642291164 1.0 552.1017435969383 450.56756707040023 1.0
0.06470240846751704 -0.9979046038266897 115.63696453587072 319.9755921180231 136.62644252155926 1.0 326.86216487615553 137.0729559877055 1.0 313.0890193598906 136.179929055413 1.0
0.9987967421054226 -0.04904149222437903 -5.3610863556680295 16.564840462780865 228.0481654368174 1.0 18.161280651710296 260.5618428831213 1.0 14.968400273851437 195.53448799051353 1.0
-0.9334569224108114 -0.35868952313015284 434.6821877021733 301.79782775094054 426.4605079195672 1.0 307.91393423412086 410.54389601213006 1.0 295.68172126776017 442.3771198270043 1.0
0.5520575956644083 0.8338059792716964 -690.8023574192484 625.0015690843143 414.6833945783121 1.0 616.6167408666217 420.23493560943024 1.0 633.3863973020068 409.13185354719405 1.0
0.9979965908332463 -0.0632677223014865 -2.514554884661723 13.735116794809915 176.91556522166826 1.0 14.766161082124794 193.17944585949184 1.0 12.704072507495034 160.6516845838447 1.0
-0.9770225960561038 0.21313574734378019 270.8782049837581 365.07929048378645 402.61904556357274 1.0 362.4928918777586 390.7628932663173 1.0 367.6656890898143 414.47519786082813 1.0
-0.9997798006591695 -0.020984522722981673 430.50659358523035 426.7447138237482 183.74726540461785 1.0 427.28287424882893 158.1073245009057 1.0 426.2065533986675 209.38720630832998 1.0
0.9999963689691624 -0.002694818823364089 -243.983413485066 245.16665424124324 438.749550895383 1.0 245.2727668859103 478.1259492078726 1.0 245.06054159657617 399.3731525828933 1.0
-0.13290750174526803 -0.9911284457525329 498.9725792132218 204.42871344150035 476.02555616945034 1.0 214.41672990834073 474.68619160808873 1.0 194.44069697466 477.36492073081195 1.0
-0.22997839749764337 -0.9731957340044274 455.9201239143163 435.01260988973706 365.6783610592644 1.0 450.6505051330231 361.98292964436405 1.0 419.374714646451 369.3737924741647 1.0
-0.3674989884433349 -0.9300239209252231 519.8330875755464 220.47436855150306 471.82547704648454 1.0 226.1941384528222 469.56530974802166 1.0 214.75459865018394 474.0856443449474 1.0
-0.03451226303851897 0.9994042744054881 -100.47145598857458 343.10756706061954 112.37982212982638 1.0 278.09875906212187 110.13488368106962 1.0 408.1163750591172 114.62476057858314 1.0
-0.6472106652576942 -0.7623111928711874 765.3654638348626 624.4516149163787 473.84024018211016 1.0 630.968522289642 468.30731347722156 1.0 617.9347075431156 479.3731668869987 1.0
-0.14365617659959226 -0.9896276587306898 291.63705532747946 312.58254771662916 249.31865987578772 1.0 316.9561142454941 248.68378489013244 1.0 308.20898118776415 249.95353486144296 1.0
-0.9992749964020913 -0.0380720575435658 520.6453568994298 513.926778522314 186.25673520512194 1.0 516.0457191187952 130.64102926377436 1.0 511.80783792583276 241.87244114646953 1.0
-0.9993569066411199 0.03585767907564553 418.12154635283395 426.2179458978221 218.1485755964407 1.0 425.94757903708347 210.61342562100543 1.0 426.4883127585607 225.683725571876 1.0
-0.9437889679716978 -0.3305486105475532 316.8750831615606 201.5294719023578 383.22288104348155 1.0 207.35013293712413 366.6036138748335 1.0 195.7088108675915 399.8421482121296 1.0
-0.9965044211586596 0.08354004196338886 73.25448955766578 103.11508323044919 353.12583135340583 1.0 102.27387934558216 343.09156071306785 1.0 103.95628711531621 363.16010199374375 1.0
0.9995982163961008 0.028344413518966414 -429.82599119295725 424.5755484149072 191.25568671203035 1.0 423.6360126979896 224.38949017714086 1.0 425.5150841318248 158.12188324691985 1.0
0.9994729599196565 0.032462322613156507 -453.09966096746376 444.89338716886164 260.0168369252485 1.0 444.30400041814164 278.16329327402497 1.0 445.48277391958163 241.8703805764721 1.0
0.22572331073357732 0.9741914529451965 -473.7372896698336 90.23295452456678 465.38040039936647 1.0 30.85957727129985 479.13740395603287 1.0 149.6063317778337 451.62339684270006 1.0
0.32968794803047186 0.944089962304153 -587.0935223903251 622.7263151033055 404.3980728780808 1.0 607.0488512502178 409.8728380958273 1.0 638.4037789563934 398.9233076603343 1.0
0.9988711476896974 -0.04750189799436235 -145.88958048528409 164.24475875591781 382.5061936980614 1.0 164.81102756379306 394.41370893230254 1.0 163.67848994804254 370.59867846382025 1.0
0.09709226939197522 -0.995275384616899 78.28831442693921 396.88694709215144 117.37753250788597 1.0 408.21208226672957 118.48233535166767 1.0 385.5618119175733 116.27272966410428 1.0
0.9993773075091377 0.03528451835843229 -409.01948861388814 392.83433323939164 465.636804137671 1.0 392.3927732791967 478.1432807640698 1.0 393.2758931995866 453.13032751127224 1.0
-0.42298312626195994 -0.906137558485277 525.879386297789 289.99283726967076 444.9846556078253 1.0 294.303737029807 442.9723365725207 1.0 285.68193750953446 446.99697464312993 1.0
0.04553491992141177 -0.9989627475875917 100.86693899366605 197.5011755548324 109.97421022179533 1.0 223.15833335478578 111.14371992438758 1.0 171.84401775487905 108.80470051920308 1.0
-0.9109044314312094 -0.41261739759610877 413.4115206723808 292.82039099756884 355.4870195823726 1.0 294.65548009940096 351.43583123047904 1.0 290.9853018957367 359.5382079342662 1.0
0.7628849496152571 0.6465342633229322 -681.7471455855007 501.192695049765 463.07643486078257 1.0 494.00312647804566 471.55984242127556 1.0 508.3822636214843 454.5930273002896 1.0
-0.2413461711263678 -0.97043908911515 478.6788357292117 116.53972216686307 464.2768670941768 1.0 152.72758598446524 455.27702107438773 1.0 80.35185834926092 473.27671311396585 1.0
0.0873479632823945 0.9961778622868597 -281.46108515990176 33.82236886079409 279.5753455986022 1.0 20.63435678483655 280.7317113824534 1.0 47.01038093675164 278.4189798147511 1.0
0.9993163580164571 0.03697048283055248 -517.6046408223548 511.32337707552716 179.35459228256943 1.0 509.5205896522798 228.08414148360455 1.0 513.1261644987745 130.6250430815343 1.0
-0.015217642649737545 0.9998842049718482 -129.30674927974553 220.62226866855255 132.67946374715774 1.0 160.62665334209498 131.76636618041013 1.0 280.6178839950101 133.59256131390532 1.0
0.007366170301260816 -0.9999728693995116 109.99634237352039 239.3804312866954 111.76269158610242 1.0 255.62494582260774 111.8823546931672 1.0 223.13591675078303 111.64302847903762 1.0
0.03056168692288133 -0.9995328825468563 79.9499308751704 464.3616810181509 94.1856029283928 1.0 476.8690979411972 94.56802932665406 1.0 451.8542640951046 93.80317653013154 1.0
0.15837891450506913 -0.9873784074204762 105.6200266454776 142.01536637419358 129.74991680196354 1.0 158.24870311602925 132.3538002094243 1.0 125.78202963235789 127.14603339450281 1.0
0.3455279146005415 0.9384084719522735 -594.3454583377285 530.0260707118665 438.1958046321341 1.0 509.43163255190694 445.7788065790118 1.0 550.620508871826 430.6128026852564 1.0
-0.11572022200716142 -0.9932818483283651 311.2882666657986 235.66151683833976 285.93844143704627 1.0 243.20476155998466 285.0596315047877 1.0 228.11827211669487 286.8172513693048 1.0
-0.9998607231702541 0.016689345746800435 542.4270416941552 550.2749304834132 465.641275539095 1.0 550.0661686331543 453.1343278290459 1.0 550.483692333672 478.148223249144 1.0
0.5047737727324262 -0.8632516657160143 244.8874102774065 267.264359435644 439.95912708912647 1.0 275.5768027241115 444.8197066002749 1.0 258.9519161471766 435.09854757797797 1.0
0.9996395824634324 0.026845952624826485 -397.6514726388538 391.1816947934428 246.2481656205182 1.0 390.89610891093747 256.8822808011076 1.0 391.4672806759481 235.6140504399288 1.0
-0.21686507690720516 -0.9762015869778291 479.5237210310332 68.35358313243339 476.02894951930557 1.0 79.73606554037652 473.500308964197 1.0 56.97110072449027 478.5575900744142 1.0
0.04599913007780827 -0.9989414797835181 99.10886733085111 368.7812903977672 116.19548114397459 1.0 385.6780222971445 116.97353970321846 1.0 351.88455849838994 115.41742258473072 1.0
0.23533432632343598 -0.9719144791872868 366.9888457627882 280.1963580678659 445.4390547705233 1.0 284.4720137698539 446.47433984525503 1.0 275.9207023658779 444.4037696957915 1.0
-0.33896253619438504 -0.9407998719476264 216.26530122476643 456.40648287155847 65.4343225277256 1.0 464.5945058346649 62.484244500773094 1.0 448.218459908452 68.38440055467811 1.0
-0.22848627608403244 -0.9735471337543197 478.8921721067255 198.35424510082754 445.3517803767601 1.0 218.14428363059184 440.7071647742386 1.0 178.5642065710632 449.99639597928154 1.0
0.018101967102305938 0.9998361459694419 -246.8159832993353 418.1347066088226 239.28613059292462 1.0 406.8770811468298 239.48994915518062 1.0 429.3923320708154 239.08231203066862 1.0
-0.027938620245121802 0.999609640559153 -46.403420660345894 621.8735294356468 63.80261499285492 1.0 610.6148559874472 63.48794035470604 1.0 633.1322028838463 64.1172896310038 1.0
0.9994093919391148 -0.034363749851969626 -155.72921485921427 168.90848859693546 380.61955051899304 1.0 169.16680254658266 388.1321586731791 1.0 168.65017464728822 373.106942364807 1.0
-0.11347437010577377 -0.9935409238320776 415.53649426991547 493.8171615416343 361.8380423928249 1.0 502.0489307083822 360.89787495870445 1.0 485.5853923748863 362.77820982694533 1.0
0.09878437525358821 0.9951088619873497 -123.2938931982654 594.983711828952 64.83592037390753 1.0 580.5646733867928 66.26729713948221 1.0 609.4027502711111 63.40454360833283 1.0
0.17495729541243965 -0.9845760228555052 -76.8468054995874 549.9468923193044 19.67386463961968 1.0 581.9228140472717 25.3559253987471 1.0 517.9709705913373 13.991803880492263 1.0
0.017051886571350466 -0.9998546060124731 126.66581334350184 357.4952062458243 132.7810866218593 1.0 388.1219573910637 133.30340645059957 1.0 326.86845510058487 132.25876679311904 1.0
0.9998530910972058 -0.01714048492204588 -244.21597695296782 251.33403830042664 413.12355933113156 1.0 251.50560159138837 423.13133259816806 1.0 251.1624750094649 403.115786064095 1.0
0.033650625245744116 -0.9994336573382802 102.92458864675913 149.37878951155187 108.01245037091725 1.0 170.64676622356532 108.72853663518936 1.0 128.1108127995384 107.29636410664514 1.0
0.043475402394928156 0.9990544977060056 -78.01790841551642 449.33858016253316 58.53808072099232 1.0 431.8173642278899 59.30054354454812 1.0 466.85979609717646 57.77561789743652 1.0
-0.2236167665029358 -0.9746771474384589 127.16268489703079 507.4253549125739 14.049644875603333 1.0 515.6889540694376 12.153756244182507 1.0 499.16175575571015 15.945533507024159 1.0
-0.24561654473175734 -0.96936706822237 471.9251989906092 554.4040268731018 346.36455944431236 1.0 565.7193819871894 343.49749441121645 1.0 543.0886717590141 349.2316244774082 1.0
-0.8989944486333588 -0.43796002252078164 712.8151796600813 633.5512234574207 327.0986836251452 1.0 637.4695116227722 319.05566798978657 1.0 629.6329352920694 335.1416992605039 1.0
0.24923796844182985 -0.9684422724597421 -45.73206256348194 438.58242525556204 65.65113059348403 1.0 447.82762793051705 68.03047275776831 1.0 429.3372225806071 63.271788429199745 1.0
-0.06534532718393662 0.9978627101035613 -60.67445430143307 469.9783193495899 91.58107665853552 1.0 463.09192213981254 91.13011895239502 1.0 476.8647165593673 92.03203436467604 1.0
0.0009350236829090124 -0.9999995628652606 94.51144503824666 355.6251458596147 94.8440044314726 1.0 369.3757182279584 94.85686154791084 1.0 341.87457349127106 94.83114731503434 1.0
1.0 0.0 -400.625 400.62499999999983 466.875 1.0 400.62499999999983 475.625 1.0 400.62499999999983 458.125 1.0
-0.9203302645503826 -0.39114217894855413 726.1581579184567 600.134546227031 444.4321824120507 1.0 602.8625217714364 438.0134462347904 1.0 597.4065706826258 450.850918589311 1.0
-0.025556368953553753 0.9996733826635127 -104.66605508843598 39.37290856714645 105.70680934306871 1.0 0.6162822496669573 104.71600708831076 1.0 78.12953488462595 106.69761159782666 1.0
0.9602502153201111 0.2791406885025549 -634.1854697013091 572.7884336037508 301.51553129693116 1.0 571.8533938667813 304.73208891729985 1.0 573.7234733407204 298.2989736765624 1.0
-0.08162426837193089 -0.9966631721964784 264.42554623445426 323.85547373296333 238.78787415036481 1.0 404.50260229016703 232.18307219879725 1.0 243.2083451757596 245.39267610193235 1.0
0.08130573505826538 -0.996689208051655 15.28247643696353 624.3736109134247 66.26702816655748 1.0 634.3581525308193 67.08152529250614 1.0 614.38906929603 65.45253104060883 1.0
0.0 1.0 -134.375 304.375 134.37500000000003 1.0 293.125 134.37500000000003 1.0 315.625 134.37500000000003 1.0
-0.15119535791264524 -0.9885039017351762 263.8680389551964 36.17784170759696 261.4032345002671 1.0 43.08250045987454 260.3471411965555 1.0 29.273182955319385 262.4593278039787 1.0
-0.014069768708417028 -0.9999010159053203 95.52803499463965 542.5056820279547 87.90380660422024 1.0 550.620280881008 87.789624773011 1.0 534.3910831749014 88.01798843542947 1.0
-0.17921641767791804 0.9838096744974071 81.69509111226566 468.77633038862496 2.3554591627366115 1.0 456.9521475300749 0.20149813876056216 1.0 480.60051324717494 4.509420186712661 1.0
-0.14243192390544576 -0.9898046004402047 143.47580292755828 121.25083259975483 127.50578599969062 1.0 125.80141469348085 126.8509616412154 1.0 116.70025050602881 128.16061035816583 1.0
0.0 -1.0 125.625 198.75 125.625 1.0 220.625 125.625 1.0 176.875 125.625 1.0
0.17332107194068855 -0.9848653745671694 -76.30616964682332 471.88542639890034 5.565753890202489 1.0 480.5859471046336 7.096910954001762 1.0 463.18490569316714 4.034596826403216 1.0
0.9998336015192428 0.018241964616236766 -407.69324091590806 403.17722601726643 251.23954973836618 1.0 403.0288267368748 259.3732453187607 1.0 403.325625297658 243.10585415797166 1.0
0.9862180047571315 0.16545104137738875 -610.7394212641856 541.7910138721888 461.8609102224451 1.0 540.5330153439812 469.3595683641389 1.0 543.0490124003964 454.3622520807513 1.0
-0.8243732586609447 -0.5660465797129552 748.6967260923244 591.5038349960862 461.22844211610493 1.0 597.5894341164945 452.3655581104473 1.0 585.418235875678 470.09132612176256 1.0
-0.13753639521919284 -0.9904967137704748 275.83436946301674 229.42687089470354 246.6235589453418 1.0 237.0404289711702 245.5663708516599 1.0 221.81331281823688 247.68074703902371 1.0
-0.033120203714104714 -0.9994513755585792 130.37227218262015 108.1452170357571 126.86007910372666 1.0 115.65767869727715 126.61112826258656 1.0 100.63275537423704 127.10902994486678 1.0
-0.09809747146020519 -0.9951768114727725 264.04211654640477 61.86012352081272 259.22408146047843 1.0 74.36186500805329 257.99174845732847 1.0 49.35838203357216 260.4564144636284 1.0
-0.09760752035322791 -0.9952249856040061 266.81682433640714 207.52392164387697 247.7439096659453 1.0 220.70601698168667 246.45106467351118 1.0 194.34182630606728 249.0367546583794 1.0
