line_hom_a line_hom_b line_hom_c centroid_x centroid_y centroid_z point1_x point1_y point1_z point2_x point2_y point2_z
0.03495245860046969 -0.9993889761438148 288.76713284419515 511.2517795957072 306.8241163596792 1.0 560.6101233013408 308.55036660471956 1.0 461.89343589007365 305.0978661146388 1.0
0.020727074016278626 -0.9997851711256392 297.6065073036921 606.2580000879304 310.2391100632734 1.0 638.1452094948202 310.90018062986826 1.0 574.3707906810408 309.5780394966785 1.0
0.03463833145545986 -0.9993999129447539 287.55012199914825 306.866906375678 298.35852070099565 1.0 336.87418388729884 299.39854683173735 1.0 276.85962886405713 297.318494570254 1.0
0.04023225350337567 -0.9991903551266096 286.1553025767994 396.88033496739314 302.36750312249535 1.0 431.8488075694155 303.77550355717943 1.0 361.9118623653708 300.95950268781127 1.0
-0.03487773092534167 -0.9993915868594749 302.6545784636502 58.71212893973636 300.789837117875 1.0 84.3495278903717 299.8951184570588 1.0 33.07472998910102 301.6845557786912 1.0
0.3018722985350944 -0.9533483704172043 57.500787312820734 77.72174445297094 84.9247048291123 1.0 109.56996964444251 95.00926283659649 1.0 45.873519261499354 74.84014682162811 1.0
-0.44284415100329044 0.8965986046844903 55.20772434417132 192.09518467086107 33.30420599274102 1.0 124.68027780001513 0.006923304361996507 1.0 259.510091541707 66.60148868112005 1.0
-0.29638035741182867 0.9550699889225065 -61.08090879523586 79.24442759118402 88.54576266501081 1.0 47.90882887759375 78.82159998147256 1.0 110.5800263047743 98.26992534854905 1.0
-0.9997009874835499 -0.02445272222913956 221.001999547283 214.0513224785909 286.8670828361461 1.0 214.72431868849753 259.3529693026186 1.0 213.37832626868425 314.38119636967355 1.0
0.013878167436024512 -0.9999036935968473 268.8512865543428 62.503543446598655 269.74469933740227 1.0 84.38300326364943 270.0483753901014 1.0 40.624083629547876 269.4410232847031 1.0
0.9997394686566259 0.022825310735401023 -97.66952812496943 92.1721892541106 241.89605474170205 1.0 91.54433112162462 269.395989486939 1.0 92.8000473865966 214.39611999646507 1.0
0.06538484811026829 -0.9978601212783269 234.39037739075033 61.902899823451534 238.94921142638373 1.0 84.38826447587881 240.42256637980097 1.0 39.41753517102425 237.47585647296648 1.0
0.9997271271044532 0.02335960897524597 -97.91425521686278 91.25212508171238 286.2646533952017 1.0 90.91574024271338 300.66100091327564 1.0 91.58850992071137 271.8683058771278 1.0
-0.2572875693530387 0.966334883286537 -93.97918155486147 76.6645969243261 117.66524350879334 1.0 44.14051886660179 109.00567720972691 1.0 109.18867498205043 126.32480980785978 1.0
0.002511725004782829 0.9999968456137751 -247.32389865645996 478.1231130888884 246.12376124735212 1.0 419.3672044359806 246.271340397816 1.0 536.8790217417961 245.97618209688824 1.0
0.007054142367099958 -0.9999751192282059 299.4903537973668 548.127719632062 303.3644727092198 1.0 555.6317551544122 303.4174085612071 1.0 540.623684109712 303.3115368572325 1.0
0.04202167983042274 -0.9991166991018764 279.9225766491986 567.4616497317411 304.03682441033243 1.0 576.8725758570218 304.43263695645425 1.0 558.0507236064602 303.64101186421067 1.0
0.25993744997353874 -0.965625456427726 90.61337630721533 76.56630138509986 114.44999166862308 1.0 108.48385744134421 123.04190282363788 1.0 44.648745328855505 105.85808051360829 1.0
0.22733545935093985 -0.9738165068028459 123.65038609710714 67.58683258211985 142.75304306007496 1.0 90.62361506542186 148.13093251997236 1.0 44.55005009881784 137.37515360017753 1.0
0.02169323599609288 -0.9997646740668615 287.6266668268092 264.99307217223924 293.4442791275808 1.0 274.3636603301644 293.64760535584725 1.0 255.62248401431407 293.2409528993143 1.0
0.27109107005828686 -0.9625537032990175 112.79941746722224 95.69173987590565 144.13802902675138 1.0 102.96673675568543 146.18693983770228 1.0 88.41674299612589 142.08911821580045 1.0
0.05068046595018661 -0.998714919469551 277.9793387080456 356.21000517405 296.4131425047875 1.0 361.883826479225 296.7010644150931 1.0 350.5361838688751 296.1252205944819 1.0
-0.0616996314339289 0.9980947627760189 -237.91078428261605 63.06236179394742 242.26327777748105 1.0 40.53254939750287 240.87054316652092 1.0 85.59217419039196 243.65601238844116 1.0
0.05416461560997476 -0.9985320197248678 237.46064292075863 210.00940894729573 249.20154478314112 1.0 218.1781781557026 249.64465350218038 1.0 201.84063973888885 248.7584360641019 1.0
0.9995622477232835 0.029585687863852576 -47.148726987471754 39.63889394190423 254.41980920895736 1.0 39.232268812806794 268.15777365621966 1.0 40.04551907100167 240.6818447616951 1.0
0.9999417363426826 0.010794624587311497 -205.00468330051464 203.53216066940644 137.5111424361391 1.0 203.43089413270954 146.8917962716724 1.0 203.63342720610333 128.13048860060582 1.0
-0.11529049773454515 0.993331818242082 -200.69473759647266 211.1428531904525 226.54816658560785 1.0 200.51592746624786 225.31475843977816 1.0 221.76977891465717 227.78157473143753 1.0
0.9996299355151025 0.027202794379841442 -48.0546874024285 44.72209912554683 123.11743752104938 1.0 44.381727535636145 135.62518307551832 1.0 45.06247071545752 110.60969196658044 1.0
-0.0039289847805178075 0.9999922815095097 -273.0699648092074 98.74622795716127 273.4600479347639 1.0 93.11885919330999 273.43793791788045 1.0 104.37359672101253 273.4821579516474 1.0
0.9999688514923105 -0.007892784372429122 -199.00782110716642 201.43610427909493 306.8636647855138 1.0 201.50520292620791 315.6180525316962 1.0 201.36700563198193 298.10927703933135 1.0
-0.04188221145626083 0.9991225552271018 -249.60768899500667 208.6787585986104 258.57450173401526 1.0 203.0636255215655 258.3391210095411 1.0 214.29389167565526 258.8098824584894 1.0
0.2569184692843026 -0.9664330810462828 91.00062093986743 211.48080423094086 150.38179910868976 1.0 218.36755762162278 152.21258716238196 1.0 204.59405084025892 148.55101105499756 1.0
-0.99882233011492 -0.04851755212087151 116.14031878779295 109.53859614048946 138.72758741957642 1.0 110.11553478275182 126.85025285079604 1.0 108.9616574982271 150.6049219883568 1.0
-0.998064663797537 -0.06218461930983745 117.39672790086368 110.69748804077241 111.17663488091168 1.0 111.43450126085501 99.34755463759636 1.0 109.96047482068981 123.005715124227 1.0
-0.014662747167570286 0.9998924961442105 -271.99748889087056 61.86863576402634 272.93399451146706 1.0 39.36430994571152 272.6039837943919 1.0 84.37296158234115 273.26400522854215 1.0
-0.9999039335920074 -0.013860865313189419 448.2191015119218 445.16058710992235 223.74356221702624 1.0 445.25587140445117 216.86988306668843 1.0 445.0653028153935 230.61724136736402 1.0
0.9999297148022696 0.011856030341220153 -205.61360755475204 202.4043130649514 271.88868653268196 1.0 202.25603524856945 284.39433896263745 1.0 202.55259088133334 259.3830341027265 1.0
-0.04762139653100879 0.9988654577031065 -298.0263011425659 569.3804684064974 325.5102994083164 1.0 500.54854263805527 322.2287038683631 1.0 638.2123941749394 328.7918949482697 1.0
-0.9994650248606258 -0.03270571938283003 224.84016214230985 219.54121746881265 165.60998715577878 1.0 219.82790795692827 156.8489165773343 1.0 219.25452698069705 174.37105773422326 1.0
-0.9993411775066511 -0.03629340077231772 114.93218020875408 105.65784358253623 257.45579613183577 1.0 106.09019028834015 245.5511011494143 1.0 105.2254968767323 269.3604911142572 1.0
-0.040662165767631826 -0.999172952133456 325.0584693563076 207.37336684496003 316.8883009310837 1.0 214.36396381500805 316.6038128329983 1.0 200.38276987491201 317.17278902916905 1.0
0.9990575318158356 0.043405623161644265 -50.442051210359864 40.63268097963559 226.8753337122207 1.0 40.25088466548352 235.66305418458128 1.0 41.01447729378766 218.08761323986013 1.0
-0.05393864459265253 0.9985442517082093 -238.6888566964744 99.96291395621108 244.4365588878564 1.0 94.32061662678703 244.13177733228963 1.0 105.60521128563515 244.74134044342316 1.0
-0.9996120107070806 -0.027853690063392375 224.0204135935696 220.78091896163417 119.37934460409224 1.0 221.02454418902062 110.63613309953102 1.0 220.53729373424773 128.12255610865344 1.0
0.21743646845773806 -0.976074475736676 124.20293921437106 210.80167536507923 174.20690252390278 1.0 219.53592655973708 176.15259906817093 1.0 202.06742417042142 172.26120597963467 1.0
-0.05370736467918759 -0.9985567179580821 314.34506051657877 344.96613718746494 296.2454040563566 1.0 349.4625922075096 296.00356226091117 1.0 340.46968216742033 296.4872458518021 1.0
0.0947533740552355 0.9955007775512527 -155.2870233873186 449.3246871404053 113.22140150578562 1.0 330.52071480704126 124.52935573706348 1.0 568.1286594737693 101.91344727450776 1.0
-0.11564940646465781 0.9932900959862494 -201.4617506400933 63.6500457844529 210.23348717594024 1.0 40.5471541674442 207.5436026055404 1.0 86.7529374014616 212.92337174634005 1.0
-0.9997896592938382 -0.020509440975091116 110.74921638085938 104.92638991710024 284.9856688833229 1.0 105.19551970903815 271.8661897461675 1.0 104.65726012516232 298.10514802047834 1.0
-0.9994843428601073 -0.03210994203512942 224.5710297272316 220.12880981580426 141.87913820961637 1.0 220.41027133378995 133.11810151772306 1.0 219.84734829781857 150.64017490150965 1.0
-0.9997602023989755 -0.021898349233666632 91.87015061200866 86.12945849138467 263.0949802047302 1.0 87.06081429220788 220.57431099807815 1.0 85.19810269056144 305.61564941138226 1.0
0.9999126786444285 0.01321495690965575 -42.43320613608895 38.65370767587847 286.2569874593089 1.0 38.4802765120061 299.37969537380354 1.0 38.827138839750845 273.1342795448143 1.0
-0.025263602631264977 -0.9996808242544665 301.8586647864186 98.70477905370396 299.4606070331067 1.0 105.59117579951962 299.2865762957689 1.0 91.81838230788831 299.6346377704446 1.0
0.9970765921839035 0.07640856836071279 -575.049837926278 572.8652131809175 50.509301115601076 1.0 569.0267620865853 100.59831362442814 1.0 576.7036642752497 0.42028860677400637 1.0
0.010024198486128297 0.9999497564601487 -326.87350929986263 475.0213324261448 322.12798602878104 1.0 450.6550465464518 322.372250787535 1.0 499.38761830583775 321.88372127002714 1.0
0.9983207275470394 0.057928619437632264 -51.34468502543716 46.05797451591556 92.59765638192773 1.0 45.29474350250423 105.75090166883811 1.0 46.82120552932689 79.44441109501736 1.0
-0.9987034484154623 -0.050906012641572504 115.9750665724329 111.79321338465066 84.99583116441472 1.0 112.33338849483424 74.39836502447228 1.0 111.25303827446707 95.59329730435716 1.0
-0.27585468839873345 0.96119935023305 -88.83115935278055 211.27156858911218 153.04984552660528 1.0 204.25684890863513 151.03669049149912 1.0 218.2862882695892 155.06300056171148 1.0
-0.22794672553201342 -0.9736736056396069 159.6954364998772 85.95073799583108 143.8913886595845 1.0 89.92203729104538 142.96166779089867 1.0 81.97943870061675 144.82110952827028 1.0
0.3070449661443095 -0.9516950082696871 56.029156243863376 212.13648394190147 127.31452274197727 1.0 219.65994226162695 129.74181298201773 1.0 204.613025622176 124.88723250193682 1.0
0.9997607560356414 0.021873058566248375 -206.20499188513034 202.7263539273356 161.25495223750224 1.0 202.52104404344428 170.63913434075434 1.0 202.9316638112269 151.87077013425014 1.0
0.9998904156660059 0.014803940666653118 -259.86497924638644 256.32132775303387 241.2695630014556 1.0 256.20092194323007 249.40203380259078 1.0 256.4417335628376 233.1370922003204 1.0
-0.992678419975609 -0.12078722827653776 112.8977177008417 88.30887043529414 208.9244706363125 1.0 89.61931236759307 198.15472746573454 1.0 86.99842850299521 219.69421380689047 1.0
-0.999605777473535 -0.028076496247391634 112.76634807006737 106.38568218684415 228.753810982785 1.0 106.71945182370887 216.87063102986562 1.0 106.05191254997942 240.6369909357044 1.0
-0.09449204435376043 0.9955256167240735 -203.8934708384899 101.74758212788629 214.46741730703567 1.0 94.19696116281894 213.75073699349701 1.0 109.29820309295363 215.18409762057433 1.0
0.9571918003960352 0.28945441308537095 -610.3970554980701 618.2199974917853 64.40372720307252 1.0 606.5412227044128 103.02406588088674 1.0 629.8987722791579 25.7833885252583 1.0
0.02479353830917786 -0.9996925929795175 238.81432772465013 99.3724624424003 241.3523160754645 1.0 104.38488004256676 241.47662985818536 1.0 94.36004484223385 241.2280022927436 1.0
0.9971878970676864 0.07494196382351534 -51.78983698979429 47.944386950076776 53.11142633279725 1.0 47.376882432844916 60.66271812236843 1.0 48.51189146730864 45.56013454322608 1.0
-0.0012839669777143245 0.9999991757140603 -216.4978760796224 392.4998369209334 217.00201178069426 1.0 370.62326802602917 216.9739229654943 1.0 414.37640581583753 217.03010059589423 1.0
0.9996760126376808 0.025453285776641476 -48.8525328695937 47.14791433850978 67.57060265546035 1.0 46.97297969377795 74.44114855088216 1.0 47.322848983241606 60.700056760038535 1.0
0.9997561391294005 -0.022083076621583222 -262.84851919915025 268.62808262208864 258.7526929675073 1.0 268.7249773109862 263.1393580022022 1.0 268.53118793319106 254.36602793281244 1.0
0.9999996190918284 0.0008728208282364721 -514.5129745936734 514.3642459497279 170.62444510041192 1.0 514.326060529173 214.3738662581434 1.0 514.4024313702828 126.87502394268044 1.0
-0.07844650688942541 0.9969183244162219 -163.44016543732616 89.96853024602301 171.0249257028583 1.0 81.79577436311799 170.3818197081427 1.0 98.14128612892803 171.6680316975739 1.0
-0.2988640215678624 0.9542957071119434 -60.600032427724564 212.30674558663748 129.99207614079745 1.0 205.33280691544695 127.80799489438027 1.0 219.28068425782797 132.17615738721466 1.0
0.0728078395740679 0.9973459873567231 -148.55777940830785 326.8815868107883 125.09022832359314 1.0 324.3494551353923 125.27507795365106 1.0 329.4137184861843 124.90537869353521 1.0
0.9999859923418468 -0.005292931143710122 -200.19487047616119 201.44815923397584 236.25225927043095 1.0 201.50446587742383 246.89019375228534 1.0 201.3918525905279 225.6143247885766 1.0
-0.9998967278523454 -0.014371277958920218 260.90308792021233 259.4297372462802 104.38476970184341 1.0 259.64567140392944 89.36092434290941 1.0 259.21380308863087 119.40861506077741 1.0
0.5009013740402888 0.8655043694196759 -515.2755075874898 449.49470985463756 335.20684591342945 1.0 428.82264178151905 347.1705836690485 1.0 470.1667779277561 323.24310815781035 1.0
0.053457394643248876 0.9985701312166091 -200.2286420699292 350.65142435315477 181.74359999628103 1.0 258.1822192701165 186.69384097980512 1.0 443.1206294361931 176.79335901275692 1.0
-0.9996030095477045 0.02817487006486211 264.43541631347074 271.83361215907365 258.7511665601536 1.0 271.70940375846146 254.34443493096694 1.0 271.95782055968584 263.15789818934024 1.0
-0.999923226267883 -0.012391189209604712 220.44133573479644 217.4995416620808 238.75773940808736 1.0 217.6157001423161 229.38417886030638 1.0 217.38338318184552 248.13129995586834 1.0
-0.9999633183658695 0.00856515748358625 224.52508591298945 225.58254970274925 122.49501018701943 1.0 225.47009028324013 109.36562003519286 1.0 225.69500912225837 135.62440033884602 1.0
-0.09366915613501682 -0.9956033794583833 341.9356283033918 235.00803596688877 321.3354137703575 1.0 251.90983371270056 319.74524527085305 1.0 218.106238221077 322.925582269862 1.0
0.09511650931238938 0.9954661469162205 -155.65484828627473 304.4134264395507 127.27716172771463 1.0 285.59634734591316 129.0751283229489 1.0 323.23050553318825 125.47919513248034 1.0
0.9905422543157155 0.1372080260594855 -596.4810880969219 600.6298882535834 11.16410330221511 1.0 599.1505419824713 21.843908503010187 1.0 602.1092345246955 0.48429810142003316 1.0
-0.9999722960497199 -0.00744359678188344 622.4677831636506 622.303562012983 24.37819013119991 1.0 622.4804117978144 0.6202018124038222 1.0 622.1267122281515 48.136178449996 1.0
0.999992194459524 -0.003951078337066039 -570.1308011342364 570.8810289653957 188.75145784484107 1.0 570.9872231237587 215.6285077033634 1.0 570.7748348070326 161.87440798631877 1.0
-0.0019521517228573524 0.9999980945500101 -385.06411255523716 214.37527654206687 385.4833401399035 1.0 203.12043904464298 385.4613689476274 1.0 225.63011403949076 385.5053113321796 1.0
0.1280014941973545 0.9917739749979552 -163.42467272487133 272.6092321583111 129.59634646279062 1.0 259.1438772695057 131.3342278643149 1.0 286.0745870471165 127.85846506126636 1.0
-0.03871018571391033 0.9992504798707853 -289.2636138975269 544.3771565082259 310.56933269073943 1.0 489.36286989538996 308.4381220537662 1.0 599.3914431210619 312.7005433277126 1.0
-0.3636405159418572 0.9315393578188417 -18.68998268080077 213.0792280715833 103.24225413130324 1.0 204.2159838412696 99.78235232707185 1.0 221.94247230189697 106.70215593553462 1.0
0.9634088751789059 0.2680360782180549 -614.0867290522555 633.8029763021651 12.965853668088766 1.0 630.3057095722729 25.536168190095164 1.0 637.3002430320573 0.3955391460823665 1.0
0.015697071564310924 0.9998767933822171 -238.0343810903545 349.9814649856396 232.56935107143806 1.0 281.8242035482425 233.63935231308233 1.0 418.13872642303664 231.49934982979377 1.0
0.9999689392453178 0.007881658746344777 -417.01311376836526 415.4201806135509 203.74345944362028 1.0 415.3265499977196 215.62264764586325 1.0 415.51381122938216 191.86427124137728 1.0
-0.975653023256116 -0.21931980806849297 617.0264956632491 628.4726678953517 17.57815325147627 1.0 630.0039071005043 10.766373809425804 1.0 626.9414286901991 24.389932693526735 1.0
0.003846537417848525 0.9999926020475817 -215.86656195085283 504.37328079231963 213.92805388328523 1.0 495.62341025600807 213.96171083669702 1.0 513.1231513286313 213.89439692987344 1.0
0.07878309185123501 0.9968917817087067 -166.00604090834364 543.7344306275929 123.5529909840517 1.0 515.6367370337563 125.77351603584505 1.0 571.8321242214295 121.33246593225836 1.0
0.14566149982778137 -0.9893344871518032 358.27065819960393 46.9240712017052 369.04170786563134 1.0 55.848689930124216 370.355695567723 1.0 37.99945247328619 367.7277201635397 1.0
-0.2421344895317245 0.970242695916445 -343.3936274532212 66.2890228275925 370.4686339510374 1.0 55.69963408244435 367.8259382120733 1.0 76.87841157274066 373.1113296900015 1.0
0.016519164583982504 0.9998635492913257 -365.0390941904323 41.250535185884075 364.4073934576028 1.0 26.85881173794794 364.6451651500023 1.0 55.64225863382022 364.1696217652032 1.0
-0.09316721679325715 -0.9956504756765792 341.03950461838315 41.24252410322908 338.6701073034885 1.0 81.92072748916569 334.86367614496135 1.0 0.5643207172924747 342.47653846201575 1.0
-0.999973140659008 0.007329253751893592 606.5725117362089 607.216370182055 85.62249794410882 1.0 607.1522409342415 76.87296797626371 1.0 607.2804994298684 94.37202791195392 1.0
-0.9998412496303284 0.01781784323827094 615.4311335655742 616.0521955788038 29.367387087592128 1.0 615.5396170632209 0.6042457409886204 1.0 616.5647740943866 58.13052843419564 1.0
0.9992756344809817 0.038055306234892325 -208.2767586339691 204.02490983058382 115.61166755382874 1.0 203.69035684518968 124.39653042377226 1.0 204.35946281597796 106.82680468388521 1.0
-0.9991640868367067 -0.04087942729259114 262.9619936091761 259.9866822447379 78.09888410511388 1.0 260.3972237106197 68.06453881132008 1.0 259.5761407788561 88.13322939890769 1.0
0.02098511578477427 0.9997797882111338 -227.676044189188 548.0981699767996 216.2217552103083 1.0 535.6167874744901 216.4837361585666 1.0 560.579552479109 215.95977426205002 1.0
-0.9999706121142807 -0.007666479491303924 367.5030796057012 366.7185421079472 103.73921710252864 1.0 366.81916169418673 90.61498852319339 1.0 366.6179225217076 116.86344568186388 1.0
0.1906092657611359 -0.9816659858658651 353.2619592912665 63.079800691656196 372.1077831409905 1.0 69.33661965642942 373.32266446116154 1.0 56.82298172688297 370.89290182081936 1.0
-0.34932395582069936 0.9370020138130858 -22.373746072460683 112.84559267694954 65.94800650623858 1.0 97.08153527193959 60.071004310594255 1.0 128.6096500819595 71.82500870188292 1.0
-0.9998422498458892 0.01776162782828954 610.051534526527 610.8138919555054 37.49664444204677 1.0 610.1586409051033 0.6110790658630227 1.0 611.4691430059073 74.38220981823052 1.0
0.9991803516948322 0.040479930669300834 -49.67138733669268 41.07805365652743 213.11803391419699 1.0 40.92535419842531 216.88716829084746 1.0 41.23075311462956 209.3488995375465 1.0
-0.9976674164387054 0.06826218701828236 80.41294848588244 93.30092747032148 185.61296272817685 1.0 92.61407321497099 175.57443129023832 1.0 93.987781725672 195.6514941661154 1.0
-0.3469578757427759 0.9378807133426194 -23.41082391217309 73.22305559754834 52.04941208750553 1.0 50.03454309689655 43.47109618399696 1.0 96.41156809820014 60.6277279910141 1.0
0.9999249371230777 0.012252351586902462 -625.7823591261172 625.6762559280671 12.4929697581996 1.0 625.530676349297 24.373844226712958 1.0 625.8218355068371 0.612095289686243 1.0
0.09671731305516582 0.9953118914970266 -257.9449689225563 440.07497763783465 216.39659023732014 1.0 436.85887976885226 216.70910769749293 1.0 443.29107550681704 216.08407277714736 1.0
-0.34874051949169016 0.9372193180172217 -22.146431030639146 166.43397392878006 85.56023122664105 1.0 129.0005847135142 71.63121872091871 1.0 203.8673631440459 99.48924373236339 1.0
0.05378105205160576 0.9985527519566618 -395.26508397620825 190.68923377036666 385.5676283648494 1.0 180.65102876405285 386.10827604209163 1.0 200.72743877668046 385.0269806876071 1.0
0.072777087915491 -0.9973482317999772 364.7610155185712 31.30362659489007 368.015093024151 1.0 36.944198819401905 368.42668890168727 1.0 25.663054370378237 367.6034971466147 1.0
-0.12452418221174759 0.992216573155526 -147.0401085199203 91.90910517417984 159.72824781138448 1.0 87.98558814898335 159.23584246140865 1.0 95.83262219937633 160.2206531613603 1.0
0.9541459096155126 0.2993419168175186 -609.9633517476913 590.2338521665697 156.32336588155695 1.0 573.6604220745252 209.15081717453114 1.0 606.8072822586144 103.49591458858278 1.0
0.1107941731984648 0.9938433735681236 -129.35855312200783 353.2123564514077 90.78360285440725 1.0 341.75635395412576 92.06072393666489 1.0 364.6683589486897 89.50648177214961 1.0
-0.08047661535387024 -0.9967564970348503 179.31473800892144 553.1442325463155 135.23820789940294 1.0 571.822933184221 133.73011779814095 1.0 534.46553190841 136.7462980006649 1.0
0.03200678811474881 -0.9994876515067995 296.092634849834 576.8840278180477 314.7180850316381 1.0 633.1763733453836 316.5207457979412 1.0 520.5916822907118 312.9154242653351 1.0
0.08929244933764421 0.9960054510349249 -254.50237917517939 471.88337946169383 213.21846803213197 1.0 463.0919747420494 214.0066224139377 1.0 480.6747841813383 212.4303136503262 1.0
0.004859523127924871 -0.9999881924477755 217.29409008374807 504.3762260104366 219.7477127018152 1.0 513.1290565455856 219.7902477864708 1.0 495.62339547528757 219.7051776171596 1.0
0.9998685057311918 -0.016216388219135767 -607.7440086977217 608.4724191104322 39.98422880037117 1.0 609.1110197918317 79.35900821743616 1.0 607.8338184290325 0.6094493833061776 1.0
0.9998477669724528 -0.017448291612643684 -612.5082666237425 613.1793805728756 33.11314416479881 1.0 613.7465540003833 65.61415329332131 1.0 612.612207145368 0.6121350362763156 1.0
0.05524219576559525 -0.998472984014588 436.00737702589726 93.78524245194195 441.8630116314747 1.0 101.91992103790479 442.31307639449824 1.0 85.65056386597912 441.4129468684511 1.0
-0.020173020651898202 -0.9997965039135605 231.14595034597613 386.8676781059414 223.387119090489 1.0 394.3772315474255 223.23559787985403 1.0 379.35812466445736 223.53864030112396 1.0
0.07015738185573579 -0.9975359350776034 376.45332457843216 190.61345203496245 390.7891952678001 1.0 200.65171208956403 391.49519293570677 1.0 180.5751919803609 390.0831975998935 1.0
0.06413111749136599 0.9979414811346949 -196.6784615597717 498.08966958034665 165.07522490333673 1.0 483.0713627058368 166.04035243926745 1.0 513.1079764548565 164.110097367406 1.0
0.9996741341504839 -0.02552695654559227 -566.8566661322616 570.8249507886889 148.16777284663885 1.0 571.1451555637987 160.7074749743495 1.0 570.504746013579 135.62807071892823 1.0
0.9999950944325117 -0.003132269291071538 -618.6675230503582 618.7488589761415 24.998045896101086 1.0 618.8252076655758 49.37280675027261 1.0 618.672510286707 0.6232850419295621 1.0
0.21538278856352908 0.976529699697146 -491.68479694906125 201.9226850540748 458.96620052301444 1.0 194.37624372770307 460.63063896980117 1.0 209.46912638044657 457.30176207622776 1.0
-0.0034969153074802953 0.9999938857729742 -244.22821273850258 586.8748882017362 246.2819703425098 1.0 566.8685760939574 246.2120095356976 1.0 606.8812003095152 246.35193114932196 1.0
0.44690862847846463 -0.8945796095325992 -53.14570610344218 144.5379564013447 12.798809220506445 1.0 158.5401708186854 19.793950149534158 1.0 130.535741984004 5.803668291478734 1.0
0.011499834529642492 -0.9999338747166189 211.39026357990952 587.4924009252677 218.16075491971412 1.0 596.8733480385093 218.26864139327137 1.0 578.111453812026 218.05286844615688 1.0
-0.04309099439160943 0.9990711517216091 -286.99812534969016 451.2563353722525 306.7281134465029 1.0 414.3959924067966 305.13828790779104 1.0 488.11667833770844 308.3179389852147 1.0
0.998572426199144 0.053414507717988176 -293.67223000885286 288.07270660854954 112.53063457467871 1.0 287.3708588238467 125.65152391982643 1.0 288.77455439325246 99.40974522953101 1.0
-0.36138524200482375 -0.9324165951231858 442.4336323989867 467.0185722465278 293.4954333484096 1.0 473.7159326527019 290.89967601865186 1.0 460.32121184035367 296.0911906781673 1.0
0.9999999813502323 0.00019313087534125907 -594.3395495463955 594.3280934865026 59.374990940903814 1.0 594.3256793506058 71.87499047465963 1.0 594.3305076223993 46.874991407148 1.0
0.3370068890781132 -0.9415021809395304 32.994039386331835 165.00381607791994 94.10648633904691 1.0 215.82838890641116 112.29893615425762 1.0 114.1792432494287 75.91403652383622 1.0
-0.9987017725023286 0.050938881031162384 628.8729147375378 629.9757369676398 5.594359352543298 1.0 629.7181297517634 0.5437422620779531 1.0 630.2333441835162 10.644976443008645 1.0
-0.9991516687368233 -0.0411818268222913 444.1777269785908 435.92458193369276 209.38734780634258 1.0 436.69820606835185 190.61771312123656 1.0 435.1509577990337 228.1569824914486 1.0
-0.9998347528388928 0.018178751761060645 605.3211499638177 606.1142118324262 38.116105269710815 1.0 605.4322082071341 0.6057780980780247 1.0 606.7962154577185 75.62643244134361 1.0
0.18184429753667708 0.9833273368789217 -478.6337594804503 261.91009496618443 438.3147768591233 1.0 254.658100080284 439.6558703752985 1.0 269.1620898520849 436.9736833429481 1.0
0.37771296696025825 0.9259227368361135 -502.7082163354401 244.41469660319115 443.22231195559857 1.0 238.6191996068702 445.58647721302555 1.0 250.21019359951205 440.8581466981716 1.0
0.9998944326287974 0.014530092839881088 -320.06411630490754 318.563044586741 105.62228323368655 1.0 318.43578774380074 114.37951625153973 1.0 318.69030142968126 96.86505021583338 1.0
0.9867355144896075 0.16233614645213656 -593.6865474959296 590.4638999093174 68.0984960711047 1.0 588.8291302188642 78.03519437789254 1.0 592.0986695997707 58.16179776431686 1.0
-0.045053418049578034 0.9989845792213461 -351.4271254188677 291.84922558117063 364.9465048505438 1.0 285.5556523093169 364.66266965074175 1.0 298.1427988530244 365.2303400503459 1.0
-0.10464770846861342 -0.9945093549646822 154.65848898475693 327.54433646286776 121.04634727776934 1.0 365.7721897655112 117.02380367088892 1.0 289.3164831602243 125.06889088464976 1.0
0.03558573261958681 0.9993666272364349 -243.16399434756997 267.56820625493754 233.79046021215908 1.0 256.95666116382705 234.16831914400794 1.0 278.17975134604796 233.41260128031024 1.0
-0.03761757636634157 -0.9992922084897503 206.81023589854863 397.5279353546273 191.99208880308163 1.0 414.40255018935846 191.35685707926237 1.0 380.65332051989617 192.6273205269009 1.0
-0.9996911093083638 -0.024853288913402476 262.25058937041103 254.7173517554044 306.27404930126323 1.0 255.01277945120566 294.39085581467737 1.0 254.42192405960313 318.1572427878491 1.0
-0.9999868559775245 -0.005127169997778017 225.59355632319807 224.76974416250516 161.25202394702958 1.0 224.81140187118004 153.1272375359911 1.0 224.72808645383026 169.37681035806807 1.0
0.13750352488379378 0.9905012774572942 -462.4229724796731 293.1134610110913 426.16687934353513 1.0 287.95262695089565 426.88331746508806 1.0 298.27429507128704 425.45044122198226 1.0
0.9999543836891432 -0.009551467995339789 -321.98049844510905 324.5563313418385 268.1292378803054 1.0 324.71159263568137 284.3837247791992 1.0 324.4010700479956 251.87475098141164 1.0
-0.9999276112737825 0.012032132492093372 480.5583278489144 482.26264048680594 138.74533552064773 1.0 481.9393003339572 111.87422627385348 1.0 482.5859806396547 165.61644476744198 1.0
-0.9997795792257979 -0.020995069970980825 331.99175407440424 329.86031693511575 104.98394188600521 1.0 330.0571023309414 95.61307432003414 1.0 329.6635315392901 114.35480945197628 1.0
0.10947722194226263 0.9939893047089614 -129.17939161105676 300.6902846816474 96.84274682137223 1.0 289.3710829035699 98.08943504970351 1.0 312.009486459725 95.59605859304096 1.0
-0.0616687276989738 -0.99809667268456 215.63722329686718 364.4387081834292 193.5311048772378 1.0 375.6843936686522 192.83627527309613 1.0 353.19302269820616 194.22593448137945 1.0
-0.9999886730204022 0.004759604069167885 595.6016075229098 595.6737981583418 13.749767737456155 1.0 595.6113290625282 0.6250650689866566 1.0 595.7362672541555 26.874470405925653 1.0
-0.9999519349719025 0.009804475811994335 432.68498777211613 435.0222624825534 236.25590980946595 1.0 434.9547397915238 229.36931568201985 1.0 435.08978517358304 243.14250393691202 1.0
-0.9999506776082014 -0.009931885566131353 536.3937574622845 534.5950576338109 183.75839342969982 1.0 535.0483625171125 138.11927262001873 1.0 534.1417527505092 229.3975142393809 1.0
-0.08898498379730801 -0.9960329676564892 261.4346547557417 472.5787087871405 220.25600872181752 1.0 479.6208502303896 219.62686805823057 1.0 465.5365673438914 220.88514938540445 1.0
0.008433857991795978 0.9999644343872307 -272.75979945028797 354.378421038564 269.7806170848512 1.0 346.8789545132687 269.8438687701247 1.0 361.8778875638593 269.71736539957766 1.0
0.5146089892223517 0.8574249752669615 -519.8365917974451 373.3277303470501 382.21278279518185 1.0 358.80665251057997 390.9280376610882 1.0 387.8488081835202 373.4975279292756 1.0
-0.026291179433909472 0.9996543271971438 -253.27827063204734 366.253329245322 262.99841402842696 1.0 349.35714107191967 262.5540397052931 1.0 383.1495174187243 263.44278835156075 1.0
0.546399013289222 0.8375249956130054 -524.9452294771072 403.57892831942604 363.48777989154905 1.0 388.32858742877966 373.43706052033133 1.0 418.8292692100724 353.5384992627667 1.0
0.21239873366641374 0.9771830831205092 -429.6509947829858 418.73224873800507 348.66833174978944 1.0 407.00380740735113 351.2176043779613 1.0 430.46069006865895 346.11905912161757 1.0
0.9995441660264384 0.030190398515291005 -226.66301493268895 221.2163977961661 183.74898507343724 1.0 219.9510421462988 225.64239887295574 1.0 222.4817534460334 141.85557127391874 1.0
0.06057706598034557 -0.9981635232151157 280.89248863152534 484.4018896528584 310.80692356173313 1.0 505.6872844662585 312.0987026500691 1.0 463.1164948394583 309.51514447339713 1.0
-0.010958451973821016 -0.9999399543624294 197.9810828498165 344.3869870370979 194.21879658343147 1.0 349.3863865987496 194.16400761359853 1.0 339.38758747544625 194.27358555326438 1.0
-0.04857367838663052 0.9988196022145301 -284.90440535546827 378.7543603681913 303.660337833841 1.0 344.3694966784337 301.9881646941356 1.0 413.13922405794904 305.3325109735465 1.0
0.005962835127117738 0.9999822221405974 -247.86614583848106 551.8724941887696 244.57976924919203 1.0 538.119256369857 244.661778996728 1.0 565.6257320076821 244.49775950165605 1.0
0.9996301621841137 0.02719446362337039 -225.98203330884428 218.56752880459402 275.6200359578237 1.0 217.34284389554168 320.63772747089877 1.0 219.79221371364636 230.60234444474864 1.0
0.9999957199806994 -0.0029257512338943404 -319.3268202238747 319.58967525274977 89.37437191092614 1.0 319.6006574729437 93.12799698423962 1.0 319.5786930325558 85.62074683761267 1.0
0.993207183802648 0.11635931437926625 -109.19540792566384 87.82473778312657 188.78804469642776 1.0 86.28250933565842 201.95203059013554 1.0 89.36696623059471 175.62405880272 1.0
-0.030067767899641766 -0.9995478624525856 236.1341560020996 612.5095010562525 217.8158452100561 1.0 626.8902888986299 217.38325142710545 1.0 598.1287132138749 218.24843899300674 1.0
-0.9839034998883184 0.17870059571114447 396.05517261683775 436.1586605064808 185.1301045216709 1.0 435.0898149529802 179.24517237164486 1.0 437.2275060599814 191.0150366716969 1.0
0.06891594066286531 0.9976224702373901 -198.32550352320138 436.86597615317686 168.6193714070772 1.0 429.2726865342024 169.14391722719358 1.0 444.4592657721513 168.09482558696084 1.0
0.018242166981402762 0.9998335978270697 -255.77235415120072 616.2421811752147 244.5714586033679 1.0 608.108485528393 244.71985953177006 1.0 624.3758768220365 244.4230576749657 1.0
0.9999752423493087 0.007036667424396795 -85.60502637329208 83.13105685308896 351.875042621116 1.0 83.02544756153277 366.88309551730566 1.0 83.23666614464516 336.8669897249263 1.0
-0.24667383559417577 -0.969098559917028 409.0061960810048 123.29422853895488 390.66484202916376 1.0 131.08490386409034 388.68180764669125 1.0 115.50355321381944 392.6478764116363 1.0
0.023974767942156142 0.9997125639413159 -177.89367932269695 471.8690914566153 166.62862243044384 1.0 463.12412086472176 166.83834135182568 1.0 480.61406204850886 166.41890350906203 1.0
0.9992814624377498 0.03790196338281271 -222.47205451966437 218.1279252702932 118.75011095321159 1.0 217.77284968218282 128.11164321419653 1.0 218.48300085840356 109.38857869222663 1.0
0.1960220591873657 0.9805994861878855 -430.53076384453294 173.49835951908793 404.3661696045363 1.0 167.60895033603168 405.54346383293495 1.0 179.38776870214417 403.1888753761377 1.0
0.011008110999163755 0.999939408910475 -374.17555817052227 261.868839216164 371.31537532435675 1.0 254.36974805497232 371.3979311543997 1.0 269.3679303773557 371.23281949431384 1.0
-0.06971382070586477 -0.9975670319344914 250.7013112961211 406.2359127633057 222.92341926959338 1.0 414.40835538833466 222.35229754879492 1.0 398.06347013827667 223.49454099039184 1.0
-0.9999841424184095 0.00563159939254212 543.8033356146644 545.406418129734 283.1227111796123 1.0 545.3148862689679 266.86970685312207 1.0 545.4979499904999 299.3757155061025 1.0
-0.019009081558096035 0.9998193110849168 -301.4863619200687 619.3832346779168 313.31688123112485 1.0 600.628131370806 312.96029951236557 1.0 638.1383379850276 313.67346294988414 1.0
0.034355316481424224 -0.9994096818769874 302.69041388214794 603.130081851217 323.60216694740905 1.0 638.1531499715896 324.8061062440207 1.0 568.1070137308443 322.39822765079737 1.0
-0.04270481592831907 -0.999087733232937 398.35235254730134 102.44495453658766 394.3372003439214 1.0 110.60846928567689 393.9882606231224 1.0 94.28143978749841 394.68614006472035 1.0
0.5494779811059478 0.835508197613723 -519.7166979118558 317.5484171267757 413.19862061395906 1.0 309.0072328118638 418.8157919678916 1.0 326.08960144168765 407.58144926002655 1.0
-0.1394482707702131 -0.9902293571588339 401.0463132281606 164.2860005725919 381.8680104794197 1.0 175.57614591671106 380.2780846368866 1.0 152.99585522847275 383.45793632195284 1.0
-0.9999937996467939 -0.0035214582160997864 321.8350777181627 321.27803791597836 158.75009873496174 1.0 321.3330681098617 143.1230915976601 1.0 321.223007722095 174.3771058722634 1.0
0.051277436963490006 0.998684446889234 -215.14088389078395 329.98619590237803 198.48115002592255 1.0 323.0972666224938 198.834861989692 1.0 336.87512518226225 198.1274380621531 1.0
0.04592242933770212 -0.998945008738581 288.331622856237 359.39647206032726 305.1579208885369 1.0 461.9670253197593 309.87318443455854 1.0 256.8259188008953 300.4426573425153 1.0
-0.04493545726918362 -0.9989898921811018 240.1147223576497 360.04665819497944 224.16228921445418 1.0 366.9638888116701 223.8511460054686 1.0 353.1294275782888 224.47343242343976 1.0
-0.9973445730365958 -0.07282721081059117 243.56768665032874 221.67199866052795 308.7351766162425 1.0 222.08719367084728 303.04921822672213 1.0 221.25680365020864 314.4211350057629 1.0
0.09613604628776146 -0.9953682035328221 174.68043385880347 329.51323098138926 207.31879153105393 1.0 335.88488779208063 207.93418781547237 1.0 323.14157417069794 206.7033952466355 1.0
-0.04025162630639038 -0.9991895748954203 207.73896452502373 318.7526884679175 195.06673740571802 1.0 339.3694088569848 194.23620779891047 1.0 298.13596807885017 195.89726701252553 1.0
0.3744539114137223 0.9272455274774659 -504.86317040445783 274.33834687375935 433.6889113510197 1.0 268.0966684108288 436.2095176467324 1.0 280.5800253366899 431.16830505530703 1.0
-0.044967437092523474 0.9989884531871878 -286.46569410926986 300.6120721348308 300.2872031154857 1.0 271.83597800174596 298.9919056587737 1.0 329.3881662679156 301.5825005721977 1.0
0.06878514161712884 -0.9976314972437026 240.50537037317306 376.862215263877 267.06042457194104 1.0 383.16842182048094 267.49522771544775 1.0 370.556008707273 266.62562142843433 1.0
0.017382961289357114 0.9998489049135437 -240.59607754567156 570.0016972013318 230.72262116274499 1.0 533.1161142036001 231.36389871801757 1.0 606.8872801990634 230.08134360747238 1.0
-1.0 0.0 601.875 601.875 33.75 1.0 601.875 29.375 1.0 601.875 38.125 1.0
-0.9998666016885068 -0.01633336547919855 602.172820360937 601.9470160178478 18.740966705489132 1.0 602.1002876293261 9.358260765353092 1.0 601.7937444063696 28.12367264562517 1.0
-0.32538614950614025 -0.9455812253368653 430.8745246448896 480.15313242735976 290.4450071047014 1.0 485.02642126845683 288.76804837397907 1.0 475.27984358626276 292.1219658354238 1.0
0.17398837863500682 -0.9847477058109664 194.06607326916537 531.6959124620946 291.01360817012767 1.0 539.0759569532809 292.3175380678046 1.0 524.3158679709082 289.7096782724507 1.0
0.14117716485505025 0.989984347413377 -416.525607067702 178.7847820470351 395.2439040490089 1.0 166.88440660665862 396.9409624618744 1.0 190.68515748741157 393.5468456361434 1.0
0.1359685675190281 -0.9907131515463109 229.8126712962826 417.34631181212455 289.2448243222218 1.0 423.204084518358 290.0487633458186 1.0 411.48853910589116 288.44088529862506 1.0
0.30432205548578095 0.9525692030214441 -497.6799127296821 220.67799081181028 451.9595338583164 1.0 209.76873318915088 455.44476904440177 1.0 231.58724843446964 448.47429867223104 1.0
0.05712360004105346 0.9983671140008318 -192.6098875419842 547.4842361679408 161.59949055194033 1.0 535.5766976432675 162.28080452815001 1.0 559.3917746926141 160.91817657573068 1.0
0.13414273112483138 0.9909620213138197 -126.05076041218528 330.7007644099947 82.4346997484877 1.0 320.714544193156 83.78649610867993 1.0 340.6869846268334 81.08290338829548 1.0
-0.9999391419541196 0.011032333753970986 219.85071654637028 222.6499886807551 252.5052408023558 1.0 222.47746681608726 236.8683529804846 1.0 222.82251054542294 268.142128624227 1.0
-0.9993619563414023 0.03571666582262747 599.9314986235792 602.54818078073 62.49827804447278 1.0 601.721962574264 39.38046947635807 1.0 603.3743989871962 85.61608661258748 1.0
-0.9991510049636542 -0.04119792810469929 94.86135691267727 90.74115945957722 101.87978959540706 1.0 91.0520031806891 94.34106542592268 1.0 90.43031573846534 109.41851376489144 1.0
0.999970312789188 -0.007705422784863087 -604.0442189501581 604.4666931322037 52.499293444674244 1.0 604.7893481323084 94.37180717767444 1.0 604.1440381320989 10.626779711674041 1.0
0.9999234123612079 -0.012376163053135067 -585.2992148549462 586.5585974594306 98.12891614936115 1.0 586.697818630341 109.37719299347707 1.0 586.4193762885203 86.88063930524521 1.0
-0.03515199531272534 0.9993819776369464 -300.0619702382387 577.5022707854504 320.56044087514823 1.0 516.8643571646686 318.42757906348015 1.0 638.1401844062322 322.6933026868163 1.0
-0.08677527343686073 -0.9962279116346612 340.55419892216673 143.1251665665995 329.3769122762623 1.0 196.90267160448488 324.69268525359485 1.0 89.34766152871407 334.0611392989298 1.0
0.027238388446459486 0.9996289662644035 -273.85264104707755 390.02252794248795 263.32675903919767 1.0 384.3846836213385 263.48038183205654 1.0 395.6603722636373 263.17313624633886 1.0
0.07137451094853955 0.9974495872909351 -197.98926703188303 334.38878549784636 174.5676505548649 1.0 324.3507381103669 175.28594322076847 1.0 344.42683288532584 173.84935788896135 1.0
-0.13484306574184546 0.990866967670908 -249.06342095459695 319.398844351502 294.82478461062215 1.0 309.33014923842035 293.4545767407814 1.0 329.46753946458364 296.1949924804628 1.0
0.9999154077769564 -0.013006817068096362 -544.8995199193699 548.6609138187237 285.6180288772928 1.0 548.7909709866489 295.61633710439037 1.0 548.5308566507983 275.61972065019523 1.0
0.010602777839917171 -0.9999437889711987 254.85789992791993 381.24825315436016 258.9147443221224 1.0 415.62601511839836 259.2792645849196 1.0 346.87049119032196 258.5502240593251 1.0
0.4943755033637219 0.8692484464604274 -516.2152593527783 342.63784742589434 398.99237378266514 1.0 326.802942040987 407.9983022398946 1.0 358.4727528108017 389.9864453254356 1.0
-0.029168953047984714 -0.9995744955620289 298.9854925181248 376.23201845879186 288.1338006474566 1.0 383.1558375328831 287.93175412227856 1.0 369.30819938470063 288.33584717263466 1.0
-0.03127894225575543 0.9995106941755857 -259.22316637661885 375.60999431999824 271.10450271184106 1.0 370.6148861811414 270.9481845254054 1.0 380.605102458855 271.2608208982767 1.0
-0.9981095158478417 -0.06146051068765122 426.2643480865689 409.9051435559003 278.78264460779707 1.0 410.33160750276045 271.85693379341046 1.0 409.47867960904006 285.7083554221837 1.0
-0.9999036016340589 -0.013884791652644278 299.8881551311132 296.97492353120435 211.8763875511696 1.0 297.1658210124488 198.12903837845914 1.0 296.78402604995983 225.6237367238801 1.0
0.08329736766408773 0.9965247355385785 -202.37245425110729 356.8851923763488 173.24693608790258 1.0 351.8161247745445 173.67064858863986 1.0 361.9542599781531 172.8232235871653 1.0
-0.99991105953002 -0.013336904796576132 379.763153939026 377.84617584816283 146.25461732499687 1.0 378.17134515982747 121.87561815596348 1.0 377.52100653649825 170.63361649403026 1.0
-0.9999887436125475 0.004744749540156443 444.8896710463821 445.58266226337514 144.99723538237416 1.0 445.4847888352595 124.36973427066114 1.0 445.6805356914907 165.6247364940872 1.0
0.052931833969515056 0.9985981278535544 -191.68129182159123 393.1177237358923 171.1127279054822 1.0 380.6197099550434 171.77519939620944 1.0 405.6157375167412 170.4502564147549 1.0
0.20130172870455695 -0.9795292818596885 408.04451155059974 11.100337193035354 418.85325555334566 1.0 18.189698133814407 420.31018046536053 1.0 4.010976252256304 417.39633064133085 1.0
-0.06342061612603583 -0.9979868864119377 213.73221717330037 504.3899405620639 182.11010470137748 1.0 513.1838627137805 181.55126372999817 1.0 495.5960184103473 182.6689456727568 1.0
-0.0864143651760821 -0.996259282261006 168.1780223014543 504.94674244249995 125.01100097446951 1.0 514.4669629525484 124.18522817981601 1.0 495.42652193245146 125.836773769123 1.0
0.014858046703616545 -0.9998896131314462 167.006901771963 95.62022668489365 168.44622581724525 1.0 104.36829502131499 168.57621937473596 1.0 86.87215834847231 168.3162322597545 1.0
0.11599214502132044 -0.993250130779429 250.83122711292444 512.5131609828768 312.3873014378584 1.0 519.5116807859157 313.2045913618896 1.0 505.5146411798379 311.57001151382724 1.0
-0.9999996659778035 0.0008173397587682369 559.6719278233268 559.9060784130768 286.2500767658728 1.0 559.8973937635129 275.62457302666473 1.0 559.9147630626406 296.8755805050809 1.0
0.3500808219898824 0.9367194980755382 -499.0949031711157 162.7722600011389 471.978492495428 1.0 155.7150629648108 474.6159835954831 1.0 169.829457037467 469.3410013953729 1.0
0.9999810380587042 0.006158207777953508 -377.9255226413105 376.67024021117265 204.99873902276522 1.0 376.6125081079878 214.37338348973677 1.0 376.72797231435743 195.6240945557937 1.0
0.9999841899710998 -0.0056231492816004236 -406.09055976932535 406.9299008314814 148.12117675568228 1.0 406.9931800231301 159.3743354455812 1.0 406.8666216398327 136.86801806578336 1.0
-0.9999867402074192 0.005149699927145343 566.8616711162499 567.8894917568076 198.12621281286442 1.0 567.7929361634978 179.37671005178956 1.0 567.9860473501175 216.87571557393932 1.0
0.24041151978924083 0.9706710571314194 -420.6246445191184 352.3023963600026 346.07716745729385 1.0 341.7080956501049 348.701117060054 1.0 362.89669706990026 343.45321785453376 1.0
0.9999862696784414 -0.005240272377994733 -347.5427627408914 348.3663318545364 156.24873533798453 1.0 348.448209986214 171.87330626838147 1.0 348.2844537228587 140.62416440758759 1.0
-0.01876660656451988 -0.9998238917319652 274.5882483211775 389.9965540892655 267.31641305958686 1.0 395.63130010921077 267.21064937207973 1.0 384.3618080693202 267.422176747094 1.0
0.9997847943065606 0.02074524218678564 -568.4971008969145 562.7446047536744 283.1300754771266 1.0 562.4072981379995 299.38604503074185 1.0 563.0819113693493 266.8741059235113 1.0
-0.9999232037978386 -0.01239300232656401 226.26849446775674 223.87697003707677 194.3610812181471 1.0 224.00098653455396 184.35487205159436 1.0 223.7529535395996 204.36729038469983 1.0
-0.9997849116854852 -0.020739584519618787 93.90991425120926 92.36140865679714 75.62212505475682 1.0 92.594947629646 64.36400456907651 1.0 92.12786968394828 86.88024554043714 1.0
0.9994685326722589 0.03259834655257719 -94.11312709876266 83.80763181130574 317.50187970075694 1.0 83.3386154682331 331.881967213909 1.0 84.27664815437838 303.12179218760485 1.0
-0.340250539592271 -0.9403348181935882 434.4481496206602 172.3710464961726 399.6436171130772 1.0 177.944743009065 397.6268320176594 1.0 166.7973499832802 401.66040220849493 1.0
0.023939990659022956 -0.9997133973530843 242.2513213067785 335.0067499290618 250.34312877413367 1.0 344.37637689950475 250.56750186220555 1.0 325.6371229586189 250.1187556860618 1.0
0.4485468850383377 -0.8937593031249544 -53.93395046053857 196.74081984588167 38.392362822122266 1.0 206.7333415220594 43.40726387641759 1.0 186.74829816970393 33.37746176782694 1.0
-0.9995869069562652 -0.028740484366251963 271.62188072842355 267.2597445270047 155.618092087724 1.0 267.8707437889376 134.36768953343807 1.0 266.6487452650719 176.8684946420099 1.0
-0.9928618687949088 -0.11926990187420095 591.5191367854902 587.1339416908154 71.90610598868318 1.0 588.0398623601752 64.36477263779902 1.0 586.2280210214554 79.44743933956732 1.0
0.9998931563582423 0.014617656034794906 -479.2943039137057 477.1982522041251 146.8797256944428 1.0 476.92420043729027 165.6257192719187 1.0 477.4723039709599 128.13373211696688 1.0
-0.2278791059568781 0.9736894335815162 -86.14524581625665 99.99962376475688 111.87660759047753 1.0 91.74183727706645 109.94398211761401 1.0 108.25741025244731 113.80923306334104 1.0
0.030946465974239664 0.999521043422151 -185.71508511189822 305.00342976855745 176.3607760042808 1.0 298.11568156690646 176.57402960885898 1.0 311.8911779702084 176.1475223997026 1.0
0.9999512595378328 -0.009873122540590537 -454.64536118706525 456.67305641801573 203.12082290854997 1.0 456.83354776355924 219.3754092829586 1.0 456.5125650724722 186.86623653414134 1.0
-0.9987978544561996 -0.04901883243909681 319.16934684235997 309.00115801271795 215.0123262905364 1.0 309.40045901685494 206.87624947333006 1.0 308.6018570085809 223.14840310774272 1.0
-0.9986306253849881 -0.05231514162446115 52.13123643996184 42.02133557757043 194.34992426487486 1.0 42.4801767715759 185.5912197236293 1.0 41.56249438356497 203.10862880612044 1.0
0.11622783636646683 0.9932225783043647 -398.85839074961535 108.76201054630802 388.8526358757405 1.0 101.90773423262307 389.6547297096902 1.0 115.61628685999297 388.05054204179083 1.0
-0.999410511908882 -0.03433116202557786 386.18045125434065 379.3876495987455 204.37543453157525 1.0 379.73075884088956 194.38722081843554 1.0 379.0445403566014 214.363648244715 1.0
0.12631035916452302 0.9919907727230779 -211.52915397705704 276.857141848859 177.98474926152605 1.0 273.01034711099186 178.47456231053093 1.0 280.7039365867262 177.49493621252117 1.0
0.17641552460751217 0.9843157840233266 -398.1431434219329 89.21764573285547 388.4970370816096 1.0 79.09474864253609 390.3113290290953 1.0 99.34054282317486 386.682745134124 1.0
0.3282211626777974 0.9446009042820331 -429.8904300146993 310.3287940398237 347.27253693651716 1.0 306.2076832657597 348.70450229210337 1.0 314.4499048138877 345.84057158093094 1.0
-0.9996784259406795 -0.025358326221688987 47.41810447644577 43.54884231452068 153.135751389046 1.0 43.897407174595266 139.39459325379153 1.0 43.20027745444609 166.87690952430046 1.0
0.9996561804104679 0.026220621029147725 -520.5985838682119 514.7445661250977 230.00969358615617 1.0 514.3996793968976 243.15843438079477 1.0 515.0894528532976 216.8609527915176 1.0
0.9999853318647296 0.005416276893452933 -561.8887469628535 560.8205190562808 198.7442885554537 1.0 560.722350477558 216.86875683944982 1.0 560.9186876350035 180.6198202714576 1.0
-0.9999922147241171 0.003945946167322948 416.7789635260587 417.3815053754224 151.8754675770499 1.0 417.31737451785096 135.62325440037677 1.0 417.4456362329938 168.12768075372304 1.0
-0.08249697270904513 -0.9965913151808233 166.1865660829648 469.9772907821365 127.85066497225183 1.0 474.42528533183525 127.48246380554801 1.0 465.52929623243773 128.21886613895566 1.0
-0.1243165345746132 -0.9922426110742065 352.31784712180485 515.605932968706 290.47281492678155 1.0 524.5290856191455 289.35484699978235 1.0 506.6827803182666 291.59078285378075 1.0
0.0008843669853576785 -0.9999996089474412 249.91675887496208 381.87477486291084 250.25457418108329 1.0 414.37530217364923 250.2833165856834 1.0 349.3742475521725 250.22583177648315 1.0
-0.07605358398206828 -0.9971037319975703 163.5605499357086 436.26030517935476 130.76010649012971 1.0 444.43310062033345 130.13673064216903 1.0 428.08750973837607 131.38348233809037 1.0
0.9999917346677485 -0.004065783588343986 -600.4277191036161 600.6994999010133 65.62469709702154 1.0 600.8621299003449 105.62403587317405 1.0 600.5368699016816 25.62535832086903 1.0
0.13598448743368316 0.9907109665171767 -413.2101403187767 19.297541844852894 414.43568089861833 1.0 13.078914648133672 415.2892465302372 1.0 25.516169041572113 413.5821152669994 1.0
0.1806032189668124 0.9835560366846545 -397.1544610378837 163.14116258535827 373.8380206260359 1.0 144.4476368039444 377.27057637684254 1.0 181.83468836677216 370.40546487522937 1.0
0.22654870027416016 0.9739998390164595 -401.90924015712284 476.97839166379936 301.69451132923905 1.0 471.82127873628565 302.8940364052135 1.0 482.1355045913131 300.49498625326464 1.0
0.9999968849386699 -0.0024960194223390794 -560.527787128431 560.9008194333978 148.7508715641911 1.0 560.9304634655275 160.62735758887916 1.0 560.871175401268 136.87438553950304 1.0
-0.9999997892203 -0.0006492760242302694 567.8921104712326 567.7956502177913 148.75019195863842 1.0 567.8033606324284 136.87479116722616 1.0 567.787939803154 160.62559275005066 1.0
0.28000649886504464 0.9599981044738264 -433.8315987684696 433.8562333265372 325.36421937533964 1.0 430.4722339969003 326.3512440371984 1.0 437.24023265617416 324.37719471348095 1.0
0.18298307096638655 0.9831160642262491 -398.49621186862896 39.354537072570544 398.0150585033864 1.0 0.3279267678573383 405.27890990691856 1.0 78.38114737728375 390.75120709985424 1.0
-0.9999841866204436 -0.005623745108894361 87.99350928055021 86.1003764170701 336.874158541801 1.0 86.26910586899261 306.87159255196093 1.0 85.93164696514759 366.8767245316411 1.0
-0.15223380261317532 0.9883445094408795 -236.3418655871397 372.88409413257773 296.56402840415103 1.0 367.9059326340155 295.7972467326695 1.0 377.8622556311399 297.3308100756325 1.0
0.029683762321692342 0.9995593400366131 -316.7580608308142 518.1327447990907 301.5107953191383 1.0 509.29773376850176 301.7731673035089 1.0 526.9677558296797 301.2484233347678 1.0
-0.9680934576791598 -0.25058941956676606 607.5550870849867 585.7869345525206 161.45369673112546 1.0 588.4822362972593 151.04103050577618 1.0 583.0916328077819 171.86636295647475 1.0
0.9999316940612114 -0.011687908789681957 -295.1746729333339 297.0723081300167 160.62269372304047 1.0 297.24761478655824 175.62064461486233 1.0 296.89700147347526 145.6247428312186 1.0
0.2605960091596513 0.9654479374932979 -400.7228586564184 130.30801696204605 379.89113159936437 1.0 121.09794106277266 382.3771372452408 1.0 139.51809286131947 377.40512595348787 1.0
-0.9999949914444834 -0.0031649780326900535 295.62231218855305 295.12926124740727 156.25040911105754 1.0 295.1866324476116 138.1236125693774 1.0 295.071890047203 174.3772056527377 1.0
0.9984615852716003 -0.05544783798240063 -251.74597791191235 264.0033198538108 213.73593231986183 1.0 264.66267151053637 225.60902465999325 1.0 263.3439681970852 201.8628399797304 1.0
0.08761115339422794 0.9961547499264023 -161.31597809357208 503.7617115483934 117.63316243547928 1.0 495.64453030963574 118.34706317298024 1.0 511.8788927871511 116.91926169797831 1.0
0.9998838981672078 -0.015237788092392963 -431.70569253250034 435.8897789400155 271.26501433292776 1.0 436.2043120687416 291.9042704340392 1.0 435.57524581128945 250.62575823181638 1.0
-0.9996390544342229 0.026865607193079868 596.7073854524123 599.8619771519323 109.36191233919104 1.0 599.6269879379334 100.61822774662726 1.0 600.096966365931 118.10559693175482 1.0
0.004772391316719897 0.9999886120757177 -299.9423397296813 406.2554020441493 298.00692365687746 1.0 385.6189409509285 298.10541004616215 1.0 426.89186313737014 297.90843726759283 1.0
0.0003939829752711059 -0.9999999223887047 180.538947018073 554.3747016070258 180.75737524124145 1.0 559.3749470702534 180.75934525297902 1.0 549.3744561437984 180.75540522950385 1.0
0.038961623724942517 -0.9992407076759413 248.1338383126602 613.1355550538469 272.2292967164309 1.0 620.6485025182117 272.5222357749813 1.0 605.6226075894821 271.9363576578805 1.0
-0.9999988803366477 -0.0014964375867334426 593.2037502977678 593.0996637953904 69.99996208590866 1.0 593.1174339718361 58.12498867789839 1.0 593.0818936189445 81.87493549391893 1.0
-0.9999807076598121 0.006211626854659146 598.9920255315783 599.3025248186018 48.125450197468425 1.0 599.1782946782449 28.12622188363206 1.0 599.4267549589586 68.1246785113048 1.0
-0.031936386887093215 0.9994899034970777 -255.41390138792875 613.120682994547 275.13510618401835 1.0 608.1058325984291 274.9748682447746 1.0 618.1355333906648 275.2953441232621 1.0
-0.1389753146366761 0.9902958456550431 -250.22988641262754 287.51322772422543 293.0307432582025 1.0 277.9752310768768 291.6922078186319 1.0 297.051224371574 294.36927869777315 1.0
-0.9998506141974768 -0.01728436544766748 461.35847741318145 456.59794984830955 279.3702106484697 1.0 456.8355743701814 265.6243184511925 1.0 456.36032532643765 293.1161028457469 1.0
-0.9995955446322117 -0.028438480118180638 403.60267990498767 397.9689208553082 203.76334079217568 1.0 398.2359292412364 194.37815593545645 1.0 397.70191246938003 213.14852564889492 1.0
-0.025196566888494816 0.9996825161105067 -253.289414464837 407.50275267837554 263.6407865322801 1.0 400.6163745342682 263.4672183396478 1.0 414.3891308224829 263.8143547249125 1.0
-0.056570259217197036 0.9983986206781835 -272.3579753256892 491.17914416067185 300.6255223280061 1.0 486.8181450104189 300.37842377712053 1.0 495.5401433109248 300.8726208788918 1.0
0.08975437604776017 0.9959639310639101 -338.81579644012004 27.46295360374979 337.7139128077557 1.0 1.8209044062583946 340.0247255335221 1.0 53.105002801241184 335.4031000819893 1.0
-1.0 0.0 599.3749999999997 599.3749999999999 88.75 1.0 599.3749999999999 78.125 1.0 599.3749999999999 99.375 1.0
0.9981473854365527 0.06084239431657575 -638.3161090935481 622.6233947057653 276.88252156390354 1.0 622.2415206026066 283.1473413809967 1.0 623.0052688089241 270.61770174681044 1.0
0.9960702885887031 -0.08856624746943852 -358.5606708661871 384.6472134222064 277.4757959638071 1.0 385.2635185752181 284.40714135959036 1.0 384.03090826919464 270.5444505680239 1.0
-0.013948065015624496 -0.999902721009559 179.2542905058231 470.0030055370604 172.71545961259858 1.0 474.38587107989673 172.65432117156655 1.0 465.620139994224 172.77659805363064 1.0
-0.9605944962474029 -0.2779536180358122 607.2587260717468 577.3827479850486 189.34107244586028 1.0 581.7257634057913 174.33181752137278 1.0 573.0397325643057 204.3503273703478 1.0
-0.9999717257874825 0.007519815529909611 368.2082192333426 369.3278371447833 147.500354665999 1.0 369.2009438456256 130.62630890718106 1.0 369.45473044394095 164.3744004248169 1.0
0.010480117640841086 0.9999450820591269 -222.1885367603817 610.6268440459405 215.8009469437694 1.0 583.129864449749 216.0891343513643 1.0 638.1238236421319 215.51275953617449 1.0
0.04692283156531885 -0.9988985173068847 248.05463247179839 409.37226377652314 267.55824903320683 1.0 414.39054948271166 267.7939808626753 1.0 404.3539780703347 267.3225172037383 1.0
0.9186274017366108 0.39512491288027335 -614.5828639386087 595.6316412342945 170.62785656308216 1.0 584.8009353435195 195.80820557952293 1.0 606.4623471250695 145.4475075466414 1.0
0.9995638591640369 -0.029531194576204855 -338.0864798095466 346.54355925449624 281.2597921118858 1.0 346.8213835702156 290.6635141480334 1.0 346.2657349387769 271.8560700757382 1.0
-0.9999800455068515 0.006317324442766188 596.308431268523 596.9441760149443 98.74956298394949 1.0 596.7586083124214 69.37573529872539 1.0 597.1297437174672 128.1233906691736 1.0
0.9999997073921311 0.0007649938904201917 -312.7211334543196 312.6002602060191 158.1250766984675 1.0 312.5878286931774 174.37554530975476 1.0 312.61269171886073 141.87460808718023 1.0
-0.9998627204725973 -0.016569254936076472 348.2602742421967 345.7810602854694 152.49222895151442 1.0 346.10221711673404 133.11219380536858 1.0 345.4599034542048 171.87226409766026 1.0
0.999698120706079 0.02456964502662125 -273.24873124767976 269.42997963836905 158.7359905729008 1.0 268.98441196444213 176.8654004927222 1.0 269.87554731229596 140.60658065307942 1.0
0.9966122726881349 0.0822434065891632 -584.0313850109214 580.4945579136167 66.91581238881572 1.0 579.2524036296863 81.96803669806944 1.0 581.7367121975473 51.863588079562014 1.0
-0.02873079815106439 -0.9995871854108589 205.26579612640973 279.4057460986138 197.3197024849136 1.0 290.66440902357334 196.99609852452974 1.0 268.14708317365427 197.6433064452974 1.0
-0.9996260034849388 0.027346903969721763 317.4236657971508 321.21856415983865 134.37585999453705 1.0 321.0472425245973 128.11344865406477 1.0 321.38988579508 140.63827133500934 1.0
0.19369561023557813 0.9810616752149007 -401.54643786304115 385.1492658880792 333.25602664424514 1.0 375.76969577669763 335.10787918559885 1.0 394.52883599946074 331.40417410289143 1.0
0.9997755572298607 0.021185730238101396 -291.7060728335824 287.28164197072897 211.8836169411055 1.0 287.04279495516295 223.15504376455877 1.0 287.52048898629494 200.6121901176522 1.0
0.23472929979465174 0.9720607778415465 -411.32988281603093 321.23934068793585 345.5808576658925 1.0 314.1727105023362 347.2872789033143 1.0 328.30597087353544 343.87443642847074 1.0
-0.12037247604864074 -0.9927287983180096 180.5303920654917 388.17470089559185 134.78489030030678 1.0 394.4835128437768 134.01992073720461 1.0 381.8658889474069 135.54985986340895 1.0
0.12922701934293224 0.991615034916142 -389.33007939642096 216.33849046461754 364.4290257610803 1.0 203.03222471249515 366.1630949322654 1.0 229.64475621673992 362.6949565898952 1.0
0.028797629365972344 0.9995852622677567 -187.70794644740204 503.1117876434316 173.29139013535718 1.0 493.1020896243136 173.5797653090426 1.0 513.1214856625496 173.00301496167174 1.0
0.999994058055229 0.003447296656117679 -547.0370675546375 546.5275263153153 148.75095672122356 1.0 546.4908915785738 159.3779850028801 1.0 546.5641610520566 138.123928439567 1.0
-0.006028394800417751 -0.9999818290629737 246.2576063946895 568.1232646807877 242.83714763840894 1.0 619.3714021766643 242.52819801889362 1.0 516.875127184911 243.14609725792425 1.0
0.9993098318438518 0.03714646659121989 -289.72346244758376 283.93016849972435 161.2334646693776 1.0 283.39483175380786 175.63503021876565 1.0 284.46550524564077 146.8318991199896 1.0
-0.9982319877410246 0.05943819185172816 586.1660049539369 603.5050811611543 273.76458331641356 1.0 603.0949580067485 266.87678880438654 1.0 603.9152043155601 280.65237782844065 1.0
0.999871865929761 0.01600786438405518 -372.0030811796235 368.7887232873644 203.75061995657018 1.0 368.6385086309952 213.13322122994467 1.0 368.93893794373355 194.3680186831957 1.0
0.9999994802020131 -0.0010196056607071871 -484.57668114332847 484.73433500731585 154.37527087367118 1.0 484.74453170837035 164.37589773092085 1.0 484.72413830626135 144.3746440164215 1.0
0.1788053751019346 0.983884463661591 -397.26798964706586 264.39331078165696 355.72575588376225 1.0 236.89290408829407 360.7235180355933 1.0 291.8937174750199 350.7279937319312 1.0
0.14169950934554684 0.9899097176264264 -385.3241633703985 363.7055682975861 337.18960108476546 1.0 354.25580086032323 338.5422773798324 1.0 373.155335734849 335.8369247896985 1.0
1.0 0.0 -598.1250000000001 598.1250000000001 90.625 1.0 598.1250000000001 116.875 1.0 598.1250000000001 64.375 1.0
0.0 -1.0 263.125 486.875 263.125 1.0 498.125 263.125 1.0 475.625 263.125 1.0
0.9999484901099603 0.01014973530740188 -461.83915622296945 459.0209109326622 279.99640590455977 1.0 458.8750160030372 294.3699250333619 1.0 459.1668058622872 265.6228867757577 1.0
0.998283738279958 -0.05856259801095311 -325.4784160491783 338.7605450213372 216.8743813944654 1.0 339.0549989538446 221.89377231082753 1.0 338.4660910888297 211.85499047810328 1.0
-0.9998536267460868 0.017109210463875153 349.92712888045065 352.63063395024017 154.99776462905308 1.0 352.34177533106794 138.11701267349042 1.0 352.91949256941234 171.87851658461574 1.0
-0.9700468590366605 -0.24291786939850518 608.8098963602946 593.4677111419585 136.33582127723847 1.0 595.4560614502878 128.39571799856512 1.0 591.4793608336292 144.2759245559118 1.0
0.9999266748026433 0.012109707598824763 -397.75980332221144 395.3213902841726 203.7538922277648 1.0 395.2077784467976 213.1350854430024 1.0 395.4350021215476 194.3726990125272 1.0
0.9999618886188626 -0.008730481647521118 -321.69511873766135 323.1425533696281 164.38030350378216 1.0 323.2189898109688 173.13509291039443 1.0 323.06611692828744 155.62551409716988 1.0
-0.9999697570946926 -0.007777203609364468 464.1658762395308 462.62931750676626 199.37114485973387 1.0 462.736326428443 185.61225531654844 1.0 462.52230858508943 213.13003440291928 1.0
0.21169123481398142 0.9773365956020126 -410.77090345466905 445.6299269260454 323.77274664386675 1.0 440.466067337871 324.8912393080582 1.0 450.7937865142199 322.65425397967533 1.0
0.0 -1.0 321.875 553.75 321.875 1.0 565.625 321.875 1.0 541.875 321.875 1.0
-0.12287828328853093 -0.9924217488024251 179.51825197311717 331.31095246923394 139.86728028331868 1.0 337.0034540373881 139.16245411323914 1.0 325.61845090107977 140.57210645339822 1.0
0.18293960954138586 0.9831241525162757 -397.1967488724395 347.87514709085224 339.28228132810926 1.0 342.59285072306795 340.2652103229173 1.0 353.1574434586365 338.2993523333012 1.0
0.9995429545628871 0.030230481036428752 -457.08303747581925 448.8613391165157 278.7533673740934 1.0 448.5019450513214 290.63640044074515 1.0 449.22073318171 266.8703343074416 1.0
0.34233649630266566 -0.9395774174059394 28.942966921166676 102.2908385226637 68.07406499984361 1.0 109.36528924872036 70.65165214695757 1.0 95.21638779660705 65.49647785272964 1.0
-0.9996231895172848 -0.027449571568429757 584.9270153808856 582.8474748866761 83.75954163215707 1.0 583.4138798943568 63.132932618428605 1.0 582.2810698789954 104.38615064588554 1.0
0.999968523443406 0.007934237355557388 -340.69623870488914 339.5465727936572 146.2464022876778 1.0 339.4523173456753 158.1256134734823 1.0 339.6408282416391 134.3671911018733 1.0
-0.9999989986835046 0.001415143804773736 548.6418262505683 548.8528782609412 148.7498544123206 1.0 548.8378411214262 138.1239912262931 1.0 548.8679154004562 159.37571759834807 1.0
0.07616216469906524 0.9970954441117222 -155.19177211385457 549.9910871045236 113.63331466800537 1.0 541.8657544994463 114.25396028799803 1.0 558.1164197096009 113.0126690480127 1.0
-0.07190397150034106 -0.9974115594289441 206.93349750146896 506.2302539022777 170.97609320861085 1.0 513.1145325648092 170.4798016105523 1.0 499.34597523974617 171.47238480666942 1.0
0.003213502380546807 0.9999948366878952 -250.91016551686886 552.4932066647525 249.13601364901032 1.0 538.1163466809746 249.1822139613396 1.0 566.8700666485304 249.08981333668103 1.0
-0.9999941014924808 -0.003434673237162638 580.8569587124732 580.7466092651032 33.12541769055199 1.0 580.7809557948804 23.125535660354448 1.0 580.712262735326 43.12529972074953 1.0
-0.9978517519110014 -0.06551245078720042 385.80371217812876 368.41689070949496 277.4781302122693 1.0 368.7872890253187 271.83641472294636 1.0 368.04649239367114 283.1198457015922 1.0
-0.059270658487153696 0.9982419491498538 -211.73053457723574 615.0077463967406 248.6195344647992 1.0 608.1199193110386 248.21056943656842 1.0 621.8955734824425 249.02849949302995 1.0
0.14220345042616414 0.9898374506386862 -392.6616295145161 189.390733782293 369.48451834788244 1.0 183.09117228944763 370.38953500478544 1.0 195.69029527513842 368.57950169097944 1.0
0.999953948151682 -0.00959695659378996 -471.31191156340606 474.00287053350314 278.1225731007029 1.0 474.11088888664534 289.37753477962207 1.0 473.894852180361 266.86761142178375 1.0
0.003821898914541507 -0.9999926965176731 181.6598311546117 472.5010815194008 183.46702247334605 1.0 480.62835150762226 183.49808430455175 1.0 464.3738115311794 183.43596064214034 1.0
0.9999749617411487 0.007076432066244868 -585.9319165732973 583.9740029078678 278.7471623002677 1.0 583.8899723811119 290.62156764906456 1.0 584.0580334346237 266.8727569514708 1.0
0.9117463744397903 0.4107536350367425 -613.7597140713084 581.4844516069409 203.51219416011506 1.0 578.2538817037058 210.68306288872762 1.0 584.715021510176 196.3413254315025 1.0
0.010120484565403511 -0.9999487865846738 141.55262554715975 276.8814552432318 144.36219332235905 1.0 281.88726810110563 144.41285716879307 1.0 271.875642385358 144.31152947592503 1.0
0.2122173353189264 0.9772224939030693 -414.09827014896933 393.90387935749055 338.2085866442585 1.0 386.6904296094652 339.7750866926444 1.0 401.1173291055159 336.6420865958726 1.0
0.06005110944121426 -0.9981953036630054 289.3227762759698 411.86006658690576 314.62322959903645 1.0 429.37188763064614 315.67673513863735 1.0 394.3482455431654 313.5697240594355 1.0
0.999998688616372 0.001619495457324234 -527.9291116303617 527.4945639881977 268.74999119639205 1.0 527.4652090322987 286.87595584210015 1.0 527.5239189440966 250.6240265506839 1.0
-0.09543614926680596 -0.9954355536211894 163.5795166397822 549.9737819701962 111.60153591733237 1.0 558.143529664279 110.81827148844164 1.0 541.8040342761135 112.38480034622309 1.0
-0.9982720886202981 -0.0587608465023049 297.39277364147534 288.4516018224978 160.64422461799535 1.0 289.3358075633542 145.6226930330117 1.0 287.56739608164145 175.66575620297903 1.0
-0.05324967766438223 0.9985812294593962 -294.5117864076183 373.75741415736775 314.860963695849 1.0 298.11421416274385 310.82726478544913 1.0 449.40061415199165 318.89466260624886 1.0
0.08337059085286076 0.9965186122601247 -159.6345925139127 436.2454141162092 123.69518548442016 1.0 428.1249629755523 124.37455745124463 1.0 444.3658652568661 123.01581351759569 1.0
-0.000338622431914038 0.9999999426674225 -382.27896025729626 116.87527307910756 382.3185587658047 1.0 113.12485023108626 382.3172887884264 1.0 120.62569592712887 382.31982874318305 1.0
-0.9908012271611508 0.13532526835723546 246.7026537961019 277.15777528902447 206.2113780838951 1.0 276.3806816427118 200.52178775289207 1.0 277.93486893533714 211.9009684148982 1.0
-0.07377876069746794 -0.9972746334234848 167.0622230397859 530.0135507577818 128.30816690158005 1.0 543.159079480861 127.33565563397427 1.0 516.8680220347024 129.28067816918582 1.0
-0.09292786887818272 -0.9956728434509796 170.15364242322423 359.9230834287281 137.30087972099983 1.0 364.37595992196805 136.88528505492422 1.0 355.47020693548814 137.7164743870754 1.0
-1.0 0.0 261.875 261.875 213.75 1.0 261.875 200.625 1.0 261.875 226.875 1.0
0.11899503007545352 0.9928948498291961 -234.5353211869119 553.7321149055738 169.8507667241796 1.0 548.112920406903 170.52420784282793 1.0 559.3513094042445 169.17732560553125 1.0
-0.9997146763627797 -0.023886520568359833 262.40068198304766 258.69711179842545 158.13866966051776 1.0 258.9359088502198 148.1443753191664 1.0 258.4583147466312 168.13296400186914 1.0
1.0 0.0 -489.375 489.375 276.875 1.0 489.375 286.875 1.0 489.375 266.875 1.0
1.0 0.0 -584.3749999999998 584.3749999999998 71.25 1.0 584.3749999999998 85.625 1.0 584.3749999999998 56.875 1.0
-0.9990567691881979 0.04342317283709236 585.2972368836861 588.2413187869611 55.02210940650622 1.0 587.8334320411003 45.63767275921002 1.0 588.6492055328217 64.40654605380242 1.0
-1.0 0.0 461.8750000000002 461.87500000000006 147.5 1.0 461.87500000000006 129.375 1.0 461.87500000000006 165.625 1.0
-0.11306169863334486 -0.9935879690808171 175.55859913497375 305.6293895499913 141.91357543371265 1.0 311.93991705628713 141.19549210205327 1.0 299.3188620436955 142.63165876537207 1.0
-0.05105460259520396 -0.9986958633907752 201.89025257604834 524.3608341005958 175.34789618531872 1.0 531.8412848072496 174.96548603217704 1.0 516.8803833939419 175.7303063384604 1.0
1.0 0.0 -364.375 364.375 155.0 1.0 364.375 170.625 1.0 364.375 139.375 1.0
0.9988400641864307 0.04815107658242967 -310.44917055148153 300.5057221512591 213.74424997350903 1.0 299.99181223403144 224.40473466341885 1.0 301.01963206848666 203.0837652835992 1.0
-0.9996522890127306 -0.026368562183178644 453.58908981710823 446.5092914063372 274.3818395197477 1.0 446.74037066302037 265.62144878315905 1.0 446.27821214965405 283.1422302563364 1.0
0.9996167990988443 -0.02768131065142418 -266.5516879433835 272.5215587116727 211.89171044922125 1.0 272.8328541220904 223.13309008092824 1.0 272.21026330125505 200.6503308175143 1.0
-0.9999226876064251 0.012434581213036965 510.39655483662483 513.8714143955913 276.2562623602538 1.0 513.7393071845171 265.6329051851094 1.0 514.0035216066653 286.87961953539815 1.0
-0.022946805059257714 -0.999736687402024 167.52083834495326 524.3727990678644 155.52911072057083 1.0 531.8688498988962 155.3570549989978 1.0 516.8767482368327 155.70116644214383 1.0
-0.08164441288006248 -0.9966615222057436 188.26834587082135 524.3500420577237 145.94532978604826 1.0 531.8509058845776 145.3308748185469 1.0 516.8491782308698 146.55978475354962 1.0
-0.9996505000603841 -0.026436295675152727 591.2427519739974 590.8381984507432 23.11410968632039 1.0 591.4332440136307 0.6133175251038026 1.0 590.2431528878559 45.61490184753698 1.0
0.9995721245154778 -0.029250092164199815 -576.5233022177512 579.4590537730664 91.89082950004868 1.0 579.7154172997085 100.65161676647634 1.0 579.2026902464243 83.13004223362103 1.0
0.18187574309420793 0.9833215212095837 -397.0400820329226 105.71226814729481 384.22182018828437 1.0 99.33368118613802 385.40160748921153 1.0 112.09085510845159 383.04203288735727 1.0
1.0 0.0 -591.8749999999999 591.8749999999999 31.875 1.0 591.8749999999999 44.375 1.0 591.8749999999999 19.375 1.0
0.9524741688162848 0.3046193653360326 -622.1440307379595 610.9099844004227 132.1913696464357 1.0 608.7992664252245 138.79109565799354 1.0 613.0207023756208 125.59164363487785 1.0
-0.9356288950746424 -0.3529852273132741 610.8763259681948 590.1604452294962 166.31053125988643 1.0 593.2332040858845 158.1658222149329 1.0 587.0876863731079 174.45524030484 1.0
0.07178543341218323 -0.997420097827302 234.47890968686357 133.14887428873877 244.66827956205742 1.0 156.91073745182814 246.37844727329468 1.0 109.38701112564938 242.95811185082016 1.0
0.021905196242281027 0.9997600524013687 -276.97172213617466 538.1304231684875 265.2475151170219 1.0 533.1191348940101 265.35731471625115 1.0 543.1417114429648 265.1377155177927 1.0
0.999985072535348 0.005463946053436174 -547.5680098715363 546.493634709833 198.12291620952217 1.0 546.4116767424744 213.12246838892506 1.0 546.5755926771916 183.1233640301193 1.0
0.07316989352969326 0.9973194907755756 -216.42863562416744 421.2393949618123 186.10545132328673 1.0 410.6256708402313 186.88414367925952 1.0 431.8531190833933 185.32675896731394 1.0
-0.07055647696456446 -0.9975077862143978 150.76215939460226 503.7417093559078 115.507789186898 1.0 511.9142371412444 114.92972375583335 1.0 495.56918157057123 116.08585461796264 1.0
1.0 0.0 -594.3750000000001 594.3750000000001 15.0 1.0 594.3750000000001 29.375 1.0 594.3750000000001 0.625 1.0
0.08002642234970767 -0.9967927426129798 187.95282870731162 575.0222691890779 234.7226195373358 1.0 580.6611015031708 235.1753270632191 1.0 569.383436874985 234.26991201145245 1.0
-0.9009778024773573 -0.4338651857928592 615.4045260718187 592.8207800169013 187.35350309505284 1.0 599.8518017241886 172.7526669495439 1.0 585.789758309614 201.95433924056178 1.0
0.01956506963192151 0.999808585705433 -260.0580199739943 393.1233337229295 252.41485038629617 1.0 386.86350034474145 252.53734791000173 1.0 399.3831671011175 252.2923528625906 1.0
1.0 0.0 -589.375 589.375 46.875 1.0 589.375 56.875 1.0 589.375 36.875 1.0
0.9999440575190645 0.010577420872308443 -381.50892035273995 379.90390541244847 153.74898351023896 1.0 379.72535149447896 170.62870602253443 1.0 380.0824593304179 136.86926099794348 1.0
-1.0 0.0 481.875 481.87499999999983 201.875 1.0 481.87499999999983 193.125 1.0 481.87499999999983 210.625 1.0
-0.215921893922998 0.9764106388834083 -128.33470611085934 61.25423650079927 144.9808423111853 1.0 46.89059269227454 141.8044889909074 1.0 75.61788030932401 148.15719563146325 1.0
1.0 0.0 -370.6249999999997 370.6249999999999 151.875 1.0 370.6249999999999 165.625 1.0 370.6249999999999 138.125 1.0
-0.17213579736068937 0.9850732293931248 -367.890239854244 32.539161433123596 379.1508927545216 1.0 25.655914763412657 377.9480855737286 1.0 39.42240810283454 380.3536999353146 1.0
0.05932915648476218 -0.9982384741086704 289.47888674651506 282.4316089197824 306.77570922298696 1.0 289.2824092717192 307.1828786686335 1.0 275.58080856784557 306.36853977734035 1.0
0.9953371076117064 0.09645746322168357 -558.3991826506857 534.2451498693764 276.23741630940594 1.0 533.3450777526517 285.5251909136763 1.0 535.1452219861011 266.94964170513555 1.0
-0.10753559878000862 -0.9942012346577654 165.0866421659066 549.9663204830782 106.56362202204534 1.0 558.1310037862587 105.68050693704056 1.0 541.8016371798977 107.44673710705013 1.0
0.053129706249335794 -0.9985876197479414 292.1786031042559 346.26251909897394 311.0147000495894 1.0 375.6540778573837 312.5784735754805 1.0 316.8709603405641 309.45092652369834 1.0
-0.9940665455206644 -0.10877363226725822 591.6535316781627 580.6857746537771 132.506650138133 1.0 582.1197472865633 119.401780954924 1.0 579.251802020991 145.61151932134203 1.0
0.9191885924282356 0.39381763742854264 -616.0595012907726 627.6222813337575 99.42739027807644 1.0 616.924608315507 124.39625421243338 1.0 638.319954352008 74.45852634371953 1.0
0.9998477271841157 -0.01745057147368352 -258.91210932122857 261.7659070294435 161.25190402461115 1.0 262.01672079644266 175.62252651446775 1.0 261.5150932624444 146.88128153475455 1.0
0.02596115064713257 -0.9996629525280393 165.73055794585306 388.11874534864324 175.86584230037755 1.0 394.39697346588366 176.02888728022455 1.0 381.8405172314028 175.70279732053052 1.0
0.0 -1.0 301.875 123.125 301.87499999999994 1.0 131.875 301.87499999999994 1.0 114.375 301.87499999999994 1.0
-0.014547747470286296 0.9998941759224026 -247.008493829029 375.62500418899265 252.49971208262093 1.0 370.6169709937947 252.4268487696815 1.0 380.6330373841905 252.57257539556036 1.0
-0.034286230763259054 0.9994120543499805 -299.86011721036573 488.73102427503323 316.8031249090261 1.0 476.8485675840683 316.39548058417773 1.0 500.6134809659982 317.21076923387454 1.0
-0.12489522231473718 -0.9921699367764336 376.5053107279113 37.547225357785415 374.75015910840943 1.0 48.1613845379014 373.41403943641893 1.0 26.93306617766943 376.0862787804 1.0
-0.9999929396384466 -0.0037577484293305568 549.4782286772844 548.73759923068 198.12495340069955 1.0 548.7939738845748 183.12281663461198 1.0 548.6812245767852 213.1270901667871 1.0
-0.07324326267387493 0.9973141052210611 -313.9197760586538 318.12474678566946 338.12844788331716 1.0 304.35720152544593 337.1173522529736 1.0 331.892292045893 339.1395435136607 1.0
0.9999094444374927 0.013457448669961158 -584.7737410718373 582.9171763758844 141.8806146381015 1.0 582.5806574359783 166.88449720874831 1.0 583.2536953157905 116.87673206745465 1.0
0.08154220490441233 -0.9966698895919988 360.424597881069 116.25895474557959 371.1405483939439 1.0 123.13903613143695 371.7034398909011 1.0 109.37887335972223 370.5776568969867 1.0
0.0 -1.0 300.625 149.375 300.625 1.0 159.375 300.625 1.0 139.375 300.625 1.0
0.0 -1.0 273.125 170.625 273.125 1.0 196.875 273.125 1.0 144.375 273.125 1.0
-0.07801001537656076 -0.9969525753519817 215.9661453751807 420.0009285685107 183.76186692200568 1.0 431.8522701924175 182.83451755236547 1.0 408.14958694460387 184.6892162916459 1.0
-0.0969507596386904 -0.9952891791863713 159.16233244555622 503.77128280818283 110.84348770206725 1.0 511.94052983108026 110.04772429871801 1.0 495.60203578528547 111.63925110541648 1.0
0.0 1.0 -340.6250000000001 50.0 340.62500000000006 1.0 39.375 340.62500000000006 1.0 60.625 340.62500000000006 1.0
-0.9501945827030995 -0.31165727169710405 612.1063562092592 630.8424243125266 40.69631367540523 1.0 638.6041086916714 17.032144347495574 1.0 623.0807399333819 64.36048300331488 1.0
-0.07834353059515216 -0.9969264221665943 245.69328298620192 523.7727934464203 205.29004805905714 1.0 530.654410908301 204.74925568342996 1.0 516.8911759845398 205.83084043468432 1.0
0.0 -1.0 299.375 176.875 299.37499999999994 1.0 185.625 299.37499999999994 1.0 168.125 299.37499999999994 1.0
-0.010764749756548167 -0.9999420584027252 240.38549246058537 595.620826705115 233.98734091159037 1.0 606.8695230569451 233.86624449375566 1.0 584.3721303532849 234.1084373294251 1.0
-0.9153229175843659 -0.40272069296827057 618.2348767390365 617.9835897379696 130.56278278941383 1.0 636.2300924591322 89.09125575327646 1.0 599.737087016807 172.0343098255512 1.0
0.9999489773127362 0.010101622206998406 -93.25472884930174 90.03311360916393 319.37533451823765 1.0 89.89415961399946 333.1302446218804 1.0 90.17206760432839 305.62042441459494 1.0
0.06467847031749176 -0.9979061556466065 311.66167029988543 338.13430029306545 334.2315083612244 1.0 358.1313130071978 335.5275983652303 1.0 318.1372875789331 332.9354183572185 1.0
-0.9968602294700052 -0.07918132924502115 580.2061365970953 581.1406825763363 11.241316837948354 1.0 581.9832612573343 0.6335992699959858 1.0 580.2981038953383 21.84903440590072 1.0
-0.9524451945151181 -0.30470994641635674 612.993185723363 613.561856475118 93.88976081132165 1.0 622.17392751274 66.97063404478695 1.0 604.949785437496 120.80888757785634 1.0
-1.0 0.0 591.875 591.875 111.25 1.0 591.875 94.375 1.0 591.875 128.125 1.0
0.9999786214351869 0.006538858660599615 -93.81599008918468 92.47750206199089 204.99985288601812 1.0 92.44069504543135 210.62869907902808 1.0 92.51430907855043 199.37100669300813 1.0
-0.14458476732360515 -0.9894924178880701 375.6945250612821 310.0016945276376 334.386596811202 1.0 316.91180625117227 333.3768903418389 1.0 303.091582804103 335.3963032805652 1.0
-0.0010027567246061785 -0.9999994972393492 213.55565923637036 625.6248028747854 212.92841681023728 1.0 638.1247903057723 212.91588235748154 1.0 613.1248154437984 212.94095126299302 1.0
1.0 0.0 -456.875 456.875 155.0 1.0 456.875 165.625 1.0 456.875 144.375 1.0
1.0 0.0 -588.125 588.125 124.375 1.0 588.125 136.875 1.0 588.125 111.875 1.0
0.12283909680724897 -0.9924265999536588 354.6527311642925 131.80707465373405 373.6737741459967 1.0 139.34628980993313 374.6069518545207 1.0 124.26785949753494 372.7405964374727 1.0
0.19088137609525402 0.9816131112918074 -71.16225168457852 61.242454941498806 60.58619931393129 1.0 53.179280425040794 62.15413868810307 1.0 69.30562945795681 59.01825993975951 1.0
-0.9987137007918799 0.050704475646507534 553.0112106970992 567.684678442805 274.99062391594487 1.0 567.3349267280759 268.10164962084286 1.0 568.0344301575341 281.8795982110468 1.0
0.0 -1.0 235.625 525.625 235.625 1.0 534.375 235.625 1.0 516.875 235.625 1.0
-1.0 0.0 579.375 579.375 159.375 1.0 579.375 149.375 1.0 579.375 169.375 1.0
1.0 0.0 -593.125 593.1249999999999 118.75 1.0 593.1249999999999 130.625 1.0 593.1249999999999 106.875 1.0
-0.08319556930997143 0.9965332394090975 -333.7960456752348 133.13982364558768 346.072439395753 1.0 124.39856982580667 345.3426758923792 1.0 141.88107746536866 346.8022028991268 1.0
0.4587881709526157 -0.8885456736679063 -61.62430523418987 147.5283538086838 6.820086522205519 1.0 159.4516646299242 12.976521836099066 1.0 135.60504298744334 0.6636512083119717 1.0
1.0 0.0 -464.375 464.3749999999998 141.25 1.0 464.3749999999998 151.875 1.0 464.3749999999998 130.625 1.0
0.09356794470948249 0.9956128965229625 -150.3659870217023 413.0973299942683 112.20557636337065 1.0 395.57587157576745 113.85224733183371 1.0 430.6187884127691 110.55890539490758 1.0
-0.0639542610443784 0.9979528307962594 -317.2225145946895 269.4061921029984 335.13827328347804 1.0 263.1817555249092 334.73937743441104 1.0 275.63062868108756 335.53716913254505 1.0
