line_hom_a line_hom_b line_hom_c centroid_x centroid_y centroid_z point1_x point1_y point1_z point2_x point2_y point2_z
-0.9999362830171945 -0.011288485538684856 382.75599123102774 380.3178825205623 218.12858864089372 1.0 380.5154980739862 200.62376381032544 1.0 380.1202669671384 235.633413471462 1.0
-0.9995582334123221 -0.029721002971603745 386.9032284350469 379.7332926739458 246.88565352399797 1.0 379.99434073719135 238.1062478901204 1.0 379.47224461070033 255.6650591578756 1.0
-0.9997976142872697 -0.020117914044046753 384.79455478230244 379.4769455147714 268.13962758779564 1.0 379.60290998672275 261.8795860016639 1.0 379.35098104281997 274.3996691739274 1.0
-0.6280229415044147 0.7781948245421211 207.3924369155192 375.5101863364554 36.54171677266564 1.0 367.5352641914564 30.10575253104033 1.0 383.4851084814544 42.97768101429094 1.0
-0.10017665001785427 -0.9949696672719226 68.40413498941409 292.4925402666529 39.30090879805847 1.0 300.6605938670022 38.47852368043695 1.0 284.3244866663035 40.12329391568 1.0
-0.9997894524374242 -0.020519522286725923 205.50809975662202 203.43419995511388 103.15700077591379 1.0 203.66499597706627 91.91173759735614 1.0 203.2034039331615 114.40226395447144 1.0
-0.9999956551855274 -0.0029478144561531994 381.29413490529083 380.7301708635455 191.87715241757888 1.0 380.7486000548546 185.62536435161152 1.0 380.7117416722364 198.12894048354622 1.0
-0.999948002574636 -0.010197653994704674 122.42304922368714 120.72758256844851 166.8760461559363 1.0 120.91877863862886 148.1279960086925 1.0 120.53638649826816 185.62409630318015 1.0
-0.5922881938197125 0.8057261913713508 192.67362213454675 394.3038390226669 50.721804670157326 1.0 384.23272623854484 43.31854378011497 1.0 404.37495180678906 58.12506556019967 1.0
0.9999893541493793 0.004614280865702062 -279.77400892853143 279.72506872649035 11.251615332622917 1.0 279.6760425142236 21.8763891095014 1.0 279.7740949387572 0.6268415557444329 1.0
-0.46634964655543265 0.8846004788364198 72.07203063796449 338.9107202023846 97.19513610862963 1.0 314.4223465694108 84.28519013677524 1.0 363.39909383535837 110.10508208048401 1.0
0.9991455567973982 0.041329847955406784 -320.0094268482514 310.7699178190687 229.9801413083319 1.0 310.3300957981663 240.61280123102156 1.0 311.2097398399712 219.34748138564223 1.0
0.18515590563132295 -0.9827091587086408 113.13352577697933 148.63160916175053 143.1283556587528 1.0 174.40160825755032 147.98377750805284 1.0 122.86161006595073 138.27293380945278 1.0
-0.9997182146513949 0.02373797156935319 372.41833147817937 379.24573115038834 283.11322903115945 1.0 379.0970584523497 276.85191880015043 1.0 379.394403848427 289.3745392621685 1.0
-0.08772191671593826 0.9961450021596665 -176.09229459199398 217.52821533310646 195.92959474541243 1.0 174.46199380048628 192.1371232775396 1.0 260.5944368657266 199.72206621328525 1.0
0.5095830026559915 -0.8604215033366517 -112.52518401939281 274.443428377411 31.75945994655244 1.0 286.4378440025877 38.8631298405277 1.0 262.44901275223424 24.655790052577178 1.0
-0.049332741963112756 0.9987823990091139 -237.97963773476002 394.3935229102486 257.74998827353704 1.0 381.862353560159 257.1310376946548 1.0 406.92469226033813 258.3689388524192 1.0
0.1640429876220575 -0.9864531910901955 125.75200811294853 199.27237992422175 160.61709374285823 1.0 223.09123069445138 164.57806774280462 1.0 175.45352915399215 156.65611974291184 1.0
0.16372216215447535 -0.9865064893955152 126.08084864035214 244.23573546598197 168.3391372599989 1.0 262.9878707695446 171.4512710066241 1.0 225.48360016241935 165.2270035133737 1.0
-0.9994799259159921 -0.03224713461631911 348.7748813470544 337.96663357315714 340.6198904791855 1.0 338.97513228643714 309.36209870238145 1.0 336.95813485987713 371.87768225598955 1.0
0.9999578400407173 0.009182491007531563 -277.2773763367779 275.4926774511553 195.6237848981565 1.0 275.4007510147381 205.63441934658806 1.0 275.58460388757254 185.6131504497249 1.0
-0.2513657893608534 0.9678921633833983 -60.679554253507305 214.7724003287307 118.46979708383361 1.0 208.46112699598999 116.83073204831264 1.0 221.0836736614714 120.10886211935457 1.0
-0.11972325927418452 -0.9928073031503981 56.23832543767968 294.3627446239713 21.148372071576834 1.0 308.13852330187507 19.487142226545558 1.0 280.58696594606755 22.80960191660811 1.0
0.991358300083822 0.13118201422037565 -378.84751620940455 355.19612387072397 203.6932487381356 1.0 354.2590194655805 210.7750597288058 1.0 356.13322827586745 196.61143774746543 1.0
0.1721473640451811 -0.9850712081125383 124.03248191981868 147.92609069332013 151.76320988269407 1.0 173.0331098789944 156.15081875426696 1.0 122.81907150764584 147.37560101112115 1.0
0.99978627010272 0.02067399608423395 -359.2679285985444 354.5888715019413 229.99149851401927 1.0 354.1875970377096 249.39697282324596 1.0 354.990145966173 210.5860242047926 1.0
0.18126714431807425 -0.9834338932489415 114.07954442453095 194.38327972771845 151.83007975316855 1.0 202.08250702928632 153.24920609810295 1.0 186.68405242615057 150.41095340823418 1.0
-0.0034791036353287513 -0.9999939479006335 202.8664221274979 393.75086192376705 201.4977415567194 1.0 405.6278926134542 201.45641988598715 1.0 381.8738312340799 201.53906322745166 1.0
0.19321433169627442 -0.9811565736553785 110.97104082995226 212.39121255295578 154.92743064974292 1.0 221.890160913631 156.79801176656466 1.0 202.89226419228058 153.05684953292115 1.0
-0.11100797601556264 -0.9938195154357397 53.27427637056043 336.7070030745323 15.995976333812182 1.0 352.96361159927227 14.180140378510483 1.0 320.4503945497923 17.81181228911388 1.0
0.08692122626967164 0.9962151878102324 -81.40837772580895 368.14432923000345 49.596534754219306 1.0 348.07895460714553 51.3472679182186 1.0 388.2097038528613 47.84580159022001 1.0
-0.9992538002975234 -0.03862437819508838 402.35687455608684 391.0143403367944 301.2167327316453 1.0 392.0553255294653 274.2853371095384 1.0 389.97335514412356 328.14812835375227 1.0
-0.9999378301332945 -0.011150599460046432 239.12416825004203 236.16993603793983 266.2560767412806 1.0 236.26052902604854 258.13208697021065 1.0 236.07934304983112 274.38006651235054 1.0
-0.06662537103037468 0.9977780614620992 -179.90313002607888 164.99525214337834 191.32110365169893 1.0 159.3536728477743 190.94439431293466 1.0 170.63683143898237 191.69781299046323 1.0
-0.6587042166496113 -0.7524019902738309 346.3994893814491 219.7891401565532 267.9730497697857 1.0 230.80421080877719 258.3297027570104 1.0 208.77406950432922 277.61639678256097 1.0
-0.18639920530145862 -0.9824740893596048 392.3183147209977 449.54610936460654 314.02688430203256 1.0 457.0144398734363 312.609960551217 1.0 442.0777788557767 315.4438080528481 1.0
-0.9999515544359767 -0.009843209896869064 277.43346423721414 277.3361797066418 11.248387404344003 1.0 277.4408193006483 0.6182651394947802 1.0 277.2315401126354 21.878509669193225 1.0
0.15058176593938014 -0.988597558041986 120.44129519140802 179.5011475026796 149.17181796664283 1.0 184.48081364032083 149.93031358975534 1.0 174.5214813650384 148.41332234353035 1.0
0.2328193114407064 0.9725200091619068 -370.0547474688277 269.7732934705562 315.9280139672375 1.0 250.31640489181146 320.5859535047342 1.0 289.230182049301 311.2700744297408 1.0
-0.9996267848680608 -0.02731832671200406 552.5337148010283 546.1978119887881 239.390654107404 1.0 552.7232254710049 0.6140200942853724 1.0 539.6723985065714 478.16728812052264 1.0
-0.9991578304254268 -0.04103205941156468 494.62469109558475 485.72654193987216 226.82783668113296 1.0 486.3436090291398 211.80184425030183 1.0 485.10947485060456 241.85382911196407 1.0
0.4841526344829001 -0.8749835578588133 -107.07369211664684 240.51158972082277 10.709490008350475 1.0 247.36365975816986 14.500930122220863 1.0 233.65951968347568 6.918049894480085 1.0
0.42301406213127196 0.906123117042712 -410.2972208679656 391.06954241658747 270.2384483398687 1.0 380.42927534201453 275.2057452918176 1.0 401.7098094911604 265.27115138791976 1.0
0.9999978002038441 0.0020975193616684417 -275.68155464922967 275.208909077386 225.62412723931368 1.0 275.1984160041639 230.62672713481078 1.0 275.2194021506081 220.6215273438166 1.0
0.16325372992005577 -0.9865841168735637 118.8461101703903 241.897360484314 160.489869864348 1.0 255.48222792593722 162.73780822295706 1.0 228.3124930426908 158.24193150573896 1.0
-0.18007882239921266 0.9836521833063315 -118.01696333554031 195.97877852547623 155.856504554619 1.0 122.78949873568098 142.45762277458607 1.0 269.1680583152715 169.25538633465194 1.0
-0.9063799298890868 -0.4224635164061558 529.8540820807153 498.6642394287947 184.33502701374374 1.0 500.43480254277483 180.536349000633 1.0 496.89367631481457 188.1337050268545 1.0
0.6631646514229069 0.748473543355498 -343.03569937568136 206.2234532751894 275.5950383288813 1.0 185.3622950359632 294.078500910569 1.0 227.0846115144156 257.1115757471936 1.0
-0.9999907728747865 -0.004295831152059605 120.99316769184465 119.85320768554791 265.6216844799399 1.0 119.88007945021631 259.3664300790806 1.0 119.8263359208795 271.87693888079923 1.0
0.012777428979804885 0.9999183653222227 -62.85841372904062 410.62648698541284 57.61636644786719 1.0 405.61931805768296 57.68035041654181 1.0 415.6336559131427 57.55238247919257 1.0
-0.9064774514924694 0.42225422429588316 370.24754009953205 498.24589954792 192.77754597950445 1.0 495.9977699511822 187.9513567545799 1.0 500.49402914465776 197.60373520442897 1.0
0.9999399141273442 -0.010962122741487867 -273.8265108548576 275.80954192042907 179.38668038407022 1.0 275.87835149122145 185.66333299340843 1.0 275.74073234963674 173.110027774732 1.0
0.652088384890105 -0.7581429537306366 -189.7165046483779 301.80838865558565 9.350795943487451 1.0 312.5502110081884 18.58997379802945 1.0 291.0665663029829 0.11161808894545322 1.0
-0.9999599210992172 -0.008952999231959255 344.5210902993865 344.148753347416 43.1285701815021 1.0 344.32785625314983 23.124577905153558 1.0 343.9696504416821 63.132562457850646 1.0
0.092616841959297 0.9957018231305428 -52.589549691245296 341.00328115046466 21.09758384019436 1.0 324.10012269360055 22.669858911952552 1.0 357.9064396073287 19.525308768436172 1.0
0.03509958098113755 0.9993838198684972 -95.23870929407522 310.0231462177657 84.4090379394751 1.0 305.63161241200237 84.56327397310137 1.0 314.41468002352906 84.25480190584882 1.0
0.9991632027266478 0.04090103075751916 -400.2574355095984 388.36283532587834 298.7597358569175 1.0 387.41569934498165 321.89713368194435 1.0 389.309971306775 275.6223380318906 1.0
-0.994610496259862 -0.10368201738831584 354.7069615125585 329.52399741254885 260.01553206242727 1.0 329.9885989630702 255.55865911215994 1.0 329.05939586202754 264.47240501269454 1.0
-0.4468363225515739 -0.8946157280355548 481.0417173622048 435.4250302670222 320.2246384823161 1.0 442.4269270284171 316.727380719346 1.0 428.4231335056272 323.7218962452862 1.0
0.24564007990403627 -0.9693611046172311 190.5758522915039 460.2800428225223 313.2362927936515 1.0 464.69669866129277 314.3554914988364 1.0 455.8633869837519 312.1170940884666 1.0
-0.16610863605636025 -0.9861074591683685 326.2702820599405 261.9576096129405 286.7404137283505 1.0 273.4090767402731 284.8114276247775 1.0 250.50614248560782 288.6693998319235 1.0
-0.9998109493489044 0.019443908095919893 114.27111614344402 119.908011742345 288.7396342090083 1.0 119.57948524180762 271.84671377510216 1.0 120.23653824288239 305.63255464291433 1.0
-0.002152217324633202 0.9999976839776119 -198.48099670625282 393.75009923005706 199.32889414157347 1.0 381.8751542355251 199.30333662003537 1.0 405.62504422458903 199.35445166311155 1.0
-0.9999891361512014 -0.004661285184806824 187.4143752362684 185.83739275430534 338.748076699064 1.0 185.97433009881104 309.3708016751232 1.0 185.70045540979964 368.1253517230048 1.0
-0.7487589862780634 0.6628423496336417 255.4857427017053 362.6627745491593 24.23090307882431 1.0 357.6386423485258 18.55555035648773 1.0 367.6869067497927 29.90625580116089 1.0
-0.6530175431723082 -0.7573427812484929 347.2929745059301 199.9841413406932 286.1317585901769 1.0 208.8108104884738 278.5209779186077 1.0 191.1574721929126 293.7425392617461 1.0
0.004889318636048134 -0.999988047210203 182.58281164541825 404.3740850438868 184.56213142771952 1.0 426.8796587468043 184.67216966390404 1.0 381.86851134096923 184.45209319153497 1.0
-0.07946087457893006 0.9968379855378464 -288.18324549416155 451.915186609953 325.12085831362367 1.0 436.81187302342494 323.91692896498654 1.0 467.0185001964811 326.32478766226086 1.0
0.01654443559611604 -0.9998631314589042 281.60007372816546 302.5348378449047 286.6445744931958 1.0 313.1672684444341 286.8205061359872 1.0 291.90240724537534 286.4686428504045 1.0
-0.15101047750472255 -0.9885321621898783 323.70593647027874 209.35284635451873 295.47997965816796 1.0 230.6780530397034 292.22229137285944 1.0 188.02763966933406 298.7376679434764 1.0
0.10794558353155456 0.9941568040284351 -101.8358218292707 436.3241893582037 55.05826885484086 1.0 414.56993875974956 57.42034621087396 1.0 458.0784399566578 52.696191498807764 1.0
-0.0871144050735619 0.9961983138053785 -175.89542255882557 136.89357496706137 188.53758563695743 1.0 128.04725946935585 187.76400320763983 1.0 145.7398904647669 189.311168066275 1.0
0.9999346648427667 0.011430924974985933 -408.83742581341755 406.45639783388583 210.62021467739498 1.0 406.3419327199916 220.63319573960428 1.0 406.57086294778014 200.6072336151857 1.0
0.9998761760644524 0.01573634451605812 -278.8556113240973 274.78840432072957 260.62166984514 1.0 274.6505735855683 269.37933705791363 1.0 274.9262350558908 251.8640026323664 1.0
0.9994826852805688 0.03216149599043947 -411.00547711031777 402.0271669119935 285.62989644853485 1.0 401.5035200111166 301.90326914185823 1.0 402.55081381287033 269.35652375521147 1.0
-0.5648388810085462 -0.8252012109182908 426.5317741872982 147.90626392095436 415.6423440028053 1.0 177.23149149856133 395.5696289957298 1.0 118.58103634334736 435.71505900988086 1.0
0.028123010869109972 0.9996044699078009 -266.23675409352415 308.094731056623 257.6741204919385 1.0 301.8321042753926 257.85031410285137 1.0 314.3573578378533 257.4979268810256 1.0
0.37917327925022903 0.9253256855305746 -448.6635944845882 414.7159097669243 314.9317127773531 1.0 405.37305538449806 318.760160197691 1.0 424.05876414935057 311.1032653570152 1.0
0.9999734870464787 0.007281840708633344 -21.614215601309223 19.835283546074105 244.36924925810834 1.0 19.33460398893885 313.12470583488295 1.0 20.335963103209362 175.61379268133373 1.0
-0.9997412136976687 0.022748750170337912 193.45043547880064 200.75348533864846 318.74707636253316 1.0 200.48276695722896 306.8497931630589 1.0 201.02420372006796 330.6443595620074 1.0
0.9999832709463446 0.005784274150604704 -263.01073069318653 261.9450406360095 184.99678990919443 1.0 261.8691023966869 198.1249658860749 1.0 262.020978875332 171.868613932314 1.0
-0.9960444669914269 0.0888561746631282 465.6456789622379 485.7864137066708 205.0413560900307 1.0 485.2737708507281 199.29482151164828 1.0 486.2990565626136 210.7878906684131 1.0
0.27536097046555774 -0.9613409051654185 33.05533745808951 508.8868460900167 180.1472425900715 1.0 515.078022096933 181.92060750612507 1.0 502.6956700831005 178.37387767401793 1.0
-0.2339487552625623 -0.9722489289842894 315.24972714663494 12.639914187798269 321.2064581876441 1.0 17.05978213333586 320.1429212955401 1.0 8.220046242260675 322.2699950797481 1.0
0.44390626793528226 -0.8960732254050277 -65.651297673508 355.7114207859655 102.95055021630492 1.0 361.7242722472298 105.92926041112473 1.0 349.6985693247013 99.97184002148511 1.0
0.9800694573921797 0.19865512499555227 -316.41156684673626 321.07948880536605 8.71543824274121 1.0 319.4235905282571 16.884849054464155 1.0 322.73538708247503 0.5460274310182645 1.0
-0.06658468815808398 -0.9977807771764752 70.22580631582217 371.82954026714924 45.568779604909764 1.0 384.3156443346219 44.73554713074375 1.0 359.3434361996766 46.40201207907579 1.0
-0.41089260581672793 -0.91168375354897 409.675973295228 394.51305322872844 271.55631090454045 1.0 400.87848649793716 268.6874329049533 1.0 388.1476199595197 274.4251889041276 1.0
-0.07467276486294289 0.9972080917179341 -177.79764060977377 152.95658375310748 189.74909368879298 1.0 145.54494409504474 189.19409656228356 1.0 160.36822341117022 190.30409081530237 1.0
-0.34499607538421445 0.9386041273984945 1.7826160415498866 218.07628467440162 78.25753601689019 1.0 209.55819287893883 75.12660130925973 1.0 226.59437646986441 81.38847072452063 1.0
0.9999230261384074 0.012407328407430635 -263.9537356641653 261.1436239234297 228.10816970108093 1.0 260.83336837561956 253.11207513948034 1.0 261.4538794712399 203.1042642626815 1.0
0.9926250876690257 -0.12122473068668341 -321.02236281860155 354.62208340070964 255.59482484214806 1.0 355.24210623949983 260.6717610516547 1.0 354.00206056191945 250.51788863264144 1.0
-0.6387982754662346 0.7693742673506598 182.9833106321296 297.59818804589736 9.256741453012276 1.0 287.008454078493 0.4642667328499228 1.0 308.1879220133017 18.04921617317463 1.0
-0.02401130235456269 0.9997116871174598 -250.08393508838134 492.46735319979985 261.98425104041087 1.0 486.81559077767065 261.8485057269343 1.0 498.11911562192904 262.11999635388736 1.0
0.9999990166211641 0.0014024110327191684 -221.32316302603274 220.9806642088907 244.37637529565836 1.0 220.95611835228357 261.87897039551655 1.0 221.00521006549783 226.87378019580015 1.0
0.1422804637578276 -0.9898263835809074 125.52161733375836 261.95183707200295 164.46545464432063 1.0 269.38802969230915 165.5343541525173 1.0 254.51564445169674 163.396555136124 1.0
-0.9831592656018331 -0.18275080974174657 314.76474128855466 318.5372991880633 8.710462920938488 1.0 320.0597645318156 0.5199333611353119 1.0 317.014833844311 16.900992480741664 1.0
-0.9998878389446504 -0.014976966668752738 240.04780829762353 235.4499772110733 308.756740049663 1.0 235.5717916100754 300.62420301032637 1.0 235.3281628120712 316.8892770889996 1.0
0.9999953298004886 -0.003056203071180778 -274.2039737731641 274.9444774551745 241.8751696889645 1.0 274.9712249448936 250.6269980786627 1.0 274.9177299654553 233.1233412992663 1.0
0.9999516447958072 -0.009834026141915869 -302.7710644640167 303.6954628581662 92.50668290917064 1.0 303.76318940373596 99.39330997945775 1.0 303.6277363125964 85.62005583888352 1.0
0.9992683363204384 0.038246464246817435 -256.57198401516763 244.8958288885994 309.97209136342224 1.0 244.48975753118256 320.5815491981313 1.0 245.30190024601626 299.3626335287132 1.0
0.530250992839527 0.8478407188810266 -520.4171232229556 467.13342312412067 321.6632036531543 1.0 462.1343525044183 324.78968967858435 1.0 472.13249374382303 318.5367176277243 1.0
0.16289244093159905 0.9866438327417577 -323.0332907174745 206.89535235614412 293.2482747606735 1.0 191.89156951022042 295.7253619626363 1.0 221.8991352020678 290.77118755871066 1.0
0.011381970609793384 -0.9999352232745069 182.80049538599394 318.1157987129094 186.43335659981824 1.0 326.8646651569285 186.53294239139456 1.0 309.3669322688903 186.33377080824192 1.0
-0.07476672416398336 0.9972010514223232 -380.8914929060243 157.40535734382172 393.7622962595416 1.0 137.9988695853626 392.30726418235025 1.0 176.81184510228084 395.217328336733 1.0
0.9999985548976802 0.0017000595728356176 -8.82010991389525 8.311169664457733 299.37319142244064 1.0 8.289918950506788 311.8731552949087 1.0 8.332420378408678 286.8732275499725 1.0
0.9999200423078884 0.012645512681999035 -173.36246064256878 170.35680881439862 238.76241646860592 1.0 169.8111149114566 281.9121316473094 1.0 170.90250271734064 195.61270128990245 1.0
-0.9713334973784538 0.23772092223980026 273.9060879143734 329.2613251544522 193.15282040276796 1.0 328.32478750286697 189.32610467253346 1.0 330.19786280603745 196.97953613300245 1.0
0.9999929838305689 0.003745969785748029 -20.455978818929413 19.15673301918966 346.874182372748 1.0 19.058384461863643 373.1284964545243 1.0 19.25508157651567 320.6198682909718 1.0
0.01918873090118705 -0.9998158793529947 197.90750298540053 74.36307883159152 199.37114443819192 1.0 80.62276828404381 199.49128205443566 1.0 68.10338937913923 199.25100682194818 1.0
0.9997975913553532 0.020119053656527806 -238.53248111210394 233.04694367431546 274.9984292626645 1.0 232.7321411197569 290.64224835939666 1.0 233.36174622887404 259.35461016593234 1.0
-0.16071198794152378 0.9870013459625491 -140.74056560331584 75.1298745341677 154.82738470277388 1.0 64.58102199375318 153.1097304470761 1.0 85.67872707458221 156.54503895847165 1.0
-0.9999898950070233 -0.004495540439429605 249.92700919230035 248.54152680527088 308.749062790852 1.0 248.58930407095104 298.12146783648535 1.0 248.4937495395907 319.3766577452187 1.0
-0.05892725654482193 0.9982622793815765 -383.4560178809344 125.02192717297307 391.5035408322743 1.0 113.04110003545404 390.7963145963105 1.0 137.0027543104921 392.2107670682382 1.0
-0.1546355724663891 0.9879715784009134 -45.7885705071313 233.26488818709862 82.85624993458393 1.0 226.8778850314114 81.856567442783 1.0 239.65189134278583 83.85593242638487 1.0
0.5277828728653897 -0.849379325807943 -113.26803138174566 304.3068339135184 55.73470205278617 1.0 322.3168107541039 66.92564705032507 1.0 286.2968570729329 44.54375705524727 1.0
0.1658426070855021 0.9861522345333319 -358.27263075453374 231.96639425315573 324.29345893710274 1.0 216.8678693781601 326.8325990827411 1.0 247.0649191281514 321.75431879146436 1.0
-0.9997969518259393 -0.020150809402115524 410.30074434879225 404.5390839038614 290.00330709497223 1.0 404.98030092500903 268.1120061534413 1.0 404.09786688271373 311.8946080365032 1.0
-0.9999594162918328 -0.009009204698359934 302.71050044388505 300.6673221896843 228.14227424913264 1.0 300.9263770415936 199.3889772405803 1.0 300.408267337775 256.895571257685 1.0
0.18209638524028632 -0.9832806855025789 108.35788529532728 14.198185476551169 112.82975978611086 1.0 27.939877586950985 115.3746205743707 1.0 0.4564933661513537 110.28489899785102 1.0
0.9585019680418966 0.2850859120682939 -385.5364157447386 344.6844963764928 193.47026731060464 1.0 343.3874114958872 197.83126291981608 1.0 345.9815812570984 189.10927170139323 1.0
0.999637472414196 -0.02692440798527866 -215.92620413057384 220.83567605797015 179.36932561474129 1.0 221.24030191982163 194.39209506749174 1.0 220.43105019611866 164.34655616199083 1.0
0.006377548758500397 0.9999796632291243 -194.51141419342403 318.1209278332905 192.48649701885455 1.0 309.371283723162 192.54229943562737 1.0 326.87057194341907 192.4306946020817 1.0
0.1848021050674967 -0.9827757536501508 122.53133116032032 75.5978609724068 138.89432507836688 1.0 85.59687846969022 140.7745500180254 1.0 65.59884347512337 137.01410013870836 1.0
-0.1818732036488386 0.9833219909035433 -110.78325435384988 12.392837272970413 114.95438972855422 1.0 0.4635370849006759 112.7479710146807 1.0 24.32213746104015 117.16080844242772 1.0
-0.02989024858039359 -0.9995531866988381 369.7799818024685 60.60654719188335 368.13292372822104 1.0 68.1558656644689 367.9071718535225 1.0 53.0572287192978 368.35867560291956 1.0
-0.15024731401167002 -0.9886484433974893 324.0012750068615 151.91445407806725 304.6346133789376 1.0 180.7581531018567 300.2511661248331 1.0 123.07075505427778 309.01806063304207 1.0
-0.6767359185690349 0.7362258461359016 229.0025920982673 345.42681909164503 6.465602427679835 1.0 338.55905895004895 0.1527841636537075 1.0 352.29457923324105 12.778420691705962 1.0
0.9951852228880986 0.09801210203421609 -375.05689013121145 351.01500768707365 262.53841041078624 1.0 350.69818661061515 265.75531574234344 1.0 351.33182876353214 259.3215050792291 1.0
-0.9891990349001465 -0.1465785432886367 77.77081525482852 24.47750161182362 365.3856361376312 1.0 26.044933830070146 354.8076729325551 1.0 22.910069393577093 375.96359934270737 1.0
0.9999443838794088 -0.010546523030335764 -221.26077583464735 222.43986287648943 110.62563427283388 1.0 222.47947965648308 114.38180837382478 1.0 222.40024609649575 106.86946017184297 1.0
0.9923049875576243 0.1238176549134377 -385.1039044007236 343.08318196672303 360.6977681755235 1.0 342.4592758268389 365.6979046650061 1.0 343.70708810660716 355.6976316860409 1.0
0.0877253137643159 0.9961447030050163 -81.60744024346498 493.15744767162005 38.49345210147625 1.0 465.6506124986194 40.91583686037272 1.0 520.6642828446206 36.07106734257979 1.0
-0.999986685166635 -0.005160376870443398 18.026440284110937 16.76880788005009 243.75267727983194 1.0 17.113920131740194 176.87623293433802 1.0 16.423695628359983 310.62912162532587 1.0
-0.9999282325676515 -0.011980388730451695 488.64815492138854 485.6504692553335 253.12530515347964 1.0 485.7403157222989 245.62638162633564 1.0 485.56062278836816 260.6242286806237 1.0
-0.10015892800274324 0.9949714514202613 -302.52798040787775 208.80522986046253 325.07635061325055 1.0 201.87462946765635 324.37868084115007 1.0 215.73583025326874 325.77402038535104 1.0
0.9929962326549072 0.11814601954006443 -310.8400038859745 277.0301213785417 302.592818313506 1.0 275.88663969462755 312.2035780213402 1.0 278.17360306245587 292.9820586056717 1.0
-0.013083564701315874 0.99991440650423 -172.06011757301567 368.74967524752606 176.89981928163968 1.0 358.1264940314698 176.7608183052861 1.0 379.37285646358237 177.03882025799322 1.0
0.9997014789456607 -0.024432621510159524 -166.52244219518062 170.8333802943995 174.35463225449203 1.0 171.23141115895913 190.640729258076 1.0 170.43534942983982 158.06853525090807 1.0
0.9974824368001869 -0.07091394979241528 -341.4487205384049 346.30918708884485 56.24579221639213 1.0 346.798636090181 63.13042893415169 1.0 345.81973808750865 49.36115549863258 1.0
-0.9999724576248908 -0.007421859041758698 257.4886484028476 255.80724539931833 227.4967138472552 1.0 255.97890559004244 204.36834913042043 1.0 255.63558520859425 250.62507856408993 1.0
0.0909953341407225 -0.9958513188044781 178.08957867565738 143.12187757892121 191.90917172076496 1.0 156.8712977843211 193.1655169825592 1.0 129.37245737352134 190.6528264589707 1.0
0.999998458337579 0.001755939197448662 -261.45106193370646 260.9872405998549 264.37344114606816 1.0 260.974071076177 271.8734180211497 1.0 261.00041012353273 256.87346427098663 1.0
0.2451038482926288 0.969496830088755 -372.7547119546445 304.9700392343031 307.38149158990154 1.0 294.2407599966795 310.0940199334001 1.0 315.6993184719267 304.668963246403 1.0
-0.08752001364179016 -0.996162761406057 94.06230504703235 334.3791327820535 65.04703979594362 1.0 340.63574943867167 64.49735133502807 1.0 328.12251612543525 65.59672825685917 1.0
-0.9997260346212634 -0.023406317532764228 329.34522633317147 321.2991863857487 347.51578454503993 1.0 322.16274270269605 310.6317368427287 1.0 320.43563006880134 384.3998322473512 1.0
-0.9999622961377931 -0.008683680258546659 175.25564060198954 173.79681883910064 168.75040657515825 1.0 173.88912659207395 158.12078067159445 1.0 173.70451108612733 179.3800324787221 1.0
0.5010064335612538 -0.8654435588357181 -109.63207967494735 308.47332931854584 51.898292427212326 1.0 322.2949183553309 59.89962880411576 1.0 294.6517402817608 43.89695605030889 1.0
0.04832635784888547 -0.9988315989880684 241.77325365494346 395.6275316369888 261.197674951431 1.0 401.83276647329325 261.49790213641336 1.0 389.42229680068436 260.89744776644864 1.0
0.018231576345464216 0.9998337909992637 -185.38762259169835 401.2495771835154 178.10181241596266 1.0 381.8582315644345 178.4554059844919 1.0 420.6409228025963 177.7482188474334 1.0
-0.183797908246854 0.9829640527120415 -115.8478269775224 9.445716972690008 119.62180069004083 1.0 0.6525564631599412 117.97762611003316 1.0 18.238877482220072 121.26597527004851 1.0
0.9997755098351043 -0.02118796672541286 -190.72926878918284 197.6599395138098 325.009855898659 1.0 198.04388519932405 343.12671904360604 1.0 197.27599382829555 306.89299275371195 1.0
0.9997184041133039 0.023729991090363074 -287.3760730947201 281.0485831220285 269.98038361095433 1.0 280.736510803137 283.12764689571986 1.0 281.36065544091997 256.8331203261888 1.0
0.9999633747167536 -0.008558576112961833 -5.6674181828997785 8.641893595397601 347.5062745767708 1.0 8.839894980772351 370.64027851675667 1.0 8.44389221002285 324.37227063678495 1.0
0.9997964256591909 0.02017689864934346 -418.8140598175206 414.29557710236793 228.12339716594812 1.0 413.99247635106155 243.14250654629967 1.0 414.59867785367436 213.1042877855966 1.0
0.19133045170145044 -0.9815256788549748 113.19919216059795 9.8067301251235 117.24147492442225 1.0 19.190653330280668 119.07069886043679 1.0 0.42280691996633424 115.4122509884077 1.0
-0.9999752907643494 -0.007029783834159459 70.01147716049763 68.9894577326354 145.6266833776928 1.0 69.03342368213322 139.37259873298905 1.0 68.9454917831376 151.88076802239658 1.0
-0.9998610726084004 -0.016668397714808065 522.6466199948319 517.1662486474949 333.0985977345772 1.0 518.3122154333945 264.35728262272966 1.0 516.0202818615952 401.83991284642474 1.0
0.16334845339699133 0.9865684379569472 -328.6758769193162 35.484327507426386 327.2753865609026 1.0 26.564915211887907 328.7521946034379 1.0 44.40373980296486 325.79857851836726 1.0
0.9999488845615763 -0.010110799377861007 -218.7942188489356 220.96672598712013 213.75286427312176 1.0 221.09935955305403 226.87020360055604 1.0 220.83409242118626 200.63552494568748 1.0
0.9993076906200683 0.037204024884224716 -243.56145255451432 232.11880762397766 311.8840769089386 1.0 231.69882193251888 323.1649781751643 1.0 232.53879331543644 300.6031756427129 1.0
0.12436090086368817 0.9922370514833498 -62.185682709180945 298.0086437797571 25.321629812153823 1.0 274.2403416617908 28.300602890181636 1.0 321.7769458977234 22.34265673412601 1.0
-0.6016765073938718 0.7987398703272 265.26037135014315 457.88527389643866 12.818242102723984 1.0 452.3960433452032 8.683302569789305 1.0 463.37450444767404 16.953181635658662 1.0
0.04820099722131217 0.9988376564121273 -24.33027404390576 454.9651724963189 2.403292480221049 1.0 446.85904960240055 2.7944703704188116 1.0 463.07129539023725 2.0121145900232866 1.0
0.13163623026756158 0.9912980898200832 -303.59577476127646 186.98205023855311 281.4311511392175 1.0 173.14408471490174 283.2687191067262 1.0 200.8200157622045 279.5935831717088 1.0
0.10261470595865968 0.9947211780800778 -279.17218463258246 491.8660422677908 229.9131659945545 1.0 488.09173329658734 230.30252093522714 1.0 495.64035123899436 229.52381105388187 1.0
0.12016543512126814 0.9927538809806368 -325.8724806470686 150.08585020644378 310.0842565806802 1.0 119.4557118599676 313.79180582601094 1.0 180.71598855291995 306.3767073353494 1.0
0.9999785993260256 0.006542238910336887 -415.9261539275241 414.58156498537403 206.8804404132323 1.0 414.5406501166802 213.1342617194838 1.0 414.6224798540678 200.62661910698077 1.0
0.9987784908268083 0.04941180285845807 -551.3480700516548 541.2960264964895 216.8154367415311 1.0 540.0546105797215 241.90862185338804 1.0 542.5374424132574 191.72225162967416 1.0
-0.9997254295431699 -0.023432147249548126 169.88356005601983 164.31998069802694 239.3590613112906 1.0 164.49601671503618 231.84853823180467 1.0 164.14394468101767 246.8695843907765 1.0
-0.9999576652027434 0.009201510869327873 64.76643876725933 66.7015416134044 209.9958449590335 1.0 66.61522818360395 200.61588801885156 1.0 66.78785504320487 219.3758018992154 1.0
0.999993611404959 0.0035745138505634973 -20.78797705766319 20.23852978692923 153.74861854804502 1.0 20.18713050716004 168.12790299029234 1.0 20.28992906669842 139.3693341057977 1.0
0.17340943055316924 0.9848498207316817 -379.7198445098969 41.49302105883763 378.25519740602783 1.0 38.46199240447755 378.7888919266324 1.0 44.5240497131977 377.7215028854232 1.0
0.9988641747085073 0.047648299905584446 -367.34581224483503 354.85579362970446 270.5883069472815 1.0 354.43650660618687 279.3779340177493 1.0 355.27508065322206 261.79867987681376 1.0
0.9998189892334708 -0.01902600242196962 -205.35177810564176 207.3870885358943 105.002148642717 1.0 207.5661037508723 114.40942229522302 1.0 207.2080733209163 95.59487499021097 1.0
0.017567652211626848 -0.9998456768900746 224.33071824159302 237.49274033283655 228.53817682873142 1.0 243.11600433181275 228.63697962251402 1.0 231.86947633386032 228.43937403494886 1.0
-0.9999575785993263 -0.009210917531504475 267.00471642170936 265.06439220917673 211.87559313649007 1.0 265.43297235771433 171.86171703882692 1.0 264.6958120606392 251.8894692341532 1.0
-0.9999179040304645 -0.012813477253372781 317.59025711461817 314.12431144153186 272.50479662492523 1.0 314.26054607629084 261.873533326844 1.0 313.9880768067728 283.13605992300654 1.0
-0.9999564451883652 -0.009333151999616294 522.2664911986485 520.6850288078643 171.87556028239112 1.0 520.9067903980507 148.1159631590196 1.0 520.463267217678 195.63515740576267 1.0
-0.4374174589782285 0.8992585649194729 -171.20635797605073 524.1969375711374 445.366067153833 1.0 516.9027197079313 441.81801282616254 1.0 531.4911554343436 448.9141214815034 1.0
0.07514406276522947 -0.9971726880691906 181.14549861696293 193.7492845726042 196.25949382603397 1.0 213.15537787632002 197.72188114438893 1.0 174.34319126888838 194.797106507679 1.0
-0.08864904317400567 0.9960629232856393 -305.9164466204539 148.20811982194226 320.31606354831933 1.0 115.68758846134403 317.42175444270816 1.0 180.72865118254052 323.21037265393045 1.0
0.006586761928664812 -0.9999783070483554 363.0599895098835 38.75281177441482 363.3231266061248 1.0 51.88959225131499 363.40965732874207 1.0 25.616031297514652 363.23659588350756 1.0
0.9998552249763146 0.017015554283168158 -188.83417529286135 183.085858169922 339.38497014492054 1.0 182.574922577206 369.4081838176484 1.0 183.596793762638 309.3617564721926 1.0
-0.010746266647017009 -0.9999422572094606 478.4048150077487 322.5265048873937 474.9662850642095 1.0 338.16984856377593 474.798167814253 1.0 306.8831612110115 475.134402314166 1.0
-0.032590376611485665 0.9994687925855021 -372.0349077566501 3.7547257209288123 372.35507345781474 1.0 0.571970389774466 372.25129113296975 1.0 6.937481052083158 372.4588557826597 1.0
0.999997889737125 0.0020543907361457066 -8.985186395707286 8.513982121296218 229.37323112911352 1.0 8.406126835252055 281.87300955174544 1.0 8.621837407340381 176.8734527064816 1.0
-0.13999866031407282 -0.9901516929795479 70.3027662193434 468.3590314651841 4.780206206564263 1.0 483.4115868681502 2.6519084864672053 1.0 453.306476062218 6.908503926661321 1.0
-0.9999447825351968 0.010508657413674634 12.897198106784263 16.54983728467029 347.4968489387019 1.0 16.28049878771839 321.8681112074231 1.0 16.819175781622192 373.1255866699807 1.0
-0.9999863820360526 -0.005218787449758236 202.48616557111785 200.69820023458527 343.1253820216679 1.0 200.75691079386587 331.87568842377044 1.0 200.63948967530465 354.3750756195654 1.0
-0.4501586557052229 0.8929485901739621 73.01694659518348 285.7373899615279 62.277059806750046 1.0 250.54420876473023 44.535259985492296 1.0 320.93057115832556 80.0188596280078 1.0
-0.06335926263181987 0.9979907834437911 -382.96938942787875 29.415763596900177 385.6079203368764 1.0 15.602401618831678 384.73095389197925 1.0 43.22912557496868 386.4848867817736 1.0
-0.9856978805509479 -0.16852207059423774 421.65382809564113 388.56175840629294 229.34281684959518 1.0 390.0684864901575 220.52985440737692 1.0 387.0550303224284 238.15577929181345 1.0
-0.9999270753091773 -0.012076591557003373 522.7832658685236 521.8174609646932 83.12430507389473 1.0 522.3761448977552 36.86595572324373 1.0 521.2587770316311 129.38265442454573 1.0
0.9970055603886803 -0.07732989431037389 -478.498192218592 497.1428203201368 221.85422728029494 1.0 497.63215980215256 228.16322574509672 1.0 496.653480838121 215.54522881549312 1.0
0.9996313280666516 0.02715157357691096 -343.5696160647129 333.6640404599515 369.35568921039203 1.0 331.96584971797057 431.87746762254505 1.0 335.36223120193245 306.83391079823895 1.0
0.4556497581202566 -0.8901591419094407 -71.89813015266787 335.7033213335883 91.06799357164327 1.0 346.403898361101 96.54534599637337 1.0 325.0027443060756 85.59064114691317 1.0
0.3252028145283119 -0.9456442932851996 10.179858844080822 213.39706435443173 84.15128748651097 1.0 221.8160129774387 87.04652601014197 1.0 204.97811573142477 81.25604896287997 1.0
-0.18295145954894595 -0.9831219473945795 336.62795344822916 216.30209770604083 302.15495621540225 1.0 230.645607668595 299.48573894316195 1.0 201.95858774348665 304.82417348764255 1.0
-0.5242916914059941 -0.8515387380047028 433.098637029809 113.49605688074195 438.72765938433554 1.0 118.23778470547069 435.80818151391105 1.0 108.75432905601319 441.64713725475997 1.0
0.06370082864756008 -0.9979690398151709 179.30543523966884 325.6357986310325 200.45582324560496 1.0 335.6746849938297 201.0966100380763 1.0 315.5969122682353 199.81503645313362 1.0
-0.9966125878007674 0.08223958801609788 141.58986447273676 163.37392512758862 258.1560333653707 1.0 162.33673123873922 245.5868983471482 1.0 164.411119016438 270.72516838359326 1.0
-0.9998469124993984 -0.017497187357415653 168.18625457519488 164.47118843393184 213.7626207012201 1.0 164.78846774987605 195.63223563037042 1.0 164.1539091179876 231.8930057720698 1.0
0.45498930360053524 -0.8904969026386895 -71.25884781401966 288.74509854923065 67.50959303151517 1.0 323.3475927683624 85.18934542700686 1.0 254.14260433009892 49.829840636023484 1.0
-0.9997015173571502 0.024431049789388707 -4.560982694270745 2.753360237819548 299.35353433016695 1.0 2.448063268506049 286.8609952825896 1.0 3.0586572071330473 311.8460733777443 1.0
-0.0646745667149189 0.9979064086477436 -376.5849877230344 59.215383955376396 381.2128208883871 1.0 44.076441059693664 380.23166217068035 1.0 74.35432685105913 382.1939796060939 1.0
-0.023147174894335747 0.999732068253495 -224.77303623043466 463.14105556384635 235.55655632385486 1.0 444.38663855018154 235.12232820970127 1.0 481.89547257751116 235.9907844380085 1.0
0.2866137552975953 -0.9580462177130131 127.98192130589541 8.017336469045443 135.9848802803778 1.0 15.930940224379713 138.35235237965492 1.0 0.10373271371117432 133.61740818110073 1.0
-0.16828393644363107 -0.9857385640904164 334.6465462388289 166.93711745030382 310.98885865199895 1.0 179.49783382416533 308.8445103704687 1.0 154.3764010764423 313.1332069335292 1.0
0.9994249324806621 0.033908764884966205 -365.12348970275866 354.4764161370506 320.00344087468204 1.0 353.52040604652007 348.18082579037053 1.0 355.43242622758106 291.82605595899355 1.0
0.9999571706466421 -0.009255099802936656 -80.3791622906122 82.3840624725531 216.24528837421468 1.0 82.51720590520537 230.63062543594074 1.0 82.25091903990081 201.85995131248865 1.0
0.15312716107051066 0.9882064928659828 -321.69167925020196 151.8934758070171 301.99423366388817 1.0 121.84030735672245 306.6511109452962 1.0 181.94664425731176 297.3373563824802 1.0
0.9999998145808191 -0.0006089649640770963 -80.0528804712626 80.14309821356784 148.12491285818533 1.0 80.14690447566157 154.37529114347777 1.0 80.13929195147412 141.8745345728929 1.0
-0.6021528875410989 0.7983807988835383 164.68617292945868 313.67457267573843 30.303680636220697 1.0 306.4902469085186 24.885135360812097 1.0 320.85889844295826 35.7222259116293 1.0
0.4682536493790173 -0.8835940922410201 -75.13604448967543 187.0600600758342 14.096417578236405 1.0 215.22452332034908 29.021950481695356 1.0 158.89559683131932 -0.8291153252225447 1.0
-0.9999918375493188 0.004040400318894669 210.68621919354484 211.11723712881314 106.25053641952557 1.0 211.07934848198525 96.87316423526416 1.0 211.15512577564104 115.62790860378699 1.0
-0.9999435722934182 -0.010623192979391512 296.0616564840589 292.678800281593 319.99525966679784 1.0 292.76510885408095 311.8711765911591 1.0 292.5924917091051 328.1193427424366 1.0
0.999419758207192 0.03406092930437827 -137.49166392372385 129.28499601014943 243.14323304085212 1.0 128.8147547059191 256.9411082066505 1.0 129.75523731437974 229.34535787505376 1.0
0.008105902007722921 -0.9999671466366489 228.89574355537394 463.74868283940964 232.66248867995947 1.0 481.8775579468648 232.80944439308018 1.0 445.61980773195455 232.51553296683875 1.0
0.12940642847858522 -0.9915916378572466 170.87725293971872 13.087903675665691 174.03425485068715 1.0 19.153042069615584 174.82577816313201 1.0 7.022765281715798 173.24273153824228 1.0
-0.042463389211599124 -0.9990980235075355 222.06021332949146 497.467802716927 201.11744761245416 1.0 503.13569141796165 200.87655256686583 1.0 491.79991401589234 201.3583426580425 1.0
-0.1307139257077836 0.9914201277087631 -165.9106758201207 8.782380960949622 168.5044015584707 1.0 0.5532199885156508 167.41942667655655 1.0 17.011541933383594 169.58937644038485 1.0
0.8063937650852729 -0.5913789780095313 -232.7470216805594 350.38768180638124 84.21574344495235 1.0 352.4542153471337 87.03363150754683 1.0 348.3211482656288 81.39785538235789 1.0
0.3610364278916652 0.9325517131694233 -357.1522961222763 7.860136210462035 379.9408607785575 1.0 0.07517170489680369 382.9548017071525 1.0 15.645100716027267 376.9269198499626 1.0
0.9999796345417881 0.00638204525775039 -130.90545502709836 129.4920456758718 221.87973586553477 1.0 129.4441558546747 229.38341908382503 1.0 129.5399354970689 214.37605264724453 1.0
0.08084279790788976 0.9967268643045717 -67.11917335595757 351.8789975025701 38.799286000792875 1.0 348.1031444771833 39.10553893125263 1.0 355.6548505279569 38.49303307033312 1.0
0.07539848127303779 -0.9971534831818617 182.20638985968898 234.91573788065432 200.48937610396356 1.0 244.33142147551797 201.20133093857422 1.0 225.50005428579064 199.7774212693529 1.0
-0.1794915028033645 -0.9837595236750645 336.2703582350275 263.7410459391394 293.70092445876486 1.0 276.9949966799875 291.28267947174874 1.0 250.48709519829126 296.119169445781 1.0
0.9990811034777096 0.04285963921642634 -424.0907699447929 413.8095733337265 248.7525556399591 1.0 413.5652651169713 254.4475107829998 1.0 414.0538815504817 243.05760049691835 1.0
-0.967428272895632 -0.2531452879319985 439.95966749629196 377.5751058472573 295.01965281753905 1.0 379.1529257611775 288.98980487237714 1.0 375.9972859333371 301.0495007627009 1.0
0.17160307690190582 0.9851661707538473 -332.05593198323953 216.85876502941852 299.28179570501413 1.0 202.87970395134494 301.7167655247365 1.0 230.8378261074921 296.8468258852917 1.0
0.9998155569595013 0.019205521647746793 -224.22724952553523 222.4557751550097 94.3741504820945 1.0 222.3350711866255 100.657848867939 1.0 222.57647912339385 88.09045209625 1.0
0.17330047164434856 -0.9848689996785593 220.2402333755726 476.15591366279244 307.40969396782236 1.0 480.612866881542 308.1939526815784 1.0 471.6989604440429 306.62543525406636 1.0
0.18406385562405864 0.9829142877447685 -334.47281537837364 263.68598022613656 290.90812978210624 1.0 250.44027684747385 293.38856501916365 1.0 276.9316836047993 288.4276945450489 1.0
0.30063486775686193 -0.9537393125423813 31.113722064478633 323.0956449335762 134.46812652613966 1.0 337.815152423286 139.10796587156707 1.0 308.37613744386636 129.8282871807122 1.0
0.9990488358999938 0.04360531489242074 -364.7005048132436 356.89238125385623 186.84847936776657 1.0 356.51000927220656 195.60906931168293 1.0 357.27475323550584 178.0878894238502 1.0
0.12846447141887185 0.9917141118200697 -303.74264734055225 248.78922944798808 274.05284168641356 1.0 238.10070004771748 275.4374103471648 1.0 259.4777588482587 272.6682730256623 1.0
0.9998405791765814 0.01785542583749416 -545.7319862683657 544.1115871755051 95.6091344814051 1.0 542.4141973199643 190.65695197386523 1.0 545.8089770310457 0.5613169889449665 1.0
0.9961541875522997 0.08761754745493416 -315.9347568895923 292.85874111388273 276.22658098426814 1.0 292.24909103635315 283.1579034797421 1.0 293.46839119141225 269.2952584887941 1.0
-0.9996498420045316 -0.026461167402727172 414.3245111675328 410.53222863927914 148.74754430161136 1.0 410.91334996957204 134.34954470418666 1.0 410.15110730898624 163.14554389903606 1.0
-0.9996717310862135 0.025620891223629566 120.19557509713182 126.30553901486132 236.8575582583452 1.0 126.17665607386996 231.8288248078288 1.0 126.43442195585267 241.88629170886162 1.0
-0.9994246970141059 -0.033915704301439704 291.3933458812294 281.2956230326502 302.50154822798487 1.0 281.57174851854995 294.3647090920361 1.0 281.0194975467505 310.63838736393365 1.0
0.825855860981616 -0.563881279067069 -383.59937568387613 478.22944003503926 20.126949917178305 1.0 487.613498757522 33.87076476519038 1.0 468.8453813125565 6.383135069166228 1.0
-0.9996713460751919 -0.025635909116196735 300.81425259273567 293.2037682003993 300.6270199582939 1.0 293.39597432870465 293.1319489570655 1.0 293.0115620720939 308.12209095952227 1.0
-0.025924430429317913 -0.9996639054736924 185.26758277397403 401.2480354883048 174.9242470750175 1.0 420.62621133735763 174.4217100034126 1.0 381.869859639252 175.4267841466224 1.0
-0.2787458669137269 0.960364900274117 -15.59233706030049 252.96205714732918 89.65807158459839 1.0 239.68568227107178 85.80460440426133 1.0 266.23843202358654 93.51153876493545 1.0
0.9986328125859878 -0.052273373973747386 -178.93317014962273 197.86117583791156 356.9215254468271 1.0 198.123893186302 361.94048911024083 1.0 197.59845848952114 351.9025617834133 1.0
0.9999995653692503 0.0009323418422601227 -129.82276640887082 129.6346060169851 201.87524204165732 1.0 129.62528260261473 211.8752333490442 1.0 129.64392943135545 191.87525073427042 1.0
-0.9995962761600529 -0.02841275570857854 220.02587139895502 212.93827439866345 252.47692732379738 1.0 213.3480565264765 238.06027963216908 1.0 212.5284922708504 266.89357501542565 1.0
-0.9998238657448973 -0.01876799102006807 523.476375605202 520.9639570352679 138.75636266327706 1.0 521.1168604004649 130.61076873619092 1.0 520.8110536700709 146.9019565903632 1.0
-1.0 0.0 16.875 16.874999999999996 154.375 1.0 16.874999999999996 140.625 1.0 16.874999999999996 168.125 1.0
-0.09844251837072221 -0.9951427387952092 82.80851970475523 494.36840120496197 34.30829363088707 1.0 520.6089252009671 31.71250192701402 1.0 468.1278772089569 36.90408533476012 1.0
0.6172889712644193 -0.786736503510111 -149.42428047753867 338.9390755219978 76.00902272355322 1.0 343.77169217827446 79.80078902772087 1.0 334.10645886572115 72.21725641938556 1.0
0.9999852189399648 0.005437085762675886 -346.4043331554171 346.24633857869446 29.999980092244087 1.0 346.2157369471491 35.62821193492063 1.0 346.2769402102399 24.371748249567545 1.0
-0.26919132261646855 -0.9630867208242445 301.9094011535845 178.69005906549557 263.53554911245317 1.0 184.39355159735248 261.94137211365734 1.0 172.98656653363867 265.129726111249 1.0
0.4241232773114836 -0.9056044642351132 -64.53523395467772 224.1081083341741 33.69487743179579 1.0 232.72448323349394 37.7301989271801 1.0 215.49173343485424 29.659555936411486 1.0
0.9995173484767488 0.031065577316532374 -548.5535839864616 537.6123449510678 360.5507903000474 1.0 533.959679211879 478.07324086667523 1.0 541.2650106902568 243.02833973341967 1.0
-0.21785680025827062 -0.9759807449848732 373.5662010176426 43.722147124392535 373.0002213827931 1.0 52.917974813861655 370.9475440052438 1.0 34.52631943492341 375.0528987603424 1.0
-0.9999853347703594 -0.00541574041218268 4.7640033237552375 3.4575152333464922 241.24841595519888 1.0 3.6708118790004334 201.86441646921017 1.0 3.244218587692551 280.6324154411876 1.0
-0.07185305114506511 0.9974152290000111 -381.41822548647787 108.15575218520755 390.1981190622771 1.0 104.3355287544755 389.92291300809524 1.0 111.9759756159396 390.4733251164589 1.0
0.10986182602075925 0.9939468693966416 -300.48276893749363 146.2388144750008 286.1488018135307 1.0 121.81677142603228 288.84819181829624 1.0 170.66085752396933 283.4494118087652 1.0
-0.9997695378286229 -0.021467911634383927 364.74814071189877 357.82654949279555 326.25701195164515 1.0 358.02805282568477 316.8729182668678 1.0 357.62504615990633 335.6411056364225 1.0
-0.3161533702583469 0.9487080933955864 -0.5587801973932511 152.0772303611593 51.26815029219716 1.0 141.95199516722246 47.8939541052919 1.0 162.20246555509613 54.642346479102436 1.0
-0.20799538143486895 0.9781298080018641 -27.17034317457201 201.6042616944859 70.6481879187144 1.0 196.82057208797707 69.63095550617358 1.0 206.3879513009947 71.6654203312552 1.0
0.18838384175370226 0.9820954781313863 -118.97659222756411 504.2634965628938 24.418702685120344 1.0 497.88840403846933 25.641561814429682 1.0 510.6385890873182 23.195843555811006 1.0
-0.038785423268665006 0.9992475623897566 -385.3717779946114 93.68020636775037 389.29812700283475 1.0 83.04696700170709 388.8854017633128 1.0 104.31344573379366 389.7108522423567 1.0
0.4493074999104307 -0.8933771714814736 -70.65045434079944 241.35044259067732 42.300285733994045 1.0 249.5913197535416 46.444882253038074 1.0 233.10956542781304 38.15568921495002 1.0
-0.2402956705036031 0.9706997428336035 -25.66542048220346 281.7482336454934 96.18659311343643 1.0 263.509306715878 91.67156649663278 1.0 299.98716057510893 100.70161973024007 1.0
-0.9999126830374496 -0.013214624506534395 129.35671305733018 126.58437733780029 210.62941905682112 1.0 126.68358750908078 203.12247033492397 1.0 126.4851671665198 218.1363677787183 1.0
-0.9987657304186709 -0.04966906221440878 14.351765312778625 4.889907727530833 190.6195250625206 1.0 5.390610954063537 180.55118067517984 1.0 4.389204500998129 200.68786944986135 1.0
0.07658583377495026 -0.997062992024574 243.0301525292536 336.23481336158613 269.5727132635284 1.0 343.1649399314959 270.1050261923683 1.0 329.3046867916764 269.0404003346885 1.0
-0.09558158171550842 0.9954215997439284 -264.7206967061876 396.2274821704148 303.9845089246918 1.0 392.9526367209675 303.6700543177066 1.0 399.5023276198621 304.2989635316769 1.0
0.055571825232220096 -0.9984546921319762 261.453805532578 144.5195932104113 269.9021049554824 1.0 163.24636765845145 270.9443966538343 1.0 125.79281876237114 268.85981325713044 1.0
-0.9966481334538828 -0.08180768963179132 143.04836184112654 125.05622900757153 225.05591719820558 1.0 125.53158608438082 219.26472879698758 1.0 124.58087193076224 230.84710559942357 1.0
-0.15989683861265303 -0.9871337300496216 36.76145075450488 132.6228189503398 15.758230929526995 1.0 144.49016001734006 13.835947999071296 1.0 120.75547788333951 17.680513859982696 1.0
-0.05262412057476399 0.9986143910107309 -55.595939340794004 193.11316466600584 65.84959158879728 1.0 184.3873960240857 65.38976855274515 1.0 201.83893330792603 66.30941462484941 1.0
-0.47897371260474647 0.87782924457643 81.01323774218059 199.05203165763032 16.321457676322243 1.0 168.62046266447388 -0.2830490328074986 1.0 229.48360065078674 32.925964385451984 1.0
-0.9980797440980601 0.06194210539811183 247.77196998619567 264.73711794753376 265.6801030957197 1.0 264.3411311320769 259.29952534659026 1.0 265.1331047629907 272.0606808448491 1.0
0.9870177127335441 0.16061144028444221 -573.9731426853509 511.608046652509 429.6514528485919 1.0 510.30389764730944 437.6659390265139 1.0 512.9121956577086 421.63696667066984 1.0
0.15192378673590898 0.9883922111306938 -368.6236346007651 212.026798545873 340.3625774138164 1.0 205.73335341760503 341.32993025688194 1.0 218.32024367414095 339.3952245707508 1.0
-0.498927653052717 0.8666436390000839 87.9876501843024 388.1068132619954 121.9065905937652 1.0 380.3118169001537 117.41900300256641 1.0 395.9018096238371 126.394178184964 1.0
-0.4978838109050312 0.86724374361461 33.59279536221476 165.3119418220746 56.170303422699504 1.0 161.81246271977392 54.161255788208585 1.0 168.81142092437528 58.17935105719042 1.0
-0.9999996265808572 0.000864197978666753 370.1012334806485 370.340106677109 276.25024620432566 1.0 370.3320048240844 266.87525320593335 1.0 370.3482085301336 285.62523920271803 1.0
-0.9999592026696446 0.009032884162261888 416.0039438087537 418.0138357984921 220.62035839138855 1.0 417.8332364812207 200.62763557359224 1.0 418.19443511576344 240.61308120918483 1.0
-0.4214086292599009 0.906870865771578 86.51918271916556 230.66752397694722 11.783488452507708 1.0 225.6000421198694 9.42870932816824 1.0 235.735005834025 14.138267576847174 1.0
-0.0671228824451243 -0.9977447161735602 279.9183180212563 180.64338800189824 268.39832753103957 1.0 184.46020682346168 268.14155254950253 1.0 176.82656918033481 268.6551025125766 1.0
0.0686009125507211 0.9976441824604643 -75.56903314777587 329.415974501664 53.09588089566772 1.0 316.8464768767282 53.96019607189428 1.0 341.9854721265998 52.231565719441164 1.0
0.026266012391945384 0.9996549887801421 -261.83516061927077 513.1169424949306 248.44334038911438 1.0 506.8548437972724 248.6078775182623 1.0 519.3790411925889 248.27880325996648 1.0
0.1036352340191783 0.9946153720256842 -329.7779051675204 168.21985661280138 314.0353645697668 1.0 155.59641689233163 315.35068018457923 1.0 180.84329633327116 312.72004895495434 1.0
-0.24345752130410414 0.9699115605664579 -16.53926386498568 177.7085802218756 61.65897670644095 1.0 169.32962374755925 59.55577466484382 1.0 186.08753669619196 63.76217874803808 1.0
-0.4274528918267076 0.9040376238127399 55.22798582755161 403.0698185633813 129.4917054798159 1.0 396.4571465030903 126.36505928676038 1.0 409.6824906236723 132.61835167287143 1.0
-0.005208662865934011 0.9999864348235674 -242.02417323292164 233.74611961005888 243.24497762722837 1.0 224.36811858526093 243.19613011890874 1.0 243.12412063485687 243.293825135548 1.0
-0.07152318358521145 -0.9974389375845701 100.59813743466475 290.6707745896265 80.01335746336707 1.0 308.1704271986085 78.75851286179113 1.0 273.17112198064444 81.26820206494303 1.0
0.9976830743272311 0.06803295672660852 -334.3121924206535 315.60869716129525 285.6665076377455 1.0 314.58767441795607 300.63950247062013 1.0 316.6297199046345 270.69351280487086 1.0
-0.012111427416819583 0.9999266539731437 -247.79343856591197 194.380559392039 250.16601328535853 1.0 186.86652136822985 250.0750008838279 1.0 201.89459741584812 250.25702568688916 1.0
0.0054781167393526346 -0.9999849950059201 475.160179360367 359.37014625878135 477.13601039722187 1.0 366.8733449571464 477.1771144123756 1.0 351.8669475604163 477.0949063820682 1.0
0.07978353698058895 -0.996812212619241 318.09511035777007 406.17022522273214 351.6217027691306 1.0 423.03722038722077 352.9717148530731 1.0 389.30323005824346 350.27169068518816 1.0
-0.36166725400996264 0.9323072440868907 6.468352085007658 132.8030585750877 44.57990184842427 1.0 124.14388347034456 41.22077308268017 1.0 141.46223367983083 47.93903061416837 1.0
0.19307575782173103 0.9811838521610332 -335.0539139563445 191.26806806398213 303.8418193605406 1.0 187.9043573101302 304.5037248754578 1.0 194.6317788178341 303.17991384562345 1.0
0.15097627744683323 -0.9885373860650374 214.2454491555044 199.32952937440842 247.17272500769775 1.0 206.84513272010207 248.3205600131258 1.0 191.81392602871477 246.0248900022697 1.0
0.005788085838159599 -0.9999832488908652 155.87252202354858 443.1231766584432 158.440011052842 1.0 450.6301603800123 158.48346284687386 1.0 435.61619293687403 158.39655925881016 1.0
0.1285034680609411 0.9917090595009762 -303.49254054212827 220.61757235686386 277.442678115229 1.0 210.54375741967576 278.74802078970674 1.0 230.69138729405196 276.1373354407513 1.0
-0.04006094127712046 -0.999197238278805 228.8268136244392 184.33971400481664 221.61989913833443 1.0 193.1006893021059 221.26864424743863 1.0 175.57873870752735 221.97115402923023 1.0
0.19792018517815552 0.9802181391399796 -342.8540300950354 263.68079150658014 296.53223849453946 1.0 250.34241066910428 299.22545003584617 1.0 277.01917234405596 293.83902695323275 1.0
0.9690025052443363 0.247050895222422 -187.77061439666528 126.51586957269498 263.8177844645305 1.0 125.05484528392559 269.5483291555982 1.0 127.97689386146439 258.0872397734628 1.0
0.0033277152709548855 0.9999944631402095 -181.5089309114649 143.75135295564203 181.03156968543297 1.0 123.12242172941879 181.10021727499003 1.0 164.38028418186528 180.9629220958759 1.0
0.4262791643046166 0.9045916615135018 -407.7371425641392 206.17231687407718 353.5851514363487 1.0 201.86929921715281 355.61290257404187 1.0 210.47533453100158 351.5574002986556 1.0
0.8129323421804183 0.5823581432735867 -455.0516750993627 361.57533107076995 276.66032697966585 1.0 351.2505004123635 291.0730880386477 1.0 371.9001617291764 262.247565920684 1.0
0.092695571054905 -0.995694496874822 330.5332555864882 403.1142006985584 369.49100128132443 1.0 433.0871678067227 372.28137655307853 1.0 373.1412335903941 366.70062600957027 1.0
0.9998770783434915 0.015678909505561885 -323.44101298323665 318.0413523223315 346.8834888575369 1.0 317.45300456089905 384.4036646415913 1.0 318.62970008376385 309.36331307348246 1.0
-0.8508201282251028 0.5254570481086154 256.7362400286487 429.19706257910946 206.3598921720672 1.0 424.52922927531364 198.80173581206714 1.0 433.86489588290533 213.91804853206725 1.0
0.3551897345603229 -0.9347942300115932 10.33136523808652 345.4581013651882 142.31424659312557 1.0 351.3346395861147 144.5471294927115 1.0 339.5815631442618 140.08136369353969 1.0
0.03292445210710438 0.9994578432597581 -187.35098754479665 240.6093980724224 179.52638638187025 1.0 225.56395848707044 180.02201794692218 1.0 255.65483765777438 179.03075481681833 1.0
-0.9802605755991074 -0.19770989840194333 571.477067544433 496.25735253319874 430.00148294099336 1.0 497.76079242968825 422.5473146356954 1.0 494.7539126367093 437.45565124629127 1.0
0.010850560010670309 0.9999411309409444 -182.52336690738343 195.00453666401762 180.41807952253566 1.0 175.61147417056992 180.6285174991972 1.0 214.39759915746535 180.20764154587417 1.0
0.01671664719538912 -0.9998602670906296 469.57329144773445 346.1906163340564 475.4268706231683 1.0 353.0636951407889 475.5417815135596 1.0 339.3175375273239 475.31195973277704 1.0
0.0655852071582727 0.9978469725373758 -65.34848223145259 198.08196250482598 52.47020547962346 1.0 190.53241814980328 52.96641225691685 1.0 205.63150685984866 51.97399870233008 1.0
-0.9996306253186633 -0.027177434113957878 261.14894663867756 256.11390849909026 188.74630001551995 1.0 256.33510522026376 180.61032162337455 1.0 255.89271177791673 196.88227840766535 1.0
0.13237222165790177 -0.9912000781544316 331.4570624686909 399.34413235878 387.7311361704632 1.0 409.4149221014625 389.076064244491 1.0 389.27334261609747 386.3862080964353 1.0
-0.5865044077681866 -0.8099460350347354 422.41462894074334 81.23137877399705 462.71239197391037 1.0 99.46957613780918 449.5056069772245 1.0 62.99318141018491 475.9191769705962 1.0
-0.9997885486118502 -0.020563512944299128 254.73354740045716 247.8846999089321 335.6072026270974 1.0 248.14195375473426 323.09963887492944 1.0 247.62744606312995 348.11476637926535 1.0
-0.08903458820150073 0.9960285347839133 -334.78621708258623 421.2476519364818 373.7762677495661 1.0 373.1161670770994 369.4738137692576 1.0 469.37913679586416 378.0787217298746 1.0
-0.1865132999054516 0.9824524359776299 -366.82206371601586 78.71351158812251 388.3172014631244 1.0 75.23912050804174 387.657607042288 1.0 82.1879026682033 388.97679588396073 1.0
0.20153670661394626 -0.9794809624935056 224.61971667319608 188.14304226402385 268.0373134716818 1.0 190.78825136295686 268.5815881952528 1.0 185.49783316509084 267.4930387481108 1.0
-0.9999999541490309 0.00030282327528513835 212.50903175239938 212.57414849651684 214.99997754610837 1.0 212.57055252760142 203.12516789960725 1.0 212.57774446543226 226.87478719260952 1.0
-0.03729518992986744 -0.9993042923995149 20.168521767997127 496.21876613750237 1.6631056733918976 1.0 508.1471286609412 1.217925412236663 1.0 484.29040361406356 2.1082859345471325 1.0
-0.8253867931977314 -0.5645676590230486 450.6337035276691 361.27431304632483 270.01663021477987 1.0 366.4549277065859 262.442673660794 1.0 356.09369838606375 277.59058676876566 1.0
-0.9997376717273435 -0.022903880221264643 539.6609252928858 534.6050567255304 226.86595189297304 1.0 534.8343633117204 216.85688660033625 1.0 534.3757501393403 236.87501718560986 1.0
-0.36317557476295526 0.9317207209757637 6.58601671671882 70.4692543950479 20.39956268377766 1.0 17.25261338120533 -0.343760666287527 1.0 123.68589540889047 41.14288603384285 1.0
0.17574111472081835 0.9844364177521494 -94.59441537273145 498.67271982585765 7.067105182433922 1.0 489.47913741187153 8.708339082944105 1.0 507.8663022398438 5.425871281923738 1.0
0.05498535968304184 -0.9984871607689939 216.35717194557844 452.514902946451 241.60437522324645 1.0 463.1764071496363 242.19149007700474 1.0 441.85339874326564 241.01726036948818 1.0
0.5056643440562303 -0.8627303003547415 -105.93574482377423 272.01225303372314 36.64082815774841 1.0 282.18186344163945 42.60145035232293 1.0 261.84264262580683 30.68020596317389 1.0
-0.9999689865738646 0.007875651746890248 325.036323945079 326.6855485869055 208.12156966462422 1.0 326.64613278324424 203.11695766439144 1.0 326.72496439056675 213.126181664857 1.0
0.9999882620240439 0.004845184633437278 -9.53454764101581 8.795773826963911 152.4971935093046 1.0 8.726125115402748 166.87185604447643 1.0 8.865422538525074 138.12253097413276 1.0
-0.9999927997682915 -0.0037947874214378976 368.33768536812994 368.1007901717669 63.124908128186846 1.0 368.14348122287043 51.87507013281705 1.0 368.0580991206634 74.37474612355663 1.0
0.4591498924842392 -0.8883588105218024 147.75223384364534 196.89512782026588 268.0860568862969 1.0 200.87428261198107 270.142690391987 1.0 192.91597302855067 266.0294233806067 1.0
0.9999880446608397 -0.004889840016862812 -242.65135278474241 244.30459621815174 337.50034426734567 1.0 244.35655014719666 348.1250902179071 1.0 244.25264228910686 326.8755983167842 1.0
-0.13917672585667926 -0.9902675592888089 303.3656184866902 246.23112166012015 271.74067719968156 1.0 254.37101684761103 270.5966591508371 1.0 238.0912264726293 272.884695248526 1.0
0.024516867202681245 -0.9996994164360437 278.3675304186815 363.7531391730613 287.37199712542343 1.0 370.6393252063636 287.54087559602743 1.0 356.86695313975906 287.20311865481943 1.0
0.2155881862547649 -0.9764843746560314 72.89911861857769 404.4681400572032 163.95313175158844 1.0 408.3069946785537 164.80067394129753 1.0 400.62928543585275 163.10558956187938 1.0
0.07438248955639046 0.9972297855797295 -65.76995966192636 177.12606590656938 52.740985753740716 1.0 163.3594207417787 53.76782766621056 1.0 190.89271107136005 51.71414384127088 1.0
-0.10579942137805282 -0.9943874910899017 76.0279809554081 231.3134273713419 51.84614111148831 1.0 254.50834484387252 49.37828137924681 1.0 208.1185098988113 54.314000843729815 1.0
0.9964554766538911 0.08412183454054382 -395.1791950603361 372.7910909810872 281.846811044348 1.0 371.83922917152057 293.1219801884929 1.0 373.74295279065393 270.57164190020313 1.0
0.09206772549134422 0.9957527473840333 -51.90769037633856 514.3928552286347 4.568112112559952 1.0 508.08123727836266 5.151687011427671 1.0 520.7044731789068 3.9845372136922332 1.0
-0.5606975027606695 -0.8280207185801264 428.05141370287953 102.7994777427065 447.34629814893873 1.0 105.81253961734129 445.3059913898662 1.0 99.78641586807171 449.38660490801124 1.0
0.11426661288109287 -0.9934501201271669 339.1064101998875 432.37645797520355 391.0740918653331 1.0 450.61954672251983 393.1724115669586 1.0 414.1333692278873 388.9757721637077 1.0
-0.01172520529662404 0.9999312574176047 -77.41702454632347 244.37162465345796 80.28785120828177 1.0 240.60015695646317 80.24362693517418 1.0 248.14309235045278 80.33207548138935 1.0
0.3437653565600599 -0.9390555785623848 15.480235021709833 375.80275756689946 154.05712641037044 1.0 400.3236397184304 163.0336236363312 1.0 351.2818754153686 145.08062918440967 1.0
0.0714834092374724 0.9974417888798263 -98.42794230328526 281.2338942575605 78.52526896490463 1.0 260.5805969753854 80.00542361471425 1.0 301.8871915397356 77.045114315095 1.0
-0.9949613532934823 -0.100259191361202 386.843894270807 358.2566256673491 303.1382635131275 1.0 359.3914232822292 291.876654923571 1.0 357.121828052469 314.39987210268407 1.0
0.026063405251346504 -0.9996602917525054 268.59399364219774 184.99000451652984 273.50837614849706 1.0 195.64035513153559 273.78605488240095 1.0 174.3396539015241 273.2306974145932 1.0
0.1856538736687035 0.9826152040304511 -372.08313738916945 40.69168478793834 370.97794435397935 1.0 33.22215709530728 372.3892259471447 1.0 48.16121248056941 369.566662760814 1.0
-0.08616008680501686 0.9962813053760228 -318.06994955685667 398.1303486166314 353.6881531871991 1.0 370.56624752025385 351.30436325723565 1.0 425.694449713009 356.07194311716245 1.0
0.9974918143714467 -0.0707819204455432 -235.72833933410436 251.75232557631864 217.46435502680976 1.0 252.4236355979028 226.9247687485725 1.0 251.08101555473445 208.00394130504702 1.0
-0.9999212091868355 -0.012552904776857596 377.7790334899738 373.70525433328453 326.8744382676472 1.0 373.7838022911915 320.6175781666847 1.0 373.6267063753775 333.13129836860963 1.0
0.18297749852533418 -0.9831171013838643 211.25911951284422 528.0024020131134 313.158704914401 1.0 536.796735897097 314.79550404343945 1.0 519.2080681291297 311.52190578536255 1.0
0.14568674602571127 0.9893307697794707 -31.547903288178095 123.12600882233878 13.756850719150616 1.0 75.64326853422592 20.74905811456104 1.0 170.6087491104516 6.76464332374019 1.0
-0.9922797532149921 -0.12401972165584935 252.26845538758784 214.60357987017528 317.05979976372686 1.0 215.41117121606464 310.5982746877282 1.0 213.79598852428595 323.52132483972554 1.0
0.9979483431656626 0.06402424831974954 -444.4667964001491 426.5310471767934 293.808128248655 1.0 425.4477307348308 310.69382197802855 1.0 427.61436361875593 276.92243451928147 1.0
0.9972773434201934 0.07374212026217863 -465.00962216018837 445.0662527121449 286.879898953635 1.0 443.86780715531677 303.0874964148684 1.0 446.26469826897295 270.67230149240163 1.0
-0.10415905446858238 -0.9945606524351398 346.81338383785305 76.26031525643837 340.7234950201952 1.0 83.19021825608395 339.9977352163715 1.0 69.3304122567928 341.44925482401885 1.0
-0.11354461121120074 0.9935328989343519 -325.33945654683583 162.45450861556958 346.02305664546793 1.0 144.2811572133057 343.94613888905764 1.0 180.62786001783343 348.0999744018783 1.0
0.999995735637433 -0.002920394998769468 -469.0550310683422 469.7159506516415 225.6258295398338 1.0 469.73055789480907 230.62761213538977 1.0 469.7013434084739 220.62404694427784 1.0
0.999526014503358 0.030785488968552727 -268.9356285443163 259.53482471469283 309.3606725603871 1.0 259.3407295834892 315.6624445778681 1.0 259.7289198458965 303.0589005429062 1.0
-0.9998084300930332 -0.019573020076225005 303.57896336932413 300.6766038690844 151.22653927410124 1.0 301.6188538895677 103.09551452341277 1.0 299.73435384860113 199.35756402478972 1.0
0.9999921198701032 0.003969911547756174 -414.7144479073228 413.63590831336876 272.4995470625265 1.0 413.60362348585033 280.6318625364159 1.0 413.6681931408872 264.36723158863714 1.0
0.09490230691701414 0.9954865906388839 -71.33995569455749 227.49766078520798 49.975462588489926 1.0 206.88128007111416 51.94087539107853 1.0 248.11404149930178 48.01004978590132 1.0
0.9998663799574301 -0.016346933376756634 -524.7112140287276 532.4858609447062 471.25023116108264 1.0 532.5983981086549 478.13360947643247 1.0 532.3733237807576 464.36685284573275 1.0
-0.9825337261050527 -0.18608459653104314 250.06973040774574 211.05771769556816 229.45695352042605 1.0 211.7866310119023 225.60826356942349 1.0 210.328804379234 233.3056434714286 1.0
-0.97268667731678 -0.23212201052559048 253.46072803225806 215.75441036761018 187.82918257783973 1.0 217.1591356147563 181.94280614117292 1.0 214.34968512046404 193.71555901450657 1.0
0.11155507741870636 -0.993758252646038 323.30629407080573 161.90178739936337 343.5113716936937 1.0 179.39186824191788 345.4747338265419 1.0 144.41170655680887 341.54800956084557 1.0
-0.12845594263553115 -0.9917152165826726 359.91522544831145 48.101224769242506 356.6914486777629 1.0 51.948585925963734 356.1931035926194 1.0 44.253863612521286 357.18979376290633 1.0
0.14354223199506125 -0.9896441924418473 332.61948381905574 143.82810407433607 356.9615156633804 1.0 179.5181368252782 362.1381508623467 1.0 108.13807132339394 351.7848804644141 1.0
-0.07979229515701176 -0.99681151158761 290.352688825175 227.4459638901055 273.0749496548726 1.0 230.60077878167823 272.82241452855453 1.0 224.29114899853278 273.3274847811907 1.0
0.004614277621626302 0.9999893541643484 -185.37688974278265 459.37561903062453 183.2591540508045 1.0 435.6261247051263 183.36874197765064 1.0 483.12511335612277 183.14956612395835 1.0
-0.4566173671518511 -0.8896631834662552 418.7118189948957 305.63701467441604 313.7734091260172 1.0 317.3342663654316 307.76982443315165 1.0 293.9397629834005 319.7769938188828 1.0
-0.12640856912876233 0.9919782626906797 -336.4430336461395 413.133331326424 391.809620771606 1.0 399.2895579317414 390.0454978548215 1.0 426.9771047211067 393.57374368839044 1.0
0.9997245225188166 0.023470813248033042 -377.8929503622188 370.6310798717826 313.75014273885654 1.0 370.17576953881877 333.143799891247 1.0 371.0863902047464 294.356485586466 1.0
-0.45193782705033164 -0.8920494383614758 343.13803419448817 56.71296124647763 355.93016268959866 1.0 60.95687851326446 353.78007249812225 1.0 52.4690439796908 358.080252881075 1.0
-0.13528378084162757 0.9908068927097724 -337.40908590561406 145.0384884461255 360.34311389751525 1.0 114.47132766575247 356.16950437744697 1.0 175.60564922649854 364.51672341758353 1.0
0.7960158375714299 -0.6052757936143283 -363.0069365315981 468.51934988668734 16.425382101452247 1.0 471.1698745871594 19.911164387327773 1.0 465.8688251862152 12.93959981557672 1.0
0.31162848389667674 0.9502040244201552 -346.2133602463123 289.39826575895864 269.4459409406909 1.0 281.88633149997025 271.9095515170495 1.0 296.91020001794703 266.9823303643322 1.0
-0.24149323435169429 0.9704025029658352 -15.610265185169212 252.31293660823172 78.87668475867466 1.0 245.25301551345498 77.11976103451417 1.0 259.37285770300844 80.63360848283513 1.0
0.970826280189888 -0.23978393126451328 -327.34521125294333 410.73297947943047 297.78959328017913 1.0 412.33164870140484 304.26221254969704 1.0 409.1343102574561 291.3169740106612 1.0
0.01833866967946785 -0.9998318324570324 233.1765827723972 470.00070726662625 241.83643953191216 1.0 475.62381554084465 241.9395772015334 1.0 464.3775989924078 241.7333018622909 1.0
-0.07837226268624319 -0.9969241638366675 333.34242590266246 93.13866991623188 327.0488863896751 1.0 99.35028109399086 326.5605663743847 1.0 86.9270587384729 327.53720640496556 1.0
-0.9997827509704565 -0.020843484880074942 364.9432073403328 359.64127040688936 258.117521200388 1.0 359.90202889684326 245.60992748825404 1.0 359.3805119169355 270.62511491252195 1.0
-0.9999065814147907 -0.013668520160810304 341.84317492104276 336.2704917398991 410.0002801179281 1.0 336.4670751296393 395.61942374975996 1.0 336.07390835015894 424.38113648609635 1.0
0.11495301667106708 -0.99337092969254 338.9946518446633 368.8009672200184 383.93456480134455 1.0 388.2054196343127 386.1800506266281 1.0 349.3965148057241 381.68907897606107 1.0
-0.0044482273934837 0.999990106587588 -195.74129059842258 456.2487867535598 197.77274559723924 1.0 441.87129107314377 197.7087905943707 1.0 470.62628243397575 197.83670060010778 1.0
-0.1463412519543062 -0.9892341674125728 34.007970783182344 100.73244984468255 19.4763369434365 1.0 120.75652762463378 16.51409735641026 1.0 80.70837206473134 22.43857653046274 1.0
-0.4613703613353563 0.8872076361716476 94.90999505619239 238.88100838421866 17.248073026310387 1.0 234.66978610246304 15.058131160862793 1.0 243.09223066597426 19.438014891757984 1.0
-0.0033017764073594983 0.9999945491214218 -376.0301047238435 396.87551984837734 377.34255580039144 1.0 389.36941081431485 377.3177721715791 1.0 404.3816288824398 377.3673394292037 1.0
0.9996779476853683 0.025377173041336694 -226.85579738911335 218.9006668203861 316.2538247297356 1.0 218.7250474418618 323.1719640989636 1.0 219.07628619891045 309.33568536050757 1.0
0.1926567979779978 0.9812662014931856 -341.3516783232646 222.5820587086862 304.16795274403535 1.0 214.40416716522472 305.77355823271637 1.0 230.7599502521477 302.5623472553543 1.0
-0.4256674121560239 -0.9048796904718294 414.91516494512507 268.8394330011932 332.06511581372365 1.0 288.5556015134252 322.7903685554911 1.0 249.12326448896118 341.33986307195613 1.0
-0.999534117787138 -0.030521261105793226 529.7022156789029 516.971437628197 425.00294476994657 1.0 517.4874083926804 408.105530829734 1.0 516.4554668637136 441.9003587101591 1.0
-0.10939407598586341 -0.99399845882134 76.53283086546266 188.12944763625154 56.290413007190494 1.0 203.153824571341 54.636911618439505 1.0 173.10507070116205 57.94391439594149 1.0
0.0 1.0 -160.625 371.25 160.625 1.0 360.625 160.625 1.0 381.875 160.625 1.0
-0.010055164122762738 0.9999494455593564 -193.23955511195678 477.4944608063354 198.05085263314828 1.0 471.86374536954804 197.9942320028785 1.0 483.12517624312267 198.10747326341803 1.0
-0.09947147427289103 0.9950404141571224 -256.02733263660326 530.0954045736141 310.29564190753763 1.0 524.4642002178572 309.73270577828146 1.0 535.7266089293711 310.8585780367938 1.0
0.10694174781900549 -0.9942652878248421 314.4538590558328 141.84550087433536 331.5242610558337 1.0 181.85322642335342 335.8274346141052 1.0 101.83777532531728 327.22108749756217 1.0
-0.2204962642445 -0.9753878190003296 363.0819400949496 303.84740801642965 303.55589434201545 1.0 312.11505529644313 301.6869092021328 1.0 295.57976073641623 305.42487948189813 1.0
-0.5197479023990523 0.854319681355747 113.39122245363815 310.6250064174278 56.249989451549745 1.0 299.36134541172544 49.397444310885916 1.0 321.88866742313013 63.10253459221357 1.0
-0.07719491172572446 -0.997016020735704 310.7117116137204 321.33801341572587 286.7617431292647 1.0 324.4443913707373 286.5212288676715 1.0 318.2316354607145 287.0022573908579 1.0
0.6836919760719772 -0.7297707049853364 -275.859038119896 447.50678250357544 41.242760376618335 1.0 456.55345632085243 49.718214730650004 1.0 438.46010868629844 32.76730602258667 1.0
-0.5023591690674445 0.8646590456670575 99.92341236107049 278.0272941233493 45.96742298826274 1.0 246.5949555484931 27.70551551451442 1.0 309.45963269820544 64.22933046201106 1.0
0.08517173500856408 -0.9963662858385117 352.98443293775443 463.7360659042325 393.9130055234281 1.0 475.6840386988348 394.93434635682956 1.0 451.78809310963015 392.8916646900267 1.0
-0.15791271806345647 -0.9874530740616545 327.83668229784763 88.09138272458708 317.91478588707 1.0 95.59927377424715 316.71412986227335 1.0 80.583491674927 319.1154419118667 1.0
-0.57800693192926 -0.8160318539381437 274.05366444556284 93.0661405983015 269.9169021268838 1.0 113.16458631224887 255.68088806983198 1.0 72.96769488435413 284.1529161839357 1.0
0.41219389736116924 0.9110961480426805 -468.123291130506 425.62237267916805 321.24419267993784 1.0 414.1713314999181 326.4248196671756 1.0 437.073413858418 316.0635656927001 1.0
-0.4148292038304676 -0.9098992975320842 430.8923766577478 257.65801557650815 356.0924907562984 1.0 263.2130472391093 353.5599144941779 1.0 252.102983913907 358.6250670184189 1.0
0.8177534812440206 0.5755686265887723 -379.22543537595317 445.8524735467909 25.41490681746048 1.0 440.66602796656593 32.78367872854987 1.0 451.0389191270159 18.046134906371087 1.0
-0.0441443970572877 0.9990251609486364 -362.7852399849435 444.39043325031 382.775732450712 1.0 433.10722973374607 382.2771562030023 1.0 455.67363676687404 383.27430869842175 1.0
0.09684802746991601 -0.9952991809376648 332.48371187141174 144.996305393932 348.16296916147303 1.0 173.21897867854503 350.9091888810227 1.0 116.77363210931901 345.41674944192334 1.0
0.04311297857300663 -0.99907020327831 335.1712417231943 453.096489091845 355.0356919713937 1.0 466.8747726845088 355.6302676512149 1.0 439.31820549918115 354.4411162915725 1.0
-0.00598059800613988 -0.9999821160638269 361.28790848892396 63.13048314057657 360.9168050604321 1.0 70.63395269083868 360.8719290228405 1.0 55.62701359031447 360.96168109802375 1.0
-0.09447599287532227 0.995527140147481 -313.44342136027024 169.34673921275362 330.92279396701167 1.0 156.84074385937612 329.7359691379774 1.0 181.8527345661311 332.10961879604594 1.0
-0.012784984786620596 -0.9999182687420036 185.7401446587512 194.3688642474825 183.27012058386282 1.0 213.12378941296618 183.03031955170786 1.0 175.6139390819988 183.50992161601775 1.0
-0.23679098833201453 -0.9715606146014503 329.8445546358838 202.5335772615038 290.13776852342676 1.0 208.27454016467289 288.7385678360085 1.0 196.7926143583347 291.536969210845 1.0
-0.5129569722685566 0.8584143198951629 134.33700211937935 267.8597800497216 3.568835673456074 1.0 263.99567423125416 1.2597874956385469 1.0 271.72388586818914 5.877883851273602 1.0
0.99986504000689 0.01642868747100665 -298.55935740759264 295.2620580908799 203.129305851592 1.0 294.4816320651381 250.6267520613307 1.0 296.0424841166217 155.63185964185328 1.0
-0.7997628399156671 -0.6003160833178026 599.7496243258156 527.8249309571977 295.86889890332264 1.0 530.3010566906463 292.5701144735828 1.0 525.348805223749 299.1676833330625 1.0
-0.10182894329898953 0.994801923151846 -297.05173942181943 494.391852551213 349.2103616387094 1.0 474.3459861535149 347.1584462319488 1.0 514.4377189489111 351.26227704546994 1.0
0.014099658553824806 -0.9999005948736431 470.8315102068186 374.3763054652584 476.15742077310034 1.0 381.9012486943024 476.26353045111273 1.0 366.8513622362143 476.05131109508795 1.0
0.05962727276004938 0.998220711237349 -313.0728106081981 100.55775067386351 307.624178424421 1.0 94.36717273335832 307.9939636585335 1.0 106.7483286143687 307.2543931903085 1.0
0.09382295783701887 -0.9955888973781865 181.4108529334042 96.24672220099123 191.28478189535048 1.0 104.35858056268935 192.04923251051272 1.0 88.13486383929312 190.5203312801882 1.0
0.11982524556550063 0.9927949992446413 -41.74793546428092 331.8893121033112 1.9935808927748835 1.0 326.8124001699596 2.606338027521873 1.0 336.96622403666294 1.3808237580278944 1.0
0.1056195145525153 -0.9944066161011254 355.54071956891863 76.9321616400541 365.7118237614723 1.0 85.78148006894217 366.65174180047774 1.0 68.08284321116604 364.7719057224669 1.0
-0.00023419772759356418 -0.9999999725757118 380.80284043376923 150.00003342498377 380.76772120908595 1.0 165.62503256797476 380.7640618696926 1.0 134.37503428199275 380.7713805484792 1.0
0.9999807469274674 -0.006205302118685992 -178.56999260083174 180.98970081091994 389.3804936547034 1.0 181.05950911570494 400.6300604647416 1.0 180.91989250613497 378.1309268446652 1.0
-0.9825027171496501 0.18624825044427815 191.8870158009036 254.15110453384227 310.43048636572166 1.0 252.96406019456361 304.16855216802406 1.0 255.3381488731209 316.6924205634193 1.0
-0.12258851682335432 0.9924575837500815 -325.12362196519786 469.38147864184464 385.572549922311 1.0 456.91724806855404 384.03296620171466 1.0 481.8457092151353 387.11213364290734 1.0
0.9986243462345402 0.05243486538208102 -421.4856277074348 407.6264444533824 275.00663923117474 1.0 407.33018569490343 280.6489004794206 1.0 407.92270321186135 269.3643779829289 1.0
0.22029150285150517 -0.9754340847906768 206.99497881079617 620.5187040227206 352.34567053414384 1.0 636.7859177982729 356.0194492401567 1.0 604.2514902471682 348.671891828131 1.0
-0.4008617291115455 -0.9161385671030895 413.4101783159831 217.20969637644748 356.2115334568213 1.0 233.07824983564694 349.2681561047816 1.0 201.341142917248 363.154910808861 1.0
-0.3877380815236803 -0.9217695916748044 418.8327838044286 217.63891650866955 362.8302461624869 1.0 224.15045807163722 360.0911965602979 1.0 211.1273749457019 365.56929576467587 1.0
-0.020865628507734355 -0.9997822890744651 188.54317378663066 458.13069680806126 179.02296411425345 1.0 481.88339484344726 178.52724121669988 1.0 434.37799877267526 179.51868701180706 1.0
0.4710292697399919 0.882117581192105 -427.6981960096074 272.48778427434644 339.3521230641952 1.0 255.7211634420878 348.30508957910496 1.0 289.2544051066051 330.3991565492854 1.0
-0.08241244918659396 0.9965983083565149 -357.2408540055968 443.7372222356156 395.1545191108347 1.0 429.30585682850364 393.9611354191966 1.0 458.16858764272763 396.3479028024728 1.0
0.4904404597958536 -0.8714747015233613 -99.5302037761656 214.563044082955 6.540860232790183 1.0 225.7783511643737 12.85250686137017 1.0 203.34773700153633 0.22921360421019665 1.0
-0.11072661995034425 0.993850902114785 -348.3995350076908 391.8926520732721 394.21655997037084 1.0 360.6131175179763 390.7316538063194 1.0 423.1721866285679 397.7014661344223 1.0
0.0757337524015768 -0.997128075398129 338.3826403393474 460.0060327070885 374.29557198517375 1.0 470.6644872572458 375.1051016512227 1.0 449.34757815693115 373.4860423191248 1.0
0.12402986708016059 -0.9922784851401736 299.2383364455557 375.6535351081242 348.52171003622504 1.0 388.19200282518466 350.0889560338204 1.0 363.11506739106363 346.95446403862974 1.0
-0.9998198801913677 -0.018979124693173633 192.76815456226927 185.0797813346268 406.85278627289927 1.0 185.29348315860037 395.5949787872476 1.0 184.86607951065324 418.110593758551 1.0
-0.1958060668091531 0.9806426383758405 -208.31480238892493 526.8503115659751 317.62364545937794 1.0 519.2778321007838 316.1116395950114 1.0 534.4227910311662 319.1356513237445 1.0
-0.9997684730462482 -0.021517441826884042 208.52640085592037 199.88506572561175 403.747526335717 1.0 200.0601438379689 395.6128429257025 1.0 199.70998761325464 411.8822097457314 1.0
0.0765779761695345 -0.9970635955473343 319.16695996638646 483.1469427072699 357.21430069452197 1.0 496.95947222928555 358.27515133765195 1.0 469.33441318525416 356.1534500513919 1.0
-0.9940913209098219 -0.10854697458596238 22.84536775419812 5.369515173708757 161.29034815849008 1.0 5.8636942827736105 156.76457334836607 1.0 4.8753360646439035 165.81612296861408 1.0
0.9987591261542542 0.04980168595128769 -215.18576166541084 195.04166716694533 409.34591294808115 1.0 194.35464344234222 423.1239849495589 1.0 195.7286908915484 395.5678409466033 1.0
-0.9999718640086233 0.007501412608272905 358.13044539453955 359.86117960393346 229.37135286357335 1.0 359.78616758844754 219.37191557548454 1.0 359.9361916194194 239.3707901516622 1.0
-0.9977832355813098 -0.06654783837881176 373.20623517090536 360.23666051087355 206.89078423535958 1.0 360.7374307763583 199.38249864786968 1.0 359.7358902453889 214.39906982284947 1.0
-0.07607037647710295 0.9971024510162594 -322.3862892679517 458.7824767125369 358.3243072248209 1.0 438.13460877212935 356.7490517572655 1.0 479.43034465294437 359.8995626923764 1.0
0.9996403550372895 0.026817169517340093 -368.26987942576255 362.9030356088872 204.99404540175541 1.0 362.68522446942075 213.11320222203543 1.0 363.12084674835364 196.8748885814754 1.0
0.15338043143683164 0.9881672142164257 -216.48519087126274 203.6479975330888 187.46783993970672 1.0 197.77641500567427 188.3792098458475 1.0 209.51958006050333 186.55647003356597 1.0
0.34827909577580307 -0.9373908850877465 42.545056802268974 368.98917456093903 182.48126324953643 1.0 376.94480976605155 185.43710747592803 1.0 361.0335393558265 179.52541902314482 1.0
0.0883240594083561 -0.9960917932247153 333.486536515121 100.68284928227459 343.72259344505153 1.0 116.91605435428225 345.16200151860505 1.0 84.44964421026691 342.28318537149806 1.0
-0.0649718857448175 0.997887094847289 -326.36468236990163 167.51059696089519 337.96224390325597 1.0 155.6046821860091 337.1870562708718 1.0 179.41651173578128 338.7374315356402 1.0
-0.014788392039054622 -0.9998906457512738 200.97268340810072 393.1184249213719 195.18043783273325 1.0 403.1347214245629 195.03229671340384 1.0 383.102128418181 195.32857895206266 1.0
0.10867233489284717 -0.9940776245489769 345.00417777321167 131.85057045162986 361.47346871847867 1.0 151.816930805192 363.65618659216386 1.0 111.88421009806774 359.2907508447935 1.0
0.9995532976825031 0.02988653696956727 -369.48682338650286 362.0092262914769 255.6103259184703 1.0 361.709936172452 265.6200646091651 1.0 362.30851641050185 245.60058722777546 1.0
0.9999836919809004 0.005711021996790477 -297.53216297804494 296.84095378540155 121.87837500510716 1.0 296.7481308065472 138.13141432934646 1.0 296.93377676425587 105.62533568086785 1.0
0.25698408336208245 -0.9664156356860905 65.27534579927398 168.77064845216307 112.42234932700092 1.0 181.80496718984273 115.88836573791487 1.0 155.73632971448342 108.95633291608698 1.0
-0.09141129757913055 0.995813222785729 -333.3586865096925 480.6132094711401 378.87844325431564 1.0 471.87943183095894 378.0767206736261 1.0 489.3469871113213 379.6801658350052 1.0
-0.07817858270942772 0.9969393708774597 -345.48097518752536 490.00259373652034 384.9669244700382 1.0 479.39382050929737 384.1349994007533 1.0 500.61136696374325 385.798849539323 1.0
0.05285363364024999 -0.9986022698807681 370.3840589122189 495.5453169071976 397.13051082041426 1.0 504.270873724544 397.5923337075045 1.0 486.8197600898512 396.668687933324 1.0
0.07525514745025735 -0.9971643108245701 308.06311862997023 444.3768175381821 342.47591680741846 1.0 474.3476206977304 344.73778798199885 1.0 414.4060143786338 340.214045632838 1.0
0.02267194377965274 -0.9997429584474462 254.07818570469792 474.3630712838424 264.9010091546544 1.0 480.6381913225602 265.043314901873 1.0 468.0879512451245 264.7587034074358 1.0
0.0766123180251132 -0.9970609573776414 343.26417465647523 466.2422235331445 380.10120580720906 1.0 476.8526026253401 380.91648769279834 1.0 455.6318444409489 379.28592392161977 1.0
0.8928925446222362 -0.4502698121771302 -299.57348338056835 476.24146728060043 279.0748320138313 1.0 478.2559841338508 283.06965252064225 1.0 474.22695042735006 275.0800115070204 1.0
-0.08191530492699299 0.9966392942377488 -319.3605455444779 497.49365445529247 361.32720436619866 1.0 481.82042501433176 360.0389977138321 1.0 513.1668838962531 362.6154110185653 1.0
0.08481581383245104 -0.9963966467847727 320.22020015941416 496.88146488274595 363.6740520464414 1.0 513.1730235066918 365.06083090378485 1.0 480.5899062588001 362.2872731890979 1.0
1.0 0.0 -15.625 15.625 208.125 1.0 15.625 225.625 1.0 15.625 190.625 1.0
0.08237956786807774 -0.9966010268898327 321.60214502777563 467.4923821931278 361.3421577321655 1.0 478.09658899156267 362.21870707344505 1.0 456.8881753946929 360.46560839088596 1.0
-0.2634058345793155 0.9646851125157755 -3.5743363904913483 220.4162506345542 63.88951383627969 1.0 215.44553419404573 62.53226710832436 1.0 225.38696707506264 65.24676056423502 1.0
-0.33182613581699566 0.9433405618273609 12.029355642789918 240.25991071143696 71.76110607306981 1.0 234.6673495236428 69.79388655197657 1.0 245.85247189923112 73.72832559416304 1.0
-0.0813662618546752 0.996684268678801 -363.1463209577039 436.97478401985126 400.0277100657652 1.0 424.5068545812089 399.00986635801314 1.0 449.4427134584936 401.04555377351727 1.0
0.999806158703616 0.019688702809469282 -367.0247019104705 362.60346399251716 228.12703746674538 1.0 362.43097895903 236.8859486267887 1.0 362.7759490260043 219.36812630670204 1.0
-0.11302586201366215 0.9935920463228702 -346.9646869376759 487.3980499980973 404.64622595402864 1.0 479.30665711920074 403.725791195706 1.0 495.48944287699385 405.5666607123513 1.0
0.19107446224896865 -0.9815755446608617 334.6355591705798 144.32418325683423 369.01105253294304 1.0 153.1063893545381 370.7206054212621 1.0 135.54197715913037 367.3014996446239 1.0
0.6972534673311792 -0.7168246663547846 -241.5791075372434 374.55455603649443 27.315404007319252 1.0 381.84452138178443 34.40633412217645 1.0 367.2645906912044 20.224473892462047 1.0
