0.9999477520933451 -0.010222185845802782 -605.5193038248699 609.001149649865 337.50382176743693 1.0 609.1608629585837 353.1271890630078 1.0 608.8414363411465 321.8804544718661 1.0
-0.9971699243842814 0.07518072827158827 176.63442163137785 205.26917503575848 373.151827102678 1.0 204.3250103443075 360.6287689250639 1.0 206.21333972720947 385.6748852802921 1.0
-0.9970283447156928 -0.0770355751162118 619.4649051981244 590.2513207917871 401.9909998221136 1.0 590.8384978310423 394.3914959484728 1.0 589.6641437525317 409.59050369575436 1.0
0.9970970808148552 -0.07614073437059976 -64.88851063421718 93.90334010284971 377.4882905804619 1.0 95.00555599387974 391.92230223609613 1.0 92.80112421181968 363.0542789248277 1.0
-0.7211824300203197 0.6927451931482359 160.5520328324374 568.594850393707 360.173676467714 1.0 561.848533538923 353.1504228513168 1.0 575.3411672484909 367.1969300841113 1.0
0.9999384228707627 -0.011097317997233696 -215.20368102690526 219.24691099521516 363.1264215319519 1.0 219.3023941684964 368.12580577961825 1.0 219.1914278219339 358.12703728428556 1.0
-0.12872476716029574 -0.9916803589461312 384.64939987142617 465.0021967637169 327.51692360747177 1.0 474.46120331665514 326.28910014085733 1.0 455.5431902107786 328.7447470740862 1.0
-0.1070749977354431 -0.9942509466226094 376.0412100018139 321.2360378569236 343.62035373089736 1.0 334.41017041669437 342.2015768931225 1.0 308.0619052971528 345.0391305686722 1.0
-0.11240589132850576 -0.9936623750523335 378.0529064551109 268.7569682539044 350.0615990108953 1.0 281.9255580928604 348.57193097520116 1.0 255.5883784149484 351.5512670465894 1.0
-0.9999602287253886 0.00891857429574249 608.5618697377855 611.6407760834024 342.49651469585217 1.0 611.4679358656897 323.1174819148515 1.0 611.8136163011152 361.8755474768529 1.0
-0.06049861952344025 -0.9981682809204858 356.35470304217154 446.2099381892733 329.96401915351765 1.0 454.38068476899855 329.4687931500492 1.0 438.039191609548 330.4592451569861 1.0
-0.9997590411728373 0.021951300489235485 214.0701596419365 222.1223691121728 364.3832914869997 1.0 221.98490538036697 358.122586852501 1.0 222.25983284397861 370.6439961214984 1.0
-0.9980770605755046 0.06198533014319155 73.27491045128065 96.86068491715562 377.500889034696 1.0 95.96655648416021 363.1037877186347 1.0 97.75481335015103 391.89799035075737 1.0
-0.9993916728709515 0.034875266252758295 587.95275250632 600.1526886867292 339.34786139083633 1.0 599.6298779264968 324.36610565377936 1.0 600.6754994469617 354.32961712789336 1.0
-0.2166342849563347 -0.9762528292309618 437.78203903637126 266.84019095544653 389.21813457939027 1.0 273.06123816357695 387.83766010263554 1.0 260.6191437473161 390.598609056145 1.0
0.16617584434924917 -0.9860961356555528 285.48152798762544 608.1065893495404 391.98424976096396 1.0 625.9426639425101 394.9899655813515 1.0 590.2705147565706 388.97853394057637 1.0
0.013045525918332985 0.9999149035060504 -386.42166159213485 513.754915634187 379.75177406910234 1.0 484.3686093207528 380.1351665151113 1.0 543.1412219476213 379.3683816230934 1.0
-0.14784480277419051 -0.9890105733978078 419.35750085165665 369.3823446173318 368.79913195501206 1.0 375.7698942188464 367.8442725870259 1.0 362.99479501581715 369.7539913229983 1.0
-0.16225634403882327 -0.9867486401405148 392.7382352875418 351.390818175292 340.2313741763047 1.0 357.0678609021929 339.2978677488847 1.0 345.7137754483911 341.1648806037247 1.0
-0.12468860830804256 -0.9921959236754622 416.2093043230142 290.1439891031393 383.02077749424825 1.0 299.5278780544875 381.8415103495835 1.0 280.7601001517911 384.2000446389131 1.0
-0.9974426002971859 0.07147208624622856 553.3295593056633 570.5130215930467 220.0080238505525 1.0 570.1120192605548 214.4117578080597 1.0 570.9140239255385 225.6042898930453 1.0
0.9898128412868851 0.1423746438927379 -521.01658503874 469.6337202471101 394.50211428891896 1.0 467.83415985108235 407.01296551887174 1.0 471.4332806431378 381.99126305896624 1.0
0.9990917095078898 -0.04261168845049852 -186.27968251717328 202.04392455712807 365.644451812578 1.0 202.25792432791857 370.6619811480269 1.0 201.82992478633756 360.6269224771291 1.0
-0.18990955833095785 -0.9818015887410962 437.8790054291852 138.10690283573228 419.2814405984306 1.0 170.60010393754519 412.9962913984617 1.0 105.61370173391938 425.5665897983995 1.0
-0.19229854476246877 -0.9813364711872462 438.0037064562358 52.94548458095863 435.9588982787761 1.0 105.3911969925925 425.68185827068714 1.0 0.499772169324757 446.235938286865 1.0
0.18385095708536828 0.9829541319811388 -459.7559994424742 83.06738918354941 452.19198533978465 1.0 52.83899464287732 457.8458801520029 1.0 113.29578372422151 446.53809052756634 1.0
0.9996741068354089 -0.02552802622270997 -588.911171580575 597.7857359452481 340.0086635650827 1.0 598.1844813642084 355.6234810631635 1.0 597.3869905262878 324.3938460670019 1.0
0.13606498131250588 0.9906999146363279 -390.54080889243676 459.3568504797383 331.11785190428486 1.0 445.60866438283625 333.0060590765268 1.0 473.1050365766403 329.22964473204286 1.0
-0.1254539943422445 -0.992099438213517 415.8319395168287 309.4555271180691 380.01181438774586 1.0 316.99306537948166 379.05866972706093 1.0 301.91798885665656 380.9649590484307 1.0
0.14216335849320139 0.9898432095548937 -213.6947291184016 530.0552662594173 139.7598033148733 1.0 495.4955029949632 144.72334902289916 1.0 564.6150295238713 134.7962576068474 1.0
0.3061257676225398 0.9519910789484903 -452.0981405894713 32.723019642703115 464.3749199527332 1.0 12.00727558769143 471.0363511267701 1.0 53.4387636977148 457.7134887786963 1.0
0.9984856346826009 0.055013065107153244 -139.35486080455496 118.90644938210039 374.974184500254 1.0 118.39148292682523 384.32081165026193 1.0 119.42141583737556 365.6275573502461 1.0
0.03927040068342415 0.9992286203017623 -449.99579050205256 148.10623371093783 444.5224949885553 1.0 114.28565642000233 445.85166790711986 1.0 181.92681100187332 443.1933220699907 1.0
-0.1417403655451455 0.9899038684514415 -304.7521905620583 603.6715767485227 394.2977019881754 1.0 591.7720694265015 392.5938592501235 1.0 615.5710840705441 396.0015447262272 1.0
0.18251117072180087 0.9832037797739376 -396.55838912625774 21.856556829982196 399.27564501585954 1.0 14.606384285769009 400.62148756264435 1.0 29.106729374195382 397.92980246907473 1.0
-0.5864184807526112 -0.8100082502245267 678.3910805589954 585.5246310979878 413.6113624205849 1.0 590.2895848235647 410.1616976500905 1.0 580.7596773724108 417.06102719107923 1.0
-0.28733225405167323 -0.9578309745365227 444.81845180794375 180.2834793807317 410.3199873019074 1.0 185.78810003564573 408.66869902399264 1.0 174.77885872581768 411.9712755798222 1.0
-0.05872039869355122 -0.9982744686594316 357.387579224773 393.0813856554958 334.8835355761453 1.0 401.8744887533035 334.3663085650707 1.0 384.2882825576881 335.40076258721984 1.0
-0.1384128792396484 -0.9903746133966634 382.7370268084989 231.7448299785258 354.0686048480349 1.0 240.58422251186735 352.83322809794527 1.0 222.90543744518422 355.30398159812455 1.0
0.9989233189239283 0.04639184098528228 -268.54502049489 252.17416071625178 358.73486742280204 1.0 251.970069812948 363.1294152174258 1.0 252.37825161955558 354.3403196281783 1.0
0.033005366178120686 -0.9994551744843027 421.61143202238884 510.00220439644977 438.68324735661133 1.0 545.650247498221 439.86046545117415 1.0 474.3541612946786 437.50602926204846 1.0
-0.083358795741336 -0.9965195989906843 366.7120890667237 413.20266704980605 333.4284771527614 1.0 420.70246980466555 332.80111916946043 1.0 405.70286429494655 334.0558351360623 1.0
0.4230397256748802 0.906111135844231 -432.57266595287973 6.049427619002273 474.5703929041772 1.0 0.23321415262676948 477.2858317195159 1.0 11.865641085377776 471.85495408883855 1.0
-0.9501172054875338 0.3118930839832132 508.3981484446049 612.7509086873987 236.57796971665 1.0 611.2720481967332 232.07292978837552 1.0 614.2297691780642 241.08300964492446 1.0
-0.12477212831416049 -0.9921854242005144 380.7984390542185 295.05570552386064 346.6929691916673 1.0 303.28633437956483 345.657927701799 1.0 286.8250766681564 347.7280106815357 1.0
-0.998437543964909 -0.05587907301772656 585.240769045085 572.793686851308 238.76643663052113 1.0 573.3884258925517 228.1397430300209 1.0 572.1989478100644 249.3931302310214 1.0
-0.24867796845565865 -0.9685862212548589 442.78054332613226 206.7912540589317 404.0488144311357 1.0 210.61043388116934 403.0682658144824 1.0 202.9720742366941 405.029363047789 1.0
-0.2709254804013696 -0.9626003241581041 445.04558947993206 221.68325077087925 399.94371350810104 1.0 226.642238885297 398.5479979619024 1.0 216.72426265646152 401.33942905429967 1.0
-0.08900497692026058 0.9960311812806987 -425.79338749139464 205.60375978889954 445.86269359068535 1.0 184.18965586849524 443.94913720708604 1.0 227.01786370930384 447.77624997428467 1.0
-0.08593841017252009 -0.9963004514989541 366.53756736156544 516.837692454403 323.3174864772592 1.0 523.0950464377944 322.77774261544494 1.0 510.58033847101177 323.85723033907345 1.0
-0.997199264278407 0.07479055637314139 97.76934845130029 126.07639935570762 373.763020154786 1.0 125.46693200033506 365.6368551969132 1.0 126.6858667110802 381.8891851126587 1.0
0.8013660200987509 0.5981743072308341 -609.6083015856219 486.56580305258404 367.2692020061 1.0 479.83550712947505 376.28568832587666 1.0 493.29609897569304 358.2527156863233 1.0
-0.24594048073542113 -0.9692849322751437 441.6677694905182 246.70167866644172 393.06691701765595 1.0 254.49298577287567 391.0899980008547 1.0 238.91037156000777 395.04383603445723 1.0
0.3185795575757498 -0.9478961258992673 52.90826288904077 463.24767580730554 211.50999251687273 1.0 472.2420388619483 214.5329188949137 1.0 454.25331275266285 208.48706613883175 1.0
-0.01884093041001869 -0.9998224939164376 369.6581236520988 405.58176854376325 362.08085733031135 1.0 416.8277750113527 361.86893448747105 1.0 394.33576207617375 362.2927801731517 1.0
-0.13215993356837105 -0.99122840554496 382.6865225458145 191.85736874715005 360.49276174761656 1.0 200.61828992707797 359.3246729855714 1.0 183.09644756722213 361.6608505096617 1.0
-0.06025405357033606 -0.9981830739039523 372.74813995062186 153.84898023303148 364.13973023238634 1.0 180.73918025643323 362.51653745834915 1.0 126.95878020962975 365.7629230064235 1.0
0.28287991550606856 -0.9591553333028385 77.84106789213615 488.09335234117407 225.10730709069634 1.0 550.5098166848885 243.51554978788076 1.0 425.67688799745963 206.6990643935119 1.0
0.37988977149499537 0.9250317624349339 -555.5791663639195 583.6173379612655 360.92696787671923 1.0 578.1452228561453 363.17424266370216 1.0 589.0894530663858 358.67969308973625 1.0
-0.697882678830336 -0.7162120960920685 715.3022176006014 575.7929863336997 437.6723983813089 1.0 618.5406517813522 396.01873818884576 1.0 533.0453208860471 479.32605857377195 1.0
-0.23949156458309528 -0.9708984449949136 441.883936540561 194.737130865675 407.0930779883859 1.0 202.6789167480383 405.13407729541325 1.0 186.79534498331174 409.0520786813586 1.0
-0.16262782358971598 -0.986687483955519 388.3023552628526 246.93131366010687 352.8416634520262 1.0 250.88300219773407 352.190338167345 1.0 242.97962512247966 353.49298873670745 1.0
-0.5296141620415297 -0.848238668869233 663.58951287337 564.0655694247434 430.12941095032045 1.0 574.6299519070769 423.5333351273143 1.0 553.50118694241 436.72548677332657 1.0
0.06469382363624511 -0.9979051604152183 304.8979090886719 503.1230393410905 338.1552432525029 1.0 511.9171159220116 338.72535999499274 1.0 494.32896276016936 337.585126510013 1.0
-0.060198189085756304 -0.9981864445236648 366.3914312521581 38.072895849585805 364.7610262254272 1.0 75.66233633697917 362.4940987806574 1.0 0.48345536219244867 367.027953670197 1.0
0.033322829634675366 -0.9994446403003712 358.54523433714525 111.20991187533944 362.45235471509875 1.0 125.58976491974957 362.9317983719545 1.0 96.83005883092932 361.9729110582429 1.0
-0.17705781563717696 0.9842004521040373 -401.41367419451865 239.32337700852634 450.91195356578567 1.0 231.84067255636458 449.5658138616979 1.0 246.80608146068812 452.25809326987337 1.0
-0.2718008645126417 0.9623535161520328 -86.91693636571286 459.5228015048649 220.1016856310249 1.0 365.8324757241667 193.6403997145075 1.0 553.213127285563 246.56297154754233 1.0
0.13000574753073882 0.9915132402590364 -392.24510394120324 416.1403560799987 341.0387800600357 1.0 406.60155153994833 342.28949398338676 1.0 425.6791606200491 339.78806613668473 1.0
-0.9992658548097741 0.03831124392774606 353.07834530804 355.0389996474253 44.37350477728382 1.0 353.7920462813799 11.849425852065254 1.0 356.28595301347076 76.89758370250239 1.0
-0.32181310386977435 -0.946803214072334 590.7447326924433 549.1172395918944 437.2942584871115 1.0 553.240610017747 435.8927479985264 1.0 544.9938691660418 438.6957689756966 1.0
-0.1621523748998269 -0.9867657307154246 424.42308305064074 340.5876254851318 374.14756028166835 1.0 344.43903327094216 373.5146695156665 1.0 336.73621769932146 374.78045104767017 1.0
-0.20337721949131235 -0.9791004578652706 435.4853123631586 325.92721769004595 377.07993914922776 1.0 336.011411577774 374.9852661284746 1.0 315.8430238023179 379.1746121699809 1.0
0.5031077638815505 0.8642236851198339 -608.7350713882131 471.731569362325 429.75361907895393 1.0 464.7712073850526 433.8055933658032 1.0 478.6919313395974 425.7016447921047 1.0
0.31954861555320574 -0.9475698825406123 46.74104287607593 457.35319869476916 203.56031559450986 1.0 490.50220104208125 214.73914050466053 1.0 424.2041963474571 192.3814906843592 1.0
-0.9963123693258087 0.08580013244974202 562.0791697820283 578.5855170175603 167.51416489658618 1.0 576.7994098232638 146.7738625239547 1.0 580.3716242118569 188.25446726921768 1.0
-0.041921882561637064 -0.9991208914653363 364.411477792972 85.02264394935838 361.16467144333194 1.0 90.69011461136849 360.9268713517276 1.0 79.35517328734826 361.40247153493635 1.0
-0.2313451514726556 -0.9728717391774181 440.7144887046488 232.0977530436487 397.81173949768174 1.0 237.11148659792855 396.61949297447705 1.0 227.0840194893689 399.0039860208865 1.0
-0.1956922853527631 -0.9806653503889147 433.8540691700904 471.89802259368344 348.24037225323315 1.0 475.7443003836136 347.4728455016104 1.0 468.0517448037533 349.0078990048559 1.0
0.032415726143970314 -0.9994744722595766 308.3769352851814 498.7389868620602 324.7145682139392 1.0 504.3580762284896 324.89681084958033 1.0 493.1198974956308 324.53232557829796 1.0
0.07063588520847848 0.9975021662737452 -422.5237457092947 541.2238859111824 385.2562234200948 1.0 533.1394250159508 385.82870643925577 1.0 549.3083468064141 384.6837404009338 1.0
-0.15191860828954906 -0.9883930070854238 385.76353196222607 213.13037465817695 357.5349678990441 1.0 218.29651950935292 356.7409178295002 1.0 207.964229807001 358.32901796858795 1.0
-0.9997180235085479 0.023746020133118197 585.6320876204243 592.0460481976867 263.07640079447094 1.0 591.7786283782377 251.8179072933367 1.0 592.3134680171356 274.3348942956051 1.0
0.48245835402538767 0.8759189098490304 -510.32167154376845 620.9508606768618 240.59161070889962 1.0 616.7531259285405 242.90373364007294 1.0 625.1485954251831 238.27948777772633 1.0
-0.7179935045933719 0.6960498023573654 312.29232077883177 570.9428480907279 140.27866298311199 1.0 564.791319563679 133.9332010480847 1.0 577.0943766177768 146.62412491813924 1.0
0.2969705457298322 -0.9548866398525668 64.3831541865097 411.90523196153526 195.5277913825742 1.0 454.5562245877378 208.79228585500502 1.0 369.2542393353327 182.26329691014337 1.0
-0.3101136353608034 0.9506994967724064 -54.91353821522398 456.1504184370152 206.55528209992212 1.0 362.95228130061406 176.15449487499413 1.0 549.3485555734163 236.95606932485012 1.0
0.08927789754310063 0.9960067555043409 -378.20999048004626 392.4038995590194 344.55287922814387 1.0 384.3436602208108 345.2753655143389 1.0 400.464138897228 343.8303929419489 1.0
-0.2971491233646504 0.9548310837439362 -67.43061121841043 467.53993549557225 216.12167502940838 1.0 454.3325349301805 212.01145326689144 1.0 480.747336060964 220.2318967919253 1.0
0.33198736659466477 -0.9432838323757805 38.71985405936989 504.04243213894677 218.44493320549253 1.0 514.7017915476346 222.19647917523895 1.0 493.38307273025896 214.6933872357461 1.0
0.1519006512370187 0.9883957669647162 -397.62796380864796 193.7530060283861 372.51955979587973 1.0 186.75512978105047 373.59502166527915 1.0 200.75088227572172 371.4440979264803 1.0
0.08681048600669046 -0.9962248438576917 273.9706602069055 535.5335072851842 321.67495743860235 1.0 539.3633505119656 322.00868787495534 1.0 531.7036640584029 321.34122700224935 1.0
0.3054178231315553 -0.95221843781434 59.99029625164006 511.2192748910907 226.97079341148876 1.0 549.4232791414584 239.22447738744532 1.0 473.0152706407231 214.7171094355322 1.0
-0.1660567627853221 -0.9861161957564936 417.5617533020482 603.9378894918079 321.74076829378436 1.0 607.1814071693464 321.19457703570873 1.0 600.6943718142696 322.28695955186 1.0
0.10530811607052426 -0.9944396415518023 215.5302816845479 99.9528641278394 227.32011080023705 1.0 199.40394417984982 237.85167595899642 1.0 0.5017840758289971 216.7885456414777 1.0
0.18047889058842462 0.9835788580749241 -397.1705823875003 41.02498470644062 396.2737054191382 1.0 28.76015559471025 398.524203925861 1.0 53.289813818171 394.02320691241545 1.0
-0.2928025030176663 0.9561729415888056 -69.79176894177573 515.7265829041137 230.91827187868768 1.0 481.8954025236823 220.55837372159004 1.0 549.5577632845451 241.27817003578528 1.0
0.1281300750704073 0.9917573714686732 -397.9954044931906 65.50742826606061 392.83996670963734 1.0 51.74490271334332 394.6180159411915 1.0 79.2699538187779 391.06191747808316 1.0
0.9934244371551176 -0.11448968365332188 -34.46602304013261 78.12801843495097 376.87465213291546 1.0 79.56611391382188 389.35297459905667 1.0 76.68992295608007 364.3963296667742 1.0
-0.9933735016502983 0.11493078882103264 36.61851678005372 80.46010843879166 376.82176662330363 1.0 79.00822640039874 364.2728129507816 1.0 81.91199047718459 389.37072029582566 1.0
-0.23503500255565202 -0.971986907099918 449.97718386958144 521.2563693212186 336.90134031852415 1.0 529.5036598832403 334.9070727577547 1.0 513.0090787591969 338.89560787929355 1.0
0.9772387773303846 -0.21214233920133696 -499.6885541779652 587.9908855004388 353.15411403468397 1.0 589.139965031549 358.44737647472766 1.0 586.8418059693287 347.8608515946402 1.0
-0.9998136240908071 0.01930588206755464 586.0066198988193 590.7382555696623 239.38488151929795 1.0 590.5691276372188 230.62607886632136 1.0 590.9073835021059 248.14368417227456 1.0
-0.7628255825887279 -0.6466043075546032 734.275224978085 630.4955324297966 391.76525762835837 1.0 638.563723985055 382.24688162672965 1.0 622.4273408745381 401.2836336299871 1.0
-0.1706048230236205 -0.9853395325272802 395.5010320201448 369.07174754697803 337.48327441400795 1.0 376.16690294962297 336.2547966235263 1.0 361.97659214433315 338.7117522044896 1.0
0.11994577258733752 0.9927804448307928 -399.71635957078394 7.406758622209787 401.728249445375 1.0 0.4073945094490472 402.57389879362364 1.0 14.406122734970527 400.8826000971263 1.0
0.9999882713552994 0.004843258390797587 -90.6742512357062 90.46643582490185 43.127259095718856 1.0 90.39982714237527 56.87996356087227 1.0 90.53304450742844 29.37455463056544 1.0
-0.984405147981778 0.17591618637002562 576.2823754761855 629.4856451993751 246.63184857503285 1.0 628.7975640705564 242.78143196803904 1.0 630.1737263281937 250.48226518202668 1.0
-0.11716278853631708 -0.9931127232003397 488.5000068682555 475.0988441195766 435.8378372859796 1.0 483.33047850752297 434.86670760797557 1.0 466.86720973163017 436.8089669639836 1.0
0.03518290202456217 -0.9993808900540024 288.7357800316802 29.354824972820076 289.9480777013749 1.0 48.125566936591255 290.60889599599335 1.0 10.5840830090489 289.28725940675656 1.0
-0.9981301885474152 0.06112386367288489 574.8883014985521 589.325396763046 218.16631160119388 1.0 588.7845577567043 209.33460975946048 1.0 589.8662357693878 226.9980134429273 1.0
0.12114245541440846 0.9926351321085548 -390.09425833597254 369.4242511266323 347.9035612323029 1.0 363.0405037349671 348.6826418922115 1.0 375.80799851829755 347.1244805723942 1.0
0.17645539761818918 -0.9843086368875399 161.46635976813087 528.9076847571247 258.8567914947356 1.0 554.106259040353 263.3740986460967 1.0 503.7091104738964 254.33948434337458 1.0
-0.2847817210118324 0.9585923906319823 -73.8637533900209 419.43815069391803 201.66243096839955 1.0 385.6954010023959 191.63802599426043 1.0 453.18090038544017 211.68683594253866 1.0
0.14608270189544523 0.9892723812009139 -398.37293933991435 267.2387161060827 363.2305848909474 1.0 255.3461637392072 364.9867202235413 1.0 279.13126847295814 361.47444955835346 1.0
-0.10297653659220941 0.9946837853868301 -216.41342757254185 520.7306276244879 271.47970849628587 1.0 489.49191693593065 268.2456613733978 1.0 551.969338313045 274.71375561917387 1.0
-0.08340103704169487 -0.9965160646072745 398.1976749230872 355.66253545078337 369.82349178169386 1.0 361.9729502111819 369.29535665786335 1.0 349.3521206903849 370.35162690552437 1.0
-0.053376413870653415 -0.9985744631434897 359.8116635932051 561.8239187790435 330.29436437193266 1.0 569.3358636697517 329.8928312922685 1.0 554.3119738883354 330.6958974515968 1.0
0.11346163125736203 0.9935423786796507 -388.7819319713212 323.1287512601342 354.40784842528205 1.0 316.81829972242116 355.1284962212935 1.0 329.4392027978472 353.68720062927065 1.0
0.9997877167625434 0.020603917363946733 -4.432684150244571 4.138012660859022 14.344355730478359 1.0 3.8542382860027113 28.11426799045276 1.0 4.421787035715334 0.574443470503958 1.0
-0.22611141219899653 0.9741014471159436 -386.9741001041577 255.41045237643965 456.54928395609437 1.0 246.55716948571646 454.4942328082437 1.0 264.2637352671629 458.60433510394506 1.0
-0.13502058548395018 -0.9908427935326427 403.47080135989074 548.7396069559634 332.4237310907107 1.0 553.285693588954 331.80424303180405 1.0 544.1935203229727 333.0432191496173 1.0
-0.10690425392702775 -0.9942693198989425 389.510737922678 536.9048402997839 334.0275314684117 1.0 544.1198296162644 333.2517727936412 1.0 529.6898509833036 334.80329014318227 1.0
0.19238710993430846 -0.9813191121807034 276.42911061603706 601.8157867142662 399.6770323399286 1.0 610.713907583453 401.4215043843636 1.0 592.9176658450795 397.9325602954936 1.0
-0.24963172900357727 -0.9683408490168556 453.5465584378549 443.2193416177105 354.11595845630717 1.0 448.361002742843 352.79047295404786 1.0 438.07768049257794 355.4414439585665 1.0
0.18456775250879176 0.9828197926038391 -408.98783952552736 333.6975551639522 353.47073223958705 1.0 329.1314715802878 354.32821576927 1.0 338.26363874761665 352.61324870990404 1.0
-0.193406284249983 -0.981118753878762 432.80306866674505 462.738307682318 349.91337250516494 1.0 468.75452023989686 348.727406676442 1.0 456.7220951247391 351.09933833388783 1.0
-0.11322658323684694 -0.993569192783527 494.80922630330355 240.0041152170781 470.6611112452 1.0 255.71004478010673 468.87127239562955 1.0 224.29818565404946 472.45095009477046 1.0
-0.16208827093133885 -0.9867762625978032 421.60380527812794 431.57651067470215 356.36276247923183 1.0 437.0537272571011 355.4630726518537 1.0 426.0992940923032 357.26245230661004 1.0
-0.17626620017188963 -0.9843425352370807 425.06971552632916 490.55557764426555 343.9873171794758 1.0 499.4674829235735 342.39146246057237 1.0 481.64367236495764 345.58317189837913 1.0
-0.1611981934108397 -0.9869220548964753 415.41725333292254 580.8972171183391 326.04162586052985 1.0 595.7063068203136 323.62279400428184 1.0 566.0881274163645 328.4604577167779 1.0
-0.586936397014289 0.8096330439525581 198.89711740465646 346.7915027583465 5.7401779413670875 1.0 338.6798126734664 -0.14032086939420596 1.0 354.90319284322663 11.62067675212838 1.0
0.9942026519117502 0.1075224950028765 -623.9026752824325 585.580374727182 387.9849869562211 1.0 584.6305558088872 396.76745138265926 1.0 586.5301936454767 379.202522529783 1.0
-0.14858334457856412 -0.9888998886206065 418.645437569974 385.164994819414 365.47312683921103 1.0 393.47795424310056 364.2240951336456 1.0 376.8520353957274 366.72215854477645 1.0
0.01543883550030761 0.9998808140765552 -307.0927937932862 29.371925405016757 306.6758769162194 1.0 4.377884346056895 307.0618018014304 1.0 54.36596646397662 306.28995203100834 1.0
0.41678603978294726 -0.9090046188232751 -33.28065742602731 507.56414282146886 196.1101053888226 1.0 545.9332714721276 213.70266416034133 1.0 469.1950141708102 178.51754661730388 1.0
0.9878584707047807 -0.15535649924226436 -542.4712711316702 603.0052043575622 342.51883977531753 1.0 604.4741573513412 351.85940592510434 1.0 601.5362513637833 333.1782736255307 1.0
0.17475387105091167 0.9846121493018057 -400.1325499144587 154.91410248884 378.89102941569 1.0 127.78443093789654 383.70613872266847 1.0 182.04377403978344 374.0759201087116 1.0
0.005018469947099348 0.9999874074004083 -359.7519891184601 519.3732436516661 357.1500275511579 1.0 504.37048492305564 357.225319393081 1.0 534.3760023802766 357.07473570923474 1.0
0.2220925447337557 -0.9750255902147823 123.73280973231715 85.72658506059086 146.42902359958384 1.0 170.86486998458074 165.82192830157348 1.0 0.5883001366009921 127.03611889759424 1.0
-0.1477542535783776 0.9890241051407678 -186.89985007553656 493.19530166501556 262.6544210511845 1.0 485.6763709128617 261.5311380136756 1.0 500.7142324171694 263.7777040886933 1.0
-0.006923336308796737 -0.9999760334199793 304.3353857504676 21.87372771646302 304.19123700078273 1.0 35.623068643410406 304.0960434080563 1.0 8.124386789515633 304.2864305935091 1.0
-0.06505593810230362 -0.9978816186891255 420.05215440960205 160.65564659616936 410.4700827608495 1.0 168.16447836106337 409.9805516527815 1.0 153.14681483127535 410.9596138689175 1.0
-0.998342548105303 0.05755133919042101 597.1276351584781 617.2513751651227 331.8893324475455 1.0 616.8183854376142 324.37826365323116 1.0 617.684364892631 339.4004012418598 1.0
-0.9989322199926018 0.04619978204117687 542.3558031780426 562.1585787954939 415.64079044595485 1.0 561.6957402747053 405.6332906127879 1.0 562.6214173162824 425.64829027912185 1.0
0.41071732215386464 -0.9117627329973289 -30.0098880988325 408.24410570723865 150.98559394919585 1.0 456.96220953525585 172.93140114278268 1.0 359.5260018792215 129.03978675560904 1.0
-0.11775125411632127 0.9930431220012722 -291.4685686018211 541.2278016776041 357.68720727469554 1.0 535.6077117698582 357.0207985153761 1.0 546.8478915853501 358.353616034015 1.0
-0.07781208617827612 0.9969680432413993 -233.23955839209475 41.84845563171786 237.21509995368444 1.0 8.108862048968914 234.58176764049898 1.0 75.5880492144668 239.84843226686993 1.0
0.09227463710972787 0.9957335945654681 -373.91864002805096 512.4910311629517 328.02821747521375 1.0 505.5597179023255 328.6705423091943 1.0 519.4223444235778 327.38589264123317 1.0
-0.1514506496053114 0.9884648201803286 -179.34740314230484 511.8946354007147 259.8718466847963 1.0 489.4429007619209 256.4318357442035 1.0 534.3463700395085 263.31185762538905 1.0
-0.9913486856393903 0.13125465127397706 554.800119649665 604.896887258265 341.80590208210265 1.0 603.7368101761992 333.04399628003125 1.0 606.0569643403309 350.5678078841741 1.0
-0.9999999207647836 0.0003980834413332978 268.17003209676176 268.19841678108185 71.24997077399281 1.0 268.194684749115 61.87497225965306 1.0 268.2021488130486 80.62496928833257 1.0
0.4305813163156648 -0.9025517880099011 -45.976982002112315 452.5258268662514 164.94586368838895 1.0 545.6305251772327 209.36341854395076 1.0 359.4211285552701 120.52830883282714 1.0
-0.18880611593323227 -0.9820143841035154 431.2475191743772 454.0108216764619 351.85584339217314 1.0 456.3058208518942 351.4145974314239 1.0 451.7158225010296 352.2970893529224 1.0
0.16727632062124762 0.9859100529761412 -399.2404297781894 88.22711837078236 389.9768755552129 1.0 83.16087595032859 390.83644929514037 1.0 93.29336079123614 389.11730181528543 1.0
-0.5484888823475363 0.8361578475031796 150.85459371320155 425.4607333000216 98.67262338523565 1.0 355.74518520035906 52.94178061002097 1.0 495.1762813996842 144.40346616045034 1.0
0.1636773502779122 0.9865139253989281 -398.96763577315204 108.06156641498865 386.4926739491113 1.0 99.14230635788223 387.9725120081599 1.0 116.98082647209505 385.01283589006266 1.0
0.26892827866361796 -0.9631602052280936 382.9549443302772 270.9384258539461 473.2524727919626 1.0 288.1441123305689 478.0565496446688 1.0 253.7327393773234 468.4483959392564 1.0
-0.41028023241018247 0.9119595006870902 27.183739337290483 456.0802653940667 175.37728136587742 1.0 360.4162041545999 132.33910560362125 1.0 551.7443266335335 218.41545712813362 1.0
0.9992469183770701 -0.03880201172528245 -353.1974166172231 360.089052138033 170.6215419937349 1.0 361.54585477987115 208.13778112191878 1.0 358.63224949619496 133.105302865551 1.0
0.0862632731977627 -0.9962723762592277 229.25029969556567 51.28905276174334 234.5489715808449 1.0 61.996129111349866 235.47605485074686 1.0 40.58197641213682 233.62188831094292 1.0
-0.9980094846974771 0.06306400283740472 339.1544865979497 360.3661427626365 324.97686351825723 1.0 359.61626272827806 313.1097546605378 1.0 361.11602279699497 336.84397237597665 1.0
0.9984318408747057 -0.055980881803936365 -347.51183633378974 366.0004487414127 320.0139920412581 1.0 366.52640516780457 329.3945452962332 1.0 365.4744923150209 310.6334387862831 1.0
0.1735172192481216 0.9848308355369461 -402.2153189215774 231.88466172482677 367.5548370045067 1.0 224.29006383762095 368.8929282371772 1.0 239.4792596120326 366.2167457718361 1.0
-0.4049608114769189 0.9143340424417957 -312.1582267315812 283.0924445643819 466.787358879867 1.0 264.5806298555765 458.5884303062703 1.0 301.60425927318727 474.98628745346366 1.0
0.019001635976349827 0.9998194526164322 -385.33008686206745 253.1361901729008 380.5887994359149 1.0 244.3774755885859 380.7552593959771 1.0 261.89490475721567 380.42233947585277 1.0
-0.9995067991371096 0.031403160329650286 265.6827539448723 270.39066059119284 145.67163594932885 1.0 270.0755511704557 135.64226294378588 1.0 270.70577001193 155.70100895487178 1.0
-0.11310761018822507 0.9935827436693476 -292.7887677595149 102.69967848851374 306.3709438393307 1.0 97.14664097810275 305.73879638498926 1.0 108.25271599892471 307.0030912936721 1.0
-0.0051777233400133104 0.9999865955006668 -413.50540605224415 528.1250234508718 416.24547087474764 1.0 499.36608610328915 416.0965630575744 1.0 556.8839607984546 416.39437869192096 1.0
0.9948845710642015 -0.10101826695405065 -521.3294232261879 566.01712944607 413.7101840874652 1.0 566.9720870137827 423.115142010278 1.0 565.0621718783574 404.3052261646524 1.0
0.11698141300091684 0.9931341042438876 -425.09406207326884 629.174443491077 353.92234054556246 1.0 620.2537386101847 354.9731116926529 1.0 638.0951483719693 352.87156939847205 1.0
-0.0936662723415837 0.9956036507695379 -218.6069386005414 26.853956967549035 222.09867197292783 1.0 18.064155856703188 221.2717285361089 1.0 35.64375807839488 222.92561540974677 1.0
-0.42651915547774316 0.9044785293253527 41.37336521693508 482.77519199348814 181.91642656289724 1.0 417.2741660207304 151.02852665700914 1.0 548.2762179662459 212.80432646878532 1.0
0.4469393288373239 -0.8945642717761774 -60.12826832639447 452.2051719250835 158.71414965932473 1.0 545.7196507611766 205.43555328143682 1.0 358.6906930889905 111.99274603721264 1.0
-0.8531100827905975 -0.5217309523509409 611.5603765412355 492.21637141995586 367.326543124779 1.0 496.46728117119767 360.37565406313496 1.0 487.965461668714 374.277432186423 1.0
0.004175064536657102 0.9999912843800765 -478.7110161336819 250.6230953678732 477.6688117159564 1.0 225.62353114697032 477.77318741966593 1.0 275.62265958877606 477.56443601224686 1.0
0.9925122104775543 -0.12214545449159775 -374.9456250747738 416.3752141167965 313.6576734338431 1.0 417.07578706644716 319.3502897473418 1.0 415.6746411671458 307.9650571203445 1.0
-0.08370006496952319 0.9964909929969752 -232.99279054743914 140.00437755622804 245.57288301115221 1.0 80.62830924145779 240.58560183098382 1.0 199.38044587099827 250.56016419132058 1.0
-0.33439662402783743 0.9424324367501286 -346.8844029896735 305.7380585178106 476.5563663572551 1.0 302.01345486938567 475.2347916349652 1.0 309.4626621662355 477.877941079545 1.0
0.9874685274945317 0.1578160549747118 -354.8791302910805 308.02745673451 321.3342975129764 1.0 305.1250550024823 339.49487290552554 1.0 310.92985846653767 303.17372212042716 1.0
0.09013765614143315 -0.9959293162395254 230.20263571952773 21.199117753996102 233.06219700667475 1.0 35.6256439230509 234.36788530597258 1.0 6.772591584941305 231.7565087073769 1.0
0.9968429246687333 0.0793988887698459 -51.91271101056085 27.097309767099397 313.6183626429744 1.0 26.747096187714803 318.0152494778066 1.0 27.44752334648399 309.22147580814215 1.0
0.2906759819025221 0.9568215473874973 -446.3649176651315 150.43499193985895 420.80686808305506 1.0 140.0124124264624 423.9731779788613 1.0 160.8575714532555 417.64055818724887 1.0
0.08182133421562858 -0.9966470133739299 230.76094730682678 90.60646490866674 238.97577172074986 1.0 113.10873407038368 240.82313157934013 1.0 68.10419574694978 237.1284118621596 1.0
0.9937943098663771 -0.111233401805444 -319.5845212668217 356.8379299835116 315.00414917251794 1.0 358.1660956417614 326.8704002473277 1.0 355.50976432526176 303.13789809770816 1.0
-0.9998536193224028 0.01710964429471759 268.52202160666445 272.4440350625408 226.89734786683718 1.0 272.187245003485 211.89104700339718 1.0 272.7008251215966 241.90364873027718 1.0
0.12392577523583112 -0.9922914905571841 201.71767571792438 523.0645005540277 268.6094277577239 1.0 529.372228683263 269.3971903313537 1.0 516.7567724247924 267.821665184094 1.0
-0.25959356383103 -0.9657179617349494 498.32299986907293 173.1501794961676 469.46867062633453 1.0 204.48785288596073 461.0448257360373 1.0 141.81250610637443 477.8925155166318 1.0
0.14992180239281097 -0.9886978573696269 182.30218838259427 531.2585135043237 264.94385550767674 1.0 545.5883394526012 267.1167674019703 1.0 516.9286875560462 262.77094361338317 1.0
-0.0012531553250072314 0.9999992148005574 -305.9912805378022 59.37601389339476 306.0659282285866 1.0 54.37445530245982 306.0596604938836 1.0 64.3775724843297 306.0721959632896 1.0
-0.2006172255530416 -0.9796697039366891 439.81636804555626 349.35502085788687 377.40243629287113 1.0 373.25467789319475 372.50825321583426 1.0 325.45536382257905 382.29661936990806 1.0
-0.9996906937901006 0.024869996973610437 29.45180768826958 36.89311934446593 298.7495492325328 1.0 36.783573616214255 294.3461773626503 1.0 37.002665072717605 303.15292110241523 1.0
-0.9991348050314263 0.04158895736627633 27.311140047872723 36.8565341003129 228.75076864254046 1.0 36.67257778380232 224.33139460504327 1.0 37.04049041682348 233.17014268003766 1.0
0.9868517694456996 -0.1616279219129295 -530.8951591403218 597.9252428373002 366.077989802975 1.0 599.4858905570137 375.60683819409877 1.0 596.3645951175866 356.5491414118513 1.0
0.1209890142986034 -0.9926538462218601 207.9639030549317 293.1724026618291 245.23608506537875 1.0 309.48478013712395 247.22430933823523 1.0 276.86002518653424 243.24786079252223 1.0
-0.10605325738081685 0.9943604510432412 -217.8550462530725 90.5584362235306 228.74910517534192 1.0 68.04786241294546 226.34824573285385 1.0 113.06901003411576 231.14996461783 1.0
0.10518530537485689 0.9944526391604571 -372.3563798307251 324.38793769633764 340.1223167648922 1.0 308.12159847542773 341.842840991895 1.0 340.6542769172476 338.40179253788943 1.0
-0.18197368022997154 0.9833034016536097 -161.69094491341502 543.7384024351675 265.06266799097637 1.0 536.7555603144901 263.77039799879736 1.0 550.7212445558449 266.3549379831554 1.0
0.7090859978747457 -0.7051220090296262 -145.52568689327836 565.6644589471742 362.46076163936516 1.0 570.3379098126226 367.1604852730176 1.0 560.9910080817259 357.76103800571275 1.0
0.19265867853890536 0.9812658322715831 -441.1814810770341 89.77486608217261 431.9783284722762 1.0 59.10502681279341 437.99994923019113 1.0 120.4447053515518 425.9567077143613 1.0
-0.12283486309782139 0.9924271239782494 -323.89136695244025 480.6736553324325 385.856896035747 1.0 474.2893866363058 385.0667012170838 1.0 487.05792402855917 386.6470908544102 1.0
0.9956945700308583 0.09269478524201918 -584.1110843384184 551.916402999736 372.9543001837354 1.0 551.3341847081311 379.2082829726261 1.0 552.4986212913407 366.7003173948448 1.0
-0.012325872791642272 -0.999924033544511 303.2105047861238 51.2435514871507 302.6018708806563 1.0 61.88234343183586 302.47072852206924 1.0 40.60475954246554 302.7330132392434 1.0
0.999739480382212 -0.02282479715363192 -297.3753119938346 299.39340801556966 84.99957973129037 1.0 299.57881117869505 93.12034683894889 1.0 299.2080048524443 76.87881262363184 1.0
-0.13068912527685095 0.9914233972094725 -196.44530738455418 299.9753013065555 237.6873672542343 1.0 293.13674372253143 236.78591071071614 1.0 306.81385889057947 238.58882379775244 1.0
0.08442092387419119 -0.9964301820058583 229.65217521859947 126.30919877274158 241.17626986071198 1.0 134.48144221776727 241.86864987309283 1.0 118.13695532771591 240.48388984833113 1.0
0.9999037540433957 0.013873811658103771 -69.63513272675405 66.42438184475739 231.88609154067302 1.0 66.35501946295825 236.8851291274234 1.0 66.49374422655654 226.88705395392262 1.0
-0.4417949820698813 0.8971160425596418 54.90080519238079 453.5984605515406 162.1827184572279 1.0 360.3190712026538 116.24622396839908 1.0 546.8778499004273 208.11921294605673 1.0
-0.8455290744897911 0.5339293812784958 281.3809884078621 563.514246382924 365.3792011426101 1.0 558.7029473449969 357.76004144607685 1.0 568.325545420851 372.9983608391434 1.0
-0.11895503758632854 -0.9928996419743715 482.19050492588275 229.84744887763907 458.1016789381237 1.0 254.1728113271407 455.18736183883703 1.0 205.52208642813744 461.0159960374104 1.0
0.9987462900827464 -0.05005844629980522 -279.8719266032202 291.5014724857667 225.0187216785668 1.0 292.0358089758223 235.67959165249013 1.0 290.96713599571115 214.35785170464348 1.0
0.9969039965532764 -0.07862837691384181 -587.4369093855584 615.3364138493736 330.5984661762426 1.0 616.0261461158028 339.3433605762441 1.0 614.6466815829443 321.85357177624104 1.0
-0.542355073986058 -0.840149375838355 634.4980632329198 577.462507941664 382.4419219420622 1.0 583.4264290052511 378.5919365195757 1.0 571.4985868780769 386.29190736454865 1.0
0.9989335856204441 -0.04617024495800946 -352.28431071518736 357.0783661873436 95.58671330072876 1.0 357.8291648801475 111.83089894375271 1.0 356.3275674945396 79.3425276577048 1.0
-0.9987397969638058 0.05018782681782351 188.15489267071854 201.1453778459104 253.7866643548432 1.0 200.48434421140462 240.63206811561972 1.0 201.80641148041616 266.94126059406665 1.0
-0.09215267868528872 0.9957448889204131 -220.2076691059383 52.350212705947754 225.99350892025728 1.0 40.46135588718913 224.89323713925694 1.0 64.23906952470638 227.09378070125766 1.0
-0.19985105490932187 -0.9798262886101959 453.5991854164362 168.10475620094536 428.65074905281807 1.0 180.7174360159865 426.0781936972715 1.0 155.49207638590426 431.22330440836464 1.0
-0.26036611182053154 -0.9655099625666522 510.18397821411577 195.6325979110443 475.65317516748496 1.0 205.58315797639253 472.9698381382489 1.0 185.68203784569604 478.33651219672095 1.0
-0.0001965410081966046 -0.9999999806858159 290.70936978000555 146.87488807155557 290.6805084556821 1.0 178.1250097025468 290.67436652515187 1.0 115.62476644056431 290.68665038621236 1.0
-0.24090277934454243 -0.9705492521784119 152.08536793681373 259.92166792717467 92.1844157011842 1.0 268.01353048890877 90.17591157136239 1.0 251.8298053654405 94.192919831006 1.0
-0.0065425788185981115 -0.9999785971021592 398.25952120660634 534.998480130698 394.76770065528933 1.0 548.1270073348849 394.6818043928549 1.0 521.8699529265112 394.85359691772373 1.0
0.654991948265404 0.7556358565522752 -682.9387070608263 576.2578043631243 404.28796811172106 1.0 567.8589999328799 411.56812723752785 1.0 584.6566087933686 397.0078089859143 1.0
-0.18204724959112364 -0.9832897837953504 435.62651122807335 290.70967488447513 389.20735351144003 1.0 299.5053241262885 387.5789182533619 1.0 281.91402564266184 390.83578876951816 1.0
-0.42232083163445805 0.9064464215647716 39.345742448485076 388.4283490951545 137.56537397601699 1.0 360.0559261404908 124.34642912430306 1.0 416.8007720498182 150.78431882773094 1.0
0.06890170041941304 -0.9976234538538643 360.00245689293826 481.3120021633633 394.10227451594955 1.0 490.68545609307483 394.74965997192015 1.0 471.9385482336517 393.45488905997894 1.0
0.19838904953318584 0.9801233519436822 -441.3176704805454 29.36461981485239 444.32371762385765 1.0 0.2878254437440608 450.20921926741767 1.0 58.44141418596072 438.4382159802977 1.0
0.00837094644561839 0.9999649630140072 -292.70530490438205 19.380678383282003 292.55332047014736 1.0 3.1318170653784305 292.68934358388174 1.0 35.62953970118558 292.417297356413 1.0
-0.5095049070856583 0.8604677505029661 113.98819605650172 453.0331483381126 135.78012194639348 1.0 356.5604700607202 78.6561879543339 1.0 549.505826615505 192.90405593845307 1.0
-0.12014049632385601 -0.9927568993177823 274.09781906157235 261.729643598371 244.4238765237978 1.0 271.7343940930678 243.2131312840969 1.0 251.72489310367425 245.63462176349867 1.0
0.10174693272946707 0.9948103144218727 -410.29811951951507 221.29398972422433 389.8051007432166 1.0 213.25310328557313 390.62750429060463 1.0 229.3348761628755 388.9826971958286 1.0
0.06909416424217413 0.997610142524461 -432.7036840321137 130.0249180120761 424.734776572325 1.0 120.60851299639512 425.3869538177146 1.0 139.44132302775714 424.08259932693545 1.0
0.22039533034016437 -0.9754106306393476 386.4396316014521 149.2550510447669 429.90586191022214 1.0 154.54962040698084 431.1021769050968 1.0 143.960481682553 428.7095469153474 1.0
-0.9977007427580854 0.06777335685920112 259.22706719881853 270.78027702214547 161.2819080678592 1.0 270.5661014782154 158.12900094974808 1.0 270.99445256607555 164.4348151859703 1.0
0.9992142340273646 -0.039634763997110946 -295.69946560644877 302.10464826479347 155.61589078751337 1.0 302.45117994284044 164.3521452854887 1.0 301.75811658674644 146.87963628953804 1.0
-0.017934056351402466 0.9998391718785501 -405.7298520429593 484.9866496730884 414.4942922862548 1.0 475.603457975343 414.3259865292927 1.0 494.36984137083374 414.6625980432169 1.0
0.44762153644642316 0.8942231042135645 -341.6950196821273 124.31655147321122 319.88466028009486 1.0 120.06763567304415 322.0115413791635 1.0 128.5654672733783 317.7577791810263 1.0
-0.18862124899995528 -0.982049909335415 435.99180741314535 398.72656243167836 367.3779731235621 1.0 413.1689899092951 364.6040319180048 1.0 384.28413495406164 370.15191432911945 1.0
0.30596129570866165 -0.9520439514687737 245.5800979918683 6.059572750823011 259.8977624304214 1.0 11.137677305269984 261.5297285248708 1.0 0.9814681963760385 258.265796335972 1.0
-0.9982504505470863 -0.05912730319014478 363.79200672680474 345.2895839154162 323.14215232480626 1.0 346.1033469735817 309.40333293641044 1.0 344.47582085725065 336.8809717132021 1.0
0.0394749053998241 -0.9992205621601645 357.0020283843483 493.75349299379286 376.78658253107847 1.0 504.411241566088 377.20762432365024 1.0 483.0957444214978 376.36554073850675 1.0
0.26987825379521213 -0.9628944532649709 86.14948728775131 295.6700823856535 172.3391512525547 1.0 306.91277268221177 175.49023143056107 1.0 284.4273920890952 169.18807107454833 1.0
0.9978589479996811 -0.06540275144800739 -260.13817153984115 282.53024541010734 333.1230176225871 1.0 283.26712446855015 344.36568472421885 1.0 281.7933663516646 321.8803505209554 1.0
0.9994614950353717 0.032813411003119096 -353.35715438765635 342.9590199718199 322.5150701263318 1.0 342.48690824759205 336.8950896151819 1.0 343.43113169604777 308.13505063748164 1.0
0.12126330519949541 0.9926203759807141 -493.66416554340486 239.9867287970963 468.0163664245395 1.0 221.82733203212763 470.2348061477554 1.0 258.146125562065 465.7979267013236 1.0
-0.12900179993085018 0.9916443594427393 -429.3072459590656 265.5476777722796 467.4693804739127 1.0 259.24178204061405 466.64905422305975 1.0 271.8535735039451 468.2897067247656 1.0
-0.06059914512298525 -0.9981621830195548 406.95288694850484 518.7474887141507 376.20863521572176 1.0 528.1258661698636 375.63926716499316 1.0 509.3691112584379 376.7780032664504 1.0
0.23490043755620024 0.9720194362438981 -510.1915508933586 198.88643778911313 476.81458039940605 1.0 190.78164618265862 478.77320285454414 1.0 206.99122939556767 474.8559579442679 1.0
0.04504465947540061 0.9989849741876727 -364.8700020314371 533.7465672633876 341.17386994738195 1.0 504.3467967567446 342.49951816566823 1.0 563.1463377700308 339.84822172909566 1.0
-0.9999312295290922 0.01172758340144332 169.9814085274837 171.8550696539084 158.75756399460136 1.0 171.7890205737693 153.1260084002401 1.0 171.92111873404747 164.38911958896264 1.0
-0.9843979397315614 -0.17595651807266754 403.14335758003085 358.16241066023593 287.39497115941776 1.0 358.9782611139036 282.8306531420094 1.0 357.34656020656826 291.9592891768262 1.0
0.28363806165200944 0.9589314104680746 -455.0412844014647 183.22395336787451 420.3345442853254 1.0 168.2407577896047 424.7663571394888 1.0 198.20714894614432 415.90273143116207 1.0
0.012059421207884316 0.9999272825361506 -306.5502731694295 156.88622176654002 304.680471730622 1.0 136.88159376916403 304.9217335096941 1.0 176.89084976391598 304.4392099515499 1.0
0.10525669579310519 0.994445085457572 -296.8317110126116 47.600712813295786 293.45151535462855 1.0 40.736460743457755 294.1780597385547 1.0 54.464964883133824 292.72497097070243 1.0
-0.9897362929074711 -0.1429058098951067 352.6346960214241 308.5446158958095 330.68558740077054 1.0 309.8077353159913 321.93748168451043 1.0 307.2814964756277 339.43369311703066 1.0
-0.09211361899740612 0.9957485029841625 -333.0609331871055 326.84324736498445 364.71824608159613 1.0 313.0952625007741 363.4464624575497 1.0 340.5912322291949 365.99002970564254 1.0
0.9998904699656403 -0.014800272696500884 -88.16209848490975 90.10509337679865 130.61419323526414 1.0 90.32734696122037 145.62940582871343 1.0 89.88283979237693 115.59898064181486 1.0
0.4212284267547841 0.9069545812738858 -599.9665333810638 576.5394398263286 393.74819815050057 1.0 569.9292067369144 396.81827259769665 1.0 583.1496729157428 390.6781237033045 1.0
-0.99886143292497 0.04770574195079303 468.4827566994928 481.4339753045672 259.99121331736745 1.0 480.9858207893979 250.60776715578146 1.0 481.88212981973646 269.37465947895345 1.0
-0.2584200117826371 0.9660326586147394 -82.47304597109823 101.68772793030197 112.57506550238386 1.0 96.39752701519659 111.15990239105135 1.0 106.97792884540736 113.99022861371637 1.0
0.06454164842601386 -0.9979150142263883 233.8880455043515 155.62068487840162 244.44171854122442 1.0 170.63870936268748 245.41303177180995 1.0 140.6026603941158 243.47040531063888 1.0
-0.989364710981574 -0.14545607125296178 355.10715079411887 313.3303703628543 310.12208077499133 1.0 314.71918846562215 300.6756024739151 1.0 311.94155226008644 319.5685590760675 1.0
0.12267414240544365 -0.9924470035145903 196.83493300095495 300.6411289682576 235.49451491240794 1.0 306.94925754196316 236.27424850042036 1.0 294.333000394552 234.71478132439552 1.0
0.45519469597892176 -0.8903919298559804 -67.09908255298619 284.11282197422634 69.88783813365262 1.0 298.053554198172 77.01475287043476 1.0 270.17208975028075 62.76092339687047 1.0
-0.200453256666733 -0.9797032672660131 216.22519560386365 261.07844618768553 167.28654103339989 1.0 270.32222543728335 165.39520748741597 1.0 251.8346669380877 169.1778745793838 1.0
0.2805168098213112 -0.9598491128337174 79.2457496640291 405.0882439446449 200.94805420204847 1.0 423.3015461710198 206.2709089805153 1.0 386.8749417182699 195.62519942358165 1.0
-0.12458123788057722 0.9922094109451608 -187.47536382392133 38.20419389278182 193.74427159302405 1.0 29.280971443429802 192.62387696023674 1.0 47.127416342133834 194.8646662258114 1.0
-0.04495673824387574 -0.9989889347167323 380.16619589786404 269.36056011401405 368.4291296058834 1.0 281.9195049176823 367.8639489772132 1.0 256.8016153103458 368.99431023455367 1.0
-0.10340614735309377 0.9946392153387027 -218.21041633031547 169.29834317050006 236.98734386877214 1.0 139.29771620586087 233.86837449299273 1.0 199.29897013513929 240.10631324455156 1.0
-0.24364503572393056 -0.9698644732987618 142.3695516959199 261.22948451725813 81.16833513945903 1.0 266.96363568090595 79.72782720914843 1.0 255.49533335361033 82.60884306976965 1.0
-0.1407186191969462 0.9900496301758336 -186.2894457636914 129.59750899095215 206.5817935247731 1.0 46.289973557893305 194.74105241691703 1.0 212.905044424011 218.4225346326292 1.0
-0.2290183238751305 0.9734221115885061 -125.72846714823031 11.857132270114109 131.9509452041239 1.0 0.639859186610594 129.31184234273385 1.0 23.074405353617625 134.590048065514 1.0
0.20708294919863188 0.978323388328827 -450.9425053940959 71.16945161246201 445.86946470375506 1.0 0.4075553585785574 460.84772479848004 1.0 141.93134786634548 430.89120460903007 1.0
0.2652922729839334 0.9641680402787774 -114.57428415081375 39.50242958101046 107.96312517139857 1.0 28.244872185491435 111.06065886359688 1.0 50.75998697652949 104.86559147920026 1.0
0.22607593026557382 0.9741096826100003 -443.57155998760567 172.43424020493268 415.3416560233712 1.0 160.3403400065595 418.1484649348281 1.0 184.52814040330588 412.53484711191425 1.0
-0.4007161580873667 -0.9162022487680876 565.3641601374193 413.9292183418712 436.0347669747749 1.0 468.2925423995771 412.2580709597267 1.0 359.5658942841653 459.81146298982316 1.0
-0.047967767136742064 -0.9988488841240777 330.371839637723 128.7293787662045 324.5705971406343 1.0 139.3598769768601 324.0600882229981 1.0 118.09888055554886 325.08110605827045 1.0
-0.39457799214649714 -0.9188624533158588 564.852739509434 339.01099405520426 469.1523313461123 1.0 357.3343929078162 461.28389586649024 1.0 320.6875952025923 477.0207668257343 1.0
-0.22142262037343644 0.9751779443706473 -125.97735814832457 63.63470371174446 143.6327818932184 1.0 25.489538839728436 134.97159096976137 1.0 101.77986858376048 152.29397281667545 1.0
-0.34174766855764555 0.9397917487589545 -26.272187803448706 93.89556829658814 62.099693292446354 1.0 4.721459840002833 29.672249977490058 1.0 183.06967675317344 94.52713660740265 1.0
0.205217898523357 0.9787163093183117 -500.475157326528 180.6973435284111 473.47001762097284 1.0 154.79965826667944 478.90026180453367 1.0 206.59502879014275 468.039773437412 1.0
0.23913352938806762 0.9709866915269263 -444.6520608556352 228.6866270681149 401.61767818644705 1.0 189.2413255898334 411.33222344498654 1.0 268.1319285463964 391.9031329279076 1.0
0.9958140166932435 0.0914026485243647 -382.59108559703475 362.2817959718002 238.78733852768516 1.0 361.5318151032756 246.95823371711165 1.0 363.0317768403248 230.61644333825868 1.0
0.23224113471484767 0.972658241802515 -141.92558010701148 259.4279296216779 83.97167663288295 1.0 251.90890310576899 85.76699093235327 1.0 266.94695613758677 82.17636233341264 1.0
-0.04809843961470594 -0.9988426002662434 360.2200705885683 28.090559876047706 359.2847946162586 1.0 35.60323565840587 358.92302792512396 1.0 20.57788409368954 359.6465613073932 1.0
-0.1231417819025266 0.9923890877825444 -322.6882594689044 57.60106282235317 332.3105433587669 1.0 53.13964917730978 331.75694353303476 1.0 62.06247646739656 332.864143184499 1.0
-0.9999606358512139 -0.008872809478178374 104.0582010119234 103.65201987335928 46.238039158327595 1.0 103.79079967675538 30.597633400876436 1.0 103.51324006996319 61.87844491577875 1.0
0.14861421932705524 0.9888952491613102 -195.6914459907875 261.323849365676 158.61640174608658 1.0 253.1945947591259 159.83809112935336 1.0 269.45310397222613 157.39471236281983 1.0
-0.19527410426697256 0.980748705939871 -137.84674615580008 393.7115026307539 218.94334998468918 1.0 383.132564576606 216.83700751377066 1.0 404.29044068490174 221.04969245560767 1.0
-0.9976435100099114 0.06861069111373233 430.6616378486189 453.600905144543 318.7602536637304 1.0 453.0418147907149 310.63072087588625 1.0 454.1599954983711 326.8897864515745 1.0
-0.06546746948153667 -0.9978547040725338 360.1768461437251 9.978449339360608 360.2965249838555 1.0 19.39492696521499 359.6787266620375 1.0 0.5619717135062263 360.91432330567346 1.0
-0.10827354381392308 -0.9941211393537381 260.0214725886356 264.33625580987643 232.76926749996107 1.0 270.64753233148645 232.08188218248503 1.0 258.02497928826637 233.45665281743715 1.0
0.2405872407818892 0.9706275184502844 -450.5205609168871 285.5331545887267 393.3794579740158 1.0 264.1995984175399 398.6673581393501 1.0 306.8667107599135 388.0915578086815 1.0
-0.9985669928856239 0.05351598564318985 318.3891645914831 336.3638876048564 326.86889644613746 1.0 335.8277046608565 316.86413649279666 1.0 336.9000705488563 336.8736563994782 1.0
-0.2166954987782675 0.9762392436330544 -144.87563905610816 292.32485950863986 213.28902894512743 1.0 275.5811745767778 209.57243879434282 1.0 309.06854444050197 217.005619095912 1.0
-0.8990236851042412 0.43790000413517916 -72.49693855757114 71.38574939134901 312.11330611707024 1.0 68.93794598017116 307.08788199661626 1.0 73.83355280252685 317.13873023752427 1.0
-0.9993959925219413 0.03475126085603081 273.93786380830096 285.62249535402145 331.27181975693713 1.0 285.29463472095125 321.84302221910116 1.0 285.9503559870916 340.70061729477305 1.0
0.0930899400778876 0.9956577037598289 -421.1363364146602 623.7180165697282 364.6579163256948 1.0 609.2938008208295 366.0065217496924 1.0 638.1422323186271 363.3093109016972 1.0
-0.021493268784905182 -0.9997689930163567 374.42458501869544 321.8635328805972 367.5916018215831 1.0 330.63635110493254 367.40300171354426 1.0 313.09071465626187 367.7802019296219 1.0
0.7312890054094945 0.6820677316566093 -727.3215643673598 585.5020820217323 438.5932881092637 1.0 547.8141618071552 479.0009491237069 1.0 623.1900022363094 398.1856270948205 1.0
-0.41355069554768054 0.9104810938245941 37.66601284429322 283.4622996230578 87.38239472075716 1.0 268.67434922966373 80.66554226506973 1.0 298.2502500164518 94.09924717644458 1.0
-0.2482403667459978 -0.9686984671804805 449.44229599638635 171.8557928350795 419.925048647562 1.0 185.50994168557185 416.42601253561656 1.0 158.2016439845872 423.42408475950737 1.0
-0.201562085357695 -0.9794757402540695 425.84002846795687 172.125494498197 399.3422591071168 1.0 184.85799796788604 396.7220921691292 1.0 159.392991028508 401.96242604510434 1.0
0.0038397053313387205 0.9999926283043133 -293.99928737202094 166.87590500846028 293.36069563566264 1.0 140.62629202105734 293.46148715760035 1.0 193.1255179958632 293.2599041137249 1.0
0.9502034417418673 -0.311630260568369 -242.8955228484539 332.2458919860335 233.6283616632261 1.0 334.1543063563425 239.44737904501028 1.0 330.3374776157244 227.80934428144187 1.0
-0.17927564993223868 0.9837988825676586 -160.7309963664459 386.35786064781564 233.7831004038522 1.0 374.42359232169946 231.60834319631584 1.0 398.29212897393177 235.9578576113885 1.0
-0.22664350878006187 0.9739777820504234 -122.88826992456718 519.3408952846078 247.02156159902398 1.0 484.20722484465244 238.8459969284722 1.0 554.474565724563 255.19712626957573 1.0
-0.016133053963312344 0.9998698538158939 -340.9781796857516 265.6401878947861 345.3087077825392 1.0 254.38303414693323 345.12707187443146 1.0 276.89734164263893 345.49034369064697 1.0
-0.45587637020454835 0.8900431085566167 67.90156181806925 401.29741322124875 129.25266786264945 1.0 359.9979434386671 108.09925159005087 1.0 442.5968830038304 150.406084135248 1.0
-0.7325636460014222 -0.6806985416152314 729.9265943412177 586.9487181522632 440.6492492902721 1.0 622.4668019607873 402.424902706518 1.0 551.4306343437389 478.8735958740262 1.0
-0.5314218393272885 0.8471073300863367 30.39006261377793 97.93204632425088 25.561301152634094 1.0 93.94851519475816 23.062284363773617 1.0 101.91557745374358 28.060317941494567 1.0
-0.25915858149530685 -0.9658347838203697 450.5226047882148 211.77680972907353 409.63406351992535 1.0 235.65252699412966 403.2275878760064 1.0 187.9010924640174 416.04053916384436 1.0
-0.33178088253594334 0.9433564787415574 -37.68475663687074 434.30666795862686 192.69428929552015 1.0 361.7670547200746 167.18192208179337 1.0 506.8462811971791 218.20665650924695 1.0
-0.15296812326984144 0.9882311234034793 -187.29876180798271 6.174908081100159 190.48512180045515 1.0 0.3980891059243119 189.59092899861452 1.0 11.951727056276006 191.37931460229575 1.0
-0.054322668668403705 0.9985234337103676 -190.3748638517021 23.644311183270318 191.9427020574024 1.0 18.069811826163072 191.6394325783446 1.0 29.218810540377568 192.24597153646025 1.0
0.5798036487251308 -0.814756238960479 -170.2457451770168 519.2440193409695 160.555790260018 1.0 539.7261967025041 175.13148861024453 1.0 498.7618419794349 145.98009190979144 1.0
-0.22299156898484682 0.9748203732799579 -121.07287514941707 44.244348995126686 134.32114832600985 1.0 0.3602005400698616 124.28258595514863 1.0 88.1284974501835 144.35971069687105 1.0
-0.14995138333526273 -0.9886933713926886 193.7472469046097 263.09620181949776 156.06012132374232 1.0 269.298327922681 155.1194683207976 1.0 256.89407571631455 157.00077432668704 1.0
-0.3549687970045928 0.9348781488264191 -19.52490915279601 456.12690340550694 194.07419840097947 1.0 361.8211742050674 158.26676051515037 1.0 550.4326326059464 229.8816362868086 1.0
-0.10567454579691138 0.9944007694941795 -218.8598075821295 126.2096809759968 233.5044032724879 1.0 118.04406017966507 232.63664623199296 1.0 134.37530177232856 234.37216031298286 1.0
0.09405761491768976 0.9955667557105327 -258.84134908428774 263.1376273821999 235.1336563971023 1.0 255.64545324754656 235.84149042793086 1.0 270.6298015168533 234.42582236627374 1.0
0.021998854997661473 -0.9997579959064054 391.9505013688879 505.62398298573294 403.1712191393825 1.0 535.6369564110776 403.8316300119499 1.0 475.6110095603883 402.51080826681505 1.0
0.3402663684717241 -0.9403290905247293 36.96772320061618 416.27005125832125 189.94458817194965 1.0 422.2436643898146 192.10619272868414 1.0 410.2964381268278 187.78298361521513 1.0
-0.20475846067043182 0.9788125319916348 -140.26415547704084 518.6361628369714 251.7941789385108 1.0 484.32448150959385 244.61649493674093 1.0 552.9478441643489 258.9718629402807 1.0
-0.3734618223759852 0.9276455504273214 -3.9179266509295734 456.1094504796473 187.84911235729624 1.0 361.6892514696198 149.83638262971397 1.0 550.5296494896749 225.86184208487853 1.0
0.11400353176004847 0.9934803444186683 -412.9436138439943 394.4201161647902 370.3931634594355 1.0 389.4143125235603 370.96758780270875 1.0 399.4259198060201 369.81873911616236 1.0
0.4807383943175101 -0.8768640694138529 -89.14062294485691 428.8964356384495 133.4829022367346 1.0 499.2706313162796 172.06536787951242 1.0 358.5222399606193 94.90043659395677 1.0
-0.21030978364256353 0.9776347962834682 -131.6897164544226 428.6090580525721 226.9051751881197 1.0 414.22734799304953 223.81136721143298 1.0 442.9907681120947 229.9989831648064 1.0
0.47778392682899196 0.8784773868824789 -594.0745670902968 465.0952208030109 423.30007772344084 1.0 458.21566957481485 427.0417096080057 1.0 471.9747720312069 419.55844583887597 1.0
-0.25148645076601434 0.9678608190649691 -103.75867389960774 458.12691284534264 226.24263829898396 1.0 363.20225953347233 201.5776620117331 1.0 553.051566157213 250.9076145862348 1.0
0.9999606146201633 -0.008875201883065903 -115.1329777809676 118.65445730412151 396.2508479941129 1.0 118.73770827546932 405.6306563154897 1.0 118.5712063327737 386.8710396727361 1.0
0.9983646846680683 -0.05716604243454851 -314.78734600845485 333.84049051575346 323.74481854201883 1.0 334.59161031132487 336.86259696287425 1.0 333.089370720182 310.6270401211634 1.0
-0.4591055579543666 0.8883817235037029 69.60311269478782 494.5221701444686 177.21522177345474 1.0 441.140218965264 149.62803730936628 1.0 547.9041213236732 204.80240623754318 1.0
0.9982585302338437 -0.058990734995983424 -240.44199502704933 254.3704051011338 228.60253741734203 1.0 255.29488005362964 244.24677387887007 1.0 253.44593014863796 212.958300955814 1.0
-0.3916066596667772 0.9201327209183623 11.457286989223661 456.8323669464223 181.9751721156194 1.0 361.5375489783137 141.41788673748576 1.0 552.127184914531 222.53245749375301 1.0
-0.18278498902719345 -0.9831529117010888 446.87928521536435 120.77966401981988 432.0818975328914 1.0 131.99074554649857 429.99756518799575 1.0 109.56858249314118 434.1662298777871 1.0
0.31365270083487656 -0.9495377734766468 49.616186677805366 385.73424203284935 179.6692856896633 1.0 408.44056548964153 187.16967153758694 1.0 363.0279185760572 172.16889984173963 1.0
-0.021907440795713898 -0.9997600032196637 365.5560425101874 524.3701448094823 354.15343029074836 1.0 550.6349242193247 353.57789806493355 1.0 498.10536539963994 354.7289625165631 1.0
-0.3295826430581693 0.9441267295203496 -35.620643077961525 292.9134434070767 139.9810277699449 1.0 279.10119437341245 135.15934716208258 1.0 306.725692440741 144.80270837780716 1.0
-0.07294883033248514 -0.9973356847887889 333.815361560618 103.14603927919 327.1626430481858 1.0 113.18376705028896 326.42844641683536 1.0 93.10831150809103 327.89683967953636 1.0
-0.44672366368136124 0.8946719892268351 68.74807384872904 286.8145623940329 66.36932750338383 1.0 268.5583376099419 57.253710027097895 1.0 305.070787178124 75.48494497966975 1.0
-0.21350329361159567 -0.9769423440597713 444.5066645785991 428.6296090552478 361.3241185134418 1.0 439.2917337264919 358.993992536152 1.0 417.9674843840036 363.6542444907316 1.0
-0.4903171683986452 0.871544074831293 96.97018140448036 454.85537878734476 144.63206577111336 1.0 359.2505235691836 90.84625820331449 1.0 550.460234005506 198.41787333891224 1.0
-0.9998152632038804 0.019220808114008923 551.4770971173925 557.5145097054569 308.74972106020516 1.0 557.3341170183837 299.36617376935817 1.0 557.69490239253 318.13326835105215 1.0
0.16734278546979758 0.9858987737852245 -178.75597585788142 164.52551521232198 153.386759251961 1.0 159.56241884719313 154.22917674184887 1.0 169.4886115774508 152.54434176207312 1.0
-0.4765065074066299 0.8791709437868926 84.35656684024028 469.2393054384713 158.37536114695513 1.0 393.98779893024823 117.58939933062325 1.0 544.4908119466944 199.161322963287 1.0
-0.996636495750836 0.0819493461688011 479.72548006705495 507.2431578469549 314.9697278847669 1.0 506.56276972140387 306.69510863639715 1.0 507.92354597250596 323.2443471331366 1.0
-0.2132514514175056 -0.9769973482401717 408.96792028037873 64.54073449504247 404.5093015714177 1.0 73.54389947708806 402.5441601068776 1.0 55.537569512996896 406.4744430359578 1.0
-0.2900793381198654 0.9570026006213048 -70.62275140173612 287.5858948819775 160.96662364522308 1.0 274.3507821967992 156.95489710951057 1.0 300.8210075671558 164.97835018093556 1.0
-0.9999437065681586 -0.01061054639179974 96.08611468438309 95.62728621045581 43.750024259307736 1.0 95.77994495821034 29.363380213559857 1.0 95.47462746270128 58.13666830505562 1.0
-0.2598751708590092 0.9656422192359865 -87.62355185488445 68.78304257638828 109.25222064140488 1.0 51.792965280064536 104.67982399973434 1.0 85.77311987271204 113.82461728307541 1.0
0.19567541235876762 0.9806687172527867 -440.82322034835744 353.06319508965834 379.0652516191785 1.0 325.6566751540282 384.5337467341714 1.0 380.46971502528845 373.59675650418563 1.0
-0.9989747869788815 0.04527002297876734 399.3703349227528 410.2321152729354 230.6428041536724 1.0 409.7773174385924 220.60676838902518 1.0 410.6869131072785 240.67883991831957 1.0
-0.9715378908702862 -0.236884205052418 326.739647528588 255.47589436471037 331.5338645390834 1.0 257.342244538397 323.87936553621546 1.0 253.60954419102373 339.18836354195133 1.0
0.08256344185897661 0.9965858106898771 -453.48483842865795 550.008060599067 409.4722958306354 1.0 541.8355945214632 410.14935436448667 1.0 558.1805266766706 408.7952372967841 1.0
0.18550226697835837 -0.9826438362631142 157.8125637586599 282.4671968589523 213.92376501584374 1.0 289.44740059406615 215.24147909397664 1.0 275.4869931238385 212.60605093771085 1.0
0.9984272407210709 -0.056062866374354155 -245.87962133307425 250.71380676655667 79.19454096206715 1.0 251.5553915643889 94.1823794703887 1.0 249.87222196872446 64.20670245374562 1.0
-0.2006513558170995 -0.9796627141056047 447.2788303234115 56.25848429812828 445.0414238443483 1.0 112.22395783674287 433.5787561498641 1.0 0.2930107595136988 456.5040915388325 1.0
-0.11146132910602997 -0.9937687719554873 359.78737512430735 43.709718544633226 357.1408579302482 1.0 51.8030058106502 356.23311300913133 1.0 35.616431278616254 358.0486028513651 1.0
-0.9980348349388337 0.0626615372346927 258.14678276208065 279.8822342667334 338.09315333715926 1.0 279.4913692856644 331.8676937637131 1.0 280.2730992478024 344.3186129106054 1.0
-0.014163402139162118 -0.9998996939892744 304.661433638146 156.87457357531073 302.46989551577303 1.0 173.1301650318737 302.239637940745 1.0 140.61898211874777 302.70015309080105 1.0
-0.10869655393624601 -0.9940749766302263 360.7825013992273 63.651367529652475 355.9729652334405 1.0 74.28589943864526 354.81013848655766 1.0 53.016835620659684 357.13579198032335 1.0
-0.02960138373459794 0.9995617830234391 -385.63279112560775 506.85095540883844 400.8119233421291 1.0 481.85436869937246 400.0716653932868 1.0 531.8475421183044 401.55218129097136 1.0
0.4825275250060381 -0.875880806737736 -90.06628158558945 524.1946724244272 185.95232943549235 1.0 548.2261463509889 199.19139980537554 1.0 500.16319849786544 172.71325906560912 1.0
0.21860535705799514 -0.9758133519610942 128.3038886565015 92.42933989416778 152.1904134722497 1.0 184.4467976928974 172.8045085522505 1.0 0.41188209543816967 131.57631839224888 1.0
-0.999996743649409 -0.0025519973703409292 95.28242273074008 94.9493816628219 130.6232758181656 1.0 94.99085148504922 114.37338164938753 1.0 94.90791184059458 146.8731699869437 1.0
-0.9956043979474893 -0.09365833004926599 250.2957611743913 220.7783832300512 325.5218392510226 1.0 221.4886979232967 317.9710700653029 1.0 220.06806853680567 333.0726084367423 1.0
0.4665570240215093 -0.884491121117783 -76.2107582773375 453.7258377343006 153.1708064253175 1.0 548.1909937737619 202.99989009073684 1.0 359.2606816948393 103.34172275989818 1.0
0.34090998609635004 -0.9400959426461675 28.570210635294668 91.88856846828693 63.71258348976352 1.0 183.14969640734694 96.80689700128562 1.0 0.6274405292269414 30.61826997824142 1.0
0.4995327351883236 -0.8662950112261252 -104.54797445845654 471.06460295454536 150.94651753881124 1.0 490.47325753992885 162.1381533969465 1.0 451.6559483691619 139.75488168067594 1.0
-0.47110816341114214 0.8820754493621169 81.74962551384276 376.1885613676362 108.24003411203496 1.0 358.90331838329627 99.00814914986239 1.0 393.47380435197624 117.47191907420753 1.0
0.32885058937308315 0.9443819618506994 -545.1218157367928 568.1311389407426 379.392629601678 1.0 561.7806294671917 381.60398990668 1.0 574.4816484142935 377.18126929667596 1.0
-0.21830529445268426 0.9758805246616652 -126.4020689465722 116.86515583159233 155.66900595164034 1.0 104.42827113820098 152.88686438158885 1.0 129.30204052498368 158.45114752169184 1.0
-0.23733528609928756 -0.9714277955525925 523.1308878437516 553.9177451284943 403.1865910377937 1.0 558.4785988879643 402.07230180619405 1.0 549.3568913690243 404.3008802693933 1.0
0.36529672883168784 -0.9308911321442848 11.180030360700814 471.77080545065746 197.14052053261173 1.0 549.5556826142451 227.66456378456647 1.0 393.9859282870697 166.61647728065702 1.0
0.9994501265284274 0.03315787360960702 -228.97813300175454 218.2187828084576 328.1073762766856 1.0 217.92812379706646 336.8684684121995 1.0 218.50944181984872 319.3462841411718 1.0
-0.43148769184125196 -0.9021188235423916 574.48277621821 580.0090451641842 359.3939108821106 1.0 585.5599064278423 356.73890773631456 1.0 574.458183900526 362.0489140279066 1.0
0.32550137392684114 -0.9455415673420914 40.66476256377225 285.5994982353252 141.32407949849704 1.0 299.62390482035727 146.15196202593438 1.0 271.5750916502931 136.49619697105973 1.0
-0.9984346862827592 0.05593011020414947 435.6157749650955 450.51358459670786 253.75624124529142 1.0 449.218315128104 230.63377714113187 1.0 451.8088540653117 276.87870534945097 1.0
-0.06676276773014296 -0.9977688774686305 417.95517086630247 630.5712659344558 376.6969449427785 1.0 638.1627373279462 376.1889839782518 1.0 622.9797945409655 377.2049059073051 1.0
-0.03940242236722692 -0.9992234230198942 407.3431459261109 29.360289875053944 406.5019594477047 1.0 44.38621639091918 405.90944140879833 1.0 14.33436335918871 407.094477486611 1.0
-0.10616957355432413 -0.994348038491198 344.1119616738903 47.47320691847696 340.99906513075575 1.0 56.94047494747881 339.98821604124703 1.0 38.005938889475104 342.0099142202645 1.0
0.175397420579816 0.9844977119597318 -178.98727665768402 260.7973181214483 135.34221374655505 1.0 249.67756804278585 137.32330060698786 1.0 271.9170682001108 133.3611268861222 1.0
0.49524168060812185 -0.8687552461933354 -102.24378035402692 407.8710156701827 114.8205404858264 1.0 450.70337718023933 139.2375103879965 1.0 365.03865416012616 90.40357058365629 1.0
-0.9995470516123752 0.030094710714804084 403.4423702870948 411.4155766772869 258.7450147597394 1.0 411.0201964533748 245.61310128755755 1.0 411.81095690119895 271.8769282319212 1.0
0.49844854753578954 -0.8669192842816809 -103.94218475879441 515.7575877338243 176.64439873958963 1.0 539.5484541120998 190.32332249394506 1.0 491.96672135554866 162.96547498523418 1.0
0.34133017066169563 -0.9399434635104698 30.061707655866318 528.4717646781177 223.89119500589135 1.0 541.6717749962528 228.68463413232348 1.0 515.2717543599825 219.09775587945924 1.0
0.24139425652296173 0.970427129112602 -121.6030284070002 257.94051954864074 61.14592913088738 1.0 247.34901207303525 63.78057216160021 1.0 268.5320270242462 58.51128610017456 1.0
-0.9999996394747177 0.0008491468863043585 308.3668778166184 308.55964074922895 226.87675379400918 1.0 308.5511492834273 216.8767610045135 1.0 308.56813221503063 236.87674658350483 1.0
-0.08989548031936817 -0.9959512049383495 360.3484710316596 156.83280345145033 347.65750482423636 1.0 174.30329688719618 346.0806018685138 1.0 139.36231001570448 349.23440777995893 1.0
-0.999568164278798 -0.029385114604401928 207.26296607034965 200.62775695509268 228.75008104844096 1.0 200.90312344005122 219.3831762199439 1.0 200.35239047013414 238.11698587693803 1.0
0.18347705631838976 0.9830239924868257 -432.6077229637095 351.7672506380875 374.4227059771913 1.0 335.500655539911 377.4587936085688 1.0 368.0338457362639 371.3866183458138 1.0
0.3638255522466091 0.9314671049116281 -567.2552693831561 414.46438963283674 447.10385556551324 1.0 408.19446725114886 449.55285023320727 1.0 420.7343120145246 444.6548608978192 1.0
-0.9996271000722369 0.027306790385729564 404.91061496042573 413.8717629944363 322.51374691364833 1.0 413.6490459809896 314.3606846480509 1.0 414.094480007883 330.66680917924583 1.0
-0.04540195137891463 -0.998968799718483 383.4274958438372 523.7508833363015 360.01943584753633 1.0 530.6400586011731 359.70633097328533 1.0 516.8617080714298 360.3325407217873 1.0
0.3467189592827713 -0.9379690630686451 23.916817287357784 16.370229483169307 31.54974655578448 1.0 26.937499058153936 35.45592305324005 1.0 5.802959908184677 27.64357005832891 1.0
0.41734473079525647 -0.908748246588369 -29.223150601223754 518.814645597025 206.10923729566633 1.0 528.2160078979582 210.42683464270021 1.0 509.41328329609183 201.79163994863245 1.0
-0.25559519428054084 -0.9667838934636286 117.58669449203614 44.34903905933209 109.9018032425549 1.0 54.159072495458645 107.30825837802237 1.0 34.53900562320554 112.49534810708745 1.0
-0.08094827859713649 -0.9967183033295618 359.4031300447249 124.31330800954191 350.49038488373037 1.0 131.81458997529612 349.88116976209454 1.0 116.81202604378772 351.09960000536614 1.0
0.9999798389720798 0.006349933021179083 -313.21942453035894 311.1064123994123 333.749088209971 1.0 311.07066954525646 339.3778300288182 1.0 311.1421552535682 328.1203463911237 1.0
0.4225527062413791 0.906338353181684 -580.3006587164126 444.3974323514507 433.0825454441539 1.0 431.70103284478313 439.00185576819644 1.0 457.09383185811816 427.1632351201113 1.0
-0.06967037843042514 0.9975700668972387 -353.66550873482123 310.00504494509585 376.1777643335641 1.0 301.8760452058 375.6100342994632 1.0 318.13404468439165 376.74549436766495 1.0
0.4778388775547566 0.8784474982019188 -589.6252041998586 379.5737919872522 464.74045440747295 1.0 375.6306385443087 466.88536576422337 1.0 383.51694543019573 462.5955430507225 1.0
0.40038107746027646 -0.9163487288209375 -18.821262148141372 446.75059268924514 174.65972994225734 1.0 508.27135001176845 201.54004998663353 1.0 385.22983536672183 147.77940989788118 1.0
0.38418568534135356 -0.9232558470861663 -4.663409193787883 477.31502608419635 193.56952007412085 1.0 551.7968046843132 224.5629150764254 1.0 402.8332474840795 162.57612507181628 1.0
-0.9994532952960797 0.033062221973228514 301.5904288778496 307.0707619091734 160.68054971179356 1.0 306.574416514583 145.67629377793256 1.0 307.56710730376386 175.68480564565454 1.0
-0.3352542442344736 0.9421276939580812 9.20889815275681 110.91408687488877 29.693979273562793 1.0 101.2109399799428 26.24113397475351 1.0 120.61723376983474 33.146824572372076 1.0
-0.00883149229353244 0.9999610016114975 -376.58522059445994 231.87038316840696 378.64774874852174 1.0 228.109636715768 378.6145344499032 1.0 235.63112962104591 378.68096304714027 1.0
-0.006100988801542526 0.9999813887946333 -343.69524894630695 236.87410412144226 345.14683880162613 1.0 221.87084940537338 345.05530240901413 1.0 251.87735883751117 345.2383751942382 1.0
0.3582188594085493 0.933637643180714 -570.1621157276262 368.1488678861444 469.43720765987683 1.0 361.86475605226644 471.8483008607235 1.0 374.43297972002233 467.02611445903017 1.0
-0.9992924811872387 0.03761033159455325 301.3361798147397 304.9613214501672 90.64997884333297 1.0 304.44100893587137 76.82546942372596 1.0 305.481633964463 104.47448826294 1.0
-0.1914671392703022 0.9814990242377455 -113.28649785035087 374.4307040537429 188.46444982881604 1.0 363.24076627028296 186.2815588395197 1.0 385.6206418372028 190.6473408181124 1.0
0.4027753364217558 -0.9152988737949705 -20.29605400027842 539.3098973213821 215.14794453143372 1.0 549.3005042817946 219.5442900255057 1.0 529.3192903609696 210.75159903736173 1.0
0.29970735075914556 -0.9540311860211566 71.0863074979992 377.50642584271355 193.1045451985755 1.0 384.4787078302925 195.2948762840382 1.0 370.53414385513463 190.9142141131128 1.0
0.3826984589423283 0.9238733081560301 -575.1293905218618 354.41073712547336 475.71127308410473 1.0 347.1252607258265 478.7291550449663 1.0 361.6962135251203 472.6933911232432 1.0
-0.3451987662267384 -0.9385296009159955 43.50529001830768 48.0938883975916 28.665413487390516 1.0 67.93800204808873 21.366588237415343 1.0 28.249774747094456 35.96423873736569 1.0
-0.25498852625240076 0.966944078775825 -88.84878303903858 128.85151964051946 125.86502653973304 1.0 114.64067100795127 122.1175467948836 1.0 143.06236827308766 129.61250628458248 1.0
-0.025332824564620996 -0.9996790725025598 354.4194944981825 106.24913382642997 351.8408192244255 1.0 116.89897107963128 351.5709421546758 1.0 95.59929657322866 352.1106962941752 1.0
-0.08723751345792405 0.9961875406998818 -230.48109337573678 520.6180473020379 276.95439464124496 1.0 509.34503296428846 275.9672012666823 1.0 531.8910616397873 277.9415880158076 1.0
0.34907884834872244 -0.9370933558805813 25.535255055651774 465.94469671365437 200.81957896479935 1.0 494.1181398852302 211.31453449365404 1.0 437.77125354207845 190.3246234359447 1.0
0.21660242652607206 -0.9762598981946444 131.09039735706426 518.618250178811 249.3438163717002 1.0 553.0986063054132 256.993960373637 1.0 484.13789405220865 241.69367236976342 1.0
0.42348476078404784 -0.9059032273834097 -38.80586317745419 285.08901071006096 90.43459152020802 1.0 298.257908160359 96.59068768804826 1.0 271.92011325976296 84.27849535236777 1.0
-0.03427015970880576 -0.9994126055606527 364.46837224078223 376.24677566010763 351.7809693342424 1.0 388.10782913943086 351.3742502326527 1.0 364.3857221807844 352.1876884358322 1.0
0.009223524738795764 -0.9999574623909723 346.3137625407383 424.37275975327964 350.24287368321984 1.0 439.36571919440553 350.3811674982211 1.0 409.3798003121538 350.10457986821865 1.0
0.23975102670698062 -0.9708344066796091 112.88562207803203 543.7656150620784 250.56176924042245 1.0 553.183631225172 252.88758199397662 1.0 534.3475988989848 248.23595648686828 1.0
0.9999991054592551 -0.0013375652094493053 -413.31986141845334 413.6529509673515 248.7501298095258 1.0 413.66549174814827 258.1259490144024 1.0 413.64041018655473 239.37431060464917 1.0
0.18341573521919366 0.9830354358180599 -469.9971867726533 97.97621684785463 459.82758144353414 1.0 89.29519829319824 461.4472945715037 1.0 106.657235402511 458.2078683155646 1.0
0.058933957376977784 -0.9982618838099993 363.91700469577313 213.7694318843619 377.1708500438041 1.0 219.41166477268845 377.50394811951395 1.0 208.1271989960353 376.8377519680942 1.0
-0.998864090598683 0.04765006308984371 460.7613884540303 473.77785412880917 261.87367123965356 1.0 472.76502138861576 240.64217250995895 1.0 474.7906868690026 283.10516996934814 1.0
0.127846763533769 0.9917939327571733 -489.0476434139423 227.42306145793142 463.77813562025665 1.0 208.20624480451704 466.25527097410077 1.0 246.6398781113458 461.3010002664126 1.0
0.4471157299339779 0.8944761170906724 -585.1957679902376 394.71484349155503 456.92953094834155 1.0 383.964282874812 462.303341009351 1.0 405.46540410829806 451.5557208873321 1.0
0.09905996356526052 0.9950814658199847 -236.40588602602986 261.4660783730597 211.5455598958212 1.0 250.82212426742794 212.60516128737694 1.0 272.11003247869144 210.48595850426545 1.0
0.2172079051873478 0.9761253638360824 -447.78271754668225 444.34368376747904 359.8592658548172 1.0 400.40504171258345 369.6365145065828 1.0 488.2823258223746 350.0820172030515 1.0
-0.21475527215474657 0.9766678929307243 -127.14826087633799 149.9908510677902 163.16660767861123 1.0 131.91523075886687 159.19203783055335 1.0 168.06647137671354 167.14117752666914 1.0
0.23993778101221472 0.9707882679775928 -451.3528812306191 212.47983136393358 412.4183976979708 1.0 197.91333868359226 416.0186183085195 1.0 227.0463240442749 408.81817708742216 1.0
-0.2749899981071158 -0.9614470869169288 453.3940010385303 254.97099559854337 398.64859195796146 1.0 268.26018862856944 394.8476597840542 1.0 241.68180256851733 402.4495241318687 1.0
-0.9980978938840768 0.06164895963574843 425.2000015535487 442.03039745329795 259.3654016515969 1.0 441.2565005008604 246.8359944584333 1.0 442.80429440573545 271.8948088447605 1.0
-0.2169670165639939 -0.9761789352999376 445.8353279004788 488.013457094998 348.24814568145183 1.0 501.77805088127064 345.18880610749835 1.0 474.2488633087253 351.3074852554053 1.0
0.07684863683471974 -0.9970427709063666 232.21085557255506 185.02614639709586 247.160773732841 1.0 199.36414013409143 248.2658971094753 1.0 170.6881526601003 246.0556503562067 1.0
0.029436449347755664 -0.9995666538304472 322.7979433847542 467.4866006429312 336.7049988468554 1.0 474.37403323238306 336.9078283027787 1.0 460.5991680534793 336.5021693909321 1.0
-0.2191639984511711 -0.9756880350721202 410.02616797095214 80.3524220749284 402.1939346983671 1.0 85.70723724745719 400.99110893645064 1.0 74.9976069023996 403.3967604602836 1.0
-0.9956154202781555 0.09354108671782592 372.302628269734 404.126809804907 321.27331822116133 1.0 403.4755971162614 314.34206033817145 1.0 404.7780224935526 328.2045761041512 1.0
-0.13103646829592439 -0.9913775486546642 231.53138202176444 547.4907338752803 161.17989563798884 1.0 569.3960861270282 158.28453049708722 1.0 525.5853816235325 164.07526077889045 1.0
0.47745297014748184 0.8786573059488823 -590.9166476338477 425.88394746875133 441.1015413548587 1.0 420.8912147865509 443.81453882512346 1.0 430.8766801509518 438.38854388459384 1.0
0.9985933283893578 -0.05302230187632578 -243.87124530159414 252.3386588200166 153.00082425155927 1.0 253.13463167646995 167.99174610718376 1.0 251.54268596356326 138.00990239593477 1.0
0.26332955573225286 -0.9647059371009666 94.67986157954931 500.5180180467538 234.76692761774208 1.0 550.5438846057962 248.4221656643748 1.0 450.49215148771145 221.11168957110937 1.0
0.3595018032320965 -0.933144390473881 20.525808224036343 426.8066954651946 186.42729533739328 1.0 435.8935004564316 189.92806415014815 1.0 417.71989047395766 182.92652652463843 1.0
0.07361870858499481 0.997286461226802 -362.63422080201605 21.263014689885658 362.0513053749447 1.0 0.6580226196626637 363.57234568341124 1.0 41.86800676010865 360.53026506647825 1.0
0.3793601092350718 -0.9252491056581218 -5.315255931097094 139.54162939936035 51.4685953755249 1.0 173.69956780508107 65.47364457319155 1.0 105.38369099363962 37.46354617785824 1.0
-0.9986658622309972 0.051638121716602516 427.4659324828935 444.5843779772142 320.0214906120379 1.0 444.1637114290019 311.8859251205625 1.0 445.00504452542657 328.1570561035133 1.0
0.0587696749983387 0.9982715689132841 -459.28658146253986 126.88159948269907 452.61209992140004 1.0 118.12515332652822 453.1276044301569 1.0 135.63804563886993 452.0965954126431 1.0
0.9948232436704594 -0.10162044013379239 -404.74443446790536 432.2562466996187 248.71105593866918 1.0 432.83781095624374 254.40433614309256 1.0 431.6746824429937 243.01777573424582 1.0
0.2377350084583395 -0.9713300498560278 114.13775718002047 495.8993559987847 238.87904508593 1.0 520.7853279042208 244.96993740652664 1.0 471.0133840933486 232.7881527653333 1.0
-0.22730278012278834 -0.9738241351232014 147.34417943995118 110.00095845662972 125.62910627708993 1.0 115.61202525779497 124.31941283516451 1.0 104.38989165546447 126.93879971901534 1.0
0.15126976962318908 -0.9884925173202614 315.6363524990536 130.6361458454726 339.302165983816 1.0 138.1514380656703 340.4522369280879 1.0 123.1208536252749 338.15209503954407 1.0
0.2383085209775095 -0.9711895020177637 114.00602984346344 433.58897655770045 223.78122612275305 1.0 470.68423757143603 232.88358644387637 1.0 396.4937155439648 214.67886580162974 1.0
0.3812512267266588 -0.9244714717715294 -2.940845955277294 389.41137378896633 157.41179954879533 1.0 401.00872252792243 162.1945360295989 1.0 377.81402505001023 152.62906306799172 1.0
0.2208901417769549 -0.9752986954086204 134.12172819342658 493.75637852793363 249.3468368147973 1.0 503.2125339325593 251.48851045573 1.0 484.30022312330794 247.2051631738646 1.0
0.34227894801240377 -0.9395983832188741 28.99730052107588 397.4876039218427 175.65902877992488 1.0 408.4758570712217 179.66185359916182 1.0 386.49935077246374 171.65620396068792 1.0
-0.999684262141659 -0.025127196944487982 213.11434052258417 204.55704249994255 343.12957566245814 1.0 204.8710332916568 330.63746786278676 1.0 204.24305170822834 355.62168346212957 1.0
0.40708924251970247 -0.9133883887069809 -21.549829617250158 376.35297352464573 144.14395773228122 1.0 383.4830018737596 147.32174921252295 1.0 369.2229451755319 140.9661662520395 1.0
-0.08421072509257456 -0.9964479684255384 469.72553257028824 122.43055253753687 461.0532426429935 1.0 174.25235228711037 456.6737351616253 1.0 70.60875278796338 465.4327501243617 1.0
-0.4006020945815937 0.9162521278648361 17.68332653323488 151.79135504873057 47.06631169213134 1.0 120.96826222211064 33.58989491523261 1.0 182.6144478753505 60.542728469030074 1.0
-0.2829892618904705 0.9591230774278587 -77.99284208055447 145.88551188979113 124.36034354488928 1.0 107.76018107209268 113.11146477078637 1.0 184.01084270748962 135.60922231899218 1.0
0.04898347806535822 0.9987995889449598 -461.64042144654815 196.25345822760613 452.57051512975266 1.0 180.63537063406096 453.3364628329044 1.0 211.87154582115133 451.80456742660095 1.0
0.39379030788384717 -0.9192003010316874 -8.30186645383274 368.6801948398813 148.91294185740492 1.0 376.07271128640355 152.07993530186425 1.0 361.2876783933591 145.7459484129456 1.0
-0.19293524839448614 0.9812114909268838 -145.7936248277063 425.5491233000988 232.2608864072595 1.0 414.2446177065967 230.03808570137 1.0 436.85362889360084 234.48368711314902 1.0
0.10545044874613006 -0.9944245586565327 218.12835733114647 524.9975652237638 275.0229605593233 1.0 540.6454356108541 276.6822869907513 1.0 509.3496948366735 273.36363412789524 1.0
-0.15554121581324934 0.9878294033806324 -182.09867247559353 10.565044322188186 186.00577355337916 1.0 0.614914787332449 184.43905035192932 1.0 20.515173857043923 187.572496754829 1.0
0.42749190653354946 -0.9040191755976811 -16.012881393308906 372.38037850975604 158.37796413649318 1.0 375.90043905532985 160.0425277147447 1.0 368.86031796418223 156.71340055824163 1.0
-0.9915157319911112 -0.12998674245526265 469.1884070781435 441.67172322280226 240.51641372481998 1.0 442.3478237605521 235.35923917821313 1.0 440.9956226850524 245.67358827142687 1.0
-0.3766943696609692 0.9263376014530151 5.398886618894939 39.52902385950994 10.246236460971287 1.0 14.587028474140839 0.10359600781359557 1.0 64.47101924487905 20.38887691412898 1.0
0.3471351461274082 -0.9378151152136027 26.97675439021529 373.1237300276824 166.8784309382055 1.0 384.64581635411815 171.14336659101684 1.0 361.60164370124664 162.61349528539412 1.0
0.15232827822146316 -0.9883299528265267 193.00892108898088 494.4337975409418 271.4935122582372 1.0 503.16895162795095 272.8398348889213 1.0 485.69864345393256 270.14718962755313 1.0
-0.04132570922393905 -0.9991457279882342 360.56507596816004 563.7523152396802 337.55597633723175 1.0 581.8721676101704 336.8065203477123 1.0 545.6324628691901 338.30543232675126 1.0
0.07495983928083977 0.9971865535069107 -360.5546435594889 134.39150152685187 351.4695188896732 1.0 124.40097321203703 352.2205201884528 1.0 144.3820298416667 350.71851759089367 1.0
-0.44880173024273073 0.8936313596394942 61.98382123368575 147.36320667834963 4.6473759597582776 1.0 139.37078112051404 0.6334004199563964 1.0 155.3556322361852 8.661351499560158 1.0
0.062304908004869874 0.9980571619093291 -397.42228932055764 168.17633377062057 387.69731142066144 1.0 159.3825705847132 388.2462725696065 1.0 176.97009695652795 387.1483502717164 1.0
0.10228726918109031 -0.9947549017539322 428.12541609156574 14.3764297314477 431.86109570499656 1.0 23.16206968688425 432.7644932328352 1.0 5.590789776011148 430.9576981771579 1.0
-0.9967498569107884 -0.08055881546002938 418.34142711551317 400.86652359316827 233.09400686277803 1.0 401.7820329358766 221.76645939160412 1.0 399.95101425045993 244.42155433395192 1.0
0.07387972758901563 -0.9972671587149416 245.1676632455012 50.563116956821304 249.5853296453223 1.0 61.79776068891133 250.4176165718827 1.0 39.32847322473128 248.75304271876195 1.0
0.054206850502511464 0.998529727829171 -350.5540832306079 126.8984170955286 344.18135998140394 1.0 118.07263953424321 344.66048202604566 1.0 135.72419465681398 343.7022379367623 1.0
-0.1119522488331158 0.9937135874995412 -213.30154116913025 291.254083935681 247.46375005934226 1.0 273.1476592244905 245.4238715770062 1.0 309.3605086468715 249.5036285416783 1.0
-0.10155224552241614 0.9948302073365861 -436.2395280845293 161.25334276105576 454.96725350919553 1.0 153.1489927110244 454.13996163565685 1.0 169.3576928110871 455.79454538273427 1.0
-0.07158744880880777 -0.9974343272481885 357.4077193099703 183.13813091678995 345.1829542381028 1.0 191.88791660383038 344.5549681964682 1.0 174.38834522974952 345.8109402797374 1.0
0.27101199009146976 -0.9625759716649182 90.79239912091421 421.3022521995697 212.9394114887483 1.0 430.9669430099264 215.66049238754024 1.0 411.637561389213 210.21833058995634 1.0
0.0650050158270598 0.997884937213366 -351.78077424421707 52.48257611889707 349.10752789374504 1.0 41.821389264604086 349.8020274240555 1.0 63.143762973190064 348.4130283634346 1.0
0.012492141037266738 -0.9999219701618247 453.407668961278 184.99057819450684 455.7541597779841 1.0 198.1213369700918 455.91820386886894 1.0 171.85981941892186 455.59011568709934 1.0
-0.431171190312747 0.9022701395060622 59.65743484026032 185.34837864768048 22.453858680160483 1.0 158.0979538945316 9.431596762265984 1.0 212.59880340082938 35.47612059805498 1.0
0.9957624982184662 -0.09196220496333969 -388.3042557261033 414.5443867670645 266.2343565301779 1.0 415.070053472619 271.92625128370065 1.0 414.01872006151 260.5424617766551 1.0
0.04040300776819934 -0.9991834651170338 248.59756016568645 100.63531091971748 252.87000659577214 1.0 109.42148991477492 253.2252847509691 1.0 91.84913192466003 252.51472844057517 1.0
-0.22750758073370939 0.9737763093794667 -120.3729347837637 122.55875923755966 152.2484991343662 1.0 104.40265975830265 148.0066109016174 1.0 140.71485871681665 156.490387367115 1.0
0.2679048440265847 -0.9634453770438112 92.45283159508912 387.5096544647049 203.71528039863716 1.0 394.69781406304446 205.71408886449976 1.0 380.3214948663653 201.71647193277454 1.0
0.08267947026477007 0.996576191365586 -474.56620445152214 116.32638978902347 466.54576357964584 1.0 84.463292956926 469.18923829828526 1.0 148.18948662112092 463.9022888610064 1.0
0.36289914625291675 -0.9318284228595436 59.39094619112683 373.14392055367585 209.05625071160176 1.0 376.4914207196598 210.35992950322859 1.0 369.7964203876919 207.7525719199749 1.0
0.06309832885164504 -0.9980073150514126 245.9725374170272 22.515037292812366 247.88715965623118 1.0 33.09773492733375 248.5562434649467 1.0 11.932339658290987 247.21807584751565 1.0
0.3854007064905608 -0.9227493134305637 -5.789247227848737 78.61939196667458 26.56270952816091 1.0 88.15776202462295 30.546559210405444 1.0 69.08102190872621 22.578859845916377 1.0
0.28766431956830724 -0.957731298041002 82.36129826823972 437.52649941980053 217.41177451634962 1.0 442.0560369455954 218.77226710229948 1.0 432.9969618940056 216.0512819303998 1.0
-0.9998460876470067 0.017544258803789493 270.87654294577834 275.4804945716519 260.00253563089836 1.0 275.29373076104577 249.35887906854668 1.0 275.66725838225796 270.6461921932501 1.0
0.3490433835332656 -0.9371065661981296 23.00044504324573 138.20957784671762 76.02292663533203 1.0 169.53655403792146 87.69126208410104 1.0 106.88260165551378 64.35459118656301 1.0
-0.31763559277348336 -0.9482128612307671 495.39493094434715 377.423179326741 396.0206732115361 1.0 409.28233792840814 385.34838311565 1.0 345.5640207250739 406.69296330742225 1.0
0.06530006318306449 -0.9978656731986963 246.0056908385594 124.97805146575399 254.7104007306197 1.0 133.14985653184394 255.24516147193754 1.0 116.80624639966405 254.17563998930186 1.0
-0.40142209151445807 0.9158931730524899 25.035861306055686 284.4476728148783 97.33418816148756 1.0 270.84525751741177 91.37245576844097 1.0 298.0500881123447 103.29592055453415 1.0
-0.01807031572158739 0.9998367185144392 -285.7163618512194 20.627063604066336 286.13582008472974 1.0 9.369445034323466 285.9323581413329 1.0 31.884682173809207 286.33928202812655 1.0
-0.3597665390704695 0.9330423556116069 13.541695286293171 82.90237339933523 17.45237456196662 1.0 71.43009588355336 13.028843784091762 1.0 94.37465091511709 21.875905339841484 1.0
0.13218262284434049 -0.9912253801320822 208.5138504082644 523.6414901549322 280.18870538812854 1.0 531.788306621173 281.2751057062839 1.0 515.4946736886914 279.10230506997317 1.0
-0.999717404904752 0.023772049354397272 180.05826242597226 188.00045641931456 331.8630997623515 1.0 187.73274324609721 320.6046039213886 1.0 188.26816959253188 343.1215956033144 1.0
-0.28247844377467274 -0.9592736464651986 485.66825708121496 448.1121565721672 374.33138477157536 1.0 485.668337828851 363.2721717153221 1.0 410.55597531548335 385.39059782782857 1.0
0.23074193585002026 -0.9730149839751622 124.17458425585932 460.630269193391 236.8527803540391 1.0 468.2922437887261 238.66975016403993 1.0 452.9682945980558 235.03581054403827 1.0
0.27219778950149537 -0.9622413228450022 88.9884391040914 291.8630403322257 175.04227839822272 1.0 308.05495106689494 179.6226286753771 1.0 275.67112959755644 170.46192812106833 1.0
0.9966614537573114 -0.08164524844939076 -415.9187084237961 439.58219007067044 271.8580272508961 1.0 440.099101703988 278.16808092469626 1.0 439.0652784373528 265.54797357709595 1.0
-0.999698642209011 0.02454841676075665 112.54753786561368 122.06603423322395 386.2453089983573 1.0 121.77460963373764 374.37746516744716 1.0 122.35745883271024 398.11315282926745 1.0
-0.9999615545030853 0.008768666704400017 171.43201688886592 174.31046164938573 327.5005659370439 1.0 174.16249608757724 310.62686344762255 1.0 174.45842721119422 344.3742684264652 1.0
0.4566274812303207 -0.889657992368558 -61.91391928023887 170.68294895297834 18.01209670073367 1.0 183.115605046617 24.393304407221823 1.0 158.25029285933968 11.630888994245524 1.0
0.3129594945319627 0.9497664738146417 -496.7014401414375 386.08596858063265 395.75219902099377 1.0 341.7844153258719 410.3500944993475 1.0 430.38752183539344 381.15430354264 1.0
-0.3289619164560509 -0.9443431884233413 498.20329046488564 308.7540000523185 420.0114828555262 1.0 338.2508442832339 409.73625820567395 1.0 279.257155821403 430.2867075053784 1.0
-0.9999674627457312 0.008066811629427826 272.0492258771393 273.58579074591046 189.37632468822227 1.0 273.44458546474755 171.87242188037146 1.0 273.7269960270733 206.88022749607308 1.0
0.4493607659686751 -0.8933503803144909 -60.83707203765104 198.25217523172614 31.622169645787285 1.0 210.73709032668 37.90215914794358 1.0 185.7672601367723 25.34218014363099 1.0
0.09800418981517615 -0.9951860021014519 219.81564142395985 293.14983239587866 249.74783881358843 1.0 309.42662729700334 251.350749318463 1.0 276.87303749475393 248.1449283087139 1.0
-0.3522280087862022 0.9359142214041344 13.656279482459544 53.95199849895852 5.713264524223803 1.0 37.31627760601196 -0.5475302268748494 1.0 70.58771939190507 11.974059275322455 1.0
0.32790156251949093 0.944711895393128 -500.40916703391764 306.89242937721525 423.17521549716935 1.0 274.4018703054645 434.4524156030551 1.0 339.382988448966 411.89801539128365 1.0
-1.0 0.0 180.625 180.625 81.25 1.0 180.625 71.875 1.0 180.625 90.625 1.0
0.4092396363845181 -0.9124269395474179 -25.42153853473759 289.35507544082225 101.91942312751765 1.0 305.68408240827375 109.24327184815577 1.0 273.02606847337074 94.59557440687952 1.0
0.20664014153518778 -0.978417013295618 136.41421092410988 424.91251284458485 229.16424149570878 1.0 435.7156369901765 231.44584440339736 1.0 414.10938869899326 226.8826385880202 1.0
-0.28215463652319017 -0.9593689389846154 491.77000708365273 254.45203121007967 437.76191790145106 1.0 278.17226074654275 430.7856937700018 1.0 230.73180167361656 444.7381420329004 1.0
0.27491573292617566 0.961468324901899 -493.14326957746346 253.26497656844612 440.4895428695802 1.0 233.28973419575823 446.2011282177775 1.0 273.240218941134 434.7779575213829 1.0
0.39154417234259337 -0.920159312893454 -11.99119466799003 55.62039652938871 10.635818514624464 1.0 79.33218927152382 20.725608547596103 1.0 31.908603787253593 0.5460284816528249 1.0
-0.9999999619539032 0.00027584813284796644 32.44234242208584 32.53044265485402 319.37499160245017 1.0 32.52768412607287 309.37481995829563 1.0 32.53320118363517 329.3751632466047 1.0
-0.09168803343734334 -0.9957877808671849 478.56687548301517 130.60800139011147 468.56538476304775 1.0 139.3415064442928 467.7612396240748 1.0 121.87449633593013 469.36952990202064 1.0
-0.04774506535165068 0.9988595540588109 -429.9142085237775 626.2338067438543 460.33877403860026 1.0 615.603220766871 459.8306365130242 1.0 636.8643927208376 460.84691156417625 1.0
1.0 0.0 -103.125 103.125 168.75 1.0 103.125 181.875 1.0 103.125 155.625 1.0
0.21191110319796075 -0.9772889461880878 133.9850799301905 387.526392876216 221.12828166719552 1.0 394.48097141618183 222.63628236282335 1.0 380.57181433625016 219.6202809715677 1.0
-0.18575503110842245 -0.9825960860994251 454.77232490059504 85.69624577378384 446.62687172214606 1.0 95.69342552022621 444.7369533100255 1.0 75.69906602734147 448.5167901342666 1.0
0.019078919360297802 0.9998179808525366 -352.70361160854947 17.510660890080242 352.43367679887035 1.0 9.364774123747809 352.58911980920755 1.0 25.656547656412673 352.27823378853316 1.0
-0.9998279700938968 0.018548051593565013 173.25065253250688 178.28945604944985 270.00854366272137 1.0 177.92993435306758 250.6286187102098 1.0 178.64897774583213 289.38846861523297 1.0
0.037891236783382964 0.9992818692316124 -415.1093928934134 249.36370865186655 405.9522203436265 1.0 240.55527637923436 406.2862225938518 1.0 258.17214092449876 405.6182180934012 1.0
-0.2850651389652623 0.9585081463121301 -77.36856517396889 83.0049164562547 105.40377106557361 1.0 75.6020625985397 103.20212513089018 1.0 90.4077703139697 107.60541700025705 1.0
-0.2547727741852546 -0.9670009480522495 464.3604854486451 306.285749645877 399.51068930811437 1.0 321.8204145980014 395.41781877488165 1.0 290.7510846937526 403.60355984134713 1.0
0.13391972977059563 0.990992182601947 -490.0625820117775 131.85123200269146 476.6991192722745 1.0 120.63710330381352 478.2145631994136 1.0 143.06536070156943 475.18367534513544 1.0
-0.9988698206199521 -0.0475297954410158 149.43926054778362 142.82835726004828 142.48588467840563 1.0 143.39213568922273 130.63771127067974 1.0 142.2645788308738 154.33405808613148 1.0
-0.9999398215956741 0.010970560022691016 270.6179549579719 271.8272920100102 108.74366640220774 1.0 271.68323685397456 95.61338985039495 1.0 271.9713471660458 121.87394295402054 1.0
0.024208424887679512 0.999706933138136 -420.37869586551443 483.12627800321275 408.80277619995127 1.0 475.615547530604 408.9846524563527 1.0 490.6370084758215 408.6208999435498 1.0
-0.08712678675094956 -0.9961972309891524 460.99958603178686 18.73867229676766 461.1204803997216 1.0 28.0967531149946 460.3020285043693 1.0 9.380591478540726 461.9389322950739 1.0
0.9998577275120104 -0.016867860994157907 -152.8715255281384 158.38658238025275 325.6205870369281 1.0 158.70280977703288 344.36525219815593 1.0 158.0703549834726 306.8759218757003 1.0
-0.24896442268036037 -0.96851263091373 463.8199041824149 348.71986437795795 389.2577674642266 1.0 359.2891049580371 386.54085413217564 1.0 338.1506237978787 391.97468079627754 1.0
-0.22028793086840306 -0.9754348914785229 453.98297759566367 43.73080371104224 455.5399988382818 1.0 54.377398088227125 453.1356187339467 1.0 33.084209333857366 457.94437894261694 1.0
1.0 0.0 -178.125 178.125 333.125 1.0 178.125 343.125 1.0 178.125 323.125 1.0
