0.9999733331362111 0.007302945738288584 -246.9740390077385 245.6478008508755 182.50016651781723 1.0 245.50624338414212 201.88326162936292 1.0 245.7893583176089 163.11707140627155 1.0
0.9999530502281746 0.009690063950746465 -247.6672378941452 245.50468485911975 224.36172093520315 1.0 245.31077530735644 244.37195499967132 1.0 245.69859441088306 204.35148687073496 1.0
0.9999865431419686 0.0051878256501117275 -236.20469920428636 235.47836761002222 140.6177544171607 1.0 235.3810971880545 159.36724978837992 1.0 235.57563803198994 121.86825904594151 1.0
-0.9997906266033039 0.020462232433753585 280.5684783845145 284.6311512657113 195.63254904910394 1.0 284.4769315862687 188.0973306684253 1.0 284.785370945154 203.16776742978263 1.0
0.038680201206742267 0.9992516409967042 -215.8071008058659 426.2777879104438 199.46786377124633 1.0 395.6744507140528 200.6524935399535 1.0 456.8811251068348 198.28323400253916 1.0
0.9615507494940562 0.27462730408213065 -281.5828490694058 209.63746352734097 291.3249618789975 1.0 208.71797555068264 294.5443590036264 1.0 210.55695150399933 288.1055647543686 1.0
-0.9911137225022604 -0.1330172510154696 654.4739007249102 619.9951253924785 300.62434577952297 1.0 621.8410351856311 286.87044158643346 1.0 618.1492155993258 314.3782499726125 1.0
0.08547562722571293 -0.9963402617330944 294.13937002495504 429.35961070290114 332.05438419169343 1.0 481.9018553973049 336.5619620680396 1.0 376.8173660084973 327.5468063153472 1.0
0.9999240009129367 0.012328519711040523 -237.29200301456837 236.2543279696825 85.62505336151497 1.0 235.82257758751783 120.64284784524092 1.0 236.68607835184716 50.60725887778901 1.0
0.010353156645110611 0.9999464046375095 -214.83601803080006 351.24959409185806 211.21079588080258 1.0 309.3726122070798 211.64437807207486 1.0 393.1265759766363 210.7772136895303 1.0
0.019515668609208968 -0.9998095512039958 293.9358747772004 330.6163081632328 300.445292528342 1.0 335.62659882654754 300.5430903260359 1.0 325.60601749991815 300.3474947306481 1.0
-0.40492240172827865 -0.9143510532495724 427.1054393980065 233.2303604733225 363.8266074030487 1.0 240.13512450887723 360.7688172613877 1.0 226.32559643776773 366.88439754470966 1.0
-0.9997834865150053 0.020808173680080273 280.5769433281984 285.02190785073896 210.65055988879757 1.0 284.890531860265 204.33825455052857 1.0 285.1532838412129 216.96286522706657 1.0
-0.04598916290617257 -0.9989419387007382 361.19068620833457 44.35342276647359 359.53131559418375 1.0 54.418411179586826 359.0679449278351 1.0 34.28843435336036 359.99468626053243 1.0
0.10526126855243793 -0.9944446014448123 341.3503943260568 103.27698661337939 354.1891226897078 1.0 119.6086289258318 355.9178156554655 1.0 86.94534430092699 352.46042972395 1.0
0.9987124573261597 -0.05072896196004423 -384.49214205431946 395.5263025066468 207.47326680002504 1.0 395.8128939090793 213.11545604878933 1.0 395.2397111042143 201.8310775512608 1.0
0.9999133312377619 -0.013165485672830872 -490.20406270607015 492.22982176898495 150.62855733593943 1.0 492.82232560888485 195.62898520075217 1.0 491.6373179290851 105.62812947112671 1.0
0.9907096156336674 -0.13599432889275503 -581.0615669508805 627.2552274556978 296.8228063230151 1.0 628.6256544206185 306.8062753597373 1.0 625.884800490777 286.83933728629285 1.0
0.2266698036119739 -0.9739716628991364 321.59957978521754 141.4008493967204 363.101819097957 1.0 151.8938890835189 365.5438359817126 1.0 130.9078097099219 360.6598022142013 1.0
-0.9468867213411845 0.32156731324520876 155.6819185311494 238.07238062602724 216.89286979406478 1.0 236.29142768901164 211.6486779314804 1.0 239.85333356304284 222.1370616566492 1.0
-0.05311798342289638 -0.9985882433901797 172.18261576510184 319.3982062952923 155.43626531276647 1.0 324.48355430777525 155.1657599936675 1.0 314.3128582828093 155.70677063186542 1.0
-0.2004275766434494 -0.9797085212045644 206.71631093661432 240.004685129331 161.897901345241 1.0 244.4493868262621 160.98860968273343 1.0 235.55998343239986 162.80719300774857 1.0
-0.0665298919404145 -0.9977844323692352 176.13512181881572 389.9931596517485 150.52241163260194 1.0 454.49811188482875 146.22137489313482 1.0 325.48820741866825 154.82344837206907 1.0
0.01959465125252338 -0.9998080063903729 295.19609753924357 558.1261529431563 306.19117160935036 1.0 594.3744790484423 306.9015813119943 1.0 521.8778268378702 305.4807619067064 1.0
0.9979335026593993 0.06425514975426115 -216.86719288687758 196.30679697259137 326.2938996851585 1.0 195.62033592151084 336.9551849481131 1.0 196.9932580236719 315.6326144222039 1.0
-0.1669687589534225 -0.9859621866651651 371.623161470504 264.4191791192609 332.1358807857497 1.0 289.3395582676591 327.9157140944384 1.0 239.49879997086273 336.356047477061 1.0
0.10298637215378267 -0.9946827670924044 331.10333981205383 599.9364422866597 394.98886531881135 1.0 616.8885597063929 396.74403503838596 1.0 582.9843248669264 393.23369559923674 1.0
0.0059229997750275196 -0.9999824588829872 454.7707345438249 58.12797333950688 455.1230098828092 1.0 70.63493843527644 455.19708993370455 1.0 45.62100824373733 455.0489298319138 1.0
-0.9996172889843934 -0.027663614432889557 166.98740330527426 164.37087883844308 96.85758957159238 1.0 164.82167542314698 80.56817587338116 1.0 163.92008225373917 113.1470032698036 1.0
0.051847076106057946 -0.9986550358853915 324.0518402705245 613.8417875487391 356.35702956339435 1.0 630.671425535539 357.2307722374754 1.0 597.0121495619393 355.48328688931326 1.0
-0.22787489617821954 -0.9736904188148129 407.8454716178889 210.53017365581513 369.59481494305624 1.0 225.72199239474168 366.03944041025045 1.0 195.33835491688862 373.1501894758621 1.0
0.9999972716548121 -0.002335954394254706 -519.5817293072679 520.2021685887835 264.9966077911487 1.0 520.3116627418393 311.86989204162313 1.0 520.0926744357275 218.12332354067425 1.0
-0.04783337714194383 -0.9988553288796115 170.94045945543627 305.6369697491493 156.49995198828734 1.0 310.71511450866126 156.25676881006314 1.0 300.5588249896373 156.74313516651154 1.0
-0.6300812120637137 0.7765292436246826 181.83693822106372 327.3651591902042 31.460113407832303 1.0 284.84780339801677 -3.038763860766309 1.0 369.8825149823917 65.95899067643091 1.0
0.9999897909434318 -0.004518629096464643 -569.3804376322066 570.5978081178214 268.12229869926693 1.0 570.6712478522667 284.3747910209756 1.0 570.524368383376 251.86980637755832 1.0
-0.9999604052774309 -0.008898757070303479 286.42352619037507 284.89411857225656 173.1351816363732 1.0 285.0165211296691 159.38070896673332 1.0 284.771716014844 186.88965430601306 1.0
-0.969956793671696 0.24327724597693698 141.92468484845998 235.48527805156215 355.50328621987353 1.0 234.48942682648914 351.5327847561345 1.0 236.48112927663513 359.4737876836126 1.0
0.9999828153713267 -0.005862504757792825 -197.38490009562233 199.17641512572732 305.0048283532173 1.0 199.24609561518344 316.8904122293172 1.0 199.1067346362712 293.11924447711743 1.0
-0.06680188269911176 0.9977662594354723 -298.0713796623061 440.0368378808123 328.19978205615564 1.0 423.1954845100273 327.07222928341906 1.0 456.87819125159734 329.3273348288922 1.0
0.020381903138778506 -0.9997922674358116 150.23556972343658 292.5004130473244 156.2297388144665 1.0 299.4107651509057 156.37061420610286 1.0 285.590060943743 156.0888634228301 1.0
0.22191432155962124 -0.9750661689786664 322.31932818980005 126.86161784275433 359.4337996696495 1.0 130.69742190403537 360.30678642990847 1.0 123.02581378147327 358.5608129093905 1.0
-0.13729662424019676 -0.9905299778261364 380.1858273424661 439.9602270340534 322.8380569284194 1.0 457.91355973188064 320.34955882290774 1.0 422.00689433622614 325.326555033931 1.0
-0.8572907377911375 0.5148325853105329 396.27840429263904 500.8303865989794 64.25165828046487 1.0 495.9745288227405 56.16576392494404 1.0 505.6862443752182 72.3375526359857 1.0
0.10600862050932176 -0.9943652107639882 352.29939562220545 13.051736494100387 355.6872146919294 1.0 25.87243801752731 357.0540212412213 1.0 0.23103497067346712 354.32040814263746 1.0
0.03528867876336947 -0.9993771606111157 317.883899117958 293.114157120989 328.4320708799133 1.0 296.90357065478605 328.5658776169153 1.0 289.3247435871919 328.29826414291125 1.0
-0.05683677583491033 0.9983834838941859 -291.1184860334013 434.99410564326314 316.35353909643516 1.0 411.90834352323753 315.03929431198014 1.0 458.07986776328875 317.66778388089017 1.0
-0.8541210881660839 0.5200741935051044 392.8100562351627 516.1821628641293 92.43299322022268 1.0 504.5327969765707 73.30116704506227 1.0 527.8315287516879 111.5648193953831 1.0
0.011180338946902261 -0.9999374980572697 326.0489207409874 314.3726596601791 329.5843132915017 1.0 323.1355404605556 329.6822913928229 1.0 305.6097788598026 329.4863351901805 1.0
-0.9772637828437719 0.21202711793985485 193.8190901029546 238.21968279531893 183.8650576031532 1.0 235.8776286137273 173.07018970433765 1.0 240.56173697691057 194.65992550196873 1.0
0.9997053282541958 0.024274609372153127 -237.66802090325214 236.82753741159001 37.49884752460462 1.0 236.53862479683858 49.397184422178384 1.0 237.11645002634148 25.600510627030857 1.0
-0.9992148447352363 0.03961936471900594 492.9930314696829 494.9655031914583 39.976586255264934 1.0 494.2974513484035 23.128074842539874 1.0 495.6335550345131 56.825097667989986 1.0
-0.15519246554059252 -0.98788425366509 466.3216181975683 261.62989702381736 430.9397865588784 1.0 265.57703975558087 430.319707020096 1.0 257.68275429205386 431.55986609766074 1.0
0.9995539823132111 -0.029863630753825074 -200.37613884917212 207.57881413126057 238.08529907813022 1.0 207.9536152126679 250.63012045581956 1.0 207.20401304985322 225.54047770044087 1.0
-0.9987818947537697 -0.049342949973324064 246.98187028667712 236.96995235692236 208.75469094346028 1.0 237.188608212481 204.32873931649172 1.0 236.75129650136373 213.18064257042886 1.0
0.19104912439871122 0.9815804766123284 -371.71807703132544 69.29355236997098 365.2065348342765 1.0 63.037263306325876 366.42422261034125 1.0 75.54984143361608 363.9888470582118 1.0
0.263184778310763 -0.9647454443870229 93.98444728462653 217.21349000106164 156.67524773097148 1.0 236.51598842211757 161.9410137393482 1.0 197.91099158000569 151.4094817225948 1.0
-0.27360401675516943 0.9618424205738885 -88.28957229936573 216.78051829955803 153.45714610125538 1.0 198.94577887832205 148.38390724314755 1.0 234.615257720794 158.53038495936318 1.0
0.05673886169192707 -0.9983890532121756 356.1638225929717 28.04218908025821 358.3321585204783 1.0 30.604950157199145 358.47780128952326 1.0 25.479428003317274 358.1865157514333 1.0
-0.02300801398401338 0.9997352806080775 -236.41171755889837 340.62641469091193 244.31352940037235 1.0 330.63170837798685 244.08351016720692 1.0 350.62112100383706 244.54354863353777 1.0
0.9990057321125503 -0.04458191568638103 -361.9180536098478 362.7822282873766 11.293188057394426 1.0 363.2616512589133 22.036250334950495 1.0 362.30280531584 0.5501257798383574 1.0
-0.006078901604247875 0.9999815233069489 -308.37448440875283 321.25177460844515 310.3330762657817 1.0 313.12707485193346 310.2836861028309 1.0 329.37647436495683 310.38246642873247 1.0
0.023457667354120953 -0.9997248310621796 293.03585658250506 319.9853422228082 300.6246888748832 1.0 324.3725918337012 300.72763184356234 1.0 315.59809261191515 300.521745906204 1.0
-0.3183177667452917 -0.947984071266121 468.9416580719954 129.93077742038162 451.0438478159069 1.0 135.92881808084806 449.0298024687766 1.0 123.93273675991516 453.05789316303714 1.0
-0.08162533889712276 -0.9966630845225131 166.65056541585216 180.6689783135986 152.41198474365342 1.0 196.91240070696045 151.0816707405593 1.0 164.42555592023675 153.74229874674754 1.0
0.9989940269046362 -0.04484344109074247 -360.34664283811225 362.62080697907425 42.578743265001705 1.0 363.32832188541215 58.34031615472142 1.0 361.9132920727363 26.817170375281993 1.0
-0.8548056738099266 0.518948224799312 375.87603973640523 461.2132581827324 35.40174012862584 1.0 455.9258387259448 26.692362322732226 1.0 466.50067763951995 44.111117934519456 1.0
0.05733092017681553 -0.9983552301619297 358.75594347569 159.46090329096336 368.50408820306905 1.0 166.9720249229063 368.9354171546382 1.0 151.94978165902043 368.0727592515 1.0
0.010774107845104079 0.9999419576156118 -231.89651337598474 298.1244371570517 228.69776270224514 1.0 285.61915474799355 228.83250378424748 1.0 310.6297195661098 228.56302162024278 1.0
0.048210979871740396 -0.998837174628481 314.081761696825 340.61231637318366 330.88777993118924 1.0 356.9449338185584 331.6761081101086 1.0 324.2796989278089 330.09945175226994 1.0
0.6801875247151945 -0.7330381512730539 -227.2671971719617 345.26597474976825 10.338358990320948 1.0 356.63297986438954 20.885825120032887 1.0 333.898969635147 -0.20910713939098935 1.0
-0.999962929386015 -0.008610450263462792 371.1019690087065 370.90586450676346 24.3720367286013 1.0 371.024392821185 10.606912155836252 1.0 370.7873361923419 38.137161301366355 1.0
-0.09890088714312838 -0.9950972889734462 365.9738568876328 368.61493166864045 331.14100177213294 1.0 379.1975144508607 330.08921835655667 1.0 358.03234888642027 332.1927851877092 1.0
-0.00653996203681481 -0.9999786142196029 309.98526570476173 440.0015646543287 307.1142400534774 1.0 456.87584289195814 307.0038805542806 1.0 423.12728641669935 307.22459955267414 1.0
0.004588535651192372 -0.9999894726148758 278.9410599604183 336.8727526702522 280.48976541974525 1.0 355.6252256999793 280.5758127166432 1.0 318.1202796405252 280.4037181228473 1.0
-0.24183151802653713 -0.970318255465175 469.10683759243506 151.72365078209864 445.64273048327834 1.0 166.57970583758336 441.9401696732363 1.0 136.86759572661393 449.3452912933203 1.0
0.9999750710072204 -0.007060974727643924 -207.91908034560217 209.77338267874018 261.8721869598472 1.0 209.8175749923494 268.13070134970235 1.0 209.72919036513093 255.61367256999205 1.0
0.09948715568860024 0.9950388464039945 -104.2223174475133 479.36881466466536 56.81313624589675 1.0 468.1064217430337 57.939186190650005 1.0 490.6312075862971 55.687086301143495 1.0
-0.9997280456521617 -0.023320264503418144 166.52883967096244 163.4835096416444 132.49378368380133 1.0 163.93623657936217 113.08560687721602 1.0 163.03078270392663 151.9019604903866 1.0
0.17255915811585545 -0.9849991558119973 438.17643879034614 166.3180876525392 473.98634325755506 1.0 175.83885799912807 475.65425952522685 1.0 156.79731730595032 472.31842698988333 1.0
-0.11839476588779632 -0.9929666053852837 78.84870852158953 481.1942927546838 22.032788178073833 1.0 494.35574426340554 20.463503811744033 1.0 468.032841245962 23.602072544403633 1.0
0.020186841794296577 -0.9997962249470499 322.63670361065624 301.8866533614107 328.7978425196417 1.0 304.4108630002311 328.84880872591754 1.0 299.36244372259034 328.74687631336576 1.0
-0.9999431362525072 -0.010664157796077005 164.55735873927873 161.9472467729922 245.61910501715406 1.0 162.92036691518484 154.37281763639584 1.0 160.97412663079956 336.8653923979123 1.0
0.01524536472752991 0.9998837826739289 -228.4234322665359 392.49947380571854 222.46548897727655 1.0 380.61770656122843 222.64665190679767 1.0 404.38124105020864 222.28432604775543 1.0
-0.9999140460222963 -0.013111085665239407 552.7558808144386 549.4679613737578 254.3762189293067 1.0 549.812312665743 228.11434387080482 1.0 549.1236100817728 280.6380939878086 1.0
-0.11145790165166003 0.9937691563735559 -360.9907020576145 39.42536935884496 367.67590204907253 1.0 29.411143716131452 366.5527392203164 1.0 49.439595001558466 368.79906487782864 1.0
0.9999849233809944 -0.005491175712609052 -491.69189552012676 493.1338808529821 261.24651919637665 1.0 493.4667972071461 321.8731231031802 1.0 492.800964498818 200.6199152895731 1.0
0.1537412336543853 0.9881111440897868 -91.0820881309967 480.70430467099845 17.384699495245204 1.0 467.9300839090181 19.372253699716225 1.0 493.47852543297887 15.397145290774183 1.0
0.04509726739489923 -0.9989826006860745 278.1129074500972 603.720655684761 305.65002741953447 1.0 611.913602703857 306.0198832330578 1.0 595.527708665665 305.2801716060111 1.0
0.1332351510028296 -0.9910844537864839 309.28700595141373 550.0319806027783 386.0121087378384 1.0 562.1088280593357 387.635644036334 1.0 537.955133146221 384.38857343934285 1.0
0.8080243293774775 0.589149117909955 -331.1594940501561 208.45283259067315 276.2026265379425 1.0 205.7999153044535 279.841131028446 1.0 211.10574987689282 272.56412204743896 1.0
0.0831196499175214 0.996539574626913 -164.04586047046251 181.8808495604756 149.44513165375338 1.0 165.5360387473349 150.8084241785535 1.0 198.22566037361628 148.08183912895325 1.0
-0.0027754324264049417 0.9999961484800062 -293.7231536195305 606.873865874016 295.40862879785425 1.0 595.6222178944635 295.3774004889249 1.0 618.1255138535685 295.4398571067837 1.0
-0.9999681219411125 0.007984679177290325 164.88524641896547 165.40462666622227 64.38674083361605 1.0 165.33468325673468 55.627318159953205 1.0 165.4745700757099 73.14616350727887 1.0
-0.23790359340819445 -0.9712887728391945 461.2754533610898 194.18466202329407 427.3479073248919 1.0 205.3756158992718 424.6068397709264 1.0 182.99370814731634 430.08897487885736 1.0
0.041741468780163465 -0.999128445088055 378.4313217367068 610.0053824492745 404.2461650947682 1.0 638.1856415714467 405.4234765927522 1.0 581.8251233271025 403.06885359678415 1.0
-0.0811726972733228 -0.9967000517795579 335.0599180214213 408.21043286899163 302.9240096769971 1.0 417.0039100991129 302.20785614223405 1.0 399.4169556388704 303.64016321176024 1.0
-0.9999115053376352 0.013303439157764295 517.0086972764 518.6927055227288 123.13407766639106 1.0 518.5760895044609 114.36899842711551 1.0 518.8093215409966 131.89915690566662 1.0
-0.4936109568372387 0.8696828291338318 71.88572819549708 487.37730553427934 193.96617281502552 1.0 482.7267665154044 191.32663925403514 1.0 492.02784455315435 196.60570637601586 1.0
-0.9999655402369423 0.008301706971482881 455.15192251595437 457.37279008018226 265.62086735021086 1.0 457.2689361710511 253.1113520533231 1.0 457.4766439893134 278.13038264709866 1.0
-0.9836485804064489 0.18009850156061208 485.63593470096293 518.6581807849618 136.2668113931868 1.0 518.0437591676116 132.9110091714003 1.0 519.2726024023119 139.6226136149733 1.0
0.014407566543442388 0.999896205626512 -247.87873592591518 620.012185353625 238.97067291896496 1.0 601.8549325266007 239.2323019029329 1.0 638.1694381806494 238.70904393499703 1.0
0.9999889869850225 -0.004693176820522494 -558.9860611259228 560.2535168928105 268.7488101872916 1.0 560.3151279263936 281.8764543004494 1.0 560.1919058592273 255.6211660741338 1.0
-0.9510963284407725 -0.3088944383223534 457.2290115066161 464.36413298579964 50.418484867593676 1.0 466.49848456815846 43.84674481099617 1.0 462.2297814034409 56.99022492419118 1.0
0.05288843187868393 -0.9986004274850948 356.1437293820917 569.346034848128 386.79689866978526 1.0 578.23660450203 387.26776597022024 1.0 560.455465194226 386.32603136935035 1.0
0.026155709854366174 0.9996578808982673 -254.04858464422776 400.6061301917083 243.6538055581446 1.0 388.08199825432513 243.98149522817215 1.0 413.13026212909153 243.32611588811704 1.0
-0.6835656687493329 0.7298890165684625 232.7403514643965 349.87495403786204 8.798810949821123 1.0 339.53717172131525 -0.8828706787344187 1.0 360.2127363544089 18.480492578376666 1.0
-0.05263786715077595 0.9986136665106368 -329.29634365964256 616.2309920070238 362.23560810565516 1.0 601.8301153503442 361.4765243300869 1.0 630.6318686637034 362.9946918812235 1.0
0.040809531427083434 -0.9991669440812692 285.5594996601622 391.27945516706063 301.778829522656 1.0 398.16849012855886 302.0602022106026 1.0 384.39042020556246 301.4974568347094 1.0
0.06478676996036038 0.9978991303924978 -403.3291063903951 634.9888168797615 362.9527483818416 1.0 631.7153068686316 363.16527501263505 1.0 638.2623268908916 362.7402217510482 1.0
-0.08006542690117131 -0.9967896104068967 439.8299068394692 293.1410984538753 417.7004207332383 1.0 298.15892633200593 417.29737225943336 1.0 288.12327057574475 418.10346920704325 1.0
0.07115763251545336 0.997465082764703 -434.5109738810018 199.47380850205678 421.3850661861261 1.0 190.72375254424833 422.00928178734756 1.0 208.22386445986524 420.76085058490463 1.0
-0.0650727069678463 -0.9978805253174734 225.62456180074375 472.4783522621309 195.2930350788626 1.0 484.3842365667405 194.5166414115942 1.0 460.5724679575212 196.069428746131 1.0
-0.9998207615385167 -0.01893263839354304 33.34249753087631 27.561352049081716 305.614326744106 1.0 28.484600795734963 256.85813937176664 1.0 26.63810330242847 354.37051411644535 1.0
-0.019324807567903717 0.9998132584700323 -248.76352425572534 340.62946842429164 255.39381581689207 1.0 333.10811778716845 255.24844001547936 1.0 348.15081906141484 255.53919161830478 1.0
0.032699666082103104 0.9994652229258 -240.6577517693047 531.2591682113176 223.40522635905234 1.0 521.8533398765223 223.7129583728517 1.0 540.6649965461129 223.09749434525295 1.0
-0.9974458425680844 -0.07142682369841238 521.1155807916163 512.2914399226038 141.86006506995875 1.0 512.9180169400945 133.11017799974948 1.0 511.664862905113 150.609952140168 1.0
0.06774743871192808 -0.9977025030278182 353.597552554224 628.154492659045 397.0656677166008 1.0 638.2353301092309 397.7501913248395 1.0 618.0736552088591 396.3811441083621 1.0
-0.9994167206059432 0.03414994250745043 347.0205287472689 356.55534687226645 273.11456633612613 1.0 356.2986428090356 265.60198171070704 1.0 356.8120509354973 280.62715096154517 1.0
-0.999720202897889 0.02365408881786794 515.5581691157889 519.8878617486065 176.89244121367054 1.0 519.0299415490861 140.63316432760047 1.0 520.7457819481269 213.1517180997406 1.0
0.24695866199958952 0.9690260157825343 -486.14385198968154 197.67340644082526 451.30541894584053 1.0 191.7931937867177 452.8040055943721 1.0 203.55361909493286 449.8068322973089 1.0
0.07075049592974769 -0.9974940437544951 366.6859953755167 27.53121244270762 369.5599433575307 1.0 41.96658121979436 370.5838186441074 1.0 13.095843665620883 368.536068070954 1.0
-0.9991909283499921 0.040218014658616956 447.20242221053064 457.47728873902594 246.27607075409645 1.0 457.2512454398833 240.66016912805128 1.0 457.7033320381686 251.8919723801416 1.0
-0.9992757569234714 -0.0380520909415405 312.48137159846715 303.0699178151794 253.09910269491158 1.0 303.356006781031 245.58619707461293 1.0 302.7838288493278 260.61200831521023 1.0
0.9999999479252791 -0.0003227219223291497 -456.34370345090946 456.3987916953434 170.6251536828675 1.0 456.40605293821767 193.12515133950512 1.0 456.3915304524691 148.1251560262299 1.0
-0.15275400718318183 -0.9882642426443853 342.4538260980271 306.92594310298557 299.07958380613604 1.0 314.5339921836937 297.90362303190545 1.0 299.31789402227736 300.25554458036663 1.0
-0.0605372016685451 0.9981659417221876 -365.058790961023 20.65639536992965 366.98233832870034 1.0 13.146114657753145 366.52685156136386 1.0 28.166676082106157 367.4378250960368 1.0
-0.05034656922455897 -0.9987318073273308 373.64612505893854 50.515310785691064 371.5740799931678 1.0 61.76822124411986 371.00681515668566 1.0 39.26240032726227 372.14134482964994 1.0
-0.999844824812248 0.01761608061303661 624.7162069552172 630.9578147532193 348.7551479576965 1.0 630.8361411305524 341.8492564252931 1.0 631.0794883758863 355.6610394900999 1.0
0.09075280320057577 -0.9958734501487816 265.9273277038845 368.12942443228917 300.5764486110251 1.0 373.20121695988786 301.0386352363062 1.0 363.0576319046904 300.114261985744 1.0
-0.06376040582424468 0.9979652351906492 -287.9583893409477 391.84588482419974 313.5807049612456 1.0 382.9723803100342 313.0137731394188 1.0 400.7193893383652 314.1476367830724 1.0
-0.5507530981067127 0.8346682124807783 120.88543635414528 563.6198724656907 227.07220872534307 1.0 555.6609398685932 221.82053300566315 1.0 571.5788050627882 232.323884445023 1.0
-0.8931070815421854 0.4498441295595619 434.99474285010723 512.7982504060705 51.104381449871184 1.0 497.0814114014009 19.90063932641141 1.0 528.51508941074 82.30812357333096 1.0
-0.20845275031072463 0.9780324385662751 -105.24387216712118 588.8843798163985 233.11950786530542 1.0 578.0839583016138 230.81756216238747 1.0 599.6848013311832 235.42145356822334 1.0
0.010778198141486226 -0.9999419135353927 277.04081530027025 616.8822091636262 283.70617346919767 1.0 638.1432125256712 283.9353420877154 1.0 595.621205801581 283.47700485067986 1.0
0.3676329408304313 -0.9299709784807095 42.98017130676477 429.0482460398772 215.82656276483664 1.0 436.60299108883066 218.8130786925791 1.0 421.4935009909238 212.84004683709415 1.0
-0.9997387051197733 0.02285872886752773 296.35348115625106 302.66148426787925 272.4963077101277 1.0 302.53261093945815 266.8599639209841 1.0 302.7903575963004 278.13265149927133 1.0
-0.2225450303905518 -0.9749224120146528 374.25384810452215 76.62167976879294 366.3902579833525 1.0 91.55679834117694 362.98102625822554 1.0 61.68656119640895 369.79948970847954 1.0
-0.9998946916831747 -0.014512254952587691 417.3970550827145 413.7762792555573 252.5003814114224 1.0 413.8943105383902 244.3680233772837 1.0 413.65824797272444 260.6327394455611 1.0
-0.16592484746434782 -0.9861384005269914 490.31963462093205 184.46734516263317 466.1738334771261 1.0 193.38551059054552 464.6732882823569 1.0 175.5491797347208 467.67437867189534 1.0
0.04284147269195127 0.9990818826390482 -212.65240886943752 470.6589006523735 192.66557804197316 1.0 459.37604613593555 193.14939634761234 1.0 481.9417551688115 192.18175973633396 1.0
-0.08233991534054963 0.9966043037944955 -259.3791659789762 625.618650911741 311.9518464317441 1.0 620.5499748275294 311.5330700346589 1.0 630.6873269959527 312.3706228288293 1.0
0.0020284304668477054 0.9999979427328044 -313.28242255013237 372.50132349775794 312.5274724691253 1.0 363.1238265386109 312.5464941087926 1.0 381.878820456905 312.508450829458 1.0
0.8925523424985491 -0.4509438057012792 -431.9215024762379 511.1092863833358 53.82109267523167 1.0 527.116034104159 85.50322245143741 1.0 495.10253866251264 22.13896289902593 1.0
0.5345334363030774 -0.8451473276737163 -105.99123469252206 220.61832611565237 14.123735456120261 1.0 240.99722129410154 27.01285018334822 1.0 200.2394309372032 1.234620728892304 1.0
0.03028290383609485 -0.9995413676958317 308.0982920368423 505.0252884254303 323.5403103190388 1.0 516.8893984060364 323.89975487356656 1.0 493.1611784448242 323.18086576451094 1.0
0.146867980743998 0.9891561030657299 -94.6737583380596 403.06782354085624 35.86491644926802 1.0 391.60650283481334 37.56667113039345 1.0 414.5291442468991 34.1631617681426 1.0
-0.02180713048046656 0.9997621962547933 -463.2045260982228 148.13218039189235 466.5458102253669 1.0 141.88515258526604 466.4095480712221 1.0 154.37920819851863 466.6820723795117 1.0
-0.9946124854449961 -0.10366293357284105 490.8094128765456 482.63959786723615 103.89483006549008 1.0 483.36858970442 96.90038800157633 1.0 481.91060603005224 110.88927212940384 1.0
-0.11572857077325037 0.9932808756372896 -318.3952222167901 168.03734822105386 340.1273020042593 1.0 162.96062501137757 339.53580574607327 1.0 173.11407143073015 340.7187982624454 1.0
0.022858122199380982 0.9997387189908762 -310.1790588712517 633.7675962241871 295.769600690488 1.0 629.3805995407166 295.869905404484 1.0 638.1545929076575 295.6692959764921 1.0
-0.002567748769577484 0.9999967033276942 -308.3281349862507 433.7498256089722 309.4429156991528 1.0 421.87490390481037 309.4124237830363 1.0 445.6247473131339 309.47340761526937 1.0
0.0 1.0 -304.375 445.0 304.375 1.0 434.375 304.375 1.0 455.625 304.375 1.0
-0.9996993580850362 0.024519246406989926 610.0386130075161 618.5149002269646 338.11543706524185 1.0 618.3617010088784 331.8691945242692 1.0 618.6680994450509 344.3616796062146 1.0
-0.060973419455879314 0.9981393901253759 -361.5132132246073 611.2407749084776 399.5260154311187 1.0 584.3135397222326 397.88110929672416 1.0 638.1680100947227 401.1709215655132 1.0
-0.1652346725429093 -0.9862542790729161 69.31499164256155 393.0301287949411 4.433731852339782 1.0 399.2113403154055 3.3981465239166995 1.0 386.84891727447666 5.469317180762864 1.0
-0.08628842376606075 -0.9962701982514425 36.797651009129595 408.828055552136 1.5262149835064205 1.0 419.3739450738281 0.6128200173266077 1.0 398.2821660304438 2.439609949686233 1.0
-0.9999102889463684 0.013394553340445084 453.59440067765223 457.56171639546665 293.1241732622814 1.0 457.37744567579153 279.36826936078216 1.0 457.7459871151417 306.88007716378064 1.0
0.13522634320758292 0.9908147334909312 -89.93348531630267 434.85240682671247 31.4185724675592 1.0 415.2455201444455 34.0945193404795 1.0 454.4592935089794 28.742625594638902 1.0
-0.9837839990912062 0.17935730576732475 149.08507404933806 165.80067998737428 78.20691719622025 1.0 165.07867985324907 74.24670951883941 1.0 166.52268012149952 82.16712487360107 1.0
0.5225025693646511 0.8526377102892753 -483.1591722366858 171.635694182335 461.4844925146858 1.0 166.33009362843575 464.735802992725 1.0 176.9412947362342 458.2331820366466 1.0
0.10311325054661868 0.9946696223177373 -77.71680304564566 379.99900186096284 38.740371571317525 1.0 373.13299695399036 39.45214165893442 1.0 386.8650067679353 38.02860148370062 1.0
0.9829216297892308 -0.18402464425310627 -516.2345233628573 571.1925930425577 245.63574785069406 1.0 572.1604990644844 250.8055758833266 1.0 570.2246870206311 240.4659198180615 1.0
0.9996587054184944 0.026124178092712436 -609.7360794031847 601.3035314211361 330.6427321275663 1.0 601.2038930067374 334.4554610101432 1.0 601.4031698355346 326.83000324498937 1.0
-0.9999887250203888 0.004748666349296416 512.3438836169341 513.6228996418807 268.1226356140669 1.0 513.3676335161509 214.36791190153187 1.0 513.8781657676105 321.8773593266019 1.0
-0.07313260937449348 0.9973222254848617 -457.19588095266795 193.7404508940168 472.6302228337265 1.0 185.52215001338573 472.0275833129507 1.0 201.95875177464785 473.2328623545023 1.0
-0.9999596437449372 0.00898392350246723 455.51646979539794 457.4609134067196 214.3809663439323 1.0 457.32615999254523 199.38217700715478 1.0 457.595666820894 229.37975568070985 1.0
-0.9948938376655271 -0.10092696257769772 602.719795714264 580.5100906022288 249.42674611920722 1.0 581.7970678030619 236.74028797538782 1.0 579.2231134013958 262.1132042630266 1.0
-0.9965940728095627 -0.08246365284686485 168.7310344326205 166.35912923885655 35.63402995102423 1.0 167.19370759167725 25.54793976459007 1.0 165.52455088603585 45.72012013745839 1.0
0.006020047783218458 -0.999981879348165 303.77928626344334 634.3743749614571 307.60382429496406 1.0 638.1280015194847 307.6264217156837 1.0 630.6207484034295 307.58122687424435 1.0
0.17810497570475392 -0.9840114926306547 436.02527705346483 129.3265109477525 466.5178969775522 1.0 145.6087176810652 469.46495812101887 1.0 113.04430421443978 463.5708358340855 1.0
-0.029344544805634473 0.9995693561179985 -129.8358573297258 346.89113053180097 140.07554232761487 1.0 333.1163058038652 139.67115221806958 1.0 360.6659552597367 140.47993243716016 1.0
0.5984965892846035 0.8011253538708513 -595.6994674433937 368.03546544053347 468.63015235688806 1.0 357.72174693035237 476.3352203857049 1.0 378.3491839507146 460.9250843280712 1.0
-0.9939996316031249 0.109383419094724 591.3296879757526 630.9348694944135 327.46590080751093 1.0 629.4779147610085 314.2261202241955 1.0 632.3918242278185 340.7056813908264 1.0
0.7966280082925614 0.6044698639335354 -656.732982989249 469.32671304172095 467.93760155333337 1.0 461.24163228079595 478.592891697241 1.0 477.4117938026459 457.2823114094258 1.0
0.016473613894040045 0.9998643008155007 -218.50351883809364 503.12901509210985 210.24369560261624 1.0 494.3710950551899 210.38798977642105 1.0 511.8869351290298 210.09940142881143 1.0
0.34012730799096014 0.9403793991569693 -465.2981571259772 176.7387870532943 430.87340027992127 1.0 162.78032859228 435.9220571351274 1.0 190.69724551430858 425.82474342471517 1.0
-0.9999657772933146 0.008273103539615611 511.73529596734664 513.2367978358621 179.3689041866009 1.0 512.998825916074 150.6053604202917 1.0 513.4747697556503 208.13244795291007 1.0
-0.025909266536327587 -0.9996642986060618 239.49259477369327 408.1313520987661 228.9950847594934 1.0 434.37991858931395 228.31477527325043 1.0 381.8827856082183 229.67539424573636 1.0
0.9997119904047734 -0.023998671649200127 -537.5949886073045 544.2303766493455 269.9584612954174 1.0 544.5756181566426 284.34017706183 1.0 543.8851351420485 255.5767455290048 1.0
0.004687770355629484 0.9999890123441822 -372.0654126422809 16.872611109504685 371.9904050186375 1.0 0.6200383820769129 372.06659418441217 1.0 33.12518383693246 371.9142158528628 1.0
-0.015870015496815555 -0.9998740633740485 235.65564985607796 337.49529555228156 230.32860109244308 1.0 346.8679343892328 230.17983843418736 1.0 328.1226567153303 230.4773637506988 1.0
0.0006062845748506634 0.9999998162094902 -255.51000225529145 402.4997823557786 255.2660197613405 1.0 393.12478580185035 255.27170367818508 1.0 411.8747789097069 255.26033584449593 1.0
0.1021129672978964 0.9947728091929428 -438.3819381611611 574.9148768382319 381.6707399265714 1.0 568.0480758605195 382.37561386079886 1.0 581.7816778159442 380.965865992344 1.0
-0.33856267707621934 -0.9409438419432817 467.7330940324515 236.6707536343077 411.932352196358 1.0 248.02496295254807 407.8469739500557 1.0 225.3165443160673 416.01773044266037 1.0
0.471232800182768 0.8820088707217788 -539.3570244123276 280.2757884028987 461.76619458090465 1.0 258.3227344217076 473.49510054038154 1.0 302.22884238408983 450.03728862142776 1.0
-0.016687742104743247 -0.9998607499364327 236.05378455091116 301.24680936744096 231.05883044313714 1.0 316.87788649239207 230.79794673118315 1.0 285.6157322424899 231.31971415509116 1.0
-0.7895244797654136 -0.6137190691604368 660.2326587137486 472.4092858273063 468.054485381325 1.0 480.315038269107 457.8840582308283 1.0 464.5035333855056 478.22491253182164 1.0
0.2436830149912212 -0.9698549315257351 84.89527737983497 590.1120872049631 235.8038945194913 1.0 595.8461989645243 237.24463126933523 1.0 584.377975445402 234.3631577696474 1.0
0.06078866710296661 0.9981506589447531 -248.76032189121835 357.49690576517366 227.44919262622486 1.0 348.1186261917969 228.0203419911787 1.0 366.87518533855047 226.87804326127102 1.0
-0.9999710525448722 0.007608815433460741 555.0493457276613 557.0009546214508 254.37404160678935 1.0 556.791645886476 226.86612294980557 1.0 557.2102633564257 281.8819602637731 1.0
-0.16150172144482347 0.9868724304439549 -437.0800275219927 127.49848069067217 463.75928389168564 1.0 115.63437351909329 461.81772217356786 1.0 139.36258786225105 465.7008456098035 1.0
-0.010613734697459118 -0.9999436727315055 217.07642586789174 410.61417612409014 212.73025845387974 1.0 423.13266761363997 212.5973830218871 1.0 398.09568463454025 212.86313388587234 1.0
-0.9834848769599166 -0.18099032236873283 197.79819193441583 199.26207049549407 10.094236125258455 1.0 200.50630248985306 3.333193137618938 1.0 198.0178385011351 16.85527911289797 1.0
-0.9999800467887217 0.006317121530077227 482.80691460533876 484.49853552621795 266.25316787523315 1.0 484.060219140774 196.86909198914668 1.0 484.9368519116619 335.6372437613196 1.0
0.0463245477388121 0.9989264418748733 -352.67665711987075 376.2491827876753 335.60737791754974 1.0 365.6469836522344 336.0990478337693 1.0 386.85138192311626 335.1157080013302 1.0
0.06701885939147668 0.9977517088363546 -125.02628595949872 459.3801389997786 94.4515075063552 1.0 435.65322755138664 96.04524122594796 1.0 483.1070504481705 92.85777378676244 1.0
0.7992053580490371 0.6010580634728314 -692.581632619713 583.2164198104954 376.7887975688516 1.0 580.4374234600082 380.48392938436297 1.0 585.9954161609827 373.09366575334013 1.0
0.12435285724527728 0.9922380595879882 -366.9561030582528 47.51526408491144 363.87179540003694 1.0 40.51522474167637 364.7490797218277 1.0 54.51530342814652 362.99451107824615 1.0
0.999931615484838 0.011694629275108698 -103.22400095218714 99.86124834935897 288.1306868830761 1.0 99.17406490823272 346.887269264215 1.0 100.54843179048522 229.37410450193727 1.0
-0.9384392129877756 -0.3454444145255275 529.4180490038152 501.32877283648247 170.65399669579296 1.0 509.0379741813199 149.71107060231304 1.0 493.619571491645 191.59692278927287 1.0
0.5721058204097627 -0.8201798158046029 -133.69763108082242 564.3574813800458 230.65011496645297 1.0 569.4805672053287 234.2236572100253 1.0 559.2343955547628 227.07657272288063 1.0
-0.09106879821171265 -0.9958446033354172 138.59257076084302 469.3747368593655 96.24712253608402 1.0 483.1807453228181 94.9845795703881 1.0 455.5687283959129 97.50966550177992 1.0
-0.5315248606800355 0.8470426922411106 110.16150553813986 242.95423534238034 22.4011265638099 1.0 207.2639176269348 0.005217449551822018 1.0 278.6445530578259 44.79703567806798 1.0
-0.02586353016790439 -0.9996654829527997 225.6069180117848 502.5046962732963 212.68151823368044 1.0 510.64042057946534 212.47102927050366 1.0 494.36897196712727 212.89200719685724 1.0
-0.7870558476512473 0.6168817493474553 323.36069085269725 510.65597801218314 127.34058490619037 1.0 505.9565995558842 121.34482753734476 1.0 515.3553564684821 133.33634227503597 1.0
-0.6140017668294676 -0.7893046498851329 598.3478719726714 372.9747067946473 467.93179676795785 1.0 380.67618583210066 461.9407998355508 1.0 365.273227757194 473.92279370036493 1.0
-0.01257261794717771 -0.9999209615154362 234.29486216448853 362.5047828452839 229.75538754340232 1.0 375.62770816705705 229.5903849754294 1.0 349.38185752351075 229.92039011137524 1.0
-0.05838891095171586 -0.9982939121710963 156.73347804443026 355.0357225002816 136.23575902902394 1.0 360.6415453850946 135.90788174835356 1.0 349.42989961546857 136.5636363096943 1.0
-0.0225982338856311 0.9997446273050186 -282.3847450548754 448.12305033447547 292.58625309584363 1.0 440.61276014646495 292.41649044888135 1.0 455.6333405224859 292.7560157428059 1.0
-0.9996949047680058 0.024700149410229303 284.4092585861073 291.15175030446767 269.3774275227848 1.0 290.99704015915205 263.11580774797005 1.0 291.30646044978334 275.6390472975995 1.0
-0.9291199348399966 -0.36977851030437175 699.7329781903237 569.3897223295859 461.6321168593249 1.0 571.5348657149661 456.242145763367 1.0 567.2445789442056 467.0220879552829 1.0
0.9993427832936969 -0.036249158318604556 -359.3202808828721 367.51477920007625 219.3971345375736 1.0 367.7411875423648 225.63892202833105 1.0 367.2883708577877 213.15534704681616 1.0
-0.1912136189210025 -0.981548446047944 37.89033278164406 179.96005063791162 3.5449296995699764 1.0 193.19168285247247 0.9673001488689037 1.0 166.72841842335077 6.122559250271049 1.0
0.7880119436546478 0.6156599521307393 -658.4615314562121 497.31708093201365 432.9820885307677 1.0 480.61144642135275 454.3644108260054 1.0 514.0227154426746 411.59976623553007 1.0
0.935290047404302 0.3538820809626541 -684.6482229633016 607.070647405432 330.2260686831645 1.0 603.7049295308907 339.12146802597965 1.0 610.4363652799733 321.3306693403494 1.0
-0.9999555504706659 0.009428524959263154 482.43447471302284 483.88209126441785 151.2546476089001 1.0 483.51074847459967 111.87136279920738 1.0 484.25343405423604 190.6379324185928 1.0
-0.9810705595285374 -0.193650606057308 668.9481470215154 618.6701941294642 320.10761425115066 1.0 619.595129496945 315.4217169179218 1.0 617.7452587619835 324.79351158437953 1.0
0.08523150098780871 0.9963611750963428 -169.3408584656261 408.12900532543114 135.04682248589972 1.0 361.7373015891636 139.0152976148523 1.0 454.52070906169865 131.07834735694712 1.0
-0.6203304830170959 -0.7843405458343822 598.5518005060803 389.8436542466645 454.8023177695322 1.0 396.8099318448293 449.2927283823055 1.0 382.8773766484998 460.3119071567589 1.0
-0.9999906367664179 -0.004327398698303815 31.29891986981294 30.458046651902876 194.3796868185554 1.0 30.571663212098542 168.12476918829233 1.0 30.34443009170721 220.6346044488185 1.0
0.38593603374631924 -0.92252554319984 32.81091310509392 442.3917517079007 220.6397780762966 1.0 447.53710822011203 222.79232387751728 1.0 437.2463951956894 218.48723227507594 1.0
-0.47814859746534666 -0.8782789526920942 541.7955858963907 278.05895327641645 465.50368322206697 1.0 295.7574753485307 455.86833504475766 1.0 260.36043120430224 475.1390313993763 1.0
-0.0004345959304516787 0.9999999055631842 -131.92279733043523 502.499612690636 132.14119409615827 1.0 494.37379935794155 132.13766265041878 1.0 510.6254260233304 132.14472554189777 1.0
-0.9999999974884445 7.087390921135124e-05 456.7300322043792 456.7309635722662 13.12501020842473 1.0 456.7300776421244 0.624921678827326 1.0 456.731849502408 25.625098738022132 1.0
-0.9999996180494944 0.0008740142248205165 494.8320722277755 494.83827020284417 6.875141354197282 1.0 494.83280713858744 0.6245998698958211 1.0 494.8437332671009 13.125682838498744 1.0
-0.9380931183688079 0.34638317116899003 466.0150845412381 618.0779136448532 328.5366101381127 1.0 616.6875356121611 324.77111523835237 1.0 619.4682916775454 332.30210503787305 1.0
0.2854933803180007 0.9583806810420384 -439.4368481742896 13.76344452462317 454.42013229921577 1.0 0.6821744200859214 458.31693040342685 1.0 26.844714629160418 450.5233341950047 1.0
0.6081501209030028 0.793822039531319 -596.2985785561027 411.1843055496644 436.16424863572524 1.0 395.6053479383182 448.09934804475233 1.0 426.76326316101057 424.2291492266981 1.0
-0.0326811854697729 -0.9994658273879554 243.63788797294492 531.8791321765627 226.37637146443097 1.0 540.6402014826275 226.08989630634244 1.0 523.1180628704979 226.66284662251948 1.0
-0.024517313667997028 -0.9996994054867219 222.58912688855034 353.7556482804748 213.98031000496968 1.0 361.8910830687214 213.78079102412977 1.0 345.62021349222823 214.1798289858096 1.0
-0.06432075015912239 -0.9979292766017879 166.59963457414966 358.71452878796487 143.82466809499596 1.0 381.90432588757045 142.32998788021789 1.0 335.5247316883593 145.319348309774 1.0
0.15165794462110363 -0.98843303659545 253.0652585429849 609.2588607958561 349.50693908754045 1.0 615.6461794499248 350.4869626023884 1.0 602.8715421417874 348.52691557269253 1.0
-0.9999999998571948 -1.6900017091719872e-05 197.60709151674314 197.60570785585418 81.87501234897525 1.0 197.6060881062387 59.37501235540149 1.0 197.60532760546968 104.375012342549 1.0
-0.937103578019574 -0.34905140604631907 487.5852213863174 473.95535001149165 124.45148856745831 1.0 478.98597455014993 110.94569494167872 1.0 468.9247254728333 137.9572821932379 1.0
-0.9469130532828519 -0.3214897658130769 191.2112098123248 185.66003402113074 47.92469858507409 1.0 188.13699731957487 40.62907325197085 1.0 183.18307072268658 55.22032391817733 1.0
-0.06968930770734859 -0.9975687446944549 237.2796658797666 336.29295070399417 214.36481856079143 1.0 343.1780115036893 213.88383404397928 1.0 329.407889904299 214.84580307760356 1.0
-0.9546012124910107 -0.2978867655849992 191.57748295950688 191.90870699813465 28.13551839084272 1.0 195.6850866560672 16.03381728569521 1.0 188.1323273402021 40.23721949599023 1.0
-0.03106682072586746 0.9995173098300933 -412.18500766538676 629.3921969933107 431.94671865065476 1.0 620.6312346419502 431.6744119641382 1.0 638.1531593446712 432.21902533717133 1.0
0.07606825730182429 0.9971026126889164 -74.66758462807425 429.3941771684389 42.126374297672356 1.0 408.07751809328295 43.752607231684465 1.0 450.7108362435949 40.500141363660255 1.0
-0.9999625086656289 -0.008659172197270618 31.613925258566887 29.50980713681018 243.12075517644365 1.0 29.618183321095454 230.6054571030704 1.0 29.401430952524912 255.63605324981694 1.0
-0.9999986895705125 0.001618906191698684 195.81635630103634 196.13735940966137 198.12518235478808 1.0 196.11105058048426 181.87421312867463 1.0 196.1636682388385 214.37615158090156 1.0
-0.6148483047446919 -0.7886453969640466 598.9675312711421 409.23181934009085 440.44134694688057 1.0 418.31071264918626 433.3632074160545 1.0 400.1529260309954 447.51948647770666 1.0
-0.6191896829308428 -0.7852414511167902 599.2127907331945 431.20786473988926 423.0715650773833 1.0 437.10733003370007 418.41963535622426 1.0 425.30839944607845 427.7234947985423 1.0
0.9999360430070534 0.011309725699419706 -104.80535776565844 103.83652392793752 86.25097862448128 1.0 103.56078705164568 110.62992894725811 1.0 104.11226080422935 61.872028301704454 1.0
-0.9998228405416042 0.018822527229832776 587.7824080593623 595.087861972067 382.5218782506146 1.0 594.8876866205482 371.88888056023416 1.0 595.2880373235857 393.15487594099505 1.0
-0.9996585974213766 -0.02612831034579062 36.49494017233793 34.38332100250523 81.26655325902729 1.0 35.3151043149931 45.61690018406928 1.0 33.451537690017354 116.91620633398529 1.0
0.39769973381552465 0.9175156247841564 -496.7919180788295 338.8398438396276 394.58227478456683 1.0 316.7757477294532 404.1460194368291 1.0 360.90393994980195 385.01853013230465 1.0
-0.9988356511419988 -0.04824253318120196 207.73248837793 195.38733096518064 260.61352087799895 1.0 195.63117195290423 255.56492463548418 1.0 195.14348997745702 265.66211712051376 1.0
0.13226950556044723 0.9912137902081442 -54.56831126707881 157.08717145053387 34.08999057845222 1.0 150.7006902925373 34.94221510698903 1.0 163.47365260853044 33.237766049915415 1.0
0.501081787741388 0.8653999318199042 -543.4137983040171 403.1866854275966 394.48153463395073 1.0 390.572951315566 401.7851086308414 1.0 415.8004195396272 387.17796063706004 1.0
-0.9995093957773348 -0.03132040473600432 204.37801715227369 195.05857295747177 300.6072505678282 1.0 195.6858999434265 280.5877386243683 1.0 194.43124597151703 320.6267625112881 1.0
-0.07727860796201384 -0.9970095369410733 171.63601740121737 418.77452792924134 139.69144694463205 1.0 454.47570418528557 136.9242344943497 1.0 383.07335167319707 142.45865939491443 1.0
-0.4099841850291167 0.912092631274922 10.633571517040272 141.2656247551978 51.84023957605737 1.0 119.32809303858569 41.97935401028566 1.0 163.2031564718099 61.701125141829074 1.0
0.1301069604021674 0.991499964122495 -23.777632786020803 173.12675518339063 1.2633756431128917 1.0 165.67308818787203 2.2414633806098427 1.0 180.5804221789092 0.28528790561594075 1.0
-0.11541094564426241 0.9933178311222935 -65.80782236926005 298.6397757067044 100.94867740093542 1.0 290.40804862684394 99.9922550184853 1.0 306.871502786565 101.90509978338557 1.0
-0.9987361790650199 -0.05025977145396165 200.664273416107 198.71979260229278 43.685575647932694 1.0 199.50884537507096 28.005927122531 1.0 197.9307398295146 59.3652241733344 1.0
-0.999884098367298 -0.015224645553040733 199.11746436979192 195.5623531834347 234.9990461138658 1.0 195.85758623994042 215.60950844062526 1.0 195.26712012692903 254.38858378710634 1.0
-0.02293856649554566 -0.9997368764665676 155.7522364884663 313.121759640295 148.60877464964 1.0 330.598218696458 148.2077842214552 1.0 295.64530058413203 149.00976507782482 1.0
0.195180880006135 -0.9807672629528529 149.2382023620777 81.81114836518174 168.44584901509717 1.0 100.56470763217362 172.17796400225353 1.0 63.05758909818986 164.71373402794077 1.0
-0.11494781378402696 -0.9933715317575155 146.16335440613972 307.5349807761012 111.55230159229467 1.0 345.5130660484366 107.1576740695644 1.0 269.55689550376576 115.94692911502494 1.0
-0.9582501727219466 -0.28593112191288234 677.115226186137 582.025601984489 417.5449379458654 1.0 585.5858626289281 405.6133218466974 1.0 578.4653413400499 429.47655404503337 1.0
0.07639875216499889 0.9970773443758669 -164.22935868746063 45.574712087492216 161.2186942772419 1.0 31.809748334659407 162.27340288158908 1.0 59.33967584032502 160.1639856728947 1.0
-0.22062082564996982 0.9753596522768028 -137.2238755185464 274.3206423444459 202.74031395886425 1.0 266.78222273766636 201.0351661665998 1.0 281.8590619512254 204.4454617511287 1.0
0.9453578710126644 0.32603450080382973 -347.61403198835995 295.90268866474156 208.19912014826573 1.0 293.0662242029868 216.42363012545053 1.0 298.7391531264963 199.97461017108094 1.0
0.914747373243355 -0.404026290164863 -422.1999490454222 501.1623759220452 89.68975232498056 1.0 503.2143324142235 94.3355435938206 1.0 499.1104194298669 85.04396105614052 1.0
0.9998657559753218 0.016385055016639682 -104.08636977084004 100.80236194074706 201.25290647533393 1.0 100.36173711377525 228.1411699126103 1.0 101.24298676771889 174.36464303805755 1.0
-0.392392831855126 0.9197977307586243 0.25059915626307555 82.22471234452436 34.80524847856916 1.0 62.14608721666999 26.23955157564451 1.0 102.30333747237874 43.37094538149381 1.0
0.20659760989887038 -0.9784259949449801 144.615084474471 274.47831073945883 205.76073048186294 1.0 280.84055804689405 207.10413825525876 1.0 268.11606343202357 204.41732270846708 1.0
-0.20730686840350085 -0.97827596429266 41.00390694099897 48.81770087199513 31.569478733842914 1.0 60.81611963255861 29.02688880029108 1.0 36.81928211143165 34.112068667394745 1.0
-0.05659777612897407 0.9983970611621683 -296.1723244697524 359.40210561750445 317.021851021217 1.0 339.4308548744122 315.88970788644315 1.0 379.3733563605967 318.15399415599086 1.0
-0.07126809296672922 -0.9974571965377189 167.89463894207586 46.91754137880132 164.97040255210447 1.0 61.93021285294108 163.89775054256285 1.0 31.904869904661552 166.04305456164613 1.0
0.19653884653000628 0.9804960386481195 -389.79406828795794 114.30206899828295 374.63616069016007 1.0 105.52873685662384 376.39476094082886 1.0 123.07540113994207 372.87756043949133 1.0
0.9997737265721415 0.021271945281349472 -128.60761713169725 122.57253193187017 285.01484121926023 1.0 121.57506949954822 331.8952144003895 1.0 123.56999436419211 238.13446803813102 1.0
-0.34328719056018353 -0.9392304854492831 468.27024902282386 424.48289077302746 343.4201881279366 1.0 444.5441623287611 336.0878265211491 1.0 404.4216192172938 350.75254973472414 1.0
0.059489819385367605 -0.9982289123189613 396.0250416424397 628.7604950873039 434.19889424455613 1.0 638.1765471724543 434.7600473337484 1.0 619.3444430021534 433.63774115536387 1.0
0.054461097482285656 -0.9985158931439324 349.84285497139786 274.39116159414164 365.32868557823883 1.0 288.16835428022335 366.08012182383175 1.0 260.61396890805986 364.5772493326459 1.0
0.40580654738352884 0.9139589958530195 -498.6784070208506 441.66275925854785 349.5219906229029 1.0 412.77934078584025 362.3465050488521 1.0 470.54617773125545 336.6974761969537 1.0
-0.9999023376768027 -0.013975518182356685 152.89090252027697 148.9312461889579 284.3687977048147 1.0 149.56032723137872 239.3601191930697 1.0 148.30216514653708 329.3774762165598 1.0
-0.3596665023274008 0.9330809220553027 -30.643506663581118 134.2868852620859 84.6035956027807 1.0 106.56880811096696 73.91935201303434 1.0 162.0049624132048 95.28783919252706 1.0
0.9997232566091967 0.023524672042396277 -345.4562013099011 340.3453647695179 221.2581268419877 1.0 340.2421269305123 225.64540452347643 1.0 340.44860260852346 216.87084916049898 1.0
-0.9980753284418642 0.06201321436327007 178.37204105857663 195.76316418957606 274.3664154720978 1.0 195.44888784466468 269.30827634175944 1.0 196.0774405344874 279.42455460243616 1.0
-0.9863573754671908 -0.16461812737810863 322.09295781462345 292.9647701857989 201.22325844301469 1.0 294.31791906623505 193.11547347679542 1.0 291.6116213053627 209.33104340923396 1.0
-0.1233685422362197 -0.9923609236495108 344.79047968297914 136.2354653872178 330.5080854162335 1.0 146.85178769247798 329.18828313916157 1.0 125.6191430819576 331.8278876933054 1.0
-0.9982869080006723 -0.058508540525782846 40.66852447033805 31.796425279698575 152.56865599749017 1.0 32.27099279855514 144.47146989817014 1.0 31.32185776084201 160.6658420968102 1.0
0.8813296297511413 -0.47250194044333416 -400.28374437699216 510.730890018107 105.47791989674151 1.0 516.8110900939347 116.81895370628357 1.0 504.6506899422793 94.13688608719946 1.0
-0.9997800993196404 0.020970288610559443 192.84186865178577 196.39751505677884 167.49690588628724 1.0 196.1220656975096 154.36457409620147 1.0 196.67296441604807 180.629237676373 1.0
-0.208182188688422 -0.9780900655424828 39.70568744582494 143.15179534484344 10.125890984042716 1.0 161.98001522199354 6.118386807054721 1.0 124.32357546769332 14.133395161030712 1.0
0.3933815707787133 -0.9193752986521184 2.654458268777342 82.77971812214153 38.30696111143919 1.0 104.13191277152943 47.44312115735679 1.0 61.427523472753634 29.170801065521587 1.0
0.0782825854903479 0.9969312096674205 -167.13562161301923 299.308048598008 144.14737177165597 1.0 286.83587416749066 145.1267312817602 1.0 311.7802230285253 143.16801226155172 1.0
0.9999878330277636 -0.004932929802611176 -382.20123605843816 382.29220351634126 17.49794193930012 1.0 382.3384491705643 26.872713809958515 1.0 382.2459578621182 8.12317006864172 1.0
-0.1322794348794492 -0.9912124651697907 93.4344737416866 430.00044407401924 36.878327589838676 1.0 445.67983274692665 34.7858794560754 1.0 414.32105540111183 38.97077572360196 1.0
-0.4627867003407185 0.8864696667048173 66.27297316707853 337.42480436028075 101.39403753096286 1.0 331.72249930407946 98.41711565713825 1.0 343.127109416482 104.37095940478748 1.0
0.261315972827953 0.9652533151173223 -28.94842000409909 10.102978727523473 27.255384547691 1.0 0.42227492154444435 29.876170711384415 1.0 19.7836825335025 24.634598383997588 1.0
0.9999922711770473 -0.003931613685369976 -204.84418726195827 205.5264475432241 173.12784475072772 1.0 205.59525991194138 190.63003148253136 1.0 205.45763517450683 155.62565801892407 1.0
0.853550028082441 -0.5210108919787226 -380.2851118532048 492.0834154280434 76.26078804879842 1.0 494.98559060934303 81.01529845469533 1.0 489.18124024674376 71.5062776429015 1.0
-0.20942931712486942 0.9778237883834748 -144.01526351070638 80.58924685770504 164.54193113230477 1.0 59.24736059237404 159.97094736221874 1.0 101.93113312303603 169.1129149023908 1.0
-0.9998833344987544 -0.015274730493588509 269.20141801395425 266.6263312435807 170.6212012085756 1.0 267.04662897295646 143.10852625127163 1.0 266.2060335142049 198.13387616587954 1.0
-0.09289383612816755 0.995676019199716 -347.4817059884375 41.27642992677447 352.84171269725323 1.0 33.1059274969928 352.0794272759302 1.0 49.44693235655615 353.6039981185763 1.0
-0.04617458180672971 -0.9989333851638825 342.52981477820765 126.93984745874988 337.0278993648379 1.0 138.22351808783424 336.50632427256346 1.0 115.65617682966554 337.5494744571123 1.0
-0.9998691997264598 -0.01617354130574585 269.78150656703633 265.8737536440826 243.7641335393244 1.0 266.5308813069427 203.1396532253818 1.0 265.2166259812226 284.38861385326703 1.0
-0.9360047517632858 -0.3519873643705835 353.91931683082487 300.15279517346903 207.3224259737778 1.0 303.7061066186139 197.87346065907732 1.0 296.5994837283241 216.77139128847827 1.0
0.9995496482233127 0.030008344450363312 -106.34286609817845 102.78845892126542 119.98989640921758 1.0 102.54362530046421 128.14507337840618 1.0 103.03329254206662 111.83471944002896 1.0
0.999685257409385 -0.025087569000045364 -345.63886409795555 351.30002632379694 221.24874456601137 1.0 351.41014325894287 225.63666579728965 1.0 351.1899093886511 216.86082333473308 1.0
0.023550781380159296 -0.9997226418844298 127.19152462094715 463.749375678778 138.1515022230633 1.0 468.15137944354944 138.2552016132295 1.0 459.34737191400654 138.04780283289708 1.0
-0.9999850149105232 -0.005474482112569933 266.49309114266384 264.8615627347708 298.7492421163108 1.0 264.9334329670025 285.62121397191424 1.0 264.78969250253914 311.8772702607074 1.0
-0.158726552595385 -0.9873225822907042 355.4270347819718 70.70520421671148 348.62389217058745 1.0 87.13347845280539 345.982806692185 1.0 54.27692998061758 351.2649776489899 1.0
0.11749655980183557 0.9930732895585973 -139.20533558687882 276.32193176050544 107.48296256630285 1.0 263.37812818104953 109.01442294020208 1.0 289.26573533996134 105.95150219240361 1.0
0.035291232939935545 0.9993770704181576 -348.9255693684794 474.37116789542085 332.39148246947565 1.0 466.8584656482222 332.65678025632934 1.0 481.8838701426195 332.12618468262195 1.0
-0.029380826542925564 0.9995682903292074 -27.999468226698752 38.113775822303204 29.13185896827457 1.0 26.855132104099606 28.80092784391468 1.0 49.372419540506804 29.46279009263446 1.0
0.0038603124210264098 0.999992548966247 -338.1628064828604 501.2499240687815 336.2303304384808 1.0 488.1227069804028 336.2810059752457 1.0 514.3771411571603 336.1796549017159 1.0
-0.992753950584923 -0.1201648600799254 200.9620783383501 199.94239902521304 20.54237665654479 1.0 200.57496870703724 15.316339275620358 1.0 199.3098293433888 25.768414037469224 1.0
0.11653817224060914 0.9931862133612298 -129.81239120587503 268.10958361049705 99.2436151908878 1.0 256.8676913658757 100.56271281537079 1.0 279.3514758551184 97.92451756640482 1.0
0.1858234040516913 0.9825831580617702 -36.65459866060971 55.6085080683321 26.787795191846364 1.0 50.55292607180527 27.743892849687555 1.0 60.664090064858925 25.83169753400517 1.0
0.2551101795711489 0.9669119899345423 -420.4812037638792 285.6585118704381 359.5020158226779 1.0 275.69265117919207 362.13140974579693 1.0 295.6243725616841 356.87262189955885 1.0
-0.18427568944522843 0.982874595398358 -67.95460908190223 246.68494025323545 115.38872512709133 1.0 238.98682199187624 113.94543210000082 1.0 254.38305851459467 116.83201815418187 1.0
0.9999988339285891 0.0015271350503101265 -547.7582127229863 547.3932933188433 239.37483704429707 1.0 547.3780205285593 249.37576818117594 1.0 547.4085661091274 229.37390590741822 1.0
0.055001128912264025 -0.9984862922536175 350.9332070936059 310.66888767996204 368.5782664109354 1.0 325.6921581588344 369.405815915323 1.0 295.64561720108964 367.75071690654784 1.0
-0.10414681353215745 -0.9945619343364687 143.3315102381483 423.04028647361014 99.8160184688968 1.0 444.3187482405748 97.5878173751422 1.0 401.7618247066455 102.04421956265139 1.0
-0.08852733511198042 0.9960737477405832 -224.61028622167868 136.1856258756534 237.59931159499303 1.0 124.29346661518689 236.54238064942356 1.0 148.07778513611987 238.65624254056246 1.0
0.9993276145166151 -0.03666495417331968 -533.6006903303927 542.8106706184791 241.23860161189975 1.0 543.2466143944052 253.12053801362742 1.0 542.374726842553 229.3566652101721 1.0
-0.06362349194549431 0.9979739732441231 -306.4416301876582 395.63859455336785 332.2867609899396 1.0 388.12927005066757 331.80802160412117 1.0 403.14791905606813 332.765500375758 1.0
-0.9910058188402119 -0.1338187842750082 50.311728849210155 33.48346350772931 128.00461288696357 1.0 34.85438411415797 117.85214957249534 1.0 32.11254290130064 138.1570762014318 1.0
0.13615131140998943 0.9906880540318128 -57.46635216558753 110.665895911619 42.79757400556855 1.0 103.052018237819 43.84395730047585 1.0 118.27977358541901 41.75119071066125 1.0
-0.1599221491802248 0.987129629887371 -167.1010945512426 131.7732578012334 190.62801018825246 1.0 103.0678872207396 185.97753225986617 1.0 160.4786283817272 195.27848811663878 1.0
0.9998567936700609 0.016923124765399554 -104.58391083117223 102.09191007354718 148.11809285411212 1.0 101.7744679296996 166.87329843955715 1.0 102.40935221739478 129.3628872686671 1.0
0.15009796616724966 -0.9886711286127734 392.82688627917224 71.15425529036578 408.1306549818755 1.0 84.26180228314124 410.12061512951107 1.0 58.04670829759033 406.14069483424004 1.0
-0.3143183384673269 0.9493176402570105 -16.859685559116908 23.94074483122141 25.68655596617267 1.0 20.1882449691305 24.44410615618919 1.0 27.693244693312312 26.929005776156146 1.0
-0.24875435172310997 -0.9685666071565834 420.73376817644476 199.8247431899988 383.0676083446658 1.0 210.5452040804984 380.31430126254577 1.0 189.10428229949923 385.8209154267858 1.0
-0.999998726002377 -0.0015962435976013397 267.583132561253 267.3749626024801 130.62579806312 1.0 267.392920320075 119.37582672804824 1.0 267.3570048848852 141.87576939819172 1.0
0.05220614787573814 0.9986363292630488 -136.9271510747229 287.54349965745337 122.08209238779358 1.0 283.1478392932362 122.3118862459393 1.0 291.9391600216705 121.85229852964785 1.0
-0.9999482369000869 0.01017465087397645 306.03781513677745 308.08869669600216 200.00036939256466 1.0 307.99331428160366 190.62633992556846 1.0 308.18407911040066 209.37439885956084 1.0
0.09667960887874898 -0.9953155545991693 222.7289468460825 13.739143683973172 225.11176565909255 1.0 26.9218901048212 226.39226686499262 1.0 0.5563972631251435 223.83126445319252 1.0
0.08241121971209212 0.9965984100256057 -145.29867629151389 309.3923801957693 120.21017860832733 1.0 293.09874842445385 121.5575398466212 1.0 325.68601196708477 118.86281737003345 1.0
0.13592877055854566 0.990718612591104 -361.73579629109446 118.76102907641186 348.83038556691133 1.0 104.39912971164365 350.80086971723205 1.0 133.12292844118005 346.8599014165906 1.0
-0.0868627913204075 -0.9962202846178285 363.0278149091944 316.9205245463054 336.77211626852034 1.0 325.6585885784731 336.0102238996436 1.0 308.1824605141377 337.5340086373971 1.0
0.6157636117039735 -0.7879309452618789 -164.47247570377726 293.7381042516213 20.814971621438666 1.0 306.0470989762727 30.434381918336445 1.0 281.42910952696985 11.195561324540883 1.0
-0.1097748407895226 -0.9939564800984171 364.0132350543456 288.7457793487599 334.3367841062659 1.0 299.37913188770546 333.1624121841612 1.0 278.1124268098144 335.51115602837064 1.0
0.09137734483358949 0.9958163389155469 -132.67937496093583 321.19390094050584 103.76364102317922 1.0 306.8251857745304 105.08213218387539 1.0 335.56261610648136 102.44514986248305 1.0
-0.09802980458601226 -0.995183479270445 378.31502511090747 105.53880729401396 369.7499849227675 1.0 116.80264361740842 368.6404491470323 1.0 94.27497097061952 370.8595206985027 1.0
0.0 1.0 -208.125 410.0 208.125 1.0 399.375 208.125 1.0 420.625 208.125 1.0
0.14255350009002676 0.9897870981236736 -376.7336600265172 295.6135271530901 338.04534095379654 1.0 289.31416451153774 338.95260292416566 1.0 301.91288979464247 337.13807898342736 1.0
1.0 0.0 -516.875 516.875 156.25 1.0 516.875 166.875 1.0 516.875 145.625 1.0
-0.9994322549289384 0.033692251448332114 303.35769334030255 305.2574372319558 51.24132143283505 1.0 304.9410422254638 41.855917929257686 1.0 305.57383223844784 60.62672493641241 1.0
0.6793191724385884 -0.7338429409331068 -187.6800642846006 312.92027710433433 33.92099045814582 1.0 317.1957667761809 37.87881568700944 1.0 308.6447874324878 29.9631652292822 1.0
-0.06875027217584113 0.9976339008252214 -359.53636461816 514.9825482401468 395.87824215756035 1.0 506.81021736176433 395.3150596396697 1.0 523.1548791185292 396.441424675451 1.0
-0.3824243201449061 0.9239868177423888 -15.061637160232134 9.311085879704734 20.15442481429541 1.0 0.7365245646710905 16.605542169568345 1.0 17.88564719473838 23.703307459022476 1.0
-0.06638356587859642 0.9977941782658596 -351.1104881011317 104.99189449587404 358.8718317323234 1.0 94.37231830046947 358.1653079307959 1.0 115.6114706912786 359.5783555338509 1.0
-0.03354877087329346 0.9994370815478537 -305.2090253836942 300.60916686089513 315.471678273952 1.0 285.6050934827698 314.96802653916825 1.0 315.6132402390204 315.9753300087358 1.0
0.9998343403349702 0.018201425409438247 -60.596535647571464 55.57740749081087 276.2605113806866 1.0 55.429338350771395 284.3941936404599 1.0 55.725476630850345 268.1268291209133 1.0
0.3477992103102091 -0.9375690424217274 41.2683979045649 139.34443778435406 95.70738715445006 1.0 160.46958990138228 103.54394200166159 1.0 118.21928566732585 87.87083230723854 1.0
-0.07378783457136391 -0.9972739620933001 173.90480733523003 362.5043393071797 147.55864758179956 1.0 374.3606758322131 146.68140278108777 1.0 350.6480027821463 148.43589238251133 1.0
-0.17447168830526996 0.9846621907943397 -166.37352449944328 14.329959288296166 171.50419531553814 1.0 0.46165289220287953 169.04687863019936 1.0 28.198265684389455 173.96151200087692 1.0
0.026485884625949387 -0.9996491874230583 332.2599808620999 144.37627552884513 336.20185807868666 1.0 149.4224116303815 336.33555636031747 1.0 139.33013942730875 336.0681597970558 1.0
0.07687863827613355 0.9970404580441093 -89.615374246956 260.60855159109747 69.78668028578493 1.0 250.61974789587896 70.55688536613086 1.0 270.5973552863159 69.016475205439 1.0
-0.9998869903813342 0.015033511438040513 385.8505968198592 386.194923238737 20.000828090702633 1.0 386.0162792111792 8.119117034671604 1.0 386.37356726629474 31.88253914673366 1.0
-0.11077697565204303 -0.9938452906088486 116.8657654167032 462.4766441895364 66.04046131110792 1.0 471.94302697182377 64.98530990585859 1.0 453.01026140724906 67.09561271635727 1.0
-0.01028213972278097 0.9999471374041335 -340.64943275944904 258.7479119555973 343.32806415585947 1.0 248.1240352560684 343.2188221964238 1.0 269.37178865512624 343.4373061152952 1.0
0.164606516070279 -0.9863593132663193 169.20499809100602 143.76470856036303 195.53686299397376 1.0 159.37224734303874 198.14149454040327 1.0 128.15716977768736 192.93223144754424 1.0
0.02042016361827006 -0.9997914867200076 334.416013536643 369.99657432247915 342.0427245729056 1.0 383.1161014195253 342.3106833357822 1.0 356.877047225433 341.77476581002907 1.0
-0.10059357806297935 0.9949276014125286 -348.11803602302064 279.37355471067644 378.13929473200676 1.0 269.34964123097694 377.12581262367536 1.0 289.39746819037595 379.1527768403382 1.0
0.6057464355260019 -0.7956577504477307 -161.15024404002995 320.0801201896917 41.14476083364778 1.0 324.5448338405198 44.5438157389906 1.0 315.6154065388636 37.74570592830495 1.0
0.655474612751522 -0.7552172085156973 -182.0792595778992 352.52736735160556 64.87336287993182 1.0 358.5672023383201 70.11550839033505 1.0 346.48753236489097 59.631217369528585 1.0
0.9999614323928178 -0.0087825808794554 -466.1562256179476 466.4651706679292 33.12859949807971 1.0 466.5200596814063 39.37811741228656 1.0 466.4102816544522 26.879081583872864 1.0
0.09212848098977783 0.9957471280352841 -147.96009750906694 344.30434338115936 116.73632600330126 1.0 328.0202615506463 118.2429612534762 1.0 360.5884252116724 115.22969075312633 1.0
0.997485024944845 -0.07087753530408518 -367.42223844739055 372.6556248537961 60.613941883042564 1.0 373.012261019782 65.63301080803292 1.0 372.29898868781027 55.59487295805221 1.0
0.06666920913175584 -0.9977751332608696 344.86758596985396 140.00059315990768 354.99112273546257 1.0 153.10883092656675 355.86698726233055 1.0 126.89235539324864 354.1152582085946 1.0
-0.0069006395735976365 -0.9999761903032869 71.13690816553239 439.3748727638578 68.10656212748215 1.0 451.8829031226156 68.02024666305572 1.0 426.86684240510004 68.19287759190858 1.0
0.04452910585699907 -0.9990080874205054 361.6458318147531 126.86787578865119 367.659831297237 1.0 133.1332861162715 367.93910142850945 1.0 120.60246546103089 367.3805611659646 1.0
-0.2423054155346872 -0.9702000235016295 369.9544667343547 14.428505279530341 377.71423715744544 1.0 20.75233966425822 376.1348728189107 1.0 8.104670894802464 379.29360149598017 1.0
-0.011073885047372242 -0.9999386826550704 328.4512953403914 313.125041119794 325.0037129943497 1.0 320.631042141585 324.9205873048224 1.0 305.6190400980029 325.0868386838771 1.0
0.0 1.0 -318.1249999999992 390.0 318.12499999999994 1.0 380.625 318.12499999999994 1.0 399.375 318.12499999999994 1.0
-0.08109401414899166 0.996706456720936 -220.20235142604284 13.735958649654425 222.04757876179121 1.0 0.5962381288664864 220.97850503939142 1.0 26.875679170442364 223.11665248419104 1.0
0.6415118991129227 -0.7671130837735277 -174.74010954250986 331.6316656760879 49.54360825705777 1.0 337.8303359977775 54.72735606967621 1.0 325.4329953543983 44.359860444439335 1.0
0.9993538257071672 0.035943442301046194 -65.9227938391739 55.152737324779466 300.6304934549498 1.0 54.702927160718744 313.13679445225205 1.0 55.60254748884019 288.1241924576475 1.0
-0.07843712904681367 0.9969190623049062 -220.2162194202906 114.38315105115498 229.8964018906226 1.0 103.15349319409042 229.01285762329798 1.0 125.61280890821956 230.77994615794722 1.0
-0.1545456877447346 -0.987985642810414 133.16967591861558 385.63915065104754 74.46546282866554 1.0 398.22231833266653 72.49714039653857 1.0 373.0559829694286 76.4337852607925 1.0
-0.1689957097773791 -0.9856167866249235 376.5236331988786 28.68150089998379 377.10049954561794 1.0 35.6724633850574 375.9018159565958 1.0 21.69053841491018 378.2991831346401 1.0
