line_hom_a line_hom_b line_hom_c centroid_x centroid_y centroid_z point1_x point1_y point1_z point2_x point2_y point2_z
-0.9993439603276452 -0.03621669444687103 576.1397973050232 576.3148989744616 5.60470167579274 1.0 576.49750320995 0.5660187520028964 1.0 576.1322947389732 10.643384599582584 1.0
-0.9999797877794205 0.006357989668547101 576.8929842096186 577.174877899489 42.50206716473805 1.0 577.0914057067507 29.373624066941602 1.0 577.2583500922273 55.63051026253451 1.0
-0.0332932896616125 -0.9994456247658039 337.75830835263224 110.0176810415139 334.280774812642 1.0 120.65170060361766 333.9265369383891 1.0 99.38366147941015 334.63501268689487 1.0
-0.9999458197911276 -0.010409490009101284 262.78952823489277 259.8434248515953 284.37337004424563 1.0 260.4680281362672 224.37336591441763 1.0 259.2188215669234 344.3733741740736 1.0
-0.9999773398283884 0.006732000426313589 136.6416718439638 139.52281358914485 427.5074200875282 1.0 139.27452004885538 390.6256764464023 1.0 139.77110712943434 464.38916372865407 1.0
0.027618467357974207 0.9996185373735306 -355.7683299987275 181.91652422076186 350.8779212260613 1.0 96.912340668732 353.22650239072385 1.0 266.92070777279173 348.5293400613988 1.0
0.03541563200687797 0.9993726697331449 -356.23770349788003 556.2455408205258 336.7491690648065 1.0 534.3537361425556 337.52496784530393 1.0 578.1373454984961 335.97337028430906 1.0
0.0438851207395194 0.9990365840036479 -360.867773859074 445.0183290963364 341.66725845760965 1.0 424.40564908697667 342.57272074543766 1.0 465.6310091056961 340.76179616978163 1.0
0.9992669164501926 0.0382835433068032 -109.3829124942324 100.43625760022144 235.61776897121598 1.0 98.90237439516206 275.65478247936846 1.0 101.9701408052808 195.5807554630635 1.0
0.4593762873199325 -0.8882417613736446 229.68896658472332 119.49696617604471 320.38916838650937 1.0 129.42688645543797 325.52467327909204 1.0 109.56704589665146 315.25366349392675 1.0
0.9990870750033662 -0.04272021256054258 -447.9765044834651 459.31742802412134 255.65418626476807 1.0 460.3345287201762 279.4408693943341 1.0 458.3003273280665 231.86750313520207 1.0
-0.5698399363307909 0.8217557100273294 -202.71052164813898 112.05888498834184 324.38612385952257 1.0 106.79707990704817 320.73736713544736 1.0 117.32069006963552 328.0348805835978 1.0
0.12474509681670362 -0.9921888231683479 308.12885998619475 138.45613091169798 327.9623553937464 1.0 148.14938344741196 329.1810606419824 1.0 128.76287837598397 326.74365014551034 1.0
0.036252820940270124 -0.9993426504327095 332.39396903146013 200.60631967390546 339.8899405234146 1.0 208.1870351466198 340.1649436172108 1.0 193.02560420119113 339.61493742961846 1.0
-0.08847923794355735 -0.9960780212678761 472.95189208629205 121.7858310727989 463.99615762263113 1.0 133.00284223805315 462.9997772400555 1.0 110.56881990754465 464.99253800520677 1.0
-0.03247985932805719 -0.9994723901829554 353.2873427442892 441.2219046668306 339.13544854021086 1.0 458.09939173468194 338.5869807574494 1.0 424.3444175989792 339.68391632297227 1.0
-0.004029831634148005 -0.9999918801955345 334.6666514478651 131.24653618312473 334.14046315970705 1.0 140.62390256172955 334.1026736451861 1.0 121.86916980451993 334.178252674228 1.0
0.3841286309858729 -0.9232795865050408 252.45017756010074 145.75280047526212 334.06782276707065 1.0 150.90167175850016 336.2100003978353 1.0 140.60392919202405 331.92564513630606 1.0
0.11217531329870851 -0.9936884315953047 312.80985355467647 232.38372499822617 341.03000491595424 1.0 258.31328153745073 343.9571358314409 1.0 206.45416845900158 338.1028740004675 1.0
0.027429596419899047 -0.9996237378335119 330.46222137671236 170.63477373421807 335.26881332550033 1.0 186.94109570362332 335.7162575125333 1.0 154.32845176481285 334.82136913846745 1.0
-0.9998167009945258 0.019145871942093287 450.6585859234895 456.2823177183289 289.3624127719132 1.0 455.82677019738117 265.57326277040124 1.0 456.73786523927663 313.15156277342516 1.0
-0.3550143325159336 0.9348608579399751 -265.3566863216158 122.0398377908646 330.190931894928 1.0 117.25515241797723 328.3739429071791 1.0 126.82452316375195 332.0079208826768 1.0
-0.9999988033080579 0.0015470560597273604 455.5669369295838 455.9494127447384 246.87546502589117 1.0 455.9223378002278 229.37454000120388 1.0 455.9764876892491 264.3763900505785 1.0
0.8637393687855691 -0.5039387887530651 120.3494461209539 135.77254135871874 471.52856774631596 1.0 139.87608486122804 478.5619459139534 1.0 131.66899785620947 464.49518957867843 1.0
0.445514126460836 -0.8952749092451089 218.2297304927634 189.92756571516242 338.27055901582594 1.0 192.42755444385622 339.5146241438938 1.0 187.4275769864686 337.0264938877581 1.0
-0.04086723052218538 -0.9991645857762607 356.5965982462671 550.0009793051282 334.3989430710218 1.0 579.3779605826139 333.19738340507325 1.0 520.6239980276425 335.6005027369703 1.0
0.9999866916196931 0.005159126234239261 -425.8357342314206 424.48709321144054 262.5038028075334 1.0 424.3097339719481 296.88111227345973 1.0 424.66445245093297 228.12649334160713 1.0
0.04927480759424043 0.9987852588702691 -395.39283170251633 41.84708644568871 393.80920080300734 1.0 30.624401520652516 394.3628690069188 1.0 53.06977137072491 393.2555325990959 1.0
0.0447706678931307 -0.9989972909354674 439.6693796556438 374.4023487066629 456.8897503621781 1.0 391.89522509431157 457.6737041990435 1.0 356.9094723190142 456.1057965253127 1.0
-0.0974222155926217 -0.9952431421060004 473.87812624701303 13.79092758385526 474.7931068651244 1.0 24.55748175278197 473.73919198035037 1.0 3.0243734149285473 475.8470217498985 1.0
-0.013228623994666048 -0.9999124979252973 382.82239657443864 112.50982201324591 381.36741688351987 1.0 124.39927826297229 381.21012197366025 1.0 100.62036576351953 381.5247117933795 1.0
-0.9970738353131579 -0.07644453501663721 419.17488164591543 387.9618212521905 423.1604073185297 1.0 389.49719522954695 403.134368571487 1.0 386.426447274834 443.1864460655723 1.0
0.9999080831126691 0.013558219866474368 -326.56082052762093 324.22632024477895 174.3814586482644 1.0 323.9550658812081 194.38625525026865 1.0 324.4975746083498 154.37666204626018 1.0
-0.02937799688102068 -0.9995683734989111 388.606351434227 364.35488260456884 378.0655179261699 1.0 376.89915423935776 377.6968332191183 1.0 351.81061096978 378.4342026332215 1.0
0.9994264001390185 0.03386547955016215 -116.00786210701393 106.0997427866464 294.36990854695716 1.0 105.54759402144246 310.66473324984037 1.0 106.65189155185033 278.0750838440739 1.0
0.9999999891755016 -0.0001471359800586128 -424.2937278625626 424.3390687304536 308.12500528678265 1.0 424.3405400902383 318.1250050702927 1.0 424.33759737066896 298.1250055032726 1.0
-0.9212252057663637 0.389029716423721 -81.54052609535502 111.3748563269186 473.3362086709005 1.0 109.20457612345844 468.1969693207999 1.0 113.54513653037877 478.47544802100106 1.0
0.9999950254443485 -0.0031542172653080945 -261.80396389176457 262.7022430231609 284.37239068279354 1.0 262.89543786959774 345.6217813012419 1.0 262.5090481767241 223.12300006434515 1.0
-0.09032086934706897 -0.9959127173404252 473.8115701378828 68.19945823598505 469.5710052080356 1.0 78.28653908363393 468.65619219734646 1.0 58.112377388336185 470.4858182187248 1.0
0.7133017153300026 -0.7008570916437072 172.22241913488185 135.91937672080863 384.0639509905373 1.0 139.63608882797587 387.8466581259 1.0 132.2026646136414 380.28124385517464 1.0
-0.9999280902369753 0.011992262298469029 347.24761412528153 347.3624647355748 7.49415377462905 1.0 347.2800238610029 0.6201424983199189 1.0 347.4449056101467 14.368165050938181 1.0
-0.07270023715032026 -0.9973538366689563 429.30571522517357 498.2888572361038 394.12291072904213 1.0 605.7644938076843 386.2886757972032 1.0 390.81322066452327 401.9571456608811 1.0
-0.05715239877345118 0.9983654658062049 -183.22590587249945 483.75179034875157 211.21872533080523 1.0 425.56701661324735 207.88788156169588 1.0 541.9365640842558 214.5495690999146 1.0
0.1689386361504953 -0.9856265708754054 -43.794239217572034 469.4134555133474 36.02564175599184 1.0 479.4402599016986 37.74425883508638 1.0 459.3866511249962 34.307024676897306 1.0
0.21735068309319183 -0.9760935818654494 267.93892030758775 631.2363715609682 415.06120354295837 1.0 638.1843773775258 416.6083439385321 1.0 624.2883657444106 413.51406314738466 1.0
0.9997800702002154 0.020971676863147142 -475.45129510662565 468.7260400773466 325.5982770469918 1.0 468.2791155452143 346.90445313511486 1.0 469.1729646094789 304.29210095886873 1.0
0.9626877581203589 -0.27061463442540806 49.91847407520155 80.98868836564242 472.57345554340566 1.0 82.59140924230593 478.2749940833444 1.0 79.38596748897892 466.871917003467 1.0
0.17162953811358644 -0.985161561190304 272.2199856686354 628.8163511645721 385.8691412177932 1.0 638.2322249119763 387.50952399952723 1.0 619.4004774171678 384.2287584360591 1.0
0.06341821231432025 0.997987039167772 -395.4052552346303 14.353754649125042 395.29067041166826 1.0 3.0698874903018125 396.0077164805246 1.0 25.63762180794827 394.5736243428119 1.0
-0.13483467300566856 0.9908681097681237 -300.9231368068894 631.9177111744893 389.68612568422634 1.0 625.5308322730696 388.8170163449408 1.0 638.304590075909 390.55523502351195 1.0
0.5104032419945134 -0.8599351897448378 133.00657585044348 384.4262692747809 382.84163030220145 1.0 391.1561793302071 386.8360800602585 1.0 377.69635921935463 378.84718054414435 1.0
-0.09905062010549501 -0.9950823959133821 473.86987477247874 41.89160330907852 472.0418001730867 1.0 52.03990187657389 471.0316373260157 1.0 31.743304741583145 473.05196302015776 1.0
0.06273999865075126 -0.9980299056487755 175.03045205913256 298.10200453961966 194.11579785857901 1.0 316.9738750094623 195.30215622430896 1.0 279.2301340697771 192.9294394928491 1.0
-0.8555735828533214 0.517681218824414 -125.18192941010895 138.97268949542544 471.49342569304144 1.0 134.58768394454512 464.2463114969383 1.0 143.35769504630576 478.74053988914454 1.0
-0.099333543087642 0.9950541931059109 -332.54223197746063 604.9786901598275 394.588467124589 1.0 598.0479740119993 393.89659265597373 1.0 611.9094063076556 395.2803415932042 1.0
0.04904472370378471 0.9987965834326924 -395.08145497977534 68.11090573231499 392.21297001294596 1.0 56.85735024865656 392.7655625313188 1.0 79.36446121597342 391.66037749457314 1.0
-0.24339573992818114 0.969927066219318 -336.38015404010923 401.98544070157027 447.6848960536577 1.0 388.1647257021835 444.216693885917 1.0 415.80615570095705 451.15309822139847 1.0
0.49273819696409876 -0.870177607878167 220.32510063290988 352.10393284762165 452.57445616016616 1.0 358.38166956259414 456.1292254876526 1.0 345.8261961326492 449.01968683267967 1.0
-0.9994547024092881 -0.03301965826536398 147.07946169545605 142.49450648525098 141.20852141501612 1.0 143.95963626107962 96.86127734835613 1.0 141.02937670942234 185.55576548167613 1.0
-0.04537465521485181 0.9989700399231868 -267.0906985979652 602.5121256239506 294.73304182731886 1.0 593.1280974795172 294.3068057796263 1.0 611.8961537683841 295.1592778750114 1.0
-0.09533374560414459 -0.9954453661296958 474.01783194983113 94.40094549801417 467.14591483300546 1.0 104.42868468662681 466.18555882621746 1.0 84.37320630940152 468.1062708397934 1.0
-0.9997970076191802 -0.020148040989950988 237.93687022839043 234.98806229685252 148.7245692651848 1.0 235.8318439635164 106.85397818214916 1.0 234.14428063018863 190.59516034822045 1.0
-0.06494153325107409 -0.9978890706180722 422.82552858640804 224.39884097513573 409.11633949538634 1.0 306.9964358170436 403.74097803505674 1.0 141.8012461332278 414.49170095571594 1.0
0.05231399632770615 -0.9986306853828519 178.137678099962 261.86322186310065 192.0998348386659 1.0 268.16142010178686 192.4297705439797 1.0 255.56502362441444 191.7698991333521 1.0
-0.17249078837880685 -0.9850111308632292 518.1324507004888 401.9841263969653 455.62316786126433 1.0 410.7923595410377 454.08070906903333 1.0 393.1758932528928 457.16562665349534 1.0
0.9999874573255655 -0.005008511909766349 -454.6231139157295 455.4677250324453 167.4945270050149 1.0 455.65241159262547 204.36860198857647 1.0 455.2830384722651 130.6204520214533 1.0
-0.4767603069820453 0.8790333382110066 79.24525259548857 543.8085625775564 204.79437674665098 1.0 537.6695393789761 201.4647617508401 1.0 549.9475857761367 208.12399174246184 1.0
0.0557971437209773 0.9984421258904196 -395.33638235922376 93.75496286073567 390.71380614477687 1.0 83.09340412549527 391.3096188710371 1.0 104.41652159597606 390.1179934185166 1.0
0.009336194758847585 0.9999564167839641 -342.6339138954504 525.6389224266102 337.74116638906514 1.0 520.6101839122185 337.7881177175167 1.0 530.6676609410019 337.69421506061354 1.0
-0.05233695688744284 0.9986294823125151 -184.62627618384596 229.2756478849546 196.89571494245996 1.0 103.01214301968872 190.27839818220548 1.0 355.53915275022047 203.51303170271441 1.0
0.9989197406723531 0.046468824980612715 -284.9327783328123 270.64550749831585 313.7509539899065 1.0 269.2185386794843 344.42587041074216 1.0 272.0724763171474 283.0760375690708 1.0
0.00594589408046324 -0.9999823230155541 401.15841954236464 326.2464004599412 403.10537177101827 1.0 344.374475793028 403.21316129222515 1.0 308.11832512685436 402.9975822498114 1.0
-0.9983750667628728 0.05698443705284349 438.6596344670923 457.9578535460771 325.5988670090586 1.0 457.3117317842983 314.2787261001529 1.0 458.6039753078559 336.9190079179643 1.0
-1.0 0.0 465.625 465.6249999999999 326.25 1.0 465.6249999999999 314.375 1.0 465.6249999999999 338.125 1.0
0.9999322027007639 0.011644312001933074 -102.11125329837435 97.85311032279236 366.25411200555254 1.0 97.70020434558512 379.38460958836947 1.0 98.0060162999996 353.1236144227356 1.0
-0.6021751720187886 0.7983639910492847 206.13020030501397 531.8458305841725 142.9600476650764 1.0 528.1558553614475 140.17684164701794 1.0 535.5358058068977 145.74325368313487 1.0
0.18234366544816735 -0.9832348588566858 -50.13673608817368 505.3071090178581 42.71900448688372 1.0 530.9765311927273 47.47947090763779 1.0 479.6376868429889 37.958538066129655 1.0
0.9989952547776157 0.044816078942794095 -571.3422797999131 571.6370073430548 6.239323375010596 1.0 571.3826595845062 11.90898948252117 1.0 571.8913551016036 0.5696572675000211 1.0
0.9999945969069867 0.0032872719439009284 -426.9502100343763 426.4142011731069 163.75670344502365 1.0 426.2847655396724 203.13127795259834 1.0 426.5436368065415 124.38212893744897 1.0
0.05981292379354439 -0.9982096043152798 175.99224031112348 337.55785672781496 196.53443707954256 1.0 350.6732170603684 197.32031215498225 1.0 324.4424963952615 195.74856200410287 1.0
0.9999928142131008 -0.003790979050686846 -572.6388167945729 572.8040630468106 42.50358605294142 1.0 572.8396122022261 51.880820664802094 1.0 572.768513891395 33.12635144108075 1.0
0.9996010622253669 0.028243873635150508 -433.4241520485207 423.69021759617465 350.6233108394708 1.0 423.5132652353819 356.8859704907882 1.0 423.8671699569675 344.3606511881533 1.0
0.04445896780859143 0.9990112112390905 -405.02330564910216 374.971599715605 388.7368339806018 1.0 359.3774840877707 389.4308184693658 1.0 390.5657153434393 388.04284949183767 1.0
0.14770007953300834 -0.9890321969005573 149.51008635483475 273.0218665111728 191.94060450983704 1.0 278.3692903628991 192.73917803522056 1.0 267.67444265944647 191.14203098445353 1.0
0.9999951763832444 -0.003105995853835758 -424.0326701262688 424.718034581798 219.9989345308718 1.0 424.7432827353934 228.1277386233782 1.0 424.6927864282026 211.87013043836538 1.0
0.05088415082091979 -0.9987045625184826 177.75892936010183 126.9027566972459 184.45521857527893 1.0 138.21891242116365 185.0317784471161 1.0 115.58660097332816 183.87865870344177 1.0
0.30744774110996986 -0.9515649670339787 200.56329628485184 619.8633298914095 411.04800030211925 1.0 625.3223273774379 412.81178575445244 1.0 614.4043324053812 409.2842148497861 1.0
0.9999530798153936 -0.009687010256475597 -457.68009877626724 457.85896183404657 16.246522569870244 1.0 458.0104902140511 31.8882186405126 1.0 457.707433454042 0.6048264992278862 1.0
0.028980161591354213 0.9995799869115723 -391.63129226217944 118.72039504552731 388.35386973780226 1.0 108.06810846235936 388.6627044389165 1.0 129.37268162869526 388.045035036688 1.0
0.9969580337491578 0.07794022673185683 -390.0035026189567 358.85054068550596 413.7089987978435 1.0 357.71837141975544 428.19093312601905 1.0 359.9827099512565 399.2270644696679 1.0
-0.9998855243365237 0.015130704619255588 531.3570115429693 531.7678081030695 23.1266220746181 1.0 531.4271200485509 0.6128619689670334 1.0 532.1084961575879 45.64038218026917 1.0
0.05870347953444664 -0.9982754637326056 177.0274334591701 477.5857007180024 205.4176260132357 1.0 499.4585701171768 206.7038577075749 1.0 455.7128313188279 204.13139431889647 1.0
-0.9997138124178035 0.02392265163104877 45.9725168181525 56.18494817837466 426.22164478261675 1.0 55.18240078302914 384.3257674280514 1.0 57.187495573720184 468.1175221371821 1.0
-0.6084360613641467 0.7936028976961237 -142.107591454972 349.6532720809892 447.1370406952443 1.0 344.39174656637465 443.10315691007594 1.0 354.9147975956038 451.17092448041274 1.0
0.9998942305724521 0.01454399078396273 -466.3290093245355 461.9420695138984 304.9918846057915 1.0 461.67809094842283 323.1403177651998 1.0 462.20604807937394 286.8434514463831 1.0
0.20666522882508562 -0.978411714563289 -60.703617986549105 442.4647884426996 31.416701483101637 1.0 458.9981803732511 34.90897081688343 1.0 425.9313965121482 27.92443214931984 1.0
-0.9999540599977601 -0.009585295717712152 352.3192301681269 350.7299683051956 167.48303294330893 1.0 350.9995997861382 139.35462647447181 1.0 350.4603368242529 195.61143941214604 1.0
-0.9978057839056605 -0.06620889369571262 369.263309187611 344.10980430123686 391.3153461869468 1.0 344.81173023266484 380.7369221239936 1.0 343.4078783698088 401.89377024989994 1.0
0.9999226609688155 0.012436723082994377 -326.0166282664734 324.354889424508 135.63252342412278 1.0 324.1371669327769 153.13758901347882 1.0 324.572611916239 118.12745783476672 1.0
0.16265483499164055 -0.9866830315019318 -43.638158717542964 292.56154171663104 4.001680832866219 1.0 315.67656582054366 7.812195771718027 1.0 269.4465176127184 0.1911658940144112 1.0
0.9999965068845007 -0.0026431456253426275 -517.3942833093162 517.8454245462831 169.99908698943233 1.0 517.9296788851817 201.87551626395353 1.0 517.7611702073845 138.12265771491116 1.0
0.9850567806849484 0.17222990108168026 -581.5022565418217 569.8736183565318 116.96217973613996 1.0 568.9882582735125 122.02593433187845 1.0 570.7589784395511 111.89842514040147 1.0
-0.9999484343439421 -0.010155227870357462 347.33994702998746 344.07631235000196 323.1219666024331 1.0 344.27940643418935 303.124029175495 1.0 343.87321826581456 343.1199040293711 1.0
0.9977224560751716 -0.06745295133148155 -421.7938795767295 437.54553420471814 218.7469215722508 1.0 437.92693659165 224.38839045880206 1.0 437.16413181778626 213.10545268569953 1.0
0.9999480315073614 -0.010194816553170418 -419.79983562550063 423.5301682580859 363.7458691692626 1.0 423.58764103887614 369.3830273973419 1.0 423.47269547729564 358.1087109411833 1.0
0.08105838635994951 -0.9967093548275351 166.89048418993005 437.60934339986466 203.03049273273456 1.0 448.2655218060876 203.89711711243814 1.0 426.95316499364174 202.16386835303098 1.0
-0.9997069429907723 -0.024208018011488294 343.72892609387264 337.15486629366444 275.64691144083633 1.0 338.21475550751273 231.87717343988427 1.0 336.09497707981615 319.41664944178837 1.0
-0.9951787371931583 -0.09807793349490322 546.1371939999373 545.4094929582559 34.23056976168735 1.0 546.7756109283796 20.3688221909636 1.0 544.0433749881322 48.092317332411106 1.0
0.05501523339654408 -0.99848551521508 187.75714331672714 166.8551408991317 197.23542789129476 1.0 188.10948892821435 198.40651440150765 1.0 145.60079287004902 196.06434138108185 1.0
-0.9999202317362352 -0.012630525109972717 545.7023466427411 541.9801870953038 298.1184339662936 1.0 542.2960247415295 273.1145287719106 1.0 541.6643494490781 323.1223391606766 1.0
-0.038368880234168144 0.9992636434042699 -209.9285209072519 209.35112831135086 218.12170463219587 1.0 181.81972433730726 217.06457706758258 1.0 236.88253228539443 219.1788321968092 1.0
-0.05564943178256132 -0.9984503696940966 386.57658205939487 39.44345193487049 384.97815018030656 1.0 49.44721033962862 384.42058268590483 1.0 29.439693530112354 385.5357176747083 1.0
0.9997083636589605 -0.02414927804973616 -537.3545275366628 538.0993812714805 24.345423450639487 1.0 538.6734883430313 48.11175053847261 1.0 537.5252741999298 0.5790963628063617 1.0
0.18062232544001366 -0.9835525281105436 -49.322524115814346 331.84406580261214 10.793447659898865 1.0 345.811673259535 13.358497992847758 1.0 317.87645834568934 8.228397326949972 1.0
0.9979537721847574 0.06393956976875415 -384.25005986736534 356.8893898535307 439.3358777969983 1.0 356.2436370015131 449.41463648900606 1.0 357.53514270554837 429.2571191049906 1.0
0.9967977202143954 -0.07996439817433715 -497.1730580075646 516.5713128321534 221.8993621761142 1.0 517.069489893394 228.10939777001806 1.0 516.0731357709128 215.68932658221036 1.0
-0.1215085194747454 0.9925903886775528 -64.98112901427781 482.4057180084595 124.52017972923213 1.0 425.5412574293633 117.5590843020422 1.0 539.2701785875556 131.48127515642207 1.0
0.9996811742617254 0.02524974904226847 -152.84904580816075 149.32975918340776 141.2646434425924 1.0 148.20926033174132 185.62712823076544 1.0 150.4502580350742 96.90215865441935 1.0
-0.04247163994378995 0.9990976728030574 -208.92092927021073 143.76716738453933 215.22115654201076 1.0 103.1093651010747 213.4927934535007 1.0 184.42496966800397 216.94951963052083 1.0
-0.9999921059996763 0.003973403872275448 353.92696015122635 354.99018449231767 266.88000579533235 1.0 354.7418585781401 204.3834758992945 1.0 355.2385104064952 329.3765356913702 1.0
-0.10906014851574461 0.9940351522988126 -80.9302546399597 438.59517375119384 129.53617297112118 1.0 427.96103670695857 128.3694530993953 1.0 449.2293107954291 130.70289284284704 1.0
-0.10748481060369217 0.9942067267371953 -80.90716865608775 126.11346791771709 95.01288648469206 1.0 109.23305805309899 93.1879263346379 1.0 142.9938777823352 96.83784663474623 1.0
-0.9998789015009112 -0.015562208497862986 321.0202797445387 318.90948190928736 138.11775463300972 1.0 319.2598919258039 115.60375333058747 1.0 318.5590718927709 160.63175593543198 1.0
0.0308203850326382 -0.9995249390917867 192.21336482898812 525.6323198822404 208.5126115039527 1.0 531.8956366210759 208.70574108573953 1.0 519.3690031434048 208.31948192216592 1.0
0.9995908744409222 0.028602163107576725 -110.77410850717325 106.86665192726701 138.1426447979421 1.0 105.61428534138226 181.91046074936995 1.0 108.11901851315177 94.37482884651426 1.0
-0.05540652476632241 -0.9984638786722927 386.3275769261345 14.402618762979083 386.1227092016604 1.0 24.441071700139688 385.56565771170773 1.0 4.3641658258184775 386.6797606916131 1.0
0.9999999222616666 -0.0003943052889783215 -423.640424508586 423.7698387744349 328.1247457366409 1.0 423.77378202136396 338.1252370634472 1.0 423.7658955275058 318.12425440983463 1.0
0.4712865281324412 0.8819801632694863 -244.16668159090278 107.24915486931815 219.53056067570859 1.0 101.57457491884774 222.56277522524377 1.0 112.92373481978854 216.4983461261734 1.0
-0.9999826258525117 -0.00589474283709696 345.6291598789199 343.52410310629034 358.1199840944836 1.0 343.5977861115524 345.6204184443975 1.0 343.45042010102827 370.61954974456967 1.0
0.0962667352199245 0.9953555724916081 -468.049837355067 325.62410705560075 438.7407673488495 1.0 311.8218704060868 440.07566343794804 1.0 339.4263437051147 437.40587125975094 1.0
0.9999556941787945 0.00941327145073628 -426.2319183225446 426.1742134392239 8.136053679586867 1.0 426.10356165026417 15.641272140983835 1.0 426.24486522818364 0.6308352181898987 1.0
-0.999999289387466 0.0011921512332263426 439.9535505381561 439.9709995139908 14.374289477939485 1.0 439.95460566965164 0.6228188317946359 1.0 439.98739335832994 28.125760124084334 1.0
-0.11044603010562744 -0.9938821230075058 474.3773845104565 324.23789385155317 441.26620871057673 1.0 331.85222578770583 440.4200593385468 1.0 316.6235619154005 442.11235808260665 1.0
-0.1179512508300796 -0.9930193867330184 220.30026286876543 252.57107911298678 191.84840770395346 1.0 257.1048267087895 191.30988730141416 1.0 248.03733151718404 192.38692810649277 1.0
-0.1154576781110429 0.9933124002876471 -78.12315348387149 484.30900294447747 134.9427898144624 1.0 456.7455202312739 131.73894808873868 1.0 511.8724856576811 138.14663154018615 1.0
-0.10512252070495261 0.9944592780202902 -81.04602210732733 193.12108208679075 101.9120634676114 1.0 151.8042249613949 97.54453202150289 1.0 234.43793921218662 106.27959491371993 1.0
-0.9995908818044137 -0.028601905766480768 234.82669281101118 227.12538969936008 272.50716455373527 1.0 228.60952912883408 220.63886412855126 1.0 225.64125026988606 324.3754649789193 1.0
-0.1155611189527034 0.9933003713813859 -77.74214297083977 339.2746101133586 117.73789673021082 1.0 326.7980561380624 116.2863674852817 1.0 351.75116408865483 119.18942597513993 1.0
0.08074353201723994 -0.9967349106143423 181.97680754944335 206.87850403256763 199.33174462708212 1.0 216.9139087244013 200.1446929962143 1.0 196.84309934073397 198.51879625794996 1.0
-0.10732463303260309 0.9942240306613077 -80.37411584196207 281.12179798803004 111.18762596691988 1.0 242.96911054021137 107.06911439079038 1.0 319.2744854358487 115.3061375430494 1.0
0.29398806756187323 0.9558090897931634 -248.6662763958689 290.49084960920345 170.8138524924293 1.0 284.6054079663418 172.62409852776204 1.0 296.37629125206513 169.00360645709654 1.0
-0.5442341563126921 0.8389333603467038 104.90549588901926 610.8574485218104 271.2301155130318 1.0 602.8561179612474 266.0394798882817 1.0 618.8587790823734 276.420751137782 1.0
-0.05078807824857428 -0.9987094527978679 386.3103618071912 64.98752564603089 383.5047011886229 1.0 74.43344825110971 383.0243410047348 1.0 55.541603040952054 383.9850613725109 1.0
-0.9998056443937513 -0.01971480251982826 360.43386761093666 356.7941537917209 188.135729969974 1.0 357.11469998872815 171.87972655657452 1.0 356.4736075947136 204.39173338337346 1.0
-0.12436245550542803 0.9922368566328608 28.260291570621515 354.0299853992815 15.891111714688321 1.0 344.6457330750455 14.714932202384304 1.0 363.4142377235175 17.06729122699234 1.0
-0.9999497330384526 -0.010026534612077549 318.6800809509768 316.90401611500783 178.72522334910428 1.0 317.07320538152874 161.85191981641728 1.0 316.7348268484869 195.59852688179126 1.0
-0.9970538129077129 -0.0767052421037285 361.1608697830734 352.2211668319148 130.07471370752586 1.0 352.94919176575326 120.61147473887853 1.0 351.4931418980763 139.53795267617318 1.0
-0.9998288017366143 0.01850316778084816 260.11266631097914 266.2758532693555 330.62452155070974 1.0 266.0212642888727 316.86766659991207 1.0 266.5304422498382 344.3813765015074 1.0
-0.027288946598903286 0.9996275873511706 -335.4144912273463 329.38779113764576 344.53144493804643 1.0 316.88005048032045 344.1899947107922 1.0 341.895531794971 344.8728951653007 1.0
-0.05172934353645823 0.9986611412372502 -205.6222811653745 333.09124583745495 223.1516411805037 1.0 321.8390624402282 222.5687927683093 1.0 344.34342923468165 223.73448959269808 1.0
0.9998696136740143 0.016147930250574143 -243.6324194888302 241.42332726525473 138.7527992415727 1.0 240.92902435361026 169.35972245926095 1.0 241.91763017689922 108.1458760238844 1.0
-0.10763430096326171 0.9941905537954734 -82.19144978484837 523.7500423563455 139.37460876525165 1.0 519.2919660992472 138.89196293871285 1.0 528.2081186134437 139.85725459179045 1.0
-0.9998780734233458 -0.015615322193868592 514.3949530036778 511.7739502427246 171.84413958366412 1.0 512.3205722811423 136.8429155372973 1.0 511.22732820430696 206.8453636300309 1.0
-0.9999802307747935 -0.006287929674422197 451.228447333725 450.18809092571485 166.8683226584144 1.0 450.4160485815531 130.61582603472021 1.0 449.9601332698766 203.12081928210858 1.0
-0.09282677993840938 0.9956822730802563 -71.2921828267127 121.32806365306357 82.91267056146003 1.0 101.94671565652006 81.10576069269322 1.0 140.7094116496071 84.71958043022683 1.0
-0.021366205046864543 -0.9997717165842886 194.10758284655392 211.24225145769793 189.63742866731036 1.0 216.87803439209395 189.5169858784432 1.0 205.60646852330188 189.75787145617753 1.0
-0.053340647815732 0.9985763742902182 -205.78585745826308 248.71715487061147 219.36488511221637 1.0 236.8426514698493 218.73058840723277 1.0 260.59165827137366 219.9991818172 1.0
-0.9989329334736934 -0.04618435256276301 592.313652356714 578.8737226362134 304.3807201536353 1.0 579.1057311116575 299.3625507065022 1.0 578.6417141607694 309.3988896007684 1.0
-0.9975254582107035 -0.07030618906985299 120.54355145335053 96.475396339378 345.7289868137053 1.0 97.26747309101967 334.49076248278067 1.0 95.6833195877363 356.96721114463 1.0
0.3899123905310108 0.9208519575427923 -269.19179520972716 263.4535967540353 180.77604346910724 1.0 256.1341295228353 183.87529405130297 1.0 270.77306398523524 177.6767928869115 1.0
-0.9998566898918898 -0.01692925510568061 520.9031566601773 516.6178045961054 257.5062275503074 1.0 516.9459410322428 238.12620115096937 1.0 516.2896681599681 276.88625394964544 1.0
-0.11579271464686393 0.99327340004387 -67.28540066929482 329.9325514821137 106.20357542154635 1.0 295.58714802075457 102.1996954200715 1.0 364.2779549434728 110.20745542302119 1.0
0.9999988664059561 -0.001505718035587027 -129.47768870325623 130.12153039292912 427.499817009288 1.0 130.1714086633095 460.6256829814306 1.0 130.0716521225487 394.3739510371454 1.0
-0.9999998877788739 0.00047375335301880835 355.07152661888875 355.23797215565423 351.2495911640018 1.0 355.2282009938448 330.62459579312304 1.0 355.24774331746374 371.8745865348806 1.0
0.9944353116061188 -0.10534899634472811 -360.6665975250307 363.54090824260743 8.080939300003907 1.0 364.34050197145194 15.628654669781922 1.0 362.7413145137629 0.5332239302258934 1.0
0.9999997595236507 -0.0006935074914960815 -104.90258704474084 105.20038702573027 429.374861030063 1.0 105.2237931985351 463.1252782399893 1.0 105.17698085292544 395.6244438201367 1.0
0.9999125227696882 0.013226745947432257 -141.01585856178062 139.36655083160466 125.61662079578943 1.0 139.15152567008906 141.8720439032213 1.0 139.58157599312025 109.36119768835755 1.0
0.9999515777188821 -0.009840844349876785 -239.00510660961487 240.78804177943255 179.99224462797457 1.0 240.89265621405204 190.62236590930954 1.0 240.68342734481305 169.36212334663963 1.0
-0.03429688069117135 -0.9994116889324717 385.33580179334405 87.54489867508414 382.5583481585612 1.0 95.68176437204028 382.27911477045996 1.0 79.40803297812802 382.8375815466624 1.0
-0.9999981345180323 -0.0019315694280343247 346.70740636327554 346.25292856631745 235.62379842359513 1.0 346.2843258383704 219.36903013714073 1.0 346.22153129426454 251.87856671004954 1.0
0.9994079147106899 0.03440668559496033 -344.8925831342156 337.73858185478497 213.73669675571415 1.0 337.543679064066 219.3980206605157 1.0 337.93348464550394 208.0753728509126 1.0
0.05504120897769936 0.9984840836559556 -392.42738265509956 618.7934012119385 358.9123268072584 1.0 599.4084012325877 359.9809205408605 1.0 638.1784011912894 357.8437330736564 1.0
-0.022479658283821896 0.999747300553216 -219.42533840453845 523.7498314884856 231.2574942834787 1.0 509.3680494435819 230.93411501983584 1.0 538.1316135333892 231.58087354712157 1.0
0.9992914131304472 0.03763869875213025 -317.09045259747967 312.23085251228673 134.9898624554591 1.0 311.9243693612361 143.12685951614387 1.0 312.5373356633374 126.85286539477435 1.0
0.06285910662814735 0.9980224109276862 -397.009676921075 387.5166363556081 373.3891376345241 1.0 376.8552000740906 374.06063393830567 1.0 398.17807263712564 372.71764133074254 1.0
0.9997684913370521 -0.0215165919614333 -524.4473974369022 525.0530505195832 22.498858269296235 1.0 525.5244850602887 44.40406520774297 1.0 524.5816159788777 0.5936513308495028 1.0
-0.9999997376733578 -0.0007243294937680491 108.45161193418198 108.13927320031848 431.25001033850265 1.0 108.16236119687574 399.3750270618239 1.0 108.11618520376122 463.1249936151814 1.0
-0.9997468969788375 -0.022497599453847213 101.66277709456101 95.78100430034391 262.51757517024953 1.0 96.86437625639998 214.37476093076262 1.0 94.69763234428784 310.66038940973647 1.0
-0.9987922554767001 0.04913278335049008 543.263839096403 544.4387319990932 10.529629517536009 1.0 543.9464887950885 0.5230989193458679 1.0 544.9309752030979 20.536160115726148 1.0
-0.9999249565849125 0.012250763186877605 574.6118400629098 578.9123994589066 347.4980103333759 1.0 578.7974633720846 338.11676119220846 1.0 579.0273355457286 356.8792594745433 1.0
-0.996658671218231 -0.0816792084040354 18.24574499868618 12.675660784678625 68.71317528510791 1.0 13.243668403820108 61.78228393592813 1.0 12.107653165537142 75.64406663428768 1.0
-0.11208268267915904 0.9936988840908714 -68.25003226852753 238.75142154836456 95.61239688424828 1.0 184.36340626572616 89.47778733997939 1.0 293.13943683100297 101.74700642851718 1.0
-0.05844100967598272 -0.9982908636204441 397.9638612052084 402.50480858196795 375.0821403235884 1.0 411.88425286436865 374.5330576723907 1.0 393.12536429956725 375.63122297478606 1.0
0.011291333819223676 0.999936250858315 -232.3209694948376 441.8662057913605 227.34620378717048 1.0 426.8681182046518 227.51556299726624 1.0 456.86429337806925 227.17684457707472 1.0
0.8658144419992578 0.500365218640858 -342.2853270039497 310.4956252181694 146.80023266203804 1.0 308.24512396595543 150.6944211733758 1.0 312.7461264703833 142.9060441507003 1.0
0.9948683352555604 -0.10117803865380119 -113.76997868218588 130.31421029834462 156.90660729046544 1.0 130.71727338790893 160.8698656245184 1.0 129.9111472087803 152.94334895641248 1.0
-0.10375752013890349 0.9946026226662712 -68.80098357104009 34.34813114116305 72.75756048748559 1.0 14.369948285273992 70.67342491135797 1.0 54.32631399705212 74.8416960636132 1.0
-0.9999884885934127 -0.004798195563144434 32.011472635922594 29.915621652137183 436.87159622477645 1.0 30.07758766659731 403.1163755648373 1.0 29.753655637677056 470.62681688471554 1.0
0.063017634790582 0.9980124136028574 -396.3771186794805 369.3022350953845 373.8476197445026 1.0 363.0377474961027 374.2431791446673 1.0 375.56672269466634 373.4520603443379 1.0
0.018453211859149686 0.999829724989251 -163.5455902572983 335.6227680718698 157.37906993613893 1.0 326.86421633727764 157.54072087199154 1.0 344.38131980646193 157.21741900028636 1.0
-0.9999999845374632 0.00017585526228725454 443.146134050119 443.17779486767887 180.00010062528517 1.0 443.1741678336221 159.3749913535776 1.0 443.18142190173563 200.62520989699274 1.0
0.9999979808410883 0.0020095556091362975 -54.48384777367462 53.612309312072 433.75097927713875 1.0 53.543230977488356 468.1258404601037 1.0 53.681387646655644 399.3761180941738 1.0
-0.999976989230251 -0.006783878684238621 266.7149949477141 265.0293911422805 249.37095936878794 1.0 265.21594351328457 221.872224946563 1.0 264.8428387712763 276.8696937910129 1.0
-1.0 0.0 446.875 446.875 168.75 1.0 446.875 135.625 1.0 446.875 201.875 1.0
0.03935611533107583 -0.9992252479726716 211.69523956468373 155.0063194025064 217.9645546287187 1.0 178.14465803193488 218.87589581582026 1.0 131.86798077307787 217.05321344161712 1.0
0.999517460385974 0.031061976491732552 -527.4635499986812 519.4626858526592 265.64714811854583 1.0 518.7247168620518 289.39363738434696 1.0 520.2006548432665 241.9006588527447 1.0
0.9960567484050361 0.08871839694666858 -378.5790709198475 342.9986278629806 416.2944125947115 1.0 341.93449319822304 428.2416360626992 1.0 344.06276252773813 404.34718912672383 1.0
-0.9882129385906859 -0.1530855577837482 556.849057893059 524.674084619096 250.57451195645427 1.0 527.3947393375844 233.01187421863463 1.0 521.9534299006076 268.13714969427394 1.0
-0.10804925385338808 0.9941455420318124 -69.03437732019349 162.47558226166976 87.09966407533399 1.0 143.0582367259533 84.989279218948 1.0 181.89292779738622 89.21004893171998 1.0
0.10372641092089242 0.994605867506054 -373.57684546737755 280.762914336514 346.3224250901218 1.0 270.67706808801944 347.37426749989913 1.0 290.84876058500856 345.2705826803444 1.0
0.9999557571264461 0.009406582252656295 -231.0068588115307 229.80605639805117 128.73641682478137 1.0 229.6237566279131 148.11558130515542 1.0 229.98835616818926 109.35725234440733 1.0
0.12607980492510992 -0.9920201020090502 58.57913411715546 34.953267467511274 63.492700534388824 1.0 54.33296444892614 65.95574378318605 1.0 15.573570486096413 61.0296572855916 1.0
-0.005963241185259625 -0.999982219719214 307.2708457246917 26.25145960445987 307.1197626152195 1.0 46.875726174397805 306.9967729526031 1.0 5.62719303452194 307.24275227783585 1.0
0.18770589379218564 -0.9822252783530246 -44.55724153325361 531.2666415096594 56.16291849644579 1.0 540.6570201864536 57.957445130427644 1.0 521.8762628328651 54.36839186246394 1.0
-0.04406860653066133 -0.9990285070599565 388.2950130156919 618.7831795784816 361.3771759221571 1.0 638.1755847558896 360.52174860711347 1.0 599.3907744010735 362.23260323720075 1.0
-0.9994491182775098 0.0331882505460623 333.87129272473703 341.11186049404876 212.5045871355029 1.0 340.8831285533149 205.61642844298538 1.0 341.34059243478254 219.39274582802045 1.0
0.11125190744464852 -0.9937922383928782 73.63140922809212 230.6350508818912 99.91021737386879 1.0 357.049976317696 114.06196966260661 1.0 104.22012544608641 85.75846508513096 1.0
-0.9999999414671176 -0.0003421487417885351 82.71803890486265 82.57027816868593 431.8752378885645 1.0 82.58182568804538 398.125241839534 1.0 82.55873064932648 465.62523393759506 1.0
-0.9999269583249599 -0.0120862738258602 347.6555747236326 344.42507608615335 269.36805080456736 1.0 344.6215549890556 253.11287120292087 1.0 344.22859718325117 285.6232304062138 1.0
-0.999579846574839 -0.028985001663300303 102.78283365324671 98.42236439145225 151.86549948966933 1.0 100.19852507613376 90.6126334277647 1.0 96.64620370677072 213.11836555157393 1.0
0.9999028084068191 0.01394179831139935 -32.69530503755024 26.62442403306236 435.63022065175534 1.0 26.136387034471426 470.6321303479035 1.0 27.112461031653297 400.62831095560716 1.0
-0.9998231510356546 -0.01880602704280061 109.64776184288982 105.85817979368238 202.5043859611585 1.0 105.98744836454509 195.6318174193988 1.0 105.72891122281966 209.3769545029182 1.0
-0.998444403335645 -0.05575637584821874 21.890271290756147 4.333882695569429 314.9977038762779 1.0 4.716611480303968 308.144076693731 1.0 3.9511539108348908 321.85133105882477 1.0
-0.9999078903044842 0.013572431868882876 463.1921302833108 463.46390729673294 16.87888333141575 1.0 463.2430301983925 0.6064307929337298 1.0 463.6847843950734 33.15133586989777 1.0
-0.9998525148769882 -0.017174064578947674 210.66160321517134 206.0979821705995 267.49738885087504 1.0 206.79649735832803 226.83071009701314 1.0 205.39946698287096 308.164067604737 1.0
0.07210078780755758 -0.9973973513086595 346.3323437869018 336.3637500256182 371.55145305671675 1.0 347.0234071308251 372.3220282683267 1.0 325.70409292041126 370.78087784510683 1.0
0.9999998912302812 0.00046641121962363657 -80.09011741250553 79.88898615173312 431.25023972893393 1.0 79.87295326780246 465.6252322510162 1.0 79.9050190356638 396.8752472068517 1.0
-0.9999614492817374 0.00878065774116512 129.50489791735842 133.26919532878892 428.1182456986986 1.0 132.98378676600362 395.6152637475603 1.0 133.55460389157423 460.62122764983695 1.0
0.9997618154697077 0.021824580837074968 -105.22761684786387 98.67679779897594 301.2347583993096 1.0 98.22617764327454 321.8772086857293 1.0 99.12741795467733 280.5923081128899 1.0
0.9999998293902851 -0.0005841398809314049 -359.982368941147 360.1200682996041 235.6249298633058 1.0 360.1485453272032 284.37527831622333 1.0 360.09159127200496 186.87458141038826 1.0
-0.999870518319585 -0.016091817651360203 527.3423996177954 522.7034945057277 292.4831576436384 1.0 523.0757314473894 269.3540896998704 1.0 522.3312575640659 315.6122255874064 1.0
0.9994422731888606 0.03339375035965719 -233.52175465277838 228.12024089311734 165.56219276436923 1.0 227.70235485689344 178.06911293593677 1.0 228.53812692934122 153.05527259280166 1.0
0.9983159445971 -0.058010988297047456 -177.4434568687821 189.72444487495997 206.1933761320318 1.0 190.0565170471466 211.908033888824 1.0 189.39237270277334 200.4787183752396 1.0
0.16691475175532378 -0.9859713310469319 -43.57123583885894 413.10498598287285 25.743223505705167 1.0 420.60174842517074 27.012347873343828 1.0 405.60822354057495 24.474099138066503 1.0
0.05793760380268761 -0.9983202061791613 177.2098219645527 176.27246033208635 187.73798704316994 1.0 204.3753516408987 189.36894089172677 1.0 148.169569023274 186.10703319461308 1.0
0.9999974066856486 0.0022774156356430977 -608.1034147933955 607.0644906094501 456.8768549384595 1.0 607.0502535570014 463.1282459031531 1.0 607.0787276618987 450.6254639737658 1.0
-0.999903109275059 -0.013920203377439913 8.015331222097569 1.8819226082208476 440.62509637345204 1.0 2.334527599060843 408.1139953971707 1.0 1.429317617380852 473.1361973497333 1.0
-0.03738440071737612 -0.9993009589623152 379.0455731676142 561.8111425009122 358.29306184261947 1.0 583.0547925579805 357.49832516263285 1.0 540.567492443844 359.0877985226061 1.0
-0.04127987479087681 -0.9991476226950898 342.105537519232 516.2425130017257 321.0687829647069 1.0 521.8837057743493 320.8357165728788 1.0 510.60132022910216 321.3018493565349 1.0
0.17132639640672226 -0.9852143248523576 -30.277923606932394 249.9591392653909 12.73497010329532 1.0 276.78375487364775 17.39970610157354 1.0 223.13452365713403 8.0702341050171 1.0
-0.18404929643933696 0.9829170140353585 -235.4564543679214 515.3877869602045 336.05402005940743 1.0 511.16098633810367 335.2625598755073 1.0 519.6145875823053 336.8454802433076 1.0
0.9999541516078788 -0.009575734027592925 -602.0809965199621 606.6273816106265 471.8773712365543 1.0 606.6873418227016 478.13876726353527 1.0 606.5674213985513 465.6159752095734 1.0
-0.02047882937200631 -0.9997902867839596 332.82505694204815 440.61464996839413 323.8697044638403 1.0 454.3844766280365 323.5876553837757 1.0 426.84482330875176 324.1517535439049 1.0
-0.016558835895007125 -0.9998628930777471 307.8857347359489 58.75132433949534 306.95496684837167 1.0 68.12375376093723 306.79974904620934 1.0 49.37889491805344 307.110184650534 1.0
0.9999897980063294 0.004517065779951283 -348.3030200478562 346.82156128188154 328.75258180624706 1.0 346.700153625101 355.629856589195 1.0 346.9429689386621 301.8753070232991 1.0
-0.13238439503777752 0.9911984523547651 -45.441365186857055 515.6628292569114 114.7167619273124 1.0 494.375188829597 111.87358618076361 1.0 536.9504696842259 117.55993767386119 1.0
-0.9998342400280822 -0.01820693459831189 241.80063686150274 236.7761139637594 278.1231992899198 1.0 237.77774374329766 223.11867647985883 1.0 235.77448418422114 333.12772209998076 1.0
0.6866038364914567 0.7270317542688304 -206.4422166821744 126.40509178837502 164.57602436987702 1.0 123.48696715994531 167.33188139190634 1.0 129.32321641680474 161.8201673478477 1.0
0.999978044811884 0.0066264541198018685 -511.3761007408505 509.5981640970199 269.9973371943628 1.0 509.35379152242945 306.87485945991085 1.0 509.8425366716104 233.11981492881478 1.0
0.11538405361061957 -0.9933209552669177 41.6049109036577 47.51120285988125 47.403556556293935 1.0 71.91985365894264 50.23886276566007 1.0 23.102552060819857 44.568250346927805 1.0
-0.1641952728008438 0.9864278546299554 30.724684849154958 265.6343888668799 13.068594966799438 1.0 245.56621515399777 9.728158824475065 1.0 285.70256257976195 16.409031109123813 1.0
-0.999155025385987 0.041100307126926465 511.6160489332641 521.175685441624 221.87805693420506 1.0 520.917969804528 215.61294866798536 1.0 521.4334010787201 228.14316520042473 1.0
0.9995628743875908 -0.02956450821537838 -319.4422121542767 327.5324577603767 268.80449767751116 1.0 328.62217245030513 305.64726670962676 1.0 326.4427430704482 231.96172864539554 1.0
0.06854421574417714 -0.9976480794789392 186.26027295763228 122.53481814218333 195.11822853426645 1.0 133.1953773601142 195.85067085136998 1.0 111.87425892425246 194.38578621716294 1.0
0.9999419685238062 -0.01077309541102686 -358.4017476712862 360.02506294913167 148.74299640339677 1.0 360.42244286343225 185.6271822940002 1.0 359.62768303483114 111.85881051279338 1.0
0.9997995044957693 0.02002375614150001 -239.23349378736046 233.71151079758866 278.11171178978196 1.0 232.60992382831327 333.1146841720667 1.0 234.81309776686405 223.10873940749724 1.0
-0.9994255307503414 0.03389112692724247 83.56039713604127 94.54512161264329 322.5154252024668 1.0 94.18451737122255 311.8814593816654 1.0 94.90572585406402 333.1493910232682 1.0
-0.01979755714813858 -0.9998040091592784 316.522590177206 206.88713778697485 312.4879750245942 1.0 220.63174856702562 312.21581196573055 1.0 193.14252700692407 312.76013808345795 1.0
0.9999783659920896 -0.006577807217503547 -270.1741308171521 271.8162433795753 248.7503864980834 1.0 271.9766280462686 273.13255393274744 1.0 271.6558587128821 224.36821906341933 1.0
-0.09754899446041249 0.9952307238423473 -73.65532296390228 377.4626709704163 111.0058444908983 1.0 368.0555269592098 110.08378951705804 1.0 386.8698149816227 111.92789946473856 1.0
0.06326215428099972 -0.9979969438007948 146.90448172787023 18.150364145699164 148.34986598342115 1.0 24.41481066756664 148.74696377496565 1.0 11.88591762383169 147.95276819187666 1.0
0.1853972255548369 -0.9826636600366215 -51.083494886461544 389.3334808404511 21.470064616187216 1.0 400.7661166021636 23.62703758384689 1.0 377.9008450787386 19.313091648527543 1.0
0.12156411938717741 -0.9925835808019495 57.29844705037418 434.41415117795225 110.93032659142858 1.0 446.9556705181444 112.46631689376255 1.0 421.8726318377601 109.39433628909462 1.0
0.17154902931875862 -0.9851755836092325 -36.193234661225894 280.58232689830425 12.120064038161285 1.0 294.3501919809181 14.517468044116503 1.0 266.8144618156903 9.722660032206067 1.0
0.1311625326930419 -0.9913608777925155 39.19456219216472 236.8423634657866 70.8716754990286 1.0 259.28035575004156 73.84034610372616 1.0 214.40437118153162 67.90300489433103 1.0
0.15941135052980004 -0.9872122473522426 -33.13300355458034 225.05587175878517 2.7789939949663265 1.0 240.67724168597053 5.301474529316603 1.0 209.43450183159982 0.2565134606160502 1.0
-0.14629334765118204 0.9892412528968908 -64.55505859802697 88.10119997748355 78.28593666917298 1.0 79.35756596554353 76.99288961265606 1.0 96.84483398942356 79.57898372568991 1.0
0.13624353051286123 -0.9906753758892926 36.5445857186441 503.14777265383884 106.08441189965538 1.0 528.105506134934 109.51674685600885 1.0 478.19003917274375 102.65207694330189 1.0
-0.11927219929038518 0.9928615928096094 -55.74559386546918 181.27428763068917 77.9228216563869 1.0 173.11684674086143 76.94287045013891 1.0 189.43172852051688 78.90277286263488 1.0
-0.9999813374097458 0.006109405226049059 346.93375594559996 348.7196293628433 291.25018554999224 1.0 348.4866893074906 253.122790252215 1.0 348.952569418196 329.3775808477694 1.0
0.0003723853928193847 0.9999999306645572 -307.6063588344208 214.37477714599137 307.52655012131237 1.0 208.12477801268437 307.5288775298561 1.0 220.62477627929837 307.5242227127686 1.0
-0.1633485001871874 0.9865684302097835 21.3093004689291 381.2056725289329 41.51772259001892 1.0 356.7760133127924 37.47284534598213 1.0 405.6353317450734 45.56259983405572 1.0
0.9999194810230855 0.012689817592210988 -443.56055213319485 440.3681797907185 254.36380896130407 1.0 440.1460252191805 271.8689214079581 1.0 440.5903343622565 236.85869651465006 1.0
0.05977687615280676 -0.9982117636440737 292.6800604028662 546.8554031068462 325.9522477676315 1.0 575.5772589290339 327.6722263141615 1.0 518.1335472846586 324.2322692211015 1.0
0.9983399999333682 -0.05759552528662751 -198.8750335324187 211.17482831076887 207.4682796939136 1.0 211.5065584535998 213.21836998519225 1.0 210.84309816793794 201.71818940263492 1.0
0.13250666669724467 -0.9911821140843824 38.105568435457855 415.59116726014474 94.00307712774614 1.0 431.80210868475865 96.17024477703748 1.0 399.3802258355309 91.83590947845481 1.0
-0.08720827950379267 -0.9961901003252283 487.5163863422487 346.84370854018215 459.0175540938014 1.0 356.8762507309271 458.13928724170313 1.0 336.8111663494372 459.89582094589963 1.0
0.9997763512380067 0.021148226999392405 -200.0254029497203 194.41199527191884 267.48756196078176 1.0 193.57919053900923 306.8581662760292 1.0 195.24480000482845 228.11695764553434 1.0
1.0 0.0 -350.625 350.625 261.25 1.0 350.625 295.625 1.0 350.625 226.875 1.0
-0.02967813823584314 0.9995595070384026 -209.71136500168862 16.241507948869664 210.2860122280626 1.0 9.354022727342018 210.0815144097111 1.0 23.12899317039731 210.49051004641404 1.0
0.03968638447606815 0.9992121851174642 -371.80607452054585 68.74974738465585 369.3686397247229 1.0 51.85175676474437 370.03978861842455 1.0 85.64773800456732 368.69749083102124 1.0
0.0023803537601044733 -0.9999971669539753 301.765270760554 408.75091858059386 302.7391002203478 1.0 421.8788196470116 302.77034935754375 1.0 395.6230175141761 302.7078510831518 1.0
-0.033794992314739265 -0.9994287861045662 324.58005824351835 441.86905114597573 309.8240728714827 1.0 449.381595189775 309.5700413969503 1.0 434.3565071021764 310.0781043460152 1.0
0.048036967984705616 -0.9988455584858132 204.1056212464213 222.49797997110772 215.04200300251472 1.0 231.88133513218096 215.49327189752276 1.0 213.11462481003448 214.59073410750665 1.0
-0.15577273270613132 0.9877929214897545 3.6262466971990253 229.37486698272676 32.50084349499835 1.0 216.88967278079554 30.531956315417823 1.0 241.860061184658 34.469730674578884 1.0
-0.4519798566152712 -0.8920281437342876 253.94273888982175 126.28460935447144 220.69330507548764 1.0 132.76309142407248 217.4107366750728 1.0 119.8061272848704 223.9758734759025 1.0
-0.11965783077535493 0.9928151910270796 -56.93192481077298 538.0862974416023 122.19611970992554 1.0 528.080979766112 120.99024109315202 1.0 548.0916151170925 123.40199832669907 1.0
0.1652880071908295 -0.9862453420315273 -29.287652574884504 338.7172206949858 27.070588521119348 1.0 355.5387298981561 29.88975898067963 1.0 321.8957114918156 24.251418061559065 1.0
0.9995481460194526 0.030058339759123687 -368.33717755412755 359.05011888180053 314.36523019844407 1.0 358.18520271592786 343.12681041173147 1.0 359.9150350476732 285.60364998515666 1.0
-0.18487968271046631 0.9827611627047933 -286.67725920969275 573.7016099968087 399.63222575408184 1.0 565.6272108206502 398.11324798571206 1.0 581.7760091729671 401.1512035224516 1.0
-0.059646872114496687 -0.9982195403051158 389.74614906452115 299.37813670741957 372.55249433084197 1.0 325.7208103908483 370.97843369096597 1.0 273.0354630239908 374.12655497071796 1.0
0.016984506580349914 -0.9998557528644929 330.3514001259274 29.38097681609845 330.89815263065907 1.0 39.388705866844376 331.0681534927132 1.0 19.373247765352524 330.7281517686049 1.0
0.04213588545444319 0.9991118892080956 -374.6078990912471 390.0155042547373 358.49263165350203 1.0 366.8789380590826 359.46837792732725 1.0 413.15207045039205 357.51688537967686 1.0
-0.04975921648080591 -0.9987612429280665 386.47234724102475 515.6566955268013 361.2611889511577 1.0 539.4721349529615 360.0746815507327 1.0 491.8412561006412 362.4476963515827 1.0
0.0033173739305177355 0.9999944974999639 -323.20858087823854 16.250104336542726 323.15645137412963 1.0 5.625221264346798 323.1916982781942 1.0 26.874987408738658 323.12120447006504 1.0
-0.11736975635511039 0.9930882842391919 -56.209980580069825 146.85053983971676 73.9569621626751 1.0 131.8386274916441 72.18275485132071 1.0 161.8624521877894 75.73116947402949 1.0
-0.14881944166628094 0.9888643859408308 17.01185233232781 154.31550395104506 6.0203349324319895 1.0 131.7619581191993 2.626132303628855 1.0 176.86904978289084 9.414537561235123 1.0
-0.03205233659228692 -0.9994861918600851 336.12081720209056 204.42672331092496 329.73788506745666 1.0 224.40617626530445 329.09716771063984 1.0 184.44727035654546 330.37860242427354 1.0
-0.14036595649178268 0.990099691070625 -9.942718685359651 258.6839860007661 46.71564310806839 1.0 246.7823738524018 45.02835728416017 1.0 270.58559814913036 48.40292893197661 1.0
0.12312324847661683 0.9923913873490466 -243.31490889694533 179.96618984733368 222.85248522536438 1.0 171.81162637443327 223.86419931064503 1.0 188.12075332023406 221.8407711400837 1.0
-0.994689962748691 -0.10291684996640506 215.11067690817953 194.91996114477985 206.24171867902294 1.0 195.5156541778765 200.48435357220117 1.0 194.32426811168315 211.9990837858447 1.0
-0.999999028876117 -0.001393645156739551 505.41380842794985 505.15909106340223 183.1226086294988 1.0 505.176511610944 170.6226329075841 1.0 505.14167051586054 195.6225843514135 1.0
-0.015364830675671648 0.9998819540217274 -199.28325662806057 53.12310824435174 200.1231079192497 1.0 46.86498184641282 200.0269415147411 1.0 59.38123464229067 200.21927432375827 1.0
-0.07310441483141182 -0.9973242925609287 392.3523600427378 149.46290817130165 382.4492839961298 1.0 161.9416729834566 381.53458372640216 1.0 136.98414335914669 383.3639842658574 1.0
-0.14965387866559893 0.9887384470123239 17.19069748592264 194.96250574782871 12.122718328414148 1.0 179.31752631699538 9.754719126458832 1.0 210.60748517866205 14.490717530369466 1.0
-0.09059777021352315 0.9958875659592993 -196.2721484194598 16.267058794487745 198.56248278759443 1.0 9.392097746228368 197.93705461420706 1.0 23.14201984274712 199.1879109609818 1.0
0.00904312355216341 0.9999591101222192 -347.0047234126245 34.99843913666038 346.7024048223384 1.0 18.124819141820794 346.855001292375 1.0 51.872059131499974 346.5498083523018 1.0
0.9999726875784357 0.007390811671279 -447.12367898565907 445.14031002969875 270.001037033329 1.0 444.88622367740845 304.37877846112053 1.0 445.39439638198905 235.6232956055374 1.0
-0.09006398117991604 0.995935981523925 -161.3621910127936 17.513167920650062 163.60438789396778 1.0 10.637873400818417 162.982644721989 1.0 24.388462440481707 164.2261310659466 1.0
0.05589895179375822 -0.9984364312205154 193.39680058512133 16.894844613724672 194.64554638914674 1.0 23.16019750236312 194.99632150926607 1.0 10.629491725086222 194.29477126902742 1.0
0.16478563765841572 -0.9863294042162128 -29.06695097451806 306.2792173436625 21.70011870829923 1.0 315.60281187113293 23.257807714538096 1.0 296.9556228161921 20.142429702060358 1.0
-0.09387783762204907 -0.9955837240550932 411.91632266541137 427.58717588672744 373.42450887402555 1.0 440.77174821499597 372.1812792889657 1.0 414.4026035584589 374.6677384590854 1.0
-0.091243106016777 0.9958286477122513 -231.61764984470173 14.980715766603984 233.9604684167743 1.0 8.106163172525061 233.33058542174248 1.0 21.855268360682906 234.59035141180607 1.0
0.09789996662043815 -0.9951962603103556 168.8993182650471 17.481868132922315 171.43431841124232 1.0 23.113849413851455 171.98835061714905 1.0 11.849886851993178 170.88028620533555 1.0
0.999792337315213 0.020378475060297472 -205.1379289593911 199.74075020700792 266.88245497959286 1.0 198.9252613757425 306.89131149377585 1.0 200.55623903827333 226.87359846540988 1.0
-0.08544426481569614 0.9963429518042998 -23.4036349165422 23.13796656019351 25.473800374304577 1.0 16.82718133635383 24.93260077743459 1.0 29.448751784033192 26.014999971174564 1.0
-0.8474714985086473 0.5308408982129276 -126.35357986166285 146.30958148907786 471.60416798173424 1.0 142.15998761310718 464.97946639579766 1.0 150.45917536504854 478.2288695676708 1.0
-0.12266963743911402 0.9924475603529671 -49.428870067870555 235.06370114509286 78.85963167121946 1.0 226.9087858666748 77.85165851423528 1.0 243.2186164235109 79.86760482820365 1.0
-0.11362032663600351 0.9935242429730278 -59.00451400720008 453.1296411081795 111.20941700198264 1.0 443.04707836503934 110.05636605198717 1.0 463.21220385131966 112.36246795197812 1.0
-0.11003018399460675 0.9939282462080011 -56.880144122978415 53.12678500803245 63.10887560723113 1.0 35.565245962836215 61.16477211712161 1.0 70.68832405322868 65.05297909734065 1.0
0.992565956905784 -0.12170793397188785 -574.8213876737667 633.6084087692473 444.31572466201396 1.0 634.0799366155338 448.16118052247737 1.0 633.1368809229608 440.47026880155056 1.0
0.05877925498680314 -0.9982710048795349 158.44095953348673 17.51491607561278 159.74667447224067 1.0 24.402836461210846 160.15224252610068 1.0 10.626995690014715 159.34110641838066 1.0
-0.9999108126624746 -0.013355400430894709 466.48203662944957 463.23467586560633 246.24311702595932 1.0 463.4601396267154 229.36278058355919 1.0 463.0092121044973 263.12345346835946 1.0
-0.10105172158934564 0.9948811735900068 -91.51154193683122 73.8029522091299 99.47867136616007 1.0 66.9353218962735 98.78111482898179 1.0 80.67058252198629 100.17622790333836 1.0
-0.013472244394204452 0.9999092451972743 -239.74741929125602 24.37368529215592 240.09757754458434 1.0 18.1164002871352 240.01327022045794 1.0 30.630970297176642 240.18188486871074 1.0
0.012471412118721374 -0.9999222289157118 259.455367736613 23.75284617259107 259.7718020049335 1.0 30.634570888141628 259.85763350515754 1.0 16.87112145704051 259.6859705047094 1.0
0.9999552763197613 0.00945755572385743 -223.81224396332726 221.20949112065168 276.2496168678812 1.0 220.94345335878765 304.37801192509056 1.0 221.4755288825157 248.12122181067176 1.0
-0.9999313804981782 -0.01171470422194647 271.16308301005097 267.9525423202549 275.63030176323406 1.0 268.3772569799125 239.3779553187001 1.0 267.52782766059727 311.882648207768 1.0
0.12652075147343894 -0.9919639607599644 55.14674180491291 518.764705011724 121.75970791152514 1.0 530.6064959748397 123.2700775929972 1.0 506.9229140486083 120.2493382300531 1.0
-0.1155668626447284 0.9932997031402226 -36.23988875054102 243.15127972810336 64.7741251642012 1.0 230.6029899804517 63.3141765977126 1.0 255.699569475755 66.23407373068979 1.0
0.14865211269650802 -0.988889553686793 4.732156051049273 313.1279428299546 51.85542319246192 1.0 324.49684781404943 53.56442268449906 1.0 301.7590378458597 50.14642370042478 1.0
-0.04393811199396932 0.9990342548253315 -262.01829204408523 42.48284756753942 264.1400000888532 1.0 35.593685352268935 263.8370106973512 1.0 49.37200978280992 264.4429894803552 1.0
-0.07594358435261071 0.9971121160610164 -110.16330103143987 64.39314437627334 115.38677082534693 1.0 58.084535466181485 114.9062848647472 1.0 70.70175328636519 115.86725678594664 1.0
-0.14856640101965274 0.9889024342613721 16.546995780816328 260.6364666944461 22.42367424954197 1.0 246.9144857159518 20.362171255712546 1.0 274.3584476729403 24.485177243371396 1.0
-0.05919114433833179 -0.9982466671278791 391.6597086861544 478.68855455101516 363.9637349413507 1.0 491.8044995132836 363.1860235630308 1.0 465.5726095887467 364.74144631967056 1.0
0.17173822325018714 -0.9851426204742483 -30.20237905392447 210.65714203809566 6.06562350513652 1.0 221.89255929935345 8.024274524614299 1.0 199.42172477683786 4.106972485658741 1.0
-0.09774941702644274 0.9952110587563778 -74.25820445196526 398.12798788960947 113.71957955482264 1.0 390.6388491905698 112.98399795590423 1.0 405.6171265886492 114.45516115374106 1.0
-0.9990092145576783 -0.044503811396897415 443.81149839923665 432.5564675127328 262.5303579799043 1.0 433.75379816160813 235.6530116683441 1.0 431.3591368638575 289.4077042914645 1.0
-0.07882116790966776 0.9968887718744532 -178.84854839253944 26.231751784473047 181.4807938545951 1.0 19.350354662186742 180.9367013005091 1.0 33.113148906759356 182.0248864086811 1.0
-0.055474869880008396 0.9984600837348462 -133.63876823527482 27.47935137400026 135.37164267152497 1.0 20.590890517653182 134.98891683610654 1.0 34.36781223034734 135.75436850694342 1.0
0.11253581165448549 -0.9936476694962183 36.61883760085868 66.86919825321417 44.426227179046236 1.0 73.17982250629126 45.14093848383556 1.0 60.558574000137085 43.71151587425692 1.0
-0.08274526901627954 0.9965707302823134 -255.60932036900212 13.739234445782857 257.6296586059314 1.0 6.859767609419971 257.0584564656657 1.0 20.618701282145743 258.2008607461971 1.0
0.07193953749536162 -0.9974089948185516 123.34972234539858 18.748383927128646 125.02240611594526 1.0 25.6326494734883 125.51894352634876 1.0 11.864118380768991 124.52586870554175 1.0
0.008264231491514614 -0.9999658506558385 373.48089708485963 253.7502828584196 375.59077434205614 1.0 271.8843749024225 375.7406437945397 1.0 235.6161908144167 375.44090488957255 1.0
-0.0014097256793111053 -0.9999990063362608 367.22496559464196 448.1219600656957 366.5936008308421 1.0 470.62103427317555 366.5618832766545 1.0 425.6228858582158 366.6253183850297 1.0
-0.07402329548507909 0.9972565125009356 -87.36042675654332 28.769578393541593 89.73623600063041 1.0 21.886111966991535 89.22529737765134 1.0 35.65304482009165 90.24717462360948 1.0
0.06048567799704282 -0.9981690652175302 202.4735492214572 130.03184738287007 210.7244363716874 1.0 144.39199053042123 211.59461260202863 1.0 115.67170423531894 209.85426014134617 1.0
0.07574535683634483 -0.9971271939515715 315.30414324240485 151.76174385445606 327.74092680159913 1.0 155.6318432987421 328.0349134315675 1.0 147.89164441017002 327.44694017163084 1.0
0.116108727136753 -0.9932365093383766 43.42170721018353 292.5247418866736 77.91334885404257 1.0 303.15065803223337 79.15551180991767 1.0 281.8988257411138 76.67118589816748 1.0
0.17801806034921797 -0.9840272202482522 -34.59710984890182 428.16136635224655 42.29897837083734 1.0 445.654204508936 45.46356676288511 1.0 410.66852819555703 39.13438997878957 1.0
-0.06109147657452203 0.9981321713530451 -168.01652922976703 26.253805305001766 169.93782770433705 1.0 19.36635310840559 169.51627569288738 1.0 33.14125750159794 170.3593797157867 1.0
-0.13768938835571373 0.9904754577142381 -5.365524026012095 50.01803039478722 12.370297459064155 1.0 43.18813294751813 11.420850004589166 1.0 56.84792784205631 13.319744913539141 1.0
0.9998913181071357 0.014742861797308174 -248.5044347463588 244.4122028255915 279.37554853573204 1.0 243.58273528789505 335.63174906158997 1.0 245.24167036328794 223.11934800987416 1.0
-0.08384901631013733 0.9964784706474206 -219.16905004990193 34.34691894209098 222.83372090539314 1.0 28.08863946448083 222.30711587232042 1.0 40.605198419701125 223.36032593846585 1.0
0.02424713990546848 -0.999705994883698 223.78714720697312 43.12745002154118 224.8989859739391 1.0 49.388925504782634 225.05085349582433 1.0 36.865974538299724 224.74711845205383 1.0
-0.1491086088913845 0.988820824393619 -42.98859987983537 425.601930972181 107.65298335405026 1.0 410.6589784479235 105.39967030819244 1.0 440.5448834964384 109.90629639990809 1.0
0.13828835297735861 -0.9903920089695846 44.4405219974548 482.44958749182035 112.23604374792424 1.0 499.34427478402114 114.59504751466173 1.0 465.55490019961957 109.87703998118675 1.0
0.06813938946656627 -0.997675810874015 252.2658127357067 14.36920273822035 253.83488170927473 1.0 20.632672273638946 254.2626649485135 1.0 8.105733202801755 253.40709847003595 1.0
0.08863259139912279 -0.9960643873474627 77.17295134484704 20.630460849235938 79.31363027851573 1.0 26.941717207436398 79.87522349790704 1.0 14.319204491035482 78.75203705912442 1.0
0.05354064787376972 -0.9985656708625913 181.8020532416687 53.129724905936655 184.91187762842304 1.0 59.39522355794607 185.2478183350478 1.0 46.86422625392724 184.57593692179827 1.0
0.12211209074351265 -0.9925163158831437 24.97033737287575 85.0010414533907 35.61653515858906 1.0 90.69366284120777 36.316914475637404 1.0 79.30842006557363 34.91615584154071 1.0
-0.055944322124559354 0.9984338900608409 -203.16767978917807 25.629346561595565 204.92242725914906 1.0 19.363997164479393 204.57136673487756 1.0 31.894695958711736 205.27348778342053 1.0
0.07750186118448694 -0.9969922073481519 78.49421501863225 462.5244346340055 114.68567026235738 1.0 470.6489244785831 115.31723295611607 1.0 454.39994478942793 114.05410756859868 1.0
-0.07888457187126176 0.9968837566741109 -132.54826739287859 45.599601996843 136.57096081906218 1.0 39.33934512711954 136.07557940707105 1.0 51.859858866566455 137.06634223105334 1.0
-0.12901732160312113 0.9916423401238759 -51.69562070369474 393.18529463626726 103.28656831918371 1.0 380.65347730460456 101.65612008040772 1.0 405.7171119679299 104.91701655795973 1.0
0.22958911713621244 -0.9732876436555715 -78.51020042593206 566.1588448873092 52.886430097142906 1.0 570.722214020764 53.96288462458504 1.0 561.5954757538544 51.80997556970077 1.0
-0.15623303001943026 0.9877202237126401 18.749098886408056 342.4702366601804 35.18816669344106 1.0 330.5957509499465 33.30991530413671 1.0 354.34472237041433 37.066418082745415 1.0
0.130967706624457 -0.9913866348814322 48.0663701261179 442.49146958809933 106.93957268410878 1.0 461.8587382070129 109.4980969423083 1.0 423.12420096918584 104.38104842590928 1.0
0.058077499574156075 -0.9983120774803909 210.53123723968375 43.76841513895748 213.43345648892375 1.0 50.65646296003879 213.8341734625231 1.0 36.88036731787617 213.0327395153244 1.0
-0.11026734541982139 0.9939019632408751 -1.9487841195064548 77.50724511261083 10.55969570142997 1.0 71.81364519073907 9.928025604693126 1.0 83.20084503448261 11.191365798166814 1.0
0.02543694470289314 -0.9996764285728568 212.74108083552846 79.37933175452947 214.82976128037117 1.0 85.6411807123271 214.98909514193352 1.0 73.11748279673185 214.67042741880883 1.0
0.10132241607066056 -0.9948536414978858 93.71030236048705 491.8204829876935 144.2852857770275 1.0 499.3064868568263 145.04770948147595 1.0 484.3344791185607 143.52286207257904 1.0
0.07463195737692783 -0.9972111466174496 204.68842332695993 16.233103799174312 206.47576226580483 1.0 23.116325424242515 206.9909072325258 1.0 9.349882174106108 205.96061729908385 1.0
0.10312204362542123 -0.9946687107366536 116.50950908136497 28.119888109339552 120.04930699115236 1.0 34.367532303943676 120.69703002721221 1.0 21.872243914735428 119.40158395509252 1.0
0.07996736451974275 -0.9967974822459006 117.5086765894406 46.22237347656711 121.59436609442481 1.0 53.10322891053245 122.14637779639641 1.0 39.34151804260176 121.04235439245322 1.0
0.12127359192223662 -0.9926191192508227 8.241029440327155 59.383249609117335 15.557477305187195 1.0 65.69180219100937 16.32822694782331 1.0 53.0746970272253 14.78672766255108 1.0
-0.1944826692678896 0.9809059543883076 47.28229218589841 389.9290327605665 29.107935172264327 1.0 381.75365650273005 27.487016276033483 1.0 398.1044090184029 30.728854068495174 1.0
0.11736825114741471 -0.9930884621334584 25.125348607080138 50.004724456750225 31.210024934830045 1.0 56.85786738542763 32.01996426155847 1.0 43.15158152807282 30.400085608101623 1.0
-0.049377673322285986 0.9987801787066449 -266.4421349287304 69.36526949918215 270.19682238331336 1.0 63.09968456470857 269.8870645280182 1.0 75.63085443365573 270.5065802386085 1.0
0.13899270264882344 -0.9902934053149984 -6.207196088739526 333.7568177547721 40.57642494921547 1.0 344.34860812978235 42.06303645466541 1.0 323.1650273797618 39.089813443765536 1.0
0.9994981155313147 -0.03167833722515163 -423.50436289686945 433.2258196627775 300.0166134995467 1.0 433.48370417260594 308.1532489474955 1.0 432.96793515294905 291.87997805159785 1.0
0.13311251348326422 -0.9911009326774786 47.1204884110461 514.4075704986125 116.63249348646545 1.0 525.6231423299272 118.13883144599619 1.0 503.19199866729775 115.12615552693472 1.0
-0.13604489403570244 0.990702673261163 -48.28510898238255 481.88711685606387 114.91176293841016 1.0 465.6851627450693 112.68688438534653 1.0 498.08907096705843 117.1366414914738 1.0
0.0 1.0 -353.1250000000001 40.0 353.12500000000006 1.0 30.625 353.12500000000006 1.0 49.375 353.12500000000006 1.0
0.06299564241786465 -0.9980138020269863 175.38671027024606 62.52006703784788 179.68208625280553 1.0 68.16203857655277 180.0382132130361 1.0 56.87809549914299 179.32595929257496 1.0
0.0781301885185851 -0.9969431646999994 219.168756534124 79.38969244176647 226.06252407463023 1.0 85.6502225004045 226.553160262356 1.0 73.12916238312845 225.57188788690448 1.0
1.0 0.0 -221.875 221.875 237.5 1.0 221.875 246.875 1.0 221.875 228.125 1.0
-0.08812535152860677 0.9961093927967748 -188.62869203841296 63.129382186593986 194.9504667255046 1.0 56.87305611498102 194.39697236200857 1.0 69.38570825820696 195.50396108900065 1.0
-0.07871580583935057 0.9968970969518678 -213.79927396907345 24.985187897316905 216.43758802005615 1.0 18.103741897724934 215.89422344526292 1.0 31.866633896908876 216.98095259484938 1.0
-0.04949166612229759 0.9987745366119617 -202.97419718162092 157.51098647003164 211.02828577264418 1.0 148.12805544461662 210.56333910797085 1.0 166.89391749544663 211.49323243731752 1.0
-1.0 0.0 348.125 348.1249999999999 358.125 1.0 348.1249999999999 345.625 1.0 348.1249999999999 370.625 1.0
-0.08044821889660554 0.9967587893148291 -161.36161487832877 36.265070962062595 164.81326977644304 1.0 29.384448215743895 164.2579359777601 1.0 43.145693708381295 165.36860357512597 1.0
0.07597286708420818 -0.9971098853521638 175.26735340816506 26.22913507623669 177.77384278808975 1.0 33.11179923556498 178.29825412634182 1.0 19.3464709169084 177.2494314498377 1.0
0.1921006475360955 -0.9813752295713464 -42.32624312089502 514.9660914195448 57.67322711482497 1.0 526.7563526285059 59.98112805282849 1.0 503.17583021058374 55.365326176821455 1.0
0.0052239248190961195 -0.999986355211652 259.7324308205174 41.875236485419066 259.9547309349828 1.0 48.12833083519069 259.9873970754753 1.0 35.62214213564745 259.9220647944903 1.0
-0.04875964629559793 0.9988105410402556 -232.17444983876078 51.87581041721585 234.98339911547083 1.0 45.610231281197905 234.67752787167004 1.0 58.1413895532338 235.2892703592716 1.0
-0.09945542676921147 0.9950420182515681 -199.0626586058602 61.876089347938226 206.23910117822385 1.0 55.6260590295382 205.614404510912 1.0 68.12611966633825 206.86379784553566 1.0
-0.01558479028104724 -0.9998785497808701 381.85134826049807 201.87501820292607 378.7511678511539 1.0 220.63020340721465 378.4588367193829 1.0 183.11983299863746 379.043498982925 1.0
-0.15345369879193782 0.9881558390897021 8.354325475889862 371.8871114548187 49.29700901709645 1.0 361.933046620934 47.75121228509364 1.0 381.84117628870337 50.84280574909926 1.0
0.13482032926271215 -0.9908700615204266 46.497834385181186 396.22113632716275 100.83713528728458 1.0 406.819997574537 102.27924361073941 1.0 385.62227507978844 99.39502696382976 1.0
0.023895890590376948 0.9997144524377412 -331.49893852952124 207.5091688800834 326.63359155928424 1.0 190.62887406738017 327.0370764513892 1.0 224.38946369278662 326.2301066671792 1.0
-0.05297014862046017 0.9985960962046299 -168.280043902039 44.395075009790865 170.8715448336369 1.0 38.12955162405397 170.5391925380603 1.0 50.660598395527764 171.20389712921352 1.0
-0.13650283346550843 0.990639680436781 22.284110254531264 313.1213968622877 20.651148989740612 1.0 301.91198697300524 19.106575072926873 1.0 324.3308067515702 22.19572290655435 1.0
-0.04875182778348266 -0.9988109226914619 342.8027956752347 331.2581626339304 327.04223327715636 1.0 341.91877708647706 326.52189010904584 1.0 320.59754818138373 327.56257644526687 1.0
-0.14633157920065 0.9892355982922592 -17.337341561319413 351.8458000658678 69.57239836383327 1.0 341.87898386745684 68.09806812699802 1.0 361.81261626427874 71.04672860066853 1.0
-0.1758012058174039 0.9844256884260726 27.14634231002263 511.25441497884214 63.72527765201687 1.0 498.21056352516405 61.39587397937804 1.0 524.2982664325202 66.0546813246557 1.0
0.14515949407232664 -0.9894082682495968 5.832842279383277 286.80552965649133 47.973510414905064 1.0 298.08776902774275 49.62876660356731 1.0 275.5232902852399 46.318254226242814 1.0
0.06075877324229728 -0.9981524790702525 204.17629970652473 70.61873831865022 208.85286765892238 1.0 76.88356971544896 209.23421567760772 1.0 64.35390692185148 208.471519640237 1.0
0.0 -1.0 236.875 382.5 236.87500000000003 1.0 393.125 236.87500000000003 1.0 371.875 236.87500000000003 1.0
0.11373318932270195 -0.9935113294001666 75.26841967322368 495.62532067234616 132.49719878066497 1.0 520.6550497513862 135.36250170354265 1.0 470.59559159330615 129.63189585778727 1.0
-0.12826743457174128 0.9917396156392987 -28.118424214045124 49.328749391495315 34.732600983091785 1.0 43.02256786349139 33.91698596299465 1.0 55.63493091949924 35.54821600318891 1.0
0.07856442909660712 -0.9969090382179933 90.36155604984174 124.91245769823254 100.48582983561255 1.0 139.39453386001506 101.62713360773787 1.0 110.43038153645003 99.34452606348722 1.0
0.05058645734415797 -0.9987196855641565 216.89234212856064 34.36683937334651 218.9111138417922 1.0 40.632421744662906 219.22847377766237 1.0 28.101257002030113 218.59375390592206 1.0
0.09732350834132847 -0.9952527994053247 110.9728669643999 37.483608132819455 115.16762704075262 1.0 44.354027492875794 115.83946972865704 1.0 30.613188772763113 114.4957843528482 1.0
1.0 0.0 -469.375 469.3749999999999 266.25 1.0 469.3749999999999 303.125 1.0 469.3749999999999 229.375 1.0
0.1232247008163369 -0.9923787951728534 31.998472446329284 326.91075400076255 72.83705844311811 1.0 336.91176770701435 74.07889465304872 1.0 316.90974029451075 71.5952222331875 1.0
-0.15635767739351794 0.9877004995038244 -21.542388766217567 425.6537083541164 89.19365133728382 1.0 416.92458273773696 87.81178931763414 1.0 434.3828339704959 90.5755133569335 1.0
-0.9999859855606887 0.005294212143289967 595.8011742075965 597.5996519194498 338.1244724142041 1.0 597.5069869874355 320.6216540799255 1.0 597.6923168514639 355.62729074848266 1.0
-0.07110791775299989 0.9974686280945545 -261.18149598757714 23.765077838482462 263.53849513048635 1.0 16.880510200026897 263.0477054899786 1.0 30.64964547693803 264.0292847709941 1.0
-0.02567087867491933 0.9996704486919965 -280.4582852538403 32.49652736890555 281.38523053605974 1.0 25.6100189409856 281.20838953552976 1.0 39.38303579682549 281.5620715365897 1.0
-0.09566010846986586 0.9954140563843438 -112.30723483164492 413.74177695065987 152.58556689962478 1.0 404.3930528435854 151.68714683372178 1.0 423.0905010577343 153.48398696552778 1.0
-0.0427431359711634 -0.9990860945520914 357.0867455539008 78.13870909611757 354.0704389895302 1.0 86.89941310447335 353.6956364928543 1.0 69.37800508776179 354.44524148620604 1.0
0.09147933823578573 -0.9958069746069982 94.73529326830943 124.34677451587282 106.55725117275173 1.0 138.15251261838134 107.82550879463922 1.0 110.54103641336432 105.28899355086423 1.0
0.11003271396076457 -0.9939279661315645 85.0226696206048 413.80782719896536 131.3526456184177 1.0 423.20602795588184 132.3930726622974 1.0 404.40962644204893 130.312218574538 1.0
0.998758312036202 0.049818010183030406 -531.8916093547684 517.5249232482549 301.2824181362093 1.0 517.1206545152097 309.3872532338332 1.0 517.9291919813 293.1775830385854 1.0
-0.11222131278410209 0.9936832377357548 -91.20923616281607 38.14232000392255 96.09663699658849 1.0 31.901334874547302 95.39181324824747 1.0 44.38330513329779 96.8014607449295 1.0
-0.020802344373836688 0.9997836078214887 -373.46808240290994 77.4836436176701 375.1611057697544 1.0 70.6116186881988 375.0181205997535 1.0 84.35566854714139 375.30409093975527 1.0
0.10964563682418649 0.9939707411817607 -241.42934487985534 159.68602617256408 225.2787326335332 1.0 147.68132800269603 226.60297963717474 1.0 171.6907243424321 223.95448562989162 1.0
-1.0 0.0 223.125 223.12499999999994 270.0 1.0 223.12499999999994 249.375 1.0 223.12499999999994 290.625 1.0
-0.9999388751266404 -0.011056491779451384 591.1672975277997 587.5200133434809 333.12522129089405 1.0 587.6168281368243 324.36938105851516 1.0 587.4231985501374 341.88106152327293 1.0
-0.028120943072055194 -0.99960452808135 284.0020725838301 23.11695715528647 283.4641040407606 1.0 29.37958337255905 283.28792341093146 1.0 16.854330938013888 283.64028467058984 1.0
0.0 1.0 -324.375 331.25 324.3750000000001 1.0 320.625 324.3750000000001 1.0 341.875 324.3750000000001 1.0
0.06896587552622915 -0.9976190194723137 214.85147917878209 70.60803371503681 220.24542410924118 1.0 76.87130793331714 220.67840722373015 1.0 64.34475949675648 219.8124409947522 1.0
0.03487760087483796 0.9993915913980942 -336.1995400481448 445.6111417487747 320.85290216647365 1.0 436.85000042224755 321.1586557799969 1.0 454.3722830753019 320.5471485529505 1.0
0.09757920718674361 -0.995227762034805 195.66806475104906 61.85820111656829 202.67133481245062 1.0 68.10938644109183 203.28424547593258 1.0 55.60701579204475 202.05842414896867 1.0
0.14687105990312832 -0.9891556458732526 10.17120094890299 463.78401157936776 79.14593686272227 1.0 473.13838036229345 80.53488516788018 1.0 454.42964279644207 77.75698855756436 1.0
0.03864270437767193 0.9992530917632328 -346.8857372854615 446.869735259405 329.86386024473245 1.0 438.1086676210295 330.2026646473139 1.0 455.6308028977805 329.52505584215095 1.0
0.08947206618627929 0.9959893319571039 -477.836232136153 96.91357555673562 471.0544171870693 1.0 90.60221684387126 471.62138139678945 1.0 103.22493426959997 470.48745297734916 1.0
-0.9999958523890339 -0.00288013970663032 183.15464139160687 182.31835329724737 290.62627692473166 1.0 182.39395665097183 264.3764946738558 1.0 182.24274994352294 316.87605917560745 1.0
0.0 1.0 -268.125 394.375 268.1249999999999 1.0 384.375 268.1249999999999 1.0 404.375 268.1249999999999 1.0
-0.36058258100002905 -0.9327272925562743 252.22434549525445 111.21901669020278 227.41985475676213 1.0 119.33862212909477 224.28090052091736 1.0 103.09941125131078 230.5588089926069 1.0
0.22561559252063992 0.9742164053286931 -262.16997078235534 126.22158708856483 239.87731200608067 1.0 103.03733892168248 245.24647624793297 1.0 149.4058352554472 234.50814776422834 1.0
0.06046508184850959 -0.9981703130613798 133.7800249700229 402.52069821238956 158.40830954810346 1.0 413.14457446588204 159.05186059225915 1.0 391.89682195889714 157.76475850394777 1.0
0.9999569559841623 0.009278263786285578 -542.2587902158891 539.4753279678757 302.50093090942113 1.0 539.2839720143669 323.12415538198155 1.0 539.6666839213847 281.8777064368607 1.0
0.07402233358121628 -0.9972565838996457 106.45603905156307 46.85815165013301 110.22698727559381 1.0 53.120043025652635 110.6917822137586 1.0 40.59626027461339 109.76219233742904 1.0
0.09825180843400873 -0.9951615859444369 93.5865431817932 189.35168474905754 112.73615282481205 1.0 225.67952021318854 116.32278195243924 1.0 153.02384928492654 109.14952369718486 1.0
-0.9999331166991007 -0.01156555785177278 186.20634095016558 183.37778189928218 245.6279237592307 1.0 183.5512536639185 230.62993019115703 1.0 183.20431013464588 260.62591732730436 1.0
0.1164321802198722 -0.9931986444862111 73.83414450243053 462.4498815899617 128.5525238754429 1.0 469.37623133286144 129.36449639071787 1.0 455.5235318470619 127.74055136016791 1.0
-0.03009477588525263 0.9995470496501986 -464.67948359011757 122.52396455410721 468.5790578921278 1.0 113.11985401919581 468.2959150435272 1.0 131.9280750890186 468.86220074072844 1.0
0.1360276023098647 -0.9907050476351825 13.023329928825909 221.89389309713897 43.612399348490825 1.0 234.41528030018577 45.33163382992357 1.0 209.3725058940922 41.893164867058076 1.0
0.1338513849644011 -0.9910014161155934 2.078361518010828 50.0695635699702 8.859969121769963 1.0 56.98719838139003 9.794311883676263 1.0 43.15192875855036 7.925626359863663 1.0
-0.9998527152060485 -0.0171623977081436 201.80658494529595 197.25549482094016 266.87080308673376 1.0 197.920623873857 228.12149189895115 1.0 196.5903657680233 305.62011427451637 1.0
0.09832376286129486 -0.9951544792929365 80.40851259276845 437.35067224711077 124.01137606867346 1.0 447.93410898035944 125.05704620860672 1.0 426.7672355138621 122.96570592874019 1.0
0.12920241870834556 -0.9916182405542535 -10.494960530068106 488.75348813142136 53.098228870036095 1.0 500.59040495343896 54.64051421827592 1.0 476.91657130940376 51.55594352179627 1.0
0.05982398999092215 -0.9982089411649077 200.76903933784894 249.38547139289605 216.075276815925 1.0 256.8959525956235 216.52538994732475 1.0 241.8749901901686 215.62516368452523 1.0
0.08436311487810791 0.996435078089919 -409.9122417606833 521.9018377551906 367.1919878296673 1.0 510.6268275669481 368.14658587692384 1.0 533.1768479434331 366.2373897824108 1.0
0.32580528870608455 -0.9454368904644798 243.90517812875444 155.14763291136097 311.4465919738391 1.0 177.0108341947385 318.9808300366997 1.0 133.28443162798348 303.9123539109785 1.0
-0.05989447521243064 0.9982047143943108 -224.7079596458982 79.38248685101664 229.8752237171414 1.0 73.1175409348207 229.49931320252065 1.0 85.64743276721256 230.25113423176214 1.0
-1.0 0.0 216.875 216.875 292.5 1.0 216.875 280.625 1.0 216.875 304.375 1.0
0.29809094809352754 -0.9545374726351511 230.3084563263907 543.974972872063 411.15459893420484 1.0 554.7228755311577 414.5110438989287 1.0 533.2270702129682 407.79815396948095 1.0
0.10416948561820473 -0.9945595599389906 92.1031576826192 274.9833933438307 121.40855227232606 1.0 305.5998314587766 124.61529698461976 1.0 244.36695522888476 118.20180756003235 1.0
1.0 0.0 -218.125 218.12499999999994 290.0 1.0 218.12499999999994 304.375 1.0 218.12499999999994 275.625 1.0
-0.004399871581983858 -0.9999903205181848 112.02189305934883 220.62962970386604 111.0522259494727 1.0 229.38221020687502 111.0137153464858 1.0 211.87704920085707 111.09073655245959 1.0
0.10062407461759643 -0.9949245175425885 88.65197487003627 181.8125707483586 107.49227169473005 1.0 210.6468962179153 110.40850027934982 1.0 152.97824527880192 104.57604311011028 1.0
-1.0 0.0 211.875 211.87500000000003 256.25 1.0 211.87500000000003 235.625 1.0 211.87500000000003 276.875 1.0
0.0884379493458657 -0.9960816879731793 91.88166029462961 264.42205368280236 115.72003167601932 1.0 284.43079968110976 117.49652499623409 1.0 244.41330768449492 113.94353835580455 1.0
0.0615299071978589 -0.9981052402027668 99.89772487931917 298.10407078888807 118.46450246693698 1.0 310.6335133238951 119.23690141382886 1.0 285.5746282538811 117.6921035200451 1.0
-0.10215728572878467 0.9947682589289465 -114.30317287238663 403.7380847289097 156.366026315623 1.0 395.63436386521954 155.5338182909825 1.0 411.8418055925998 157.19823434026347 1.0
-0.9997290302038192 -0.023278018982102043 454.3211280198157 447.82261291352177 284.3825118250025 1.0 448.28838580671743 264.37880432876835 1.0 447.35684002032605 304.38621932123664 1.0
0.0803225520951709 -0.9967689238860322 133.43883703202175 188.1024984629971 149.02923456413066 1.0 224.3688208388244 151.95168077862132 1.0 151.83617608716978 146.10678834964003 1.0
1.0 0.0 -215.625 215.625 289.375 1.0 215.625 304.375 1.0 215.625 274.375 1.0
0.04819880530125782 0.9988377621853969 -358.4486611694612 303.7720650905192 344.2072612432796 1.0 293.08148056656336 344.7231342123786 1.0 314.4626496144751 343.6913882741806 1.0
1.0 0.0 -213.125 213.12499999999991 258.75 1.0 213.12499999999991 275.625 1.0 213.12499999999991 241.875 1.0
0.07272747775072463 0.9973518506424991 -233.6040873045539 136.28909042872633 224.28606852098238 1.0 124.34089779172503 225.1573376860309 1.0 148.2372830657276 223.41479935593387 1.0
0.0692006040441723 -0.9976027648317349 134.699586101692 116.8746186366605 143.13049777169067 1.0 124.42499660206303 143.65424403060945 1.0 109.32424067125797 142.60675151277187 1.0
-1.0 0.0 320.625 320.625 293.75 1.0 320.625 284.375 1.0 320.625 303.125 1.0
-1.0 0.0 160.625 160.625 243.75 1.0 160.625 234.375 1.0 160.625 253.125 1.0
0.0714315391096669 -0.9974455048875723 135.5604499135443 253.10469116523768 154.03358560092158 1.0 263.098197184687 154.7492653173302 1.0 243.11118514578837 153.31790588451298 1.0
-0.09018361442911461 0.9959251556660776 -128.84278159348824 167.48540444385543 144.5361831774245 1.0 153.11504736803465 143.23490994985173 1.0 181.85576151967618 145.83745640499728 1.0
-0.9999611015305574 -0.00882017152862166 175.64031165947864 174.15318665596268 169.37304349215307 1.0 174.28548408252442 154.37421042353998 1.0 174.02088922940095 184.37187656076617 1.0
-1.0 0.0 218.125 218.125 240.625 1.0 218.125 229.375 1.0 218.125 251.875 1.0
-0.07945893125902213 0.99683814044366 -127.76016633117541 173.11784213049924 141.96479780132495 1.0 164.3240775792741 141.26383833294742 1.0 181.91160668172435 142.66575726970245 1.0
-0.02998706165317369 0.9995502869457887 -141.30660682019573 251.8697074997978 148.92641341979066 1.0 245.60659416391397 148.73851655437346 1.0 258.1328208356817 149.11431028520784 1.0
