line_hom_a line_hom_b line_hom_c centroid_x centroid_y centroid_z point1_x point1_y point1_z point2_x point2_y point2_z
0.999988214222596 0.004855040257643985 -552.4026108349077 551.0618362908872 277.49908644685024 1.0 550.8221067712894 326.8759569725883 1.0 551.3015658104848 228.12221592111223 1.0
-0.9999533111762741 -0.009663098240504311 551.0799190445485 548.4180058395687 278.1217917580234 1.0 548.8891182444743 229.37030465764303 1.0 547.9468934346629 326.8732788584038 1.0
-0.9999647348066433 -0.008398163077706463 617.7601443299598 615.3253582494184 292.5027325079997 1.0 615.4041323324597 283.1231450518943 1.0 615.2465841663771 301.88231996410514 1.0
-0.999773034311103 0.021304456443898296 608.60842395646 615.4061257749368 312.5179823630514 1.0 615.205590802723 303.10730069728623 1.0 615.6066607471506 321.9286640288165 1.0
0.9999946242781373 0.00327893501412949 -489.46673691289567 488.5758487221294 272.501478311608 1.0 488.434445409794 315.62601465684367 1.0 488.71725203446476 229.37694196637244 1.0
0.9999509854153749 0.009900846772921145 -378.52015143422307 375.8467589512293 271.8771957090184 1.0 375.4507444917481 311.87327463834555 1.0 376.2427734107104 231.88111677969124 1.0
-0.22567607607473783 0.9742023961618599 73.22680785734975 372.52758810509226 11.130907189836128 1.0 362.9430096671831 8.910619022593199 1.0 382.1121665430015 13.351195357079057 1.0
-0.9998979593872787 -0.014285335598290368 489.9420581055244 486.0810819716862 273.74758670302265 1.0 486.67934690358874 231.87220474462734 1.0 485.48281703978375 315.62296866141793 1.0
-0.13794232227392278 -0.990440263582654 92.86033004692659 353.0670139629773 44.58365420527868 1.0 360.6804726372302 43.523299322022915 1.0 345.4535552887244 45.64400908853443 1.0
-0.13320906785654665 -0.9910879598909421 91.26804242637027 415.5393006225654 36.23738859326775 1.0 469.3256896502648 29.008126372649283 1.0 361.7529115948661 43.46665081388622 1.0
0.9982248627438397 0.05955773165628588 -656.7936717631304 633.2752768292688 413.75896606306435 1.0 632.7877953558918 421.92946069607393 1.0 633.7627583026458 405.58847143005477 1.0
-0.9999471020572596 0.010285576662908946 569.7872839309398 569.894517039223 7.494656184988563 1.0 569.8238074402557 0.6203835124636714 1.0 569.9652266381903 14.368928857513454 1.0
0.999865090434163 0.01642561813397126 -434.7204931098372 430.15877769944683 281.2526083737539 1.0 429.4503498556735 324.37623783495155 1.0 430.86720554322017 238.12897891255622 1.0
-0.9998202887147465 -0.018957591470462328 378.671830013804 373.5849315956227 271.8718701381536 1.0 374.34332359763755 231.8743993837672 1.0 372.8265395936079 311.86934089254 1.0
-0.15436408748527122 -0.9880140325394368 98.31587565353631 334.53009498533925 47.242692175933335 1.0 343.54820349890537 45.833732337618265 1.0 325.5119864717732 48.651652014248405 1.0
0.9988041412469499 0.04889056583782733 -565.7494039827108 566.0295870525306 8.114210984141186 1.0 565.6618523756877 15.626803890698321 1.0 566.3973217293735 0.601618077584053 1.0
0.9998507960456363 0.017273842852921068 -333.2500886912527 332.9005546545653 23.110324624966832 1.0 332.51176468917265 45.614405488865955 1.0 333.289344619958 0.6062437610677085 1.0
-0.14892479377246495 -0.9888485252048611 98.9794011538167 485.63728541134697 26.95657413271648 1.0 495.7836596260661 25.42848702033265 1.0 475.4909111966278 28.48466124510031 1.0
-0.06604169137475803 0.9978168644597872 -225.70953442913617 228.2039392610597 241.3073151320973 1.0 210.57433586914345 240.14047894427776 1.0 245.83354265297595 242.47415131991687 1.0
-0.9999344308218955 -0.011451377947289435 430.92018054674537 427.74896633077276 279.3778511945003 1.0 428.19276008929 240.62577599727368 1.0 427.3051725722556 318.1299263917269 1.0
-0.44546167364988737 0.8953010093309631 191.13896470345327 455.09364847462837 12.942924773588096 1.0 451.09072814462695 10.951250944221933 1.0 459.0965688046298 14.934598602954258 1.0
0.3845656637031811 -0.9230976385521371 -7.963935298080495 147.82957199467845 52.95890719392095 1.0 182.66757209926925 67.4725383340972 1.0 112.99157189008764 38.4452760537447 1.0
-0.9997875059373644 -0.02061414493848074 328.8287987027623 323.4091500096631 266.2429721755259 1.0 324.14363846129487 230.62022966604027 1.0 322.67466155803135 301.86571468501154 1.0
0.999448298989256 0.033212913866183746 -239.1766194361108 238.31150287268733 30.006197723136477 1.0 237.33365403944512 59.43178070541176 1.0 239.28935170592953 0.5806147408611917 1.0
0.9999429353832767 0.010682976040213885 -441.076436729225 441.01490206037306 8.115811069955958 1.0 440.9347843122209 15.614955125127889 1.0 441.09501980852514 0.616667014784027 1.0
0.017101237959872683 0.9998537631375101 -245.48585243288443 256.21604060180954 241.1395044379678 1.0 246.8010354996736 241.30053622939678 1.0 265.6310457039455 240.97847264653882 1.0
-0.9589956386259962 0.28342082685702097 410.08883150216593 433.7714613960866 20.803369330653403 1.0 431.2928079922642 12.416484604181615 1.0 436.250114799909 29.19025405712519 1.0
-0.13365884789839225 -0.9910274024357119 91.80768679992175 281.21118930584873 54.712234079402926 1.0 324.47643427048183 48.877094928051655 1.0 237.94594434121566 60.5473732307542 1.0
0.010271065823068394 0.9999472512122117 -231.8634900499416 306.86189092516065 228.72375627053967 1.0 266.8468534843173 229.13477503474869 1.0 346.87692836600394 228.31273750633065 1.0
-0.20069897196984127 0.9796529603131147 -136.17158356173388 179.35083373566627 175.74296050653317 1.0 108.2673282940328 161.18026632390277 1.0 250.43433917729973 190.3056546891636 1.0
0.9610737459871049 -0.2762919737783088 -577.5848604769021 602.6361976822509 5.765522158390255 1.0 604.0593040618452 10.715757087300304 1.0 601.2130913026565 0.8152872294802066 1.0
-0.13458033366991298 -0.9909026863367032 93.54778860388294 605.1317583875984 12.220124955544048 1.0 638.4069303990278 7.700827739005609 1.0 571.8565863761689 16.739422172082488 1.0
0.9954614775997837 -0.09516536457585488 -434.66999334604066 438.83055391730943 22.79104674355592 1.0 439.3634295985176 28.365104231347356 1.0 438.2976782361013 17.216989255764485 1.0
-0.12449255866948682 0.992220541430142 -391.33414393046144 604.3462821058445 470.2288850417421 1.0 570.5789351865261 465.99214205776093 1.0 638.1136290251628 474.4656280257233 1.0
0.7251171335736508 -0.688625545995741 -343.2843541745672 480.86189249049664 7.837122779316841 1.0 486.9465132693463 14.244179275692398 1.0 474.7772717116469 1.4300662829412847 1.0
0.0701434766872857 0.997536912940178 -161.3204259041456 408.1614380292168 133.01819899576154 1.0 178.11230702926792 149.19448846224762 1.0 638.2105690291656 116.84190952927545 1.0
-0.999904049732241 0.013852484580896687 612.3167333129984 615.9688778300107 259.3788946142144 1.0 615.6917347893042 239.3740754686511 1.0 616.2460208707172 279.38371375977766 1.0
-0.05961970974858916 0.9982211629741647 -250.28075505819157 208.67146877437625 263.18985932592517 1.0 202.99207082194607 262.85065187367906 1.0 214.35086672680646 263.5290667781713 1.0
-0.9979736520535175 -0.06362852981929304 444.178870390358 444.1279379683925 14.944399308670892 1.0 445.0483357707848 0.5085360441237174 1.0 443.2075401660002 29.380262573218065 1.0
-0.9999398722231186 -0.010965944483391903 620.4772305155013 616.4293088318897 372.51567466378276 1.0 616.9433817296103 325.6394581701924 1.0 615.915235934169 419.3918911573731 1.0
0.008714686862257483 0.9999620263954492 -231.4655222768445 545.6181956618466 226.71923990206173 1.0 474.3572673803764 227.34028016068572 1.0 616.8791239433168 226.09819964343774 1.0
0.14778227092391794 0.9890199191121328 -98.05891426521798 558.7547488577131 15.656781314781647 1.0 553.0698970934158 16.506228618479952 1.0 564.4396006220106 14.807334011083343 1.0
-0.9995558108047047 -0.02980236712996689 187.37357750774407 186.0966428949036 45.62042756422536 1.0 186.69409081925076 25.582336568630424 1.0 185.49919497055646 65.6585185598203 1.0
-0.9992103677989185 -0.039732114003033496 259.12405797155213 251.00373630410445 209.36520769043688 1.0 251.75108513538035 190.57036831903395 1.0 250.25638747282855 228.16004706183983 1.0
0.9181962881755936 0.39612570780064554 -327.2262038565661 340.4950364053584 36.81893146478734 1.0 338.73879313483144 40.889800939743935 1.0 342.25127967588537 32.74806198983074 1.0
0.9995046889464093 0.03147025220969583 -112.42333482864467 111.90833291312235 18.126049515019233 1.0 111.35663831085112 35.64803625227915 1.0 112.46002751539358 0.6040627777593177 1.0
0.397034922830939 -0.9178035029638046 -9.44423315243389 68.65143903953165 19.408060212602994 1.0 113.84578705136401 38.958796745344365 1.0 23.457091027699306 -0.14267632013837517 1.0
-0.029672685918067356 -0.9995596689094692 193.31254206141094 264.3727615572757 185.54959539811915 1.0 275.64993081415764 185.21482408649808 1.0 253.0955923003937 185.88436670974022 1.0
0.07285221290377993 0.9973427470408668 -51.78358429114929 348.09719386553246 26.49433556402689 1.0 340.6369997024698 27.039275260117858 1.0 355.55738802859514 25.949395867935927 1.0
-0.041187490488586054 -0.9991514352825864 195.95911944710426 383.1643906223693 180.33056190508464 1.0 428.2423742264857 178.4723360592557 1.0 338.0864070182528 182.18878775091358 1.0
-0.9980974476333573 0.061656184018941566 601.1150915564489 616.6651069977506 233.17657443965504 1.0 616.350284813823 228.08019646498119 1.0 616.9799291816784 238.27295241432887 1.0
-0.1171299459834048 0.9931165972603241 -333.4241783989587 57.96906283039645 342.5721536982952 1.0 44.18959798866938 340.94697899368936 1.0 71.74852767212353 344.19732840290106 1.0
0.9998667469849053 0.0163244685617459 -376.2638976583338 376.23241410614014 4.999712881369131 1.0 376.1608375178817 9.383748428469335 1.0 376.3039906943985 0.615677334268927 1.0
0.9214253533886375 0.3885554247885681 -171.6425082567928 40.22867776691315 346.346431020197 1.0 37.931709435182036 351.7934913924451 1.0 42.52564609864426 340.89937064794884 1.0
-0.05220069789985564 0.9986366141589081 -385.4674669312303 76.18590869347511 389.9761124452362 1.0 68.05046765534297 389.55085695801245 1.0 84.32134973160724 390.40136793245995 1.0
0.1309009001989597 -0.9913954580928349 353.3042852320864 66.31577698173074 365.12682924001444 1.0 83.22605948079436 367.3596125190547 1.0 49.4054944826671 362.89404596097415 1.0
0.018645575547153057 -0.9998261561454148 177.4797004652697 309.3488068213062 183.27954903654907 1.0 321.89106693803365 183.51344735687314 1.0 296.8065467045787 183.045650716225 1.0
-0.03853629285082069 -0.999257201191623 194.99478638100086 533.7328910367967 174.55635964382975 1.0 638.1694950077401 170.5287683988829 1.0 429.29628706585333 178.58395088877657 1.0
0.3053771444687727 -0.9522314842705519 366.9861092460411 35.640788090633876 396.82576934456165 1.0 43.16834841675412 399.2398303320199 1.0 28.11322776451363 394.41170835710335 1.0
-0.0309851988240832 -0.9995198434517606 193.35893871171456 286.25628858280504 184.57785696201256 1.0 295.66100071028217 184.2863100987239 1.0 276.85157645532786 184.86940382530125 1.0
-0.9332017386173451 -0.3593529115529251 217.7750113017708 94.35105788905288 361.00010844134977 1.0 97.06012598619674 353.96494335151556 1.0 91.64198979190903 368.03527353118403 1.0
0.9994036604397868 0.03453003764196718 -67.7133269546322 53.37247730357862 416.23695634863657 1.0 52.228606702160896 449.3440290364728 1.0 54.51634790499634 383.12988366080026 1.0
1.0 0.0 -278.125 278.1249999999999 283.75 1.0 278.1249999999999 296.875 1.0 278.1249999999999 270.625 1.0
0.1297041386850397 0.9915527401041118 -388.44257235312034 38.64492021652359 386.696693734742 1.0 35.492112293926176 387.1091097560995 1.0 41.79772813912099 386.2842777133845 1.0
0.9999136536522708 0.013140975601789395 -328.8141609361675 325.4174286240086 260.622272074066 1.0 325.0232333962124 290.617091516873 1.0 325.8116238518048 230.62745263125905 1.0
-0.9994689756459992 -0.032584762100359314 256.6417858674189 248.15893177679982 264.3761062463184 1.0 248.81160816116352 244.3566322572435 1.0 247.5062553924361 284.3955802353933 1.0
-0.12925205013143268 -0.9916117725888604 90.1520449949545 535.5254640454522 21.111367823758854 1.0 565.5049107260877 17.203684340774714 1.0 505.54601736481663 25.019051306743 1.0
-0.9941770221978387 0.10775921554019523 182.90807891070338 186.02898837784238 18.909443494382696 1.0 185.41911483239554 13.282803932372959 1.0 186.63886192328926 24.536083056392435 1.0
-0.11071366498581467 0.9938523453639423 -341.08000203414286 83.74786104123027 352.5192009648511 1.0 71.9496483918973 351.20489771972336 1.0 95.54607369056323 353.83350420997886 1.0
-0.997347465837754 -0.07278758401684936 270.89893134370277 250.91280039947145 283.72539077894646 1.0 251.77817150521926 271.86793334325245 1.0 250.04742929372364 295.58284821464053 1.0
0.19074654284782294 0.9816393209278057 -384.8410783671069 82.8058177919813 375.9488307240916 1.0 73.53786469232193 377.74972640476267 1.0 92.07377089164065 374.1479350434205 1.0
-0.0943010073601439 -0.995543730838009 213.1843489424962 330.0356727165175 182.87659989309935 1.0 337.0255619978842 182.21449577838214 1.0 323.0457834351508 183.53870400781653 1.0
0.9981735198831321 0.06041211967907271 -49.65885150783716 25.614057173249694 398.7871643754329 1.0 24.97106976534572 409.41107572960397 1.0 26.257044581153668 388.1632530212619 1.0
-0.9997001590344584 -0.024486568287093426 255.38608347695924 247.76337478868163 314.3355249929856 1.0 248.28280885562836 293.1288653563118 1.0 247.2439407217349 335.5421846296594 1.0
0.4003210029960898 -0.9163749748657504 -147.08889191427522 393.8878904938596 11.559354813014728 1.0 402.08646869613165 15.14092691951649 1.0 385.68931229158756 7.977782706512968 1.0
-0.999846527787747 -0.017519157251026353 337.0459106976277 336.70345694211596 22.496994248894335 1.0 337.0873969937631 0.5849169715747737 1.0 336.3195168904689 44.4090715262139 1.0
0.02899194954460764 0.9995796450816727 -238.4803607378029 360.0366350080192 228.1380957520474 1.0 346.9226670054606 228.51845513664523 1.0 373.1506030105777 227.75773636744958 1.0
0.24183960767101936 0.9703162392547738 -43.27137989107665 128.8980119009472 12.468857856763599 1.0 119.48466961538742 14.815019770905344 1.0 138.31135418650703 10.122695942621853 1.0
0.13339083010061492 0.991063512820984 -90.08525879546823 529.4935907500841 19.631102286250222 1.0 518.195890556344 21.15170070156397 1.0 540.7912909438242 18.110503870936473 1.0
0.9998347709180817 0.01817775737506728 -227.60106532170695 222.3999658731846 288.1459072551189 1.0 221.58189542925442 333.14239708745106 1.0 223.21803631711484 243.14941742278677 1.0
-0.16276886771929192 -0.986664226422231 48.709753642171876 272.5062798179247 4.413066687945776 1.0 298.0546219663496 0.19838593613283495 1.0 246.9579376694998 8.627747439758716 1.0
0.9998475595772821 -0.017460172031039677 -119.48207709769453 119.99143859209728 28.125149506445634 1.0 120.16620423205222 38.133011874369 1.0 119.81667295214234 18.117287138522272 1.0
0.0887155562748658 0.9960570014185138 -138.00662560570495 432.5580184657157 100.02640434681598 1.0 226.894521901033 118.34418282453939 1.0 638.2215150303983 81.70862586909256 1.0
-0.08450019131722807 -0.9964234630253103 142.21456259795588 432.4829509800251 106.04895851997844 1.0 638.1658186906867 88.60633265139676 1.0 226.80008326936354 123.49158438856011 1.0
0.08371660807266867 0.9964896033239922 -52.64024851441016 395.6428215397275 19.587132090185918 1.0 384.36738842052097 20.534398385932 1.0 406.9182546589341 18.63986579443983 1.0
0.1323386228027404 -0.9912045646155359 378.52452361052127 595.0723368342952 461.3332035174255 1.0 618.2842418166858 464.4322928958013 1.0 571.8604318519047 458.23411413904967 1.0
0.10824195563507526 -0.9941245792355676 346.80906694599514 333.7286918530093 385.19570001795586 1.0 404.4005253426161 392.8905680707241 1.0 263.05685836340257 377.5008319651876 1.0
-0.13780489228699128 -0.9904593942518647 82.7256912916492 528.8293477364159 9.945304215195002 1.0 540.8200646252482 8.277008211442666 1.0 516.8386308475835 11.613600218947335 1.0
-0.05465760769211282 0.9985051556809184 -288.31911376964445 79.99973225281944 293.12989130336086 1.0 73.14527099960999 292.75468196970127 1.0 86.85419350602889 293.50510063702046 1.0
-0.9998957826627742 -0.014436890703962457 187.43131108446676 187.3606357939771 6.247987804483944 1.0 187.44196510583967 0.6151380721021482 1.0 187.27930648211455 11.880837536865739 1.0
0.009259868986150653 0.9999571264941108 -242.10942304994538 186.25365822321967 240.39504515499124 1.0 163.12485391037066 240.60922403533402 1.0 209.3824625360687 240.18086627464845 1.0
0.5613999207640629 -0.8275446386546795 -141.69596576295498 302.679275589982 34.110734637922 1.0 321.7551530208185 47.05166323312902 1.0 283.60339815914546 21.169806042714985 1.0
-0.22087791675301294 -0.9753014641078158 116.19409259399177 503.03197063726054 5.2142225215697104 1.0 510.4353459259398 3.5375695369460347 1.0 495.6285953485813 6.890875506193386 1.0
-0.9998240539411736 0.018757962592914054 36.446096524584384 43.89855437848881 396.88393872187874 1.0 43.711007756455565 386.8874573334851 1.0 44.08610100052205 406.8804201102723 1.0
0.9997148010905 0.023881299809303605 -97.95422322718721 91.72690928628298 261.8565323219243 1.0 91.3087492829314 279.3614733390695 1.0 92.14506928963455 244.35159130477905 1.0
0.07448489301957685 -0.997222142108699 316.02428153145195 234.41877769690996 334.4138933826802 1.0 245.65278644527572 335.25298820866715 1.0 223.18476894854416 333.5747985566933 1.0
-0.19988749888112894 0.9798188545802977 -136.3003729179388 54.21332813917631 150.16749146833507 1.0 0.40755771817298836 139.19086979530806 1.0 108.01909856017964 161.14411314136206 1.0
-0.9995476292590415 -0.030075518991858327 97.85921062023257 88.65118115648103 307.497026626928 1.0 89.30935085434933 285.6230246742936 1.0 87.99301145861273 329.3710285795624 1.0
-0.00525507758825169 -0.99998619198444 229.64733964325194 422.4996332517388 227.43021164940737 1.0 469.3766231373586 227.1838660289106 1.0 375.622643366119 227.67655726990415 1.0
-0.10951659984466779 -0.9939849668674385 400.2280549622422 78.84235344576662 393.963210251785 1.0 93.18101365700457 392.38338624538 1.0 64.50369323452867 395.5430342581899 1.0
-0.9996011043678337 -0.02824238209867154 432.30161072650463 432.2972004084246 6.261928703564692 1.0 432.4569974779968 0.6061264889695983 1.0 432.13740333885244 11.917730918159785 1.0
0.9998795110190257 0.01552299727353406 -75.28859840336261 70.51394716469085 308.1329789618132 1.0 70.00935993752726 340.6348483541988 1.0 71.01853439185442 275.63110956942757 1.0
-0.5804983788466475 0.81426140284089 154.64416156443366 304.9909120623887 27.512747592582343 1.0 283.9305061443731 12.498488718704067 1.0 326.05131798040435 42.52700646646062 1.0
0.07608605807266283 -0.9971012545208051 315.6307644779973 573.7249913747896 360.3277358849016 1.0 588.0641891714121 361.4219206844118 1.0 559.3857935781671 359.2335510853914 1.0
-0.07536854248587174 0.997155746512828 -314.33449215478004 201.97912516151916 330.4973827642034 1.0 186.8764459813506 329.35586909252106 1.0 217.0818043416877 331.6388964358858 1.0
0.9992446401356183 0.038860637671541735 -172.55872961645125 160.90210813929698 303.0871642222797 1.0 159.7838210405624 331.84228653880473 1.0 162.02039523803157 274.33204190575464 1.0
0.9974487164203089 0.07138668021051477 -89.85809146534758 72.8678917852342 240.6065989518009 1.0 71.07503782631838 265.65720888037765 1.0 74.66074574415002 215.55598902322416 1.0
0.2599377796909424 0.9656253676707873 -43.58287099868882 90.07081942898142 20.888082331586205 1.0 81.86730029441652 23.096396881808303 1.0 98.27433856354634 18.679767781364106 1.0
0.9998170511504891 0.01912757770185098 -327.5816996580255 321.0173620583122 346.2575063090282 1.0 320.33560943739474 381.8933774937962 1.0 321.69911467922964 310.6216351242602 1.0
0.08893246330495201 -0.996037658409818 365.15145475286346 600.0951515877729 420.184308562281 1.0 613.1717087370777 421.35186525957727 1.0 587.0185944384681 419.01675186498477 1.0
0.9997257719011347 0.023417536093288054 -98.00875130176867 90.84728586085083 306.88020681502445 1.0 90.31985031180007 329.39713213553273 1.0 91.3747214099016 284.3632814945162 1.0
-0.06467163973169049 0.9979065983419564 -373.2422956601919 624.4079558653068 414.49147917726964 1.0 618.143760836458 414.08551356406707 1.0 630.6721508941555 414.89744479047215 1.0
0.9941872519695609 -0.10766479471587974 -50.64840269803569 73.08497351802866 204.44701856543645 1.0 74.17709763449291 214.53179954721017 1.0 71.99284940156441 194.36223758366273 1.0
-0.8122359764089133 0.5833289969023133 110.62648842169945 171.73310172388912 49.476908043315035 1.0 168.68032603891297 45.22617774804183 1.0 174.78587740886528 53.72763833858825 1.0
0.055496217124281357 0.998458897443903 -176.43777310639717 403.1556785916445 154.3019531668245 1.0 340.6750095620817 157.77474587107278 1.0 465.63634762120734 150.8291604625762 1.0
0.9996984512190307 0.024556193318010355 -137.02563717170514 136.13055435241716 38.122065984838265 1.0 135.97674754559918 44.383640186166474 1.0 136.28436115923515 31.860491783510057 1.0
0.25054304766012037 -0.9681054597868863 99.60724101833108 267.74446774409404 172.1803696859299 1.0 295.92315103492524 179.4729359237944 1.0 239.56578445326286 164.88780344806537 1.0
-0.35898449724588244 0.9333435223630799 -80.3669616615445 383.5555905710513 233.63045575808326 1.0 376.31011146548406 230.84368474430664 1.0 390.8010696766185 236.41722677185987 1.0
0.9986281509723897 0.05236235370441334 -282.9294963982363 282.20303569302735 21.26720031722443 1.0 281.7781752142866 29.369923061530017 1.0 282.6278961717681 13.164477572918845 1.0
0.9997336007476888 -0.02308089114528832 -445.14018578330587 445.74933575517593 21.247129455258342 1.0 445.9368180372827 29.36780104402785 1.0 445.5618534730691 13.126457866488837 1.0
0.0955881057079793 -0.9954209732807322 352.34378409099503 468.04958183646306 398.9103782768776 1.0 530.5732039970225 404.9143853902015 1.0 405.52595967590366 392.90637116355373 1.0
-0.14836810593557365 -0.9889322045221757 51.10384486476278 126.1927287561521 32.74326447081011 1.0 130.65482896374894 32.07382186062052 1.0 121.73062854855527 33.4127070809997 1.0
0.999765548452837 0.021652901117360242 -281.4146731779105 274.157078537268 338.1473527351461 1.0 273.31763927536326 376.9062446509342 1.0 274.9965177991727 299.38846081935804 1.0
0.9982505497714408 0.05912562795451747 -102.3361904290233 85.78272079944148 282.5093416841199 1.0 85.22938776246167 291.85156818523535 1.0 86.33605383642127 273.1671151830044 1.0
0.0008769778128807042 -0.9999996154548839 242.69086278516093 83.74922001357515 242.7644023468241 1.0 91.87421376471822 242.77152778881373 1.0 75.6242262624321 242.75727690483453 1.0
0.6365386077145571 -0.7712448384843903 -17.250744623482465 248.9727843540647 183.11959813644683 1.0 252.05891027108194 185.66669887077447 1.0 245.8866584370474 180.5724974021192 1.0
0.9999360128778828 0.011312389220784399 -375.39026362673707 371.3203434951863 361.87579580391787 1.0 371.03747187950376 386.87966634102924 1.0 371.6032151108688 336.87192526680644 1.0
-0.9999554393670204 0.009440300859043675 180.94567910489516 181.4022189291855 47.50446339444063 1.0 181.3136086532733 38.11849903745195 1.0 181.49082920509773 56.89042775142931 1.0
-0.21768241540617272 -0.9760196545269642 33.15042729129516 128.803053130562 5.237873592435523 1.0 138.39775754915615 3.097959274869746 1.0 119.20834871196784 7.3777879100013 1.0
-0.2100733328778795 -0.977685631894823 98.14203934451356 417.51019129371446 10.672430491526821 1.0 421.9488511200226 9.71870463854834 1.0 413.0715314674064 11.6261563445053 1.0
0.09969933529487959 -0.9950176091616465 320.6784968437639 79.41344061870622 330.2413555914728 1.0 86.96289418056956 330.9977999950965 1.0 71.86398705684287 329.48491118784915 1.0
0.20712928790357063 0.9783135786099258 -322.4966590815535 465.4955172801982 231.0904284761479 1.0 457.5924520613937 232.7636713982715 1.0 473.39858249900266 229.41718555402434 1.0
-0.07876068261718258 0.9968935524285807 -320.2783560656532 123.81450950202478 331.0584871854593 1.0 109.43053612985828 329.92206538919095 1.0 138.19848287419128 332.1949089817276 1.0
0.9999922016045868 0.003949269554166167 -485.2433948556527 483.7735959430238 373.12509318746606 1.0 483.67485522616255 398.1271715434384 1.0 483.8723366598851 348.1230148314937 1.0
-0.9982253563629031 -0.05954945771503774 51.85186100647712 27.3739548929305 411.8674807382163 1.0 28.26782790885901 396.8835204452731 1.0 26.480081877001986 426.8514410311594 1.0
-0.9998228060695409 -0.018824358242165978 272.2669764978867 266.5258368491679 307.493426062902 1.0 267.8084619648315 239.36904031860934 1.0 265.24321173350427 375.6178118071947 1.0
0.06279181022102043 0.9980266472239944 -178.58765694870704 275.64690601505 161.59817895323334 1.0 239.42233061724016 163.87728309343154 1.0 311.8714814128598 159.31907481303517 1.0
-0.002886919932522301 0.999995832837969 -243.01460930167536 126.24926355802916 243.38009502139823 1.0 113.12437294580455 243.34220435518108 1.0 139.37415417025377 243.41798568761538 1.0
0.05235673302532756 0.9986284456728212 -174.83961182664797 558.7583781164417 145.7848003717271 1.0 484.391188450284 149.6837711171194 1.0 633.1255677825994 141.88582962633478 1.0
0.11352648200551659 0.9935349706394089 -383.2520197599748 61.32017207677096 378.73911585211414 1.0 54.39278821636454 379.5306748232771 1.0 68.24755593717737 377.9475568809512 1.0
0.9997786474063493 0.02103939614938304 -146.809796488156 140.79206081615825 287.5035156368875 1.0 139.83179752792861 333.13461287198425 1.0 141.75232410438792 241.87241840179075 1.0
0.08895759713177961 -0.9960354139851354 321.0849073560537 123.77965930054648 333.4179124138821 1.0 135.61606510643682 334.4750417130863 1.0 111.94325349465616 332.36078311467793 1.0
-0.9997244674753135 -0.0234731576742606 193.43659316409102 186.7982545191816 284.99819804473066 1.0 187.81094426425474 241.8676260884439 1.0 185.78556477410845 328.1287700010175 1.0
-0.9996726355053367 -0.025585578395152263 116.29320953050714 109.00485514584227 286.25652275163065 1.0 110.14107092647689 241.86261434012638 1.0 107.86863936520767 330.6504311631349 1.0
-0.4585738770930033 0.888656288588502 73.62906540482145 166.32713636332613 2.975519801120881 1.0 160.86623121840398 0.15752540114687102 1.0 171.7880415082483 5.793514201094891 1.0
-0.9996805822258362 -0.025273177889077146 60.00670879456194 49.51906812640047 415.59704065631394 1.0 50.34098246187385 383.0862181142503 1.0 48.69715379092708 448.1078631983776 1.0
-0.9986706779587641 -0.05154490261299128 187.00352911781712 182.12767680632612 99.29126619978905 1.0 183.61260445726145 70.52113319529788 1.0 180.6427491553908 128.06139920428024 1.0
0.9999825420722679 0.005908938202845922 -548.2280959310729 545.9737533753087 383.12706079811994 1.0 545.8481906306018 404.3763188426679 1.0 546.0993161200156 361.87780275357204 1.0
0.9990874913813528 0.042710473719161916 -63.466274975236466 46.63748747117813 395.01656488905826 1.0 46.18296266785958 405.6488526155792 1.0 47.09201227449669 384.3842771625374 1.0
0.08440727065860698 0.9964313386580957 -272.13027103178445 447.05375063869394 235.23515871985916 1.0 433.6119788388565 236.37380543481302 1.0 460.49552243853134 234.09651200490532 1.0
0.068550863238945 -0.9976476227351997 324.10353005503526 98.18585610075688 331.61433727628753 1.0 106.93748142190408 332.21568333960363 1.0 89.43423077960968 331.0129912129715 1.0
-0.9995458309160353 -0.030135226867783076 335.2644349317914 324.99598608139627 345.64372205942516 1.0 326.08902708502256 309.38898991526696 1.0 323.90294507777 381.8984542035834 1.0
0.1780359431788455 0.9840239849396045 -356.8601079212098 174.45906150589846 331.0896170685384 1.0 165.5484293845315 332.701785896054 1.0 183.36969362726543 329.47744824102284 1.0
-0.9990268228116693 -0.04410677162093559 27.437804434959297 9.694857876043923 402.4865280554376 1.0 10.219331949621886 390.6070898622105 1.0 9.170383802465958 414.3659662486647 1.0
-0.999515784402394 -0.031115859789935987 288.0803445332154 277.75248960466024 336.23840340351535 1.0 279.0171695664133 295.613860404434 1.0 276.4878096429071 376.8629464025968 1.0
0.9995766524655757 0.029094945363649826 -599.5554350639653 588.3487161424018 393.7383197232715 1.0 587.601886580378 419.39615768239435 1.0 589.0955457044256 368.0804817641487 1.0
-1.0 0.0 548.1249999999995 548.1249999999997 368.125 1.0 548.1249999999997 338.125 1.0 548.1249999999997 398.125 1.0
-0.9994397308013049 -0.033469754941065966 171.87421577513712 164.51850856898486 222.5257362126813 1.0 165.0418806291117 206.89733284363572 1.0 163.99513650885802 238.15413958172687 1.0
1.0 0.0 -546.875 546.8749999999999 334.375 1.0 546.8749999999999 345.625 1.0 546.8749999999999 323.125 1.0
-0.9996360235420959 -0.026978147396482074 172.23417134131242 164.1163432212789 303.11801937851664 1.0 164.85888201643874 275.60432403055023 1.0 163.37380442611902 330.63171472648304 1.0
0.9999271466843264 0.012070680334666399 -429.6968280992342 425.42757973629966 356.2551615543508 1.0 424.98241476310403 393.1323324436288 1.0 425.87274470949535 319.3779906650728 1.0
-0.9990895957588699 -0.042661219466605234 84.88241189821419 72.86962163247681 283.1407828783821 1.0 73.19042697359183 275.6277937379103 1.0 72.54881629136179 290.65377201885394 1.0
0.9986510113259397 0.05192453733715919 -280.33696109994884 261.9324108447243 361.2529850583603 1.0 261.18363232921416 375.6540459078367 1.0 262.68118936023444 346.851924208884 1.0
-0.9992056675121261 -0.039850144436960874 388.9265969197723 375.1532608218705 353.10618618118747 1.0 376.4991199077099 319.3600092163648 1.0 373.80740173603107 386.85236314601013 1.0
-0.999997794391832 -0.002100288425729253 182.11624372953216 182.0562584254788 28.751693378974103 1.0 182.07332598830666 20.625416542696488 1.0 182.03919086265094 36.87797021525172 1.0
0.9999946927251645 -0.0032579934782002926 -370.9063555905759 371.96310415437705 323.7497129557162 1.0 371.99772015136534 334.3746001764252 1.0 371.92848815738876 313.12482573500716 1.0
-0.9996922681585205 -0.024806631856679334 183.59393047040302 180.2538363289199 136.88129876269318 1.0 180.471212167614 128.12118386751246 1.0 180.0364604902258 145.64141365787393 1.0
-0.0018701705100297552 -0.9999982512296026 336.0532113475767 189.37280187063718 335.6996389797075 1.0 216.8727056883494 335.6482093806204 1.0 161.87289805292494 335.7510685787946 1.0
-0.9836476723261854 -0.18010346117517423 173.31132643677014 173.45588093821434 14.94614752566849 1.0 174.513216515369 9.171435187829083 1.0 172.39854536105966 20.720859863507897 1.0
-0.057735694363654826 -0.9983319035252487 178.48871166789272 327.49117609215637 159.84742213961133 1.0 336.87094998565675 159.30496951758948 1.0 318.111402198656 160.38987476163317 1.0
0.01813362819294778 0.9998355722460369 -243.5829370483739 408.74926853624845 236.20966921397144 1.0 391.7778326300223 236.5174735341684 1.0 425.72070444247464 235.90186489377444 1.0
-0.028393186977713477 -0.9995968321944846 210.5944577173356 208.1184063943611 204.7678687033419 1.0 249.38836751740538 203.5956103637901 1.0 166.8484452713168 205.94012704289372 1.0
-0.11680601925180474 0.9931547481971513 -349.46196844664513 312.51460763214186 388.62579716084406 1.0 263.16072636389265 382.82123305234524 1.0 361.868488900391 394.43036126934294 1.0
0.9999061723935622 0.013698409004545995 -618.3937815062865 613.7253021207189 345.00822395561 1.0 613.4941631580178 361.8800574224538 1.0 613.9564410834199 328.13639048876615 1.0
0.016325098452949594 -0.9998667367006974 246.8481786041865 127.4965263797908 248.96274954715372 1.0 139.37856341414454 249.15675082481147 1.0 115.61448934543706 248.76874826949597 1.0
-0.9935172829882866 0.11368116996043318 19.979427807242402 67.3117223291861 412.5215432849151 1.0 65.8050982201629 399.35439263188823 1.0 68.8183464382093 425.688693937942 1.0
-0.33789691464869975 -0.9411831251520022 254.67037546496275 114.97579000660176 229.30756512190956 1.0 127.08508426860998 224.96017186722815 1.0 102.86649574459354 233.65495837659097 1.0
-1.0 0.0 251.8750000000003 251.87500000000009 258.75 1.0 251.87500000000009 246.875 1.0 251.87500000000009 270.625 1.0
-0.9998689885658543 -0.016186590261558692 139.2784867889928 138.83128950421076 28.75131597230464 1.0 139.1045661828354 11.870622025043907 1.0 138.55801282558608 45.63200991956537 1.0
-1.0 0.0 485.625 485.62500000000006 358.75 1.0 485.62500000000006 346.875 1.0 485.62500000000006 370.625 1.0
0.9978195274624969 0.0660014440335927 -33.41052070648869 6.8599630908789635 402.49900537352846 1.0 6.072459687453693 414.40459752210285 1.0 7.647466494304234 390.59341322495413 1.0
-0.1086548816058144 0.9940795323832126 -299.5183486135194 574.9567036773311 364.1461164703919 1.0 563.0193768029218 362.84134276167333 1.0 586.8940305517405 365.45089017911044 1.0
-0.09937127171899557 0.9950504260372685 -356.9618988284441 463.74504102146534 405.04965654175714 1.0 429.40048389588316 401.6198179839402 1.0 498.0895981470475 408.4794950995741 1.0
0.9990301359944584 0.04403166332190824 -43.25332088512681 24.674505723410874 422.485654031962 1.0 24.150925097967555 434.36512403100795 1.0 25.198086348854194 410.60618403291596 1.0
-0.8918477525429114 -0.452335700872878 702.8760245252063 553.2005974151302 463.1633422054488 1.0 560.7863729855374 448.2068466630732 1.0 545.614821844723 478.1198377478245 1.0
0.11335472218768305 0.9935545817708019 -348.1175398354165 19.379545900025175 348.16484483143813 1.0 0.5889098855799801 350.30867000644866 1.0 38.17018191447037 346.0210196564276 1.0
0.9999455543267556 0.010434959614567328 -616.9350125707446 612.9183371262609 388.12284336383914 1.0 612.6835633180472 410.6203933752406 1.0 613.1531109344746 365.6252933524377 1.0
-0.16050588457904708 -0.9870348833833065 380.7628641589036 76.89692244256457 373.2598125995315 1.0 85.61953486028494 371.84139198895747 1.0 68.17431002484419 374.6782332101055 1.0
0.0 -1.0 240.625 126.25 240.62499999999994 1.0 140.625 240.62499999999994 1.0 111.875 240.62499999999994 1.0
0.39228688146314683 -0.9198429228036269 158.4094708803854 134.32241388120002 229.4983050899776 1.0 142.0214050695241 232.78170616727726 1.0 126.62342269287596 226.21490401267795 1.0
1.0 0.0 -45.625 45.62500000000001 426.25 1.0 45.62500000000001 443.125 1.0 45.62500000000001 409.375 1.0
-0.9998666544545184 0.01633013502482 242.12109963328137 242.71508902064403 34.39190248990329 1.0 242.34754330665902 11.8876976659554 1.0 243.082634734629 56.896107313851175 1.0
-1.0 0.0 426.87500000000136 426.8750000000001 381.25 1.0 426.8750000000001 370.625 1.0 426.8750000000001 391.875 1.0
0.9995085041739012 0.031348845019399295 -176.78045947456874 175.8288622118996 33.11179132474027 1.0 175.35824643520328 48.11663347172509 1.0 176.29947798859592 18.10694917775545 1.0
-0.12980194567763223 0.9915399411512886 -308.154841611978 150.02631858792674 330.42395577845275 1.0 141.8773332499049 329.35717661175016 1.0 158.17530392594858 331.4907349451554 1.0
-0.3586956069955775 -0.9334545846060611 289.4813196864739 212.40342729533904 228.49868319501138 1.0 224.63395623182157 223.79889696748964 1.0 200.1728983588565 233.1984694225331 1.0
-1.0 0.0 485.625 485.62499999999983 381.25 1.0 485.62499999999983 371.875 1.0 485.62499999999983 390.625 1.0
-0.08570073338544462 0.9963209243497785 -364.62872081332404 536.8510362466857 412.15359258503184 1.0 525.5769313809622 411.1838256839829 1.0 548.1251411124092 413.1233594860808 1.0
1.0 0.0 -549.375 549.3750000000001 361.25 1.0 549.3750000000001 373.125 1.0 549.3750000000001 349.375 1.0
0.997227915464539 -0.07440755753450318 -33.750942803344046 64.76441482889379 414.39257804500005 1.0 65.41713644986092 423.1405096130247 1.0 64.11169320792665 405.64464647697537 1.0
-0.9866654305304101 0.1627615685481081 32.28440094504358 98.1880016382893 396.8646071706256 1.0 95.71290512121884 381.860499060806 1.0 100.66309815535975 411.8687152804453 1.0
0.2674823192132498 -0.9635627685357613 155.63454358452773 236.1914378524517 227.08596087841985 1.0 247.0227632122355 230.09270638789076 1.0 225.36011249266795 224.07921536894895 1.0
-0.9974527876804371 -0.07132977182442632 618.9496229563622 594.1168470607521 369.35653898562435 1.0 594.745752679008 360.56212332898536 1.0 593.4879414424962 378.15095464226334 1.0
-0.9851023178808958 -0.17196925104706018 172.33684582009562 169.23572056307955 32.693898420385665 1.0 171.32136590159584 20.746564552613947 1.0 167.15007522456327 44.64123228815738 1.0
0.9996810875967369 -0.025253180025598544 -155.533943721123 162.02547927200322 255.01198698016663 1.0 162.3572201339032 268.14439506850647 1.0 161.6937384101032 241.87957889182675 1.0
0.24851362038052363 -0.9686284016512035 99.5636128968415 211.95987660757177 157.1691775179005 1.0 235.597134992899 163.23360908649167 1.0 188.32261822224456 151.10474594930935 1.0
-1.0 0.0 488.1250000000013 488.1250000000001 385.625 1.0 488.1250000000001 374.375 1.0 488.1250000000001 396.875 1.0
0.8144242503274259 0.5802698858967352 -686.7976604117941 518.988041932676 455.1696027163448 1.0 510.6402904979301 466.88589434098463 1.0 527.335793367422 443.4533110917049 1.0
-0.9994697385762165 -0.032561352404186436 442.1198303269968 430.0152224399837 378.75049592620326 1.0 430.4430262247009 365.6190715441427 1.0 429.5874186552665 391.88192030826383 1.0
-0.10900581311219303 0.9940411121818602 -352.466756514138 416.91088097614784 400.29779574898043 1.0 406.8942583244449 399.19938031786177 1.0 426.92750362785074 401.39621118009904 1.0
-0.9994712029938839 -0.03251637104534104 103.88726334467869 94.46738778605953 291.23267222075043 1.0 95.01647221074664 274.3552024157099 1.0 93.91830336137241 308.11014202579094 1.0
-0.6524407697042396 -0.7578397205397321 637.8997975622289 445.60579057169195 458.102687372622 1.0 453.0034829530337 451.7338524059349 1.0 438.20809819035026 464.471522339309 1.0
-0.03475479874355008 0.9993958694953142 -204.72891925401825 84.989280430517 207.80824789241703 1.0 76.85238595936369 207.52528081363047 1.0 93.1261749016703 208.09121497120358 1.0
