line_hom_a line_hom_b line_hom_c centroid_x centroid_y centroid_z point1_x point1_y point1_z point2_x point2_y point2_z
0.19914293842444453 0.979970453674843 -219.19662980182775 433.7320547280927 135.53669239345643 1.0 426.64181736953753 136.9775222638006 1.0 440.82229208664785 134.09586252311226 1.0
0.20398700124462574 0.9789735968468327 -221.10651855506535 464.44378528540904 129.08011406538748 1.0 445.60030758670536 133.0064962693193 1.0 483.2872629841127 125.15373186145564 1.0
-0.021582868955290515 0.999767062753949 -186.77436433402275 595.6589597966063 199.6769057938929 1.0 584.4276864251583 199.43444621464923 1.0 606.8902331680541 199.91936537313657 1.0
-0.17427858472441188 0.9846963871704089 -86.16648095097818 565.4981830363014 187.59153213263926 1.0 554.3753652026796 185.6229365579552 1.0 576.6210008699231 189.56012770732332 1.0
0.13875019647223238 0.9903274120102487 -285.14405355634136 625.0499082180023 200.3562191451179 1.0 611.7481853070657 202.2198620625297 1.0 638.351631128939 198.4925762277061 1.0
0.08636316882612383 0.9962637216471905 -232.72921031616173 547.4906086295427 186.14166352033823 1.0 540.505560560957 186.7471767719986 1.0 554.4756566981285 185.53615026867783 1.0
-0.6308866940827088 0.7758749765454422 161.99675994665898 376.7987556569241 97.59376656450443 1.0 327.56663546116226 57.56168602070358 1.0 426.03087585268594 137.6258471083053 1.0
-0.8704707188966705 0.49222020229112284 410.0422419425721 582.1091449459843 196.38918411908688 1.0 579.8154031245506 192.33279821096454 1.0 584.4028867674182 200.44557002720921 1.0
-0.11056619190428213 -0.9938687625676669 347.29856492593814 461.93634744993483 298.05144627035935 1.0 476.9590147411698 296.38020035017803 1.0 446.91368015869983 299.72269219054067 1.0
-0.7249209886201518 0.688832026155856 264.23721795863815 512.1416049018296 155.37166757123424 1.0 483.48849220116875 125.21737451095775 1.0 540.7947176024906 185.52596063151074 1.0
0.2940322877565903 0.9557954874117295 -150.80786215953862 168.2918679113374 106.01077381221239 1.0 9.610179212896739 154.8261747715003 1.0 326.97355660977803 57.1953728529245 1.0
-0.9988154003894771 0.04866000354303926 476.40564697268167 485.5558441745253 176.22292054218303 1.0 483.9384916066634 143.0244714049742 1.0 487.1731967423873 209.42136967939183 1.0
0.06811530486688101 0.9976774555150035 -339.271374184573 609.9771744510379 298.4156766690861 1.0 584.3436470591114 300.16577688781194 1.0 635.6107018429642 296.66557645036033 1.0
0.7052871293233821 -0.7089217624045568 -240.91000914084202 505.8982467990659 163.47856592906618 1.0 526.8886140318634 184.36131580946144 1.0 484.9078795662684 142.59581604867094 1.0
0.9987595064974761 -0.04979405768681515 -502.56448634989147 516.7140560542857 271.2891839456014 1.0 518.3691863858104 304.4874656261141 1.0 515.058925722761 238.09090226508872 1.0
0.1137377100570645 0.9935108118742216 -295.3285758365726 606.9068799231256 227.77847446806442 1.0 575.5667648117723 231.36630953043854 1.0 638.2469950344789 224.19063940569026 1.0
0.12384129192175594 0.992302037897308 -302.7717226141112 278.252185234645 270.39409601854334 1.0 271.9444294366131 271.18131664021064 1.0 284.559941032677 269.6068753968761 1.0
-0.06089101524102051 -0.9981444205439 359.9106459173545 632.507266941692 321.99412196365245 1.0 638.187383574576 321.64761091640815 1.0 626.827150308808 322.34063301089674 1.0
-0.9678399618489262 0.2515667073526803 224.41103887937442 312.40888961339067 309.86122824286576 1.0 310.6558827050094 303.11697278401425 1.0 314.1618965217719 316.6054837017173 1.0
0.10312841342131233 0.9946680503289542 -297.57178904104916 297.4560721967821 268.3263186794755 1.0 285.51503364034915 269.56438032277487 1.0 309.3971107532151 267.0882570361761 1.0
0.09795108717670124 0.9951912301266035 -315.2612776872113 63.79972139610372 310.5051735389401 1.0 49.37986600060396 311.9244389727204 1.0 78.21957679160349 309.0859081051597 1.0
0.9784813273858161 0.20633538706991458 -425.5509515117092 367.61261114527974 319.1351552906332 1.0 366.0185694221585 326.6944018323788 1.0 369.2066528684009 311.5759087488875 1.0
0.12956570978013596 0.9915708380389014 -304.89867477987616 321.9305111150883 265.42482847508046 1.0 315.5445436108539 266.259264483662 1.0 328.3164786193227 264.59039246649894 1.0
-0.9639634038513046 -0.26603487747926374 469.8903547164121 395.4838533668808 333.25853398133347 1.0 397.9489428573246 324.32641170277435 1.0 393.018763876437 342.19065625989265 1.0
-0.33741030903500047 0.9413576808827266 -138.44484835706447 342.5535452064396 269.85061158474826 1.0 329.1361364410227 265.04141723713 1.0 355.97095397185643 274.6598059323665 1.0
-0.3876752583653225 -0.9217960154239008 501.77875493772797 591.804254821922 295.456785439345 1.0 596.9461880632779 293.29426763227553 1.0 586.6623215805661 297.6193032464145 1.0
0.0997575277951399 0.995011776637946 -317.853963351977 306.86813882743684 288.681564588129 1.0 286.75698288020885 290.6978615260174 1.0 326.97929477466477 286.6652676502406 1.0
0.9993798350265293 0.03521285762824482 -242.91069162124975 229.34040609679442 389.4178244800895 1.0 227.6672827223684 436.90291585113715 1.0 231.01352947122044 341.9327331090418 1.0
-0.39183543298919377 -0.9200353218513793 503.79147717746645 603.910884170188 290.37775838231494 1.0 610.4062730727535 287.61142597895844 1.0 597.4154952676224 293.1440907856714 1.0
-0.9986893907942711 -0.05118105816576923 244.98200857622865 225.60502176382568 384.37397615086616 1.0 226.2472208872166 371.84282743505355 1.0 224.96282264043472 396.9051248666788 1.0
0.9739479534571771 0.22677165598146606 -411.0376246536516 348.6180039139698 315.30321941626704 1.0 346.9293846221576 322.555568905496 1.0 350.306623205782 308.0508699270381 1.0
-0.2828079709029869 0.9591765487092224 -182.37021821915928 375.5550015390809 300.8624080261776 1.0 327.7851264862056 286.77772105986986 1.0 423.32487659195607 314.9470949924854 1.0
-0.05982206597134646 -0.9982090564720999 309.7020672363629 67.46043808717972 306.21485797669584 1.0 80.61311157776738 305.42662619683773 1.0 54.307764596592065 307.003089756554 1.0
-0.35004417639057617 0.9367331928436418 -118.88758348920017 498.3513737092176 313.1442142686165 1.0 489.64883805985266 309.8921976355302 1.0 507.0539093585826 316.39623090170284 1.0
0.9789381458495525 0.2041570635580363 -383.85310472961777 327.1142869174819 311.6642162891992 1.0 325.56325825476915 319.10143691127143 1.0 328.66531558019466 304.226995667127 1.0
-0.9988682317858684 -0.04756317408429219 243.60766685363356 226.8903116669897 356.87572909665096 1.0 227.5463929608418 343.0974484306797 1.0 226.23423037313762 370.65400976262225 1.0
-0.9994068773100304 -0.03443680567958859 239.43766664989766 228.35934883402925 325.6330750147331 1.0 228.57445121170906 319.39048684964195 1.0 228.14424645634944 331.8756631798243 1.0
0.9264005663193512 0.37653949424089017 -495.0472999080988 402.9240305155298 323.41428115088866 1.0 399.4695198003767 331.91341797935314 1.0 406.37854123068297 314.9151443224242 1.0
0.11069438324431344 0.9938544931317467 -299.2421423380683 74.3402031414839 292.8125811295072 1.0 63.090534526714826 294.0655564268173 1.0 85.58987175625298 291.559605832197 1.0
0.05045288267042099 0.9987264423405664 -335.6829529569437 439.44630023589355 313.9114046049099 1.0 423.2061716106425 314.73181074351385 1.0 455.6864288611445 313.09099846630585 1.0
0.9999997306924244 -0.0007339039981334017 -497.8672619514442 498.00637920187205 189.37508705630145 1.0 498.0109661006251 195.62508368995722 1.0 498.00179230311903 183.12509042264568 1.0
-0.9945190044120195 0.1045559652211454 414.50527904168564 459.10152444678573 402.4630434635543 1.0 458.3798095788663 395.5982113098415 1.0 459.8232393147052 409.3278756172671 1.0
0.9977387220379796 -0.06721192264784007 -495.2538755424162 509.13451688738587 189.39119996498692 1.0 510.2298876799544 205.65161644587457 1.0 508.0391460948173 173.1307834840993 1.0
0.9987867487325486 -0.04924459925986639 -479.42449235518006 488.4509697748997 171.26474351118526 1.0 489.2824798165347 188.12956165379043 1.0 487.61945973326465 154.3999253685801 1.0
-0.9986133522978988 0.05264382786569366 495.8252355323179 506.4963088157611 189.36201535597445 1.0 505.70601426653707 174.3707291767705 1.0 507.2866033649851 204.3533015351784 1.0
-0.07310747296491764 0.9973240683933601 -436.88195104023043 272.5069709005949 458.02990374431295 1.0 171.87294278229862 450.65306433657554 1.0 373.1409990188912 465.4067431520503 1.0
-0.08394712789666801 0.9964702101507603 -442.5347785174649 266.2263717513693 466.5304723219059 1.0 159.32030636736172 457.5242250178715 1.0 373.1324371353769 475.53671962594024 1.0
-0.3708719291869457 0.9286840216893758 -105.76222642329122 525.6100419265047 323.7874558513524 1.0 514.4005843879771 319.31093526376833 1.0 536.8194994650321 328.2639764389364 1.0
0.032680074198178255 0.9994658637244203 -326.8514416884119 478.7335762991978 311.3727083525506 1.0 471.8659187115388 311.5972638553229 1.0 485.60123388685685 311.14815284977834 1.0
-0.09409377762217383 0.9955633385238675 -449.1090731909323 228.66987214250327 472.7227963084714 1.0 155.606817522294 465.817380502357 1.0 301.73292676271257 479.6282121145858 1.0
0.9998501293863474 0.017312387648855627 -252.01859645401862 246.20232022265205 338.09170883300226 1.0 246.0941340162102 344.33983559071413 1.0 246.3105064290939 331.84358207529044 1.0
0.015262041508149428 0.9998835282616688 -345.2158530222951 221.25959787544082 341.87879907346974 1.0 215.62637044124537 341.96478363916714 1.0 226.89282530963624 341.7928145077724 1.0
-0.9978924111715851 0.06489018204752019 563.0695046869852 581.4899321896784 264.98439787366556 1.0 580.308381318618 246.81430479578074 1.0 582.6714830607388 283.1544909515503 1.0
0.999995095095005 -0.003132057779199873 -344.4459282757774 345.5966973701328 366.87508864590677 1.0 345.6867435896145 395.62480661456124 1.0 345.5066511506511 338.12537067725236 1.0
0.9999083668350857 -0.013537279386636708 -494.5561821309621 496.97918750415135 175.62358945539503 1.0 497.1145478933802 185.62175687606313 1.0 496.84382711492253 165.62542203472694 1.0
0.9992747789739129 -0.03807776393956738 -473.87925039540266 483.1312024783096 233.77357952632556 1.0 483.6790795698289 248.151518325508 1.0 482.5833253867903 219.39564072714313 1.0
-0.11230393291087429 0.9936739035784073 -453.97125555083176 163.70890570385092 475.36360551773083 1.0 130.65295429784493 471.6276582058044 1.0 196.76485710985688 479.0995528296573 1.0
0.997847904885011 -0.06557102040226352 -475.59431294848724 489.7635535879187 200.01553747062525 1.0 490.2978587929193 208.14649724688388 1.0 489.22924838291806 191.88457769436658 1.0
0.2822497775865257 0.9593409524524411 -160.8332936648652 195.81982693104277 110.0371987630536 1.0 64.19489908704706 148.76285361374863 1.0 327.44475477503846 71.31154391235854 1.0
-0.07804977338600118 -0.9969494635508832 350.03165094642486 220.6312468098508 333.829792079586 1.0 226.89180556513293 333.33966172696097 1.0 214.3706880545687 334.319922432211 1.0
0.06330132749557732 0.9979944598730485 -355.4240378047717 236.3228587408804 341.1486744848604 1.0 230.6809144586436 341.5065347507051 1.0 241.96480302311718 340.7908142190158 1.0
0.11492225879740453 0.9933744885152338 -269.4241778300405 27.561614423886876 268.0325878333256 1.0 20.563361837063383 268.8422069691206 1.0 34.55986701071037 267.2229686975305 1.0
0.9999380743629754 -0.011128676438129216 -385.81933426552126 390.05151285196484 378.12442669463576 1.0 390.35760990702755 405.62797588211083 1.0 389.74541579690214 350.62087750716074 1.0
-0.9976035926478201 0.06918866913131365 498.13289333996096 512.8951363245458 195.59759537092464 1.0 511.85081759122664 180.5399835782872 1.0 513.9394550578648 210.65520716356204 1.0
-0.9988636685632343 0.047658909181782026 492.0662350469892 501.3944026880796 183.77293080063143 1.0 500.7072451511142 169.37107582665084 1.0 502.081560225045 198.17478577461202 1.0
-0.9984760369809821 0.05518698736796995 457.8368701687637 471.5905373412228 236.19663357448766 1.0 470.8596979740097 222.97384991030606 1.0 472.3213767084358 249.41941723866927 1.0
-0.14856603331785478 -0.9889024895024778 364.66549191455465 236.88180000950393 333.1702630131997 1.0 241.95508732847935 332.40808657936225 1.0 231.80851269052854 333.9324394470371 1.0
0.982941705081166 0.18391738474687527 -455.2304439725169 380.83891167493266 439.8061383964806 1.0 376.75750167619924 461.6191285540546 1.0 384.9203216736661 417.99314823890654 1.0
0.9989126859687368 -0.04662022962967624 -495.3456432492368 504.57821371689596 186.26968517734247 1.0 505.30722116427546 201.8898310482998 1.0 503.84920626951646 170.64953930638512 1.0
-0.00204697601814121 0.999997904942396 -409.64819682152404 473.75001266670165 410.61881200611106 1.0 460.62506766190614 410.59194550215994 1.0 486.8749576714971 410.64567851006217 1.0
0.07335577570416464 -0.9973058358251196 358.86793389974764 474.3490620582153 394.72763836368574 1.0 488.11652002706586 395.74028916998924 1.0 460.58160408936465 393.7149875573822 1.0
0.06895352127279979 0.9976198734508458 -327.6017520696125 486.27749536165965 294.772803023154 1.0 481.8373099306216 295.0796998971258 1.0 490.7176807926977 294.4659061491821 1.0
-0.9995636468921844 -0.029538378621663402 290.4945851509073 285.33935802388 178.74155891586582 1.0 287.8327524864574 94.36636371382345 1.0 282.84596356130254 263.1167541179082 1.0
-0.11786627332508985 -0.9930294767087506 295.78185229924986 296.8891515869759 262.61922785554236 1.0 306.9696857850785 261.4227326588495 1.0 286.8086173888733 263.8157230522353 1.0
0.14179566013899975 0.9898959494642583 -312.85202409781914 536.3175576083629 239.22162940535958 1.0 531.9427945552483 239.84828356573252 1.0 540.6923206614775 238.59497524498664 1.0
-0.9992579431753732 0.03851704818548133 484.9893218507818 492.1686617045888 176.91186268241103 1.0 491.54136967269875 160.63785999824225 1.0 492.7959537364789 193.18586536657978 1.0
-0.8074232477810863 0.5899726255875288 71.73342754832208 306.8268068660476 298.3285354680408 1.0 303.65503074799136 293.98771410887167 1.0 309.9985829841038 302.6693568272099 1.0
-0.11280581832696134 -0.9936170526674674 299.0955239336628 588.7977295329281 234.17041162890797 1.0 595.6552977239263 233.39186863848548 1.0 581.9401613419298 234.94895461933044 1.0
-0.9966952159929686 0.08123205289003774 185.3955216524426 198.07879519274388 148.07782738298022 1.0 197.56040024008257 141.7172621758958 1.0 198.59719014540516 154.43839259006464 1.0
0.999982088729412 0.005985166694610346 -347.91152567788777 346.6795384016648 206.87757090498388 1.0 346.5298895254603 231.88041601165773 1.0 346.82918727786927 181.87472579831 1.0
-0.9989058844357317 0.04676573574390398 460.5341597562388 470.63604162712454 204.99948306459663 1.0 470.02017912137774 191.8447946755866 1.0 471.2519041328714 218.1541714536067 1.0
0.9998973649693954 0.014326881281695262 -328.84881899850626 323.54530482328505 372.4970670554814 1.0 323.07039072753696 405.64212797896926 1.0 324.0202189190332 339.35200613199356 1.0
-0.9999984632847029 0.0017531195717215757 386.7653023044243 387.42879622907896 378.12512482891617 1.0 387.3805835940502 350.624113650144 1.0 387.4770088641077 405.62613600768833 1.0
0.03208387627570153 0.9994851799217063 -301.4117088447263 91.24640203817059 298.6379153661013 1.0 85.56706597535549 298.82022433798795 1.0 96.92573810098568 298.4556063942146 1.0
0.9999943190498786 0.003370737006876747 -347.358779496788 346.513854455045 251.2487826664311 1.0 346.4527601938708 269.3735767325742 1.0 346.57494871621924 233.12398860028807 1.0
0.9998395905755467 0.017910698415284358 -237.19979891141065 231.40469760040435 325.62777118659085 1.0 231.2925731961404 331.8869586204616 1.0 231.5168220046683 319.3685837527201 1.0
0.9996621831961496 -0.025990757732466598 -477.29314340088746 484.3114349054503 263.7354029502612 1.0 484.6528705613631 276.86777549299876 1.0 483.9699992495375 250.60303040752362 1.0
0.8043727259211592 0.5941250018255113 -674.796045008639 546.4588807327902 395.9426463908786 1.0 533.9820464004131 412.83475699380585 1.0 558.9357150651673 379.0505357879514 1.0
-0.9996511088464657 -0.02641326526637151 234.8045665896751 223.6574617341679 424.98104085676846 1.0 223.9718819025979 413.08132051379033 1.0 223.34304156573793 436.88076119974653 1.0
-0.9790397749037287 -0.20366914139470516 99.51507012764546 44.21155963628226 276.08598115619446 1.0 45.410962805396345 270.320437094551 1.0 43.01215646716818 281.85152521783795 1.0
0.9999450768444816 -0.01048061517677856 -357.17302057634765 359.6623064115789 235.6285394309446 1.0 360.04227649726465 271.8811076362373 1.0 359.28233632589325 199.37597122565194 1.0
0.29149171495477233 -0.9565733532315888 174.02392129573283 372.15554710477556 295.32934301049943 1.0 423.40773569826393 310.9471608159306 1.0 320.90335851128725 279.7115252050682 1.0
0.20164354623925848 0.9794589732398474 -231.66041576365112 469.47620123649 139.8665726837371 1.0 455.5446469550644 142.73469486821116 1.0 483.4077555179156 136.99845049926307 1.0
0.9994092228464437 -0.03436866726347688 -449.6459884616324 457.5410541005997 221.8520950765315 1.0 460.1201343418278 296.8493755874216 1.0 454.96197385937154 146.85481456564142 1.0
-0.9958440447328223 0.09107490636927769 455.69476539545826 474.06104007055444 180.02871320196084 1.0 473.54050450472175 174.33700004000252 1.0 474.5815756363872 185.7204263639192 1.0
0.9963796218464578 0.08501558191949295 -143.36415842973187 128.68711010011216 178.1196339514392 1.0 127.50882609916506 191.92908088792143 1.0 129.86539410105925 164.31018701495694 1.0
-0.9975173309243588 -0.07042140658594497 160.55952156287697 146.6612535339748 202.52903313198487 1.0 147.3229146449553 193.1566212845134 1.0 145.99959242299428 211.9014449794564 1.0
-0.7600435465298575 -0.6498721469476257 243.1427106647184 41.64795166232444 325.4308632412053 1.0 45.08394518258207 321.41237327628505 1.0 38.211958142066806 329.4493532061256 1.0
-0.07588384218521796 -0.9971166644356161 305.7298518414133 300.52931217634534 283.7426582418328 1.0 321.79881903612653 282.1239791449203 1.0 279.2598053165641 285.36133733874533 1.0
-0.9970849975877009 0.07629880461405951 540.3171606405695 560.9810065540316 249.39558388043753 1.0 559.7338498343223 233.09754014105016 1.0 562.2281632737411 265.6936276198249 1.0
0.6794490489954995 0.7337226927246502 -587.9189330946767 452.0656498118468 382.65595439590595 1.0 447.84089603464497 386.56820212195134 1.0 456.2904035890486 378.74370666986056 1.0
0.9993434839252152 0.03622983765093372 -263.98047474054204 256.60813674661074 208.13798376023382 1.0 255.1574335322752 248.15336606262306 1.0 258.05883996094633 168.12260145784458 1.0
0.998828973180357 -0.04838059875067104 -346.34306232540854 363.9151690108132 354.3972729808388 1.0 365.12619345803216 379.399160852167 1.0 362.7041445635943 329.3953851095107 1.0
0.9990305341064375 -0.04402262966936529 -472.4575121606985 481.0409428377292 184.3842121769257 1.0 482.4739249876039 216.9036898479868 1.0 479.6079606878545 151.86473450586462 1.0
-0.81187311117716 -0.5838339244575625 672.3173746207974 547.3856977450699 390.36725279432335 1.0 555.9969795871998 378.392497838299 1.0 538.7744159029401 402.34200775034776 1.0
-0.9931338655202548 0.116983439669025 438.2590328352159 474.63529217823634 283.09433960729143 1.0 473.7468341544877 275.55175277641695 1.0 475.523750201985 290.6369264381659 1.0
-0.9967868417013505 0.08009988895776812 584.292585335551 606.8184121658576 256.879547290395 1.0 604.9061124461275 233.08232081707027 1.0 608.7307118855878 280.6767737637198 1.0
0.1439671935181137 0.989582461036228 -248.05577567351872 32.54472339314048 245.9324136848009 1.0 20.55968268357774 247.67603055665745 1.0 44.52976410270322 244.18879681294436 1.0
-0.1275449903566089 0.991832786025413 -460.75377120004106 55.64701868057505 471.7037753267431 1.0 28.119993719380734 468.16393052357716 1.0 83.17404364176937 475.24362012990906 1.0
0.9973479407833525 -0.07278107594152888 -578.6073070447608 599.3474788267172 263.12700834685745 1.0 600.715126237079 281.8684230730952 1.0 597.9798314163554 244.38559362061974 1.0
-0.9999129186022955 -0.013196787951588065 320.78032674680526 318.54804273737943 171.25558329150047 1.0 319.6946315483959 84.3792184771177 1.0 317.40145392636293 258.1319481058832 1.0
0.026864882027082194 0.999639073923019 -327.07074033484247 464.3839682197209 314.70870639214166 1.0 460.60310569455635 314.81031549121434 1.0 468.1648307448854 314.607097293069 1.0
-0.20930356396626526 -0.9778507136117556 237.87906520010688 473.1500633702481 141.99209420526932 1.0 478.18685801003556 140.91399603097864 1.0 468.1132687304607 143.07019237956004 1.0
0.9988459235152304 0.04802937722901048 -236.98685531378698 229.92789618732002 152.49653289747965 1.0 227.9117783134359 194.4248533512993 1.0 231.94401406120411 110.56821244366002 1.0
-0.9956131190098981 -0.09356557729946645 120.68540836476485 101.83459956045787 206.2462032536768 1.0 107.4204003204746 146.80878323917088 1.0 96.24879880044115 265.68362326818277 1.0
0.996570249193498 0.08275106296845583 -142.93938948307613 124.5438115061204 227.4621199982509 1.0 121.68760069268004 261.8594391382415 1.0 127.40002231956078 193.0648008582603 1.0
-0.9968848791486016 -0.07887038560117625 162.15139641770008 150.04854514367997 159.37884073856588 1.0 152.13188256305406 133.04642768253635 1.0 147.96520772430588 185.71125379459545 1.0
0.011498009557286186 0.9999338957032213 -480.42102910724407 447.51071646749716 475.3069664450835 1.0 383.12985555254113 476.04726713624655 1.0 511.8915773824532 474.5666657539204 1.0
0.007733740900117773 0.9999700941786659 -468.8000283814583 438.74842057258525 465.42078056712273 1.0 384.3670058950043 465.8413649159414 1.0 493.1298352501662 465.0001962183041 1.0
-0.6840249307463341 0.729458630847201 -9.89142584923294 165.2536957450755 168.52096669836203 1.0 157.52061236833765 161.2695317333863 1.0 172.98677912181336 175.7724016633378 1.0
0.9956613936741182 0.09305046559213245 -123.29974416025001 104.21810715745005 209.92692747403413 1.0 98.90011945658154 266.83061959522934 1.0 109.53609485831858 153.02323535283895 1.0
0.9996163112542943 0.02769892189883275 -293.68464796272724 289.9181000692887 139.9977305894684 1.0 288.7226038279855 183.14155933538842 1.0 291.11359631059184 96.8539018435484 1.0
-0.04162626696824477 0.9991332513225093 -418.6630250775628 453.13417145038613 437.90486253125613 1.0 429.3733364359813 436.91492964653946 1.0 476.8950064647909 438.8947954159728 1.0
-0.017828007773581206 0.9998410684397923 -402.9914027576146 394.37344031205106 410.08747135883675 1.0 369.37024552461764 409.6416433516613 1.0 419.3766350994845 410.5332993660123 1.0
-0.508066126481467 0.8613180661765536 -168.86105611235834 128.97080713199824 272.125668467119 1.0 125.83195484683382 270.2741520706266 1.0 132.10965941716267 273.97718486361134 1.0
0.9999653932605843 0.008319391877109842 -327.91897949625843 326.47961129922106 174.3717104926153 1.0 326.17795726495405 210.62960042738425 1.0 326.7812653334881 138.1138205578464 1.0
0.9999816040883975 0.0060655984696707296 -347.8800327069564 346.8476575587598 171.25362521746297 1.0 346.77560690729325 183.13197924788568 1.0 346.91970821022636 159.37527118704025 1.0
-0.9993999189575113 0.03463815797238348 473.5862627954914 489.0119403893501 436.8659214195303 1.0 488.5352016443893 423.11078283919244 1.0 489.488679134311 450.6210599998682 1.0
0.3159633787818144 -0.9487713861983716 80.63381420369298 617.4985729553293 290.6292851141655 1.0 625.1871522604816 293.1897644146868 1.0 609.8099936501771 288.0688058136442 1.0
0.9944655111637596 0.10506353842224388 -169.34175610076326 151.8619248474028 174.37361863304272 1.0 151.06451142270743 181.92143361155138 1.0 152.65933827209818 166.82580365453404 1.0
0.0795209608601197 -0.9968331940620173 440.2883752261405 267.4582610378618 463.02321780943066 1.0 373.1584806863695 471.4553036184152 1.0 161.75804138935405 454.5911320004462 1.0
-0.9991986304135351 -0.04002620366354734 261.21700221701207 254.29125024633186 178.12164512680957 1.0 257.296817701101 103.09182442073347 1.0 251.2856827915627 253.15146583288566 1.0
-0.6242328069365635 0.7812383776697731 148.63734905961016 341.75186001188 82.81131040229535 1.0 327.49197781191566 71.41723844333801 1.0 356.01174221184436 94.20538236125269 1.0
-0.9952522618121877 0.09732900573685517 322.55006403922334 355.07627592311076 316.8675407255598 1.0 354.22276984889123 308.1398870892527 1.0 355.9297819973303 325.59519436186696 1.0
-0.11440593729152282 -0.9934340851372315 300.08765065127733 621.3098483230605 230.5196877493784 1.0 636.9434397672815 228.7192908139725 1.0 605.6762568788395 232.3200846847843 1.0
-0.8539822082215148 0.5203022083761565 -3.8005889079957083 135.77414323125714 230.15334095494634 1.0 132.1511055883062 224.206778290042 1.0 139.39718087420812 236.0999036198507 1.0
-0.9988974669769016 -0.046945185771596384 233.48392218255898 225.5467008496562 174.37132017471242 1.0 226.01838993428018 164.33474189544123 1.0 225.0750117650322 184.40789845398365 1.0
0.9993952069587605 0.03477384516926855 -264.1030333283052 259.93456590408516 124.3944700334514 1.0 259.28143911264357 143.16523817041622 1.0 260.5876926955267 105.62370189648658 1.0
-0.12375511025062938 0.9923127897426569 -444.5254085962239 70.71379281268062 456.78802743190346 1.0 58.17497731903673 455.2242639594699 1.0 83.25260830632452 458.351790904337 1.0
0.13945147063167904 0.9902289065355858 -279.69121311887847 555.6876625242587 204.19495940126268 1.0 543.1718297876284 205.9575329534825 1.0 568.203495260889 202.43238584904282 1.0
-0.11449098952478177 0.9934242866558257 -453.910724161105 14.395248804030306 458.5743036086688 1.0 0.6122273779181064 456.9858264766782 1.0 28.178270230142505 460.1627807406594 1.0
0.9952092368101482 0.09776796493618194 -103.87488386097178 82.9423550525809 218.1684563423152 1.0 76.18729360308498 286.93023893794077 1.0 89.69741650207682 149.40667374668962 1.0
-0.04236293668372621 0.9991022878542168 -424.499368748674 455.6059645727963 444.19893816053013 1.0 423.08493047038985 442.8200137747914 1.0 488.12699867520286 445.5778625462689 1.0
-0.17503785964401913 -0.984561703343798 222.8915128933988 460.64575999331953 144.49177184824867 1.0 465.70798819832675 143.59179616665887 1.0 455.58353178831237 145.39174752983845 1.0
-0.04116455089579919 0.9991523806454885 -407.2968268178627 455.64396645025874 426.41464336993613 1.0 436.8743266311726 425.64134411289047 1.0 474.41360626934494 427.18794262698185 1.0
1.0 0.0 -346.875 346.87500000000006 121.875 1.0 346.87500000000006 145.625 1.0 346.87500000000006 98.125 1.0
0.9946038409242995 0.1037458414522272 -81.47490653166584 56.953987237963055 239.31804611433176 1.0 51.60516110520744 290.59685345356115 1.0 62.30281337071867 188.03923877510235 1.0
-0.9965174590738745 -0.08338437360170539 211.04964090554293 201.2709064883632 125.6790467278792 1.0 201.79893508123962 119.36863520875008 1.0 200.74287789548677 131.98945824700832 1.0
-0.9999325553207422 -0.01161399198083379 318.6972062022373 314.3922802535708 372.49294147167814 1.0 314.77705209406446 339.36515127557624 1.0 314.0075084130772 405.6207316677801 1.0
-0.999296795663478 0.03749552208871257 462.64369104641827 472.88943901441087 264.3838386975488 1.0 472.5129900709402 254.35106139547216 1.0 473.26588795788155 274.4166159996255 1.0
-0.09503607134789034 -0.9954738294615075 294.7590165825841 64.31146722708368 289.9595136025268 1.0 71.86198571800645 289.23867936984277 1.0 56.76094873616092 290.6803478352108 1.0
0.022521939990824805 -0.9997463489400946 403.8420866723432 390.6194967517232 412.7442885636957 1.0 415.6208884492475 413.30751126923064 1.0 365.61810505419896 412.1810658581607 1.0
0.9999887423297105 -0.0047450198991986535 -358.6966802621069 359.4807015154989 164.3774641093827 1.0 359.5815461252358 185.62995126513934 1.0 359.379856905762 143.12497695362603 1.0
-0.04633943515397189 0.9989257513697456 -422.7970898265496 400.003125710674 441.80761996238675 1.0 388.09576334292336 441.2552461292579 1.0 411.9104880784247 442.3599937955156 1.0
-0.9950374569482173 -0.09950105160260679 101.60814023801238 79.30372018918354 228.11787221191048 1.0 80.05865031339856 220.56836656474775 1.0 78.54879006496853 235.6673778590732 1.0
0.9975135519089471 0.07047491580694792 -372.61654604877066 359.9546947998167 192.36432931457665 1.0 359.54684229524446 198.13714075865562 1.0 360.362547304389 186.59151787049768 1.0
-0.04574300643503009 0.9989532408287611 -423.0769120776302 353.1391581347277 439.690809247738 1.0 329.41029371954625 438.60424227615573 1.0 376.8680225499092 440.7773762193203 1.0
0.28252417811373565 0.9592601778355849 -176.75905870640156 23.28223689119397 177.40886966459317 1.0 18.34256870561288 178.8637155203179 1.0 28.221905076775062 175.95402380886844 1.0
-0.11194731136450291 -0.9937141437446984 301.90085583035443 80.66423784460197 294.72329957661134 1.0 100.6917029008099 292.467096542165 1.0 60.63677278839405 296.9795026110576 1.0
-0.9951093875897997 -0.09877908043028974 101.45498834921274 83.90450085576572 181.82829611659753 1.0 86.50916386622616 155.58868544269302 1.0 81.29983784530526 208.067906790502 1.0
-0.9999729186622663 -0.007359479741702243 345.7597669678865 344.4030227697311 185.6206064391841 1.0 344.48584852586276 174.36661621075913 1.0 344.3201970135994 196.874596667609 1.0
-0.11893929647295615 0.9929015277229248 -453.2939255715608 63.08409853863405 464.09144412049363 1.0 42.99798275987404 461.68533594874077 1.0 83.17021431739406 466.49755229224655 1.0
0.3215510558735545 -0.9468922422676206 148.36535300156248 338.23642535027693 271.54687854668197 1.0 350.96635783260757 275.86978145809434 1.0 325.50649286794624 267.2239756352696 1.0
-0.9963508379703703 -0.08535225641856799 140.65215871489033 127.35490693347448 161.2375706225692 1.0 128.80362969133097 144.32605364171238 1.0 125.906184175618 178.14908760342598 1.0
0.9999359575883383 0.0113172753740914 -328.16088014190643 325.45145238332395 241.24803578803866 1.0 325.2461798030053 259.38486001318995 1.0 325.65672496364255 223.11121156288738 1.0
-0.1118499568275024 -0.993725106434212 302.712868522793 303.79839360622145 270.4299504698724 1.0 324.5127041858896 268.09842565577054 1.0 283.08408302655334 272.7614752839742 1.0
0.33397028592825606 -0.9425836027202038 136.80146369899907 333.86434427556446 263.4272795552382 1.0 342.06684715186424 266.3335387167806 1.0 325.66184139926463 260.5210203936959 1.0
-0.9963213035638412 -0.08569632468693285 140.6493047933683 121.3313315565134 230.63199554997902 1.0 123.91571333689751 200.58549549591598 1.0 118.7469497761293 260.6784956040421 1.0
-0.9999994660097649 0.0010334312677243564 348.5578805838112 348.8028608162209 236.8749453719505 1.0 348.76798186207225 203.12433552208432 1.0 348.8377397703695 270.6255552218167 1.0
0.28606567866678684 -0.9582100122044805 160.8463840685305 496.71759720796797 316.15223882143755 1.0 504.2891229077513 318.41265523356464 1.0 489.14607150818466 313.8918224093104 1.0
-0.9999253227014655 0.012220843684868811 337.58042665218176 341.9901760238881 358.74859234669606 1.0 341.73795325939136 338.1113977564096 1.0 342.24239878838495 379.3857869369825 1.0
-0.11191918662433979 0.9937173117468299 -446.4738742608194 13.79501097004519 450.85035288406306 1.0 0.6258834020652126 449.3671563768294 1.0 26.964138538025168 452.3335493912967 1.0
-0.9990437242265299 -0.04372227216860162 405.2577626050738 385.7577001805696 454.43551266041356 1.0 386.2514949201375 443.15241800058016 1.0 385.2639054410018 465.7186073202469 1.0
0.9995729004069821 0.02922356535355448 -294.22636764205436 287.59117033158805 231.25266546056056 1.0 286.6584657482563 263.1552144584177 1.0 288.5238749149199 199.35011646270345 1.0
-0.6906279342696655 0.7232102435712693 198.3882496172651 461.9372821202575 166.80977954608187 1.0 456.824770855424 161.9275988453125 1.0 467.04979338509105 171.69196024685127 1.0
-0.9996722913878804 0.025599020123915843 494.65240835325835 500.4643039707755 220.62911500940996 1.0 500.2403859486106 211.88484897043386 1.0 500.6882219929404 229.37338104838605 1.0
-0.993662254602434 -0.11240695609439683 75.52965375650768 47.60368253200899 251.12032408980224 1.0 49.37260109887092 235.48332374366657 1.0 45.83476396514705 266.7573244359379 1.0
0.9996412921174058 0.026782215999492737 -262.77697245117605 258.70182303853363 155.62370925121002 1.0 258.5005801665437 163.1350624786359 1.0 258.90306591052354 148.11235602378417 1.0
-0.38902406348328344 0.9212275929600428 -195.98550106502165 537.068479466492 439.54183136742824 1.0 494.50478555856336 421.5676615884741 1.0 579.6321733744206 457.5160011463824 1.0
0.99993919782585 -0.011027268537391584 -369.49678314996277 373.3790745050858 350.0040905437537 1.0 373.4825248622631 359.38484216143155 1.0 373.27562414790845 340.62333892607586 1.0
-0.025166260161926236 0.9996832795187993 -398.72281720665677 511.86279315773004 411.7348943003246 1.0 493.10894436399514 411.2627805344449 1.0 530.6166419514649 412.20700806620425 1.0
0.9999963494664783 0.0027020462092853226 -327.727896438053 327.42848048173323 111.25318432034284 1.0 327.3592362372244 136.8796860035572 1.0 327.49772472624204 85.62668263712848 1.0
-0.06265890781242116 -0.9980350000234233 340.49923545535376 544.4214348722718 306.9896175478776 1.0 548.1957967164534 306.7526545246973 1.0 540.6470730280902 307.22658057105787 1.0
-0.029358401109771535 0.9995689492397599 -423.99964327194107 399.3849025708059 435.91284600247013 1.0 386.8773354259095 435.5454854782896 1.0 411.89246971570225 436.2802065266506 1.0
-0.9986399019410445 -0.05213776223795013 234.22343719758877 227.36410228423736 137.4929049472394 1.0 228.70341220878208 111.83993722660954 1.0 226.02479235969264 163.14587266786924 1.0
0.9983765198901728 0.0569589723571922 -299.0820817440165 288.8353162166193 188.12986742619364 1.0 288.4067897592981 195.64107655507777 1.0 289.2638426739405 180.61865829730948 1.0
-0.9903272754006941 -0.13875117151735336 421.6608238027882 381.20873664476017 318.1192187405896 1.0 382.6189246304797 308.054095610975 1.0 379.7985486590406 328.18434187020415 1.0
0.9989665447040973 -0.045451540809491604 -586.2687029850719 597.7091243353991 238.11548514355655 1.0 597.8806826195276 241.88611608937043 1.0 597.5375660512707 234.34485419774268 1.0
-0.7071646809605827 0.7070488766711374 245.5135438464255 512.3265392252649 165.17343236904355 1.0 483.57884246592965 136.4210271564369 1.0 541.0742359846001 193.9258375816502 1.0
0.9992813477755571 -0.037904986319298166 -485.6463433076288 496.18998270989823 268.7522765906371 1.0 496.73537329850376 283.1302963544469 1.0 495.64459212129276 254.37425682682735 1.0
0.9974421446836709 -0.07147844436498973 -557.4263632896075 577.3542718938008 258.1354431303478 1.0 579.1526283649802 283.23051272027084 1.0 575.5559154226215 233.04037354042484 1.0
0.0033366171277721905 -0.9999944334775782 407.237216185238 511.87642665115675 408.9474282527341 1.0 530.626217907147 409.0099894756294 1.0 493.1266353951666 408.88486702983874 1.0
0.04457826899819787 -0.9990058948440315 420.7796086206111 449.97089675370717 441.27720824538585 1.0 476.8481576025488 442.4765422735814 1.0 423.09363590486555 440.0778742171903 1.0
-0.14175784485211956 0.9899013655020799 -434.040262053204 78.78571193972587 449.7506219289927 1.0 73.18604399910356 448.9487270263147 1.0 84.38537988034817 450.55251683167074 1.0
0.999920759609456 -0.012588665618267242 -377.9383952039962 382.7287757105736 378.1221197908491 1.0 383.07503562954327 405.62562903459747 1.0 382.3825157916039 350.6186105471008 1.0
-0.03084387149649156 0.9995242146096851 -417.85114734350304 453.7638078384359 432.0525442106141 1.0 433.1391610690987 431.4160974439268 1.0 474.3884546077732 432.68899097730133 1.0
0.011513012432071321 -0.9999337230760542 418.7520253983745 456.8716598701641 424.04009857168313 1.0 474.37653541056267 424.24164577933055 1.0 439.36678432976555 423.8385513640357 1.0
0.9943040295250614 -0.10658094046416408 -517.1278276607578 542.2752515527887 206.96608581075043 1.0 543.3491895096174 216.9849581652658 1.0 541.2013135959601 196.9472134562351 1.0
-0.0026963286012972563 -0.9999963648994299 472.8328242356818 440.62606900662433 471.64646604567974 1.0 495.62735434553827 471.4981639678193 1.0 385.62478366771035 471.7947681235401 1.0
-0.9969142289933616 -0.07849853521290355 508.06535418974585 493.636563415125 203.21449472348687 1.0 494.03169621118855 198.19639463194667 1.0 493.24143061906153 208.23259481502706 1.0
-0.9951984726283052 -0.09787747482586752 101.23379477170516 75.90872066014038 262.4664352780732 1.0 78.43472569257763 236.7825243005437 1.0 73.38271562770312 288.15034625560276 1.0
-0.994755934718641 -0.10227722298753934 102.09731902051413 80.65165250609377 213.81700056400769 1.0 81.2304828194204 208.1872535630858 1.0 80.07282219276713 219.44674756492958 1.0
0.01193140654383423 -0.9999288182355209 417.9522559257866 399.3720477439538 422.747418096813 1.0 411.87772486145565 422.89663903641764 1.0 386.86637062645195 422.5981971572084 1.0
-0.15176644551164228 -0.9884163829160065 387.037980690284 45.043396622377614 384.65763119938435 1.0 50.7263462451227 383.7850424006017 1.0 39.36044699963253 385.53021999816696 1.0
0.980986003039735 -0.19407849401756283 -33.1283498714486 64.62431263795523 155.95337564661043 1.0 65.78941290199324 161.84247251406538 1.0 63.4592123739172 150.0642787791555 1.0
0.9973249884571488 0.0730949204729566 -164.24449771219057 153.64613692080576 150.61738777369297 1.0 152.81600089886686 161.9439668730491 1.0 154.47627294274469 139.29080867433683 1.0
0.996525548726118 0.0832876385552474 -143.2336172503786 130.7816878050023 154.96085939103332 1.0 130.09432038720095 163.185119378265 1.0 131.46905522280363 146.73659940380165 1.0
0.005187621571339722 -0.9999865442006871 411.57805440586424 468.1236404432298 414.0120735644566 1.0 485.62641171327726 414.10287254002816 1.0 450.62086917318237 413.9212745888851 1.0
0.3992463974937977 0.916843669383295 -449.119464339441 147.72839338171218 425.5244907091619 1.0 116.12983388678015 439.2843185463665 1.0 179.32695287664419 411.76466287195734 1.0
0.9983935562679144 -0.05665956938335334 -467.2371230716774 493.16990263113667 443.7119825324686 1.0 494.201226906532 461.8848617509944 1.0 492.13857835574134 425.53910331394275 1.0
-0.2995918632710528 0.9540674585488066 -167.05390695829152 375.07794424649654 292.87678207995526 1.0 328.12276049533193 278.13213183096406 1.0 422.03312799766115 307.62143232894647 1.0
0.19625119970347174 0.9805536531036677 -228.96048029571648 433.8344960831507 146.67217802047384 1.0 413.16195594948834 150.80964748918478 1.0 454.5070362168131 142.5347085517629 1.0
-0.09760685946605065 -0.9952250504208455 349.34284911163553 569.3922328452543 295.17571059432703 1.0 581.83385710234 293.95549626202376 1.0 556.9506085881687 296.3959249266303 1.0
-0.12587526370195684 -0.9920460765448159 289.1839140069801 625.655643034609 212.11650338488607 1.0 638.2697709131826 210.51596616123635 1.0 613.0415151560356 213.7170406085358 1.0
0.1004366288486984 -0.9949434574816344 452.94659086376254 183.6827879994355 473.7908142650986 1.0 234.29675131477453 478.9001456646251 1.0 133.06882468409648 468.68148286557215 1.0
0.561650573577975 -0.8273745422718369 -84.71393571867686 393.9328019161944 165.02640757330914 1.0 400.5347078048454 169.50801057125395 1.0 387.33089602754336 160.54480457536437 1.0
0.9984537415933394 0.05558890085494321 -210.96228382705047 203.5665923382586 138.7049919125074 1.0 202.76487483142165 153.10495003528203 1.0 204.36830984509558 124.30503378973282 1.0
0.08732172863125816 -0.9961801622742992 446.99549211380895 255.41912523411008 471.0986520583947 1.0 362.9149428021672 480.52136590690486 1.0 147.92330766605295 461.6759382098846 1.0
0.9988645264802317 -0.04764092504793025 -482.9229590420667 494.5606128389999 232.49114718050714 1.0 495.48544474318135 251.8816560993547 1.0 493.6357809348184 213.1006382616596 1.0
-0.0884973064384114 0.9960764161213466 -145.70592051230412 559.39897350991 195.98016751815334 1.0 541.870748142042 194.42285654622808 1.0 576.927198877778 197.53747849007857 1.0
-0.13712881577072575 0.9905532231461963 -460.15495475033765 13.194903552918658 466.3700500428099 1.0 0.5903739782323969 464.6251218819243 1.0 25.79943312760492 468.11497820369556 1.0
0.9941131260250723 0.10834709347582269 -82.32235504415992 63.736979008646 174.99858085912916 1.0 62.435920654881876 186.9361340108444 1.0 65.03803736241014 163.0610277074139 1.0
0.10198684056229312 0.9947857479639128 -309.8889722059225 309.417684049539 279.79134277434906 1.0 291.8460694346988 281.5928095342154 1.0 326.9892986643792 277.9898760144827 1.0
0.06050389978855299 0.9981679608715042 -318.86479477429606 569.4089652532768 284.9353445021287 1.0 560.6909965698111 285.46378372704993 1.0 578.1269339367426 284.40690527720744 1.0
-0.11897921724574954 -0.9928967448146806 285.0646127519257 595.5635704844676 215.73736285698084 1.0 604.4112064060939 214.6771470773159 1.0 586.7159345628414 216.79757863664577 1.0
-0.06424899878780285 0.997933898690071 -168.28957933323562 14.282769150462023 169.55755603971215 1.0 9.3034088196882 169.2369747704759 1.0 19.262129481235846 169.87813730894837 1.0
0.6946520216500498 0.7193459312580414 -589.1396303088895 440.8095787975116 393.3161403160839 1.0 436.3484293081211 397.6241462100889 1.0 445.2707282869021 389.0081344220788 1.0
-0.9997051940595078 0.02428013530525951 521.9463523893452 527.018363391714 202.4965180909639 1.0 526.6694393419177 188.129992512414 1.0 527.3672874415104 216.8630436695138 1.0
-0.9999938247154871 -0.0035143322113313337 349.5633610770203 348.95929110859936 172.50073552302655 1.0 349.04935303448275 146.87385556131233 1.0 348.86922918271597 198.12761548474077 1.0
0.031163754651991647 -0.9995142922419821 433.7768704938047 444.96924785720716 447.8613126757907 1.0 475.6034412545526 448.8164530818925 1.0 414.3350544598617 446.90617226968897 1.0
-0.3286014128707657 0.9444686926835302 -217.91817719758328 587.6520330269657 435.1880255117633 1.0 543.4132900035374 419.7963946681603 1.0 631.8907760503939 450.57965635536635 1.0
-0.9994717163998428 0.03250058640628475 550.9409472362621 558.5069393210572 223.71725658378028 1.0 558.2829556499377 216.82921642903327 1.0 558.7309229921766 230.6052967385273 1.0
-0.08830437315865777 -0.9960935386202726 266.69523529103 608.6972289347486 213.77973030674815 1.0 611.907810509421 213.4951100553018 1.0 605.4866473600763 214.0643505581945 1.0
0.4503335888589369 -0.8928603803201427 29.988359253531215 383.145392591014 226.83456833552063 1.0 392.13131470213415 231.3668139617143 1.0 374.1594704798939 222.30232270932694 1.0
0.019422720773226595 -0.9998113611665779 399.7423061590894 406.87069211825604 407.72175415897743 1.0 421.87717039758115 408.01327578868637 1.0 391.86421383893094 407.43023252926844 1.0
0.995135826649379 0.09851236733962317 -345.78675364808225 325.99786281750943 216.97378232277498 1.0 325.48950059974806 222.10907111413266 1.0 326.5062250352708 211.83849353141733 1.0
0.007839381504504006 -0.9999692715766955 415.3773224078284 459.37310752772885 418.99139839569904 1.0 470.62731561171006 419.07962713753057 1.0 448.1188994437476 418.9031696538675 1.0
-0.2781208307240967 -0.9605460965083031 165.5396495133264 156.47648075340948 127.03219672742719 1.0 242.32394893626704 102.17553523729283 1.0 70.62901257055188 151.88885821756153 1.0
0.31915291738512563 -0.9477032316735883 148.36287777934143 381.4567498176847 285.0110702512981 1.0 403.37206016193903 292.39137138145 1.0 359.54143947343033 277.6307691211462 1.0
0.038440035987473545 -0.9992609086886576 417.54626546239825 451.86585659750676 435.23768564334495 1.0 474.40463157667597 436.10471778057706 1.0 429.32708161833756 434.37065350611283 1.0
0.6073401320674657 -0.7944419198281731 -134.87556346977527 339.13800927447835 89.49245765815215 1.0 346.98004782217765 95.48759035239365 1.0 331.295970726779 83.49732496391064 1.0
0.017559003752024956 0.9998458288092402 -446.28163827176456 100.61768438698337 444.583433931495 1.0 86.86095108249668 444.8250257096962 1.0 114.37441769147007 444.3418421532938 1.0
-0.05117765870686664 0.9986895650047032 -421.28056704425717 288.73056307002935 436.62929556818096 1.0 258.0899422598102 435.05912272434585 1.0 319.3711838802485 438.19946841201613 1.0
0.016901380545497453 -0.9998571614664049 411.45604884842913 502.4998481452087 420.00898347328103 1.0 509.3834461096271 420.1253424025387 1.0 495.6162501807904 419.89262454402336 1.0
-0.9944025559534528 -0.10565773380704375 74.10641917006481 43.98042830515297 287.4580757804248 1.0 44.45404790346816 283.0005834403527 1.0 43.50680870683779 291.9155681204968 1.0
0.3742995348494164 -0.9273078551438624 97.97439219742729 526.806260562827 318.29529842175555 1.0 538.2155884619192 322.9005717426768 1.0 515.3969326637347 313.69002510083436 1.0
-0.012766449689155667 0.9999185055604952 -404.12212149051345 311.2499497145583 408.12893855338956 1.0 298.11113209480953 407.96118882860225 1.0 324.3887673343071 408.2966882781769 1.0
-0.9998522810437265 -0.01718767266552028 351.32487179431126 349.2067469508096 126.23636381192611 1.0 349.53989355170063 106.85634679012668 1.0 348.8736003499185 145.61638083372554 1.0
-0.40012098873911445 0.9164623256688915 -78.21241339583513 380.52604791468957 251.47664609152127 1.0 374.1307285377219 248.68449474962395 1.0 386.92136729165725 254.26879743341857 1.0
0.014433707508812123 -0.9998958286179366 411.93479182108547 398.74662649264985 417.7336998948582 1.0 410.62817267864546 417.9052125239669 1.0 386.8650803066542 417.56218726574946 1.0
0.999057874124525 -0.04339774360245832 -492.8792610358095 502.92690389404504 220.60645586335238 1.0 503.3074534994598 229.36707446295756 1.0 502.5463542886303 211.84583726374717 1.0
-0.9978034389508141 0.06624422403446703 495.8045418515704 511.83394731960635 225.00272548966163 1.0 511.1261631059666 214.34172775441186 1.0 512.5417315332461 235.6637232249114 1.0
-0.047776445477527144 0.9988580536079853 -416.71428404729534 357.50404206551536 434.2904928824679 1.0 338.1136148632281 433.36302807936625 1.0 376.89446926780255 435.21795768556956 1.0
-0.9986531426382684 0.051883530129610424 479.4004468689447 494.00880736690897 268.736554050405 1.0 493.39183783029296 256.86113683969273 1.0 494.62577690352504 280.6119712611173 1.0
-0.04539741837265703 0.9989690057279544 -180.8059205513055 596.9037036664672 208.11837656899036 1.0 585.6485449457259 207.6068940841821 1.0 608.1588623872085 208.62985905379858 1.0
-0.9504068384944229 -0.3110093910849574 364.2228912214517 350.26765682319194 100.72401596617766 1.0 351.8026602795882 96.03323226674563 1.0 348.73265336679566 105.4147996656097 1.0
-0.9936564075516799 0.11245863120049869 369.6261991243835 409.1251904523416 328.1532725895762 1.0 408.2712924766007 320.60844311821626 1.0 409.97908842808243 335.6981020609361 1.0
-0.9988959165182685 0.04697816474840669 489.7624283118523 501.7969155267056 244.37867231979834 1.0 501.2075781300929 231.84760129817155 1.0 502.38625292331835 256.9097433414251 1.0
-0.005959771084276245 0.99998224040661 -413.3231594853068 463.1259495649663 416.0906737290817 1.0 453.1225799629043 416.0310548773754 1.0 473.1293191670282 416.15029258078795 1.0
-0.09942736566923868 -0.9950448225864379 430.0454752245386 25.588050331789837 429.63021673357895 1.0 36.912337605231784 428.498665645505 1.0 14.263763058347893 430.7617678216529 1.0
-0.04528221196147673 0.9989742345425511 -417.780667499696 298.7555819029428 431.7518572254305 1.0 265.6419593067561 430.25085947657516 1.0 331.86920449912947 433.25285497428587 1.0
0.005374993796275045 -0.9999855546165105 425.62742357660426 399.9984756705904 427.783592399896 1.0 411.8764919178057 427.84743758580504 1.0 388.12045942337505 427.719747213987 1.0
-0.031771205239991496 0.9994951678310398 -417.2933124359071 399.99304616118434 430.2187618707454 1.0 388.11018591996685 429.84103839222064 1.0 411.87590640240177 430.5964853492702 1.0
0.11580123371738325 -0.993272406880173 442.3576513165479 72.42163945980143 453.7971289563927 1.0 84.42495201708752 455.19654204106206 1.0 60.41832690251533 452.39771587172345 1.0
0.0693024417043769 -0.9975956954467132 445.96875022026774 16.24671895379999 448.1722300468091 1.0 29.395101602616556 449.0856411873999 1.0 3.098336304983429 447.2588189062183 1.0
-0.9944492072191736 -0.10521774689260807 83.99388963232626 61.120930717800086 220.61134381829908 1.0 68.25981737718061 153.13926435917082 1.0 53.98204405841956 288.08342327742736 1.0
-0.9999751757603537 0.007046123973496904 377.1039945793664 379.7557613743668 375.0061249151651 1.0 379.5840163660579 350.63233508182697 1.0 379.9275063826757 399.37991474850327 1.0
0.9952894996992426 -0.09694746922138422 -449.1680398031062 490.7481731536663 405.0488810971623 1.0 492.15285114900996 419.4696934242132 1.0 489.34349515832264 390.6280687701113 1.0
-0.048857730974577435 0.99880574794302 -411.5835127895931 294.3640042117389 426.4747885093972 1.0 269.3321823163969 425.2503281751582 1.0 319.3958261070809 427.6992488436362 1.0
0.03137923994428519 -0.9995075503969537 432.3176412336568 348.7388802048075 443.47919338624695 1.0 375.66582702413405 444.32455681034025 1.0 321.811933385481 442.6338299621537 1.0
0.4278508102256471 -0.903849370298645 56.25838041973996 528.2259037567007 312.2868373863619 1.0 537.0660289920003 316.4714447653208 1.0 519.3857785214013 308.102230007403 1.0
-0.9999952188315125 -0.003092299163316326 345.00307053764345 344.29734801372683 228.75169257189734 1.0 344.3920551992651 198.12505274003058 1.0 344.2026408281885 259.3783324037641 1.0
-0.11161608806165477 -0.9937514019541371 310.2609544749752 588.8009856177823 246.0789401983219 1.0 595.7289841338621 245.3008018319848 1.0 581.8729871017024 246.857078564659 1.0
0.05932878372588091 -0.9982384962630962 421.18494404550006 400.0324808135654 445.7034929514017 1.0 412.0507578087334 446.4177809289474 1.0 388.01420381839745 444.989204973856 1.0
0.06858074006636328 0.9976455693741891 -307.2765000379984 70.58372424085019 303.1495606026047 1.0 60.58799537526093 303.83669289101334 1.0 80.57945310643944 302.4624283141961 1.0
0.650201485957163 0.7597618229807924 -585.9527992128906 424.3397263130665 408.0837826215924 1.0 412.9058158391453 417.8688828406023 1.0 435.77363678698765 398.2986824025825 1.0
0.7081444845664359 -0.7060675527016782 -243.8685557555968 534.7205546764294 190.9036257324989 1.0 540.6497802592878 196.85029241925625 1.0 528.7913290935711 184.95695904574157 1.0
-0.26740470485247336 -0.9635843106976999 163.134948843518 284.6347537568654 90.31101436406429 1.0 326.1559983420867 78.78843556099187 1.0 243.11350917164407 101.83359316713671 1.0
-0.9910548072856118 0.13345549428959025 290.8772822382788 335.4909230414647 311.8088922765167 1.0 334.1571744691234 301.9043323978435 1.0 336.824671613806 321.7134521551899 1.0
0.9976576077590175 -0.06840539218917126 -497.6225164567689 514.3042705137136 226.25484963800318 1.0 514.9499180101512 235.67128767215956 1.0 513.6586230172761 216.8384116038468 1.0
-0.02207573184211627 0.9997563013372983 -410.93127887467125 456.8778745489989 421.1198186544546 1.0 443.12078147561397 420.8160467280273 1.0 470.6349676223837 421.4235905808819 1.0
0.04685063407767849 -0.9989019061381952 420.0916840802983 354.39023612622805 437.1751507032716 1.0 376.92859751008217 438.2322480172488 1.0 331.8518747423739 436.11805338929435 1.0
-0.020465141460434946 0.9997905670614244 -391.91695611605707 506.8775679362434 402.37454773093333 1.0 493.1205387043335 402.0929492056203 1.0 520.6345971681533 402.65614625624636 1.0
-0.9985684554194805 0.0534886889085246 499.18712385648786 513.360380816439 251.2373917394474 1.0 512.655770474899 238.08317774053026 1.0 514.0649911579791 264.3916057383645 1.0
-0.12079215343890638 -0.9926778206787898 292.8957812505363 608.1768812872251 221.05136381313207 1.0 638.1888128008685 217.3994177729606 1.0 578.1649497735817 224.70330985330355 1.0
0.03997095126197682 -0.9992008422010124 422.8892486003681 400.00584538936175 439.2288759326752 1.0 411.91179673584804 439.7051487508101 1.0 388.0998940428754 438.75260311454025 1.0
-0.9994366633513123 0.03356122687262386 463.92837436971473 469.6260769578878 161.8875563895236 1.0 469.3738055808929 154.37504010876538 1.0 469.8783483348827 169.40007267028184 1.0
-0.033247316477852076 0.9994471551547993 -397.1691833153647 48.11703203780474 398.98952480958064 1.0 18.129425474475145 397.99196586843794 1.0 78.10463860113434 399.9870837507234 1.0
-0.03714836946128828 0.9993097611083199 -410.3590557778637 304.37194323657195 421.9572284685807 1.0 280.6083148584558 421.07383867185547 1.0 328.13557161468805 422.8406182653059 1.0
-0.999998795569489 0.0015520501187959196 344.1070626762941 344.347075222774 154.375043340706 1.0 344.3237944990321 139.37507947359956 1.0 344.3703559465159 169.37500720781244 1.0
0.9982502031224147 -0.059131480330342615 -540.5276254829795 555.7672657932603 241.27859482338323 1.0 557.2082589243498 265.60525936436727 1.0 554.3262726621709 216.95193028239922 1.0
-0.992917371651151 -0.11880695717579079 377.9856183917842 343.8124328639394 308.13247036843563 1.0 345.16601044454666 296.820079868662 1.0 342.45885528333224 319.44486086820933 1.0
-0.998983709408862 0.045072700559320535 481.4044339326653 492.66589553774554 238.74251503320176 1.0 492.017364224567 224.36857673202894 1.0 493.3144268509241 253.11645333437454 1.0
0.060403958024403806 0.9981740138147186 -324.8027073955492 551.8448810172358 292.0022845041777 1.0 543.0137559861955 292.53669523647534 1.0 560.676006048276 291.46787377188 1.0
0.12218677377722703 -0.9925071245658204 457.86447553594326 56.92679086129446 468.32930963202386 1.0 83.3154503498542 471.57799680756773 1.0 30.53813137273471 465.08062245647994 1.0
0.05516095196699971 0.9984774756488471 -321.24681292429136 441.24227712821954 297.3602070260732 1.0 424.3842001024177 298.2915325689674 1.0 458.1003541540214 296.4288814831791 1.0
0.038739777860140115 -0.9992493330552426 411.7412720882392 454.9877896623344 429.68995203231924 1.0 474.38210060754113 430.4418477533507 1.0 435.59347871712777 428.93805631128777 1.0
0.35276039921694125 0.9357136852394027 -415.5684926704035 63.02478910137572 420.35918583984756 1.0 33.044555331021265 431.66161670120835 1.0 93.00502287173018 409.05675497848677 1.0
-0.02311278261202414 0.9997328639591325 -415.61365475042516 400.00064020991937 424.972308012108 1.0 388.11754221324844 424.6975831624449 1.0 411.8837382065903 425.2470328617711 1.0
-0.9999994922087443 -0.0010077610101229054 371.5864918378602 371.238372962144 345.6249882827186 1.0 371.25349000435875 330.6243736661409 1.0 371.2232559199292 360.6256028992963 1.0
0.06839157197651467 0.9976585552595543 -329.0231607657094 628.1581660260516 286.733807707268 1.0 618.1622954491695 287.4190454556166 1.0 638.1540366029337 286.0485699589194 1.0
0.9992541233153307 -0.03861602047479591 -494.2715607103195 505.3156684667422 276.23780104110597 1.0 505.9195257412259 291.8636180984514 1.0 504.7118111922584 260.6119839837605 1.0
0.04555581895122591 -0.9989617947447655 415.0177731816386 358.12929018562266 431.78092351036463 1.0 378.14466918614204 432.6936881293767 1.0 338.1139111851033 430.86815889135255 1.0
-0.07334345866856573 -0.9973067417151719 338.754856564039 439.3645669908535 307.35813444652047 1.0 453.1777507364312 306.3422918489033 1.0 425.5513832452759 308.3739770441377 1.0
0.32456355166496637 -0.945863891334595 147.07564418669043 414.1437033284066 297.60264454271646 1.0 424.9925440306335 301.325313630754 1.0 403.29486262617974 293.8799754546789 1.0
0.06142722132890712 -0.9981115651468073 407.9968576818265 399.9839874861585 433.3851822922554 1.0 411.8908185318853 434.1179696594313 1.0 388.07715644043174 432.6523949250795 1.0
0.9990135234121074 0.04440698188040813 -299.86913185623126 283.5810899687895 373.08971003890895 1.0 283.0820042451745 384.317525263462 1.0 284.0801756924045 361.8618948143559 1.0
-0.2875224681714375 -0.9577738930961759 157.23079378230213 21.901409406904353 157.58797309172394 1.0 38.012829521631836 152.75134587675743 1.0 5.789989292176869 162.42460030669045 1.0
0.032397753743087246 -0.9994750549925708 431.2702562396143 282.539538810018 440.65522239966293 1.0 319.45678614402283 441.8518864704922 1.0 245.6222914760131 439.45855832883365 1.0
0.9978016793963725 -0.06627072199530237 -486.56717386311425 504.2025929561165 249.3864507116105 1.0 504.70402049962166 256.9361684442843 1.0 503.7011654126114 241.83673297893668 1.0
-0.35651656523225317 -0.9342890017093194 413.06003432136686 61.79195031529587 418.53235960238214 1.0 77.85013778967276 412.40469478801924 1.0 45.733762840918985 424.66002441674505 1.0
0.9967234094242918 -0.08088538252128949 -452.6476779628039 467.2735497764221 161.8933767259632 1.0 467.78151601860816 168.15287416545263 1.0 466.76558353423604 155.6338792864738 1.0
-0.07947434411094424 -0.9968369117504303 341.92616693723244 478.73748808460743 304.8430645859429 1.0 484.37647397048255 304.3934878302589 1.0 473.0985021987324 305.29264134162685 1.0
0.9930214982934766 -0.11793347246214118 -512.4575167198465 554.7345376853966 325.6565269031162 1.0 556.0607232024881 336.8232525298897 1.0 553.408352168305 314.48980127634263 1.0
0.0946497369206273 0.9955106364579216 -298.58491846032075 589.3887253595864 243.89436111395645 1.0 583.1358259265545 244.48886534590858 1.0 595.6416247926182 243.2998568820043 1.0
0.04559792081478014 -0.9989598738775091 420.59236044510664 288.785966958539 434.2120353795999 1.0 319.43269954037004 435.61091767912 1.0 258.1392343767079 432.8131530800798 1.0
0.042256863040376076 -0.9991067798418679 416.50432934445695 294.37701904105614 429.327262485597 1.0 319.38515187715393 430.38497249765175 1.0 269.36888620495836 428.26955247354226 1.0
-0.9988217975965289 0.04852851374232383 532.3859482293949 546.1914960340896 271.2224763610071 1.0 545.2494201024979 251.8325156368606 1.0 547.1335719656813 290.6124370851536 1.0
-0.027959329104716515 0.9996090615415679 -403.6891043886875 389.3997928804057 414.73859861953554 1.0 365.6334233289907 414.07384699464774 1.0 413.1661624318207 415.40335024442334 1.0
0.07419849440187394 -0.9972434925475799 466.1781334505705 135.57448464513823 477.553937077035 1.0 148.0981593951183 478.48574341898814 1.0 123.05080989515818 476.62213073508195 1.0
-0.19301983636899175 -0.9811948546380008 230.3666792353995 431.2398947563741 149.94863111876424 1.0 451.92505775847735 145.87946304367796 1.0 410.55473175427085 154.01779919385055 1.0
0.2894210924745329 0.9572018759022821 -159.98698291977803 34.51257335154594 156.70499610635846 1.0 11.992664561935968 163.5141518010984 1.0 57.0324821411559 149.89584041161856 1.0
0.9962171800013004 -0.08689839049290045 -598.0177193023026 623.1313807952663 261.8744434136955 1.0 624.6557891747652 279.3505072208703 1.0 621.6069724157675 244.3983796065206 1.0
0.11013477517522562 -0.9939166621488456 450.6795716084204 13.685786866140942 454.95449456536113 1.0 26.925246934737096 456.4215440813072 1.0 0.4463267975447871 453.48744504941504 1.0
-0.3881117724041583 -0.9216123111814983 447.39320128801813 142.96333744218694 425.24111521697813 1.0 154.30718446636232 420.4639648675105 1.0 131.61949041801157 430.01826556644573 1.0
0.999996502237662 -0.0026449031062989103 -359.3891599991358 359.7028494123747 118.12578593726127 1.0 359.7656700136276 141.8772728525002 1.0 359.64002881112185 94.37429902202234 1.0
-0.9998229641298643 0.018815961271540487 403.76177363675504 407.92653311979245 217.50373500636175 1.0 406.59744856343457 146.8802233217966 1.0 409.25561767615034 288.12724669092694 1.0
-0.08154310656484745 -0.996669815822549 334.70631267800445 435.5891400733484 300.1866980024822 1.0 445.62423673231797 299.36567087468103 1.0 425.5540434143789 301.00772513028335 1.0
0.03668660543497881 -0.9993268199051091 413.2707751177069 300.01603724548784 424.5631525636281 1.0 323.1328268386527 425.4118003951837 1.0 276.899247652323 423.71450473207244 1.0
-0.11244771207200872 -0.9936576432805068 311.0822219242671 631.8399592002995 241.56535778667734 1.0 638.1505993113227 240.8512113731786 1.0 625.5293190892762 242.27950420017612 1.0
-0.9987318618834905 0.05034548697486588 531.1115564273213 549.6224002235085 353.8320463494507 1.0 548.2694969287312 326.99373952731435 1.0 550.975303518286 380.670353171587 1.0
-0.9999396234087213 -0.010988609430884873 283.4960444307023 279.4813841594165 366.88303738014133 1.0 279.59133908763835 356.87737740927855 1.0 279.3714292311947 376.88869735100417 1.0
0.12369394475045409 -0.992320416010913 449.5068006238114 64.32774808533368 461.0040730396187 1.0 83.25115958610803 463.36289926036346 1.0 45.40433658455933 458.64524681887394 1.0
-0.998638111693732 0.05217204110227355 488.2566615741846 503.41920181772923 277.48462995839316 1.0 502.6017214683635 261.8370337518933 1.0 504.2366821670949 293.132226164893 1.0
-0.9997589836384149 0.021953920704140845 359.5827891751164 364.7751009282305 232.50493860667308 1.0 364.5141597193647 220.62194416204892 1.0 365.0360421370963 244.38793305129724 1.0
0.11933630856701993 -0.9928538892795843 466.5655972700352 38.50340147786773 474.55164970099713 1.0 76.60382285259566 479.13113887941705 1.0 0.4029801031398117 469.97216052257716 1.0
0.0 1.0 -413.125 307.5 413.125 1.0 300.625 413.125 1.0 314.375 413.125 1.0
-0.9921329062143279 -0.1251890426783104 399.79561102396883 363.4597489386037 313.08837562005556 1.0 364.8864313926758 301.7818061382461 1.0 362.0330664845316 324.39494510186495 1.0
-0.9983256401027893 0.05784389607690607 497.77963380216374 514.8384909286202 280.0093579825711 1.0 514.078469770851 266.89218123132326 1.0 515.5985120863894 293.1265347338189 1.0
-0.9697851604791171 -0.24396053474792453 463.87420371387276 398.1405808081421 318.75391953026406 1.0 399.91592414552326 311.6966238691985 1.0 396.36523747076086 325.8112151913296 1.0
0.04905810824364218 0.9987959261108122 -350.6039560501707 500.0106814726682 326.46746887044435 1.0 491.8746114946315 326.8670902457683 1.0 508.14675145070487 326.06784749512036 1.0
-0.9999986001859201 -0.001673208355278701 320.67013308845344 320.07136493659596 358.1240736518894 1.0 320.10064604182514 340.6241226453479 1.0 320.0420838313667 375.6240246584309 1.0
-0.02964879851654462 0.9995603777393967 -407.9178920487861 398.1277733098433 419.90650242933066 1.0 386.8691402837919 419.5725506745442 1.0 409.3864063358946 420.24045418411714 1.0
0.04545357063563419 -0.9989664523478611 391.2153011598734 501.24762824407765 414.4271258190826 1.0 508.10842430787835 414.739296140488 1.0 494.3868321802769 414.1149554976772 1.0
-0.9970368991373063 -0.0769247798740101 49.91893044767517 36.323896824405736 178.13070139074662 1.0 36.71107943296692 173.1123529720447 1.0 35.93671421584456 183.14904980944854 1.0
-0.5964503193519642 0.8026499962903756 126.46987490016897 336.7472392830958 92.67192905363954 1.0 329.222469396798 87.08026217209049 1.0 344.2720091693936 98.2635959351886 1.0
0.9999567245651558 -0.009303171336974754 -365.0588577972709 367.2377602044553 232.5024397673313 1.0 367.31339929357614 240.63255078719266 1.0 367.1621211153344 224.37232874746996 1.0
-0.9965957930318678 0.08244286088669213 601.5237225760247 624.8251963953378 256.8377577408494 1.0 623.789672759634 244.32001529683265 1.0 625.8607200310416 269.35550018486606 1.0
-0.014870222216982424 0.9998894321329822 -409.9073933119061 478.76564728965445 417.0728597334514 1.0 473.16047683195166 416.9895003863161 1.0 484.3708177473572 417.1562190805867 1.0
-0.12288301436718219 -0.9924211630049184 300.65722528943127 567.5225114601078 232.6818058381478 1.0 573.1387924520154 231.98638985595628 1.0 561.9062304682002 233.37722182033932 1.0
0.11567839162174859 0.9932867207970745 -310.71446525572486 613.7599981997121 241.3358507701106 1.0 608.1384554511575 241.9905368843716 1.0 619.3815409482667 240.68116465584959 1.0
0.9992788880153329 -0.03796977701856744 -474.6944081007926 488.21710082868503 346.8715004284886 1.0 489.83325694228756 389.4050840012912 1.0 486.6009447150825 304.33791685568605 1.0
0.0798043160387578 0.9968105492728225 -329.6481027306222 591.8405987390422 283.32030469612175 1.0 584.3386455904147 283.92090853244525 1.0 599.3425518876696 282.7197008597982 1.0
-0.9991903592561937 -0.040232150942730464 230.06543948681602 215.40357956737333 368.76625003075895 1.0 215.83171171799174 358.13332319583833 1.0 214.97544741675492 379.3991768656796 1.0
0.9999701904767894 0.0077212795451002385 -334.2061553881211 331.4749688477601 355.0017370991446 1.0 331.34463887816725 371.8805566985924 1.0 331.60529881735306 338.12291749969677 1.0
-0.10581073369857259 -0.9943862874326906 307.1959558639043 614.3545604121306 243.55791319379728 1.0 620.6003464302523 242.89331110761205 1.0 608.1087743940088 244.2225152799825 1.0
0.12513274414748685 -0.9921400084373775 457.69125456853584 13.14392252002428 462.9749690124719 1.0 25.758567978886475 464.5659795445451 1.0 0.5292770611620856 461.3839584803987 1.0
0.999868877530027 -0.016193447651569604 -392.8649144295412 399.02023357362265 376.8807456449372 1.0 399.4051053110657 400.64475689135804 1.0 398.6353618361796 353.11673439851637 1.0
-0.99984813157777 0.017427385932561008 404.2173189286044 410.67315494921866 366.8632668870182 1.0 410.19378479837457 339.360728553941 1.0 411.1525251000627 394.36580522009535 1.0
0.9984275717083793 -0.05605697148891788 -499.48120545059373 522.0936198262048 388.7377255339178 1.0 522.8321386464836 401.89144277562986 1.0 521.3551010059259 375.58400829220574 1.0
-0.2833104628467864 -0.9590282486149924 155.83930525091682 289.9869604696644 76.83086016197625 1.0 323.17021573152294 67.0280588153244 1.0 256.8037052078058 86.6336615086281 1.0
0.8431649843894742 0.5376549163724793 -696.071580043222 560.8319298669032 415.13195147135457 1.0 556.6312507134855 421.7195701556835 1.0 565.032609020321 408.5443327870256 1.0
0.032376980918688084 -0.999475728122795 409.7141946841976 305.6305169188578 419.82969299990367 1.0 326.87846620898415 420.5179983077472 1.0 284.3825676287314 419.14138769206016 1.0
0.02979795214790614 -0.999555942430333 405.9670019679902 304.9928585851083 415.23955484111445 1.0 318.12482011207413 415.6310342416943 1.0 291.8608970581425 414.84807544053456 1.0
-0.9991392846411101 0.04148119919735626 549.3850561750635 566.1797931616552 393.12791477263596 1.0 565.7124559039397 381.87136909905547 1.0 566.6471304193706 404.38446044621645 1.0
0.06286133081498572 0.9980222708377648 -326.19585351186095 581.8870667416857 290.19157845980476 1.0 561.8484657896826 291.45372777282154 1.0 601.9256676936889 288.9294291467879 1.0
0.2742206759667644 0.9616667930589736 -168.89599344077627 141.9204981392678 135.15955780695822 1.0 133.00438133773673 137.70200139964712 1.0 150.8366149407989 132.6171142142693 1.0
0.09574084204770948 0.9954062945169653 -299.0395479206769 631.2218168347695 239.70698293988477 1.0 624.3502720600067 240.3679065110217 1.0 638.0933616095324 239.04605936874782 1.0
0.9943420553596907 0.1062255945761932 -86.2631721414588 66.79111651157345 186.86603872416418 1.0 64.38635385825509 209.37621293305193 1.0 69.19587916489179 164.3558645152764 1.0
-0.3857163044666364 0.9226174355975508 -89.8934316925238 384.37403159817063 258.1273163770939 1.0 365.7445872066706 250.33895235132394 1.0 403.0034759896707 265.91568040286387 1.0
-0.999589393230376 0.028653881784649875 365.50806019157915 372.37630220467815 234.36062984540598 1.0 372.12568368699357 225.6178139886426 1.0 372.6269207223628 243.10344570216935 1.0
0.2660319334330957 0.9639642163451135 -167.8211569580236 165.11119409144771 128.527910747749 1.0 155.75857770841887 131.10901757396383 1.0 174.4638104744766 125.94680392153414 1.0
0.5542213726682185 0.8323693111100119 -523.8319590883792 333.855475256358 407.0334102865812 1.0 323.0341879205046 414.2386119215574 1.0 344.6767625922113 399.82820865160505 1.0
0.3481198706289417 -0.9374500283605994 123.11221668170575 525.5380912029841 326.4840362073561 1.0 536.8524917531573 330.68561233046785 1.0 514.2236906528109 322.28246008424435 1.0
-0.04655449450137108 0.9989157517236986 -402.52739866428186 301.24399744350507 417.0037963342229 1.0 284.3474409623373 416.2163318814527 1.0 318.1405539246728 417.79126078699306 1.0
-0.27368401323728225 -0.9618196613182407 196.36155542332781 36.852256326128156 193.67007091520694 1.0 45.76946393686389 191.13269591246336 1.0 27.935048715392416 196.2074459179505 1.0
0.0370121639308436 0.9993148151214192 -348.5029977517304 541.8721236348615 328.6723391990282 1.0 536.8558563839084 328.85812940548146 1.0 546.8883908858146 328.48654899257497 1.0
-0.9999995988366677 0.0008957268019387289 356.2205825990262 356.53534993962637 351.2503042337844 1.0 356.51575492078626 329.37420212662335 1.0 356.55494495846654 373.1264063409454 1.0
-0.9986437414145564 0.05206416938295202 510.4697425811549 525.5962354886897 276.84391533568186 1.0 524.161330153018 249.32097105415494 1.0 527.0311408243615 304.3668596172088 1.0
-0.3434332029056935 -0.9391771053118452 410.49413304959614 4.879091089839321 435.29435380944426 1.0 9.54443724701766 433.58835526629247 1.0 0.21374493266098193 437.00035235259605 1.0
0.2660114342039932 0.9639698734258944 -168.74773595256482 78.22015382943297 153.46981760225452 1.0 70.60980193148882 155.56992537426865 1.0 85.83050572737714 151.36970983024037 1.0
0.03182180169503405 -0.9994935582268062 400.7622374268257 310.6375645597176 410.8553587216703 1.0 321.89605105888586 411.21380557889506 1.0 299.37907806054926 410.4969118644456 1.0
0.07814671381061651 0.9969418694791595 -328.4335406637431 618.1046195244764 280.9899999516472 1.0 610.6017290092219 281.57812475189684 1.0 625.6075100397309 280.40187515139746 1.0
-0.9975951792011782 0.06930987256205977 518.3649112225169 537.6344265466278 259.365660453248 1.0 536.5018423975548 243.06407966267417 1.0 538.7670106957006 275.66724124382176 1.0
0.383879232668916 -0.9233833086673833 88.69462781663796 385.5823571329949 256.352573174778 1.0 404.44934577652145 264.19616862995537 1.0 366.71536848946835 248.50897771960064 1.0
0.36018149313769765 0.9328822498049252 -411.51477019717294 9.585755091708084 437.42086281598677 1.0 0.7108728304870038 440.8474135354761 1.0 18.460637352929165 433.9943120964975 1.0
-0.9999960363842532 0.002815531172517301 395.25833554607044 396.31748975798257 375.6248099797294 1.0 396.2506162031679 351.8732385510962 1.0 396.38436331279723 399.37638140836253 1.0
-0.28310097419047653 -0.9590901096416348 155.88525102265692 185.86050525155872 107.67284521471366 1.0 197.22705847510827 104.3177044845302 1.0 174.4939520280092 111.02798594489713 1.0
0.6231248214899886 -0.7821224052813407 -152.58205424305638 341.97827814450955 77.37036922938861 1.0 353.4290759481278 86.49333551844522 1.0 330.5274803408914 68.247402940332 1.0
0.06076233424002342 0.9981522623015507 -339.2272827261763 606.899978289005 302.91032221672594 1.0 575.651636338356 304.8125592498553 1.0 638.148320239654 301.00808518359656 1.0
-0.26626556063582935 0.9638997101458676 -197.14202719912345 513.1198694986891 346.26857276891 1.0 491.9327633662366 340.4158926267461 1.0 534.3069756311417 352.12125291107395 1.0
0.0 1.0 -408.125 576.25 408.1250000000001 1.0 566.875 408.1250000000001 1.0 585.625 408.1250000000001 1.0
0.0040943136716721775 -0.9999916182626523 440.1156347746207 216.86575804274702 441.0072476196105 1.0 245.6127171702729 441.12494767391627 1.0 188.1187989152211 440.8895475653047 1.0
0.10555094973009171 0.9944138962278614 -345.08297042714287 633.1060150188409 279.821139183186 1.0 627.9649175378387 280.36683521964846 1.0 638.2471124998431 279.2754431467235 1.0
0.9933802426542273 0.11487250978466629 -88.7419357496448 58.2538634116446 268.7649015078813 1.0 57.16756802935002 278.1588319833344 1.0 59.34015879393919 259.3709710324282 1.0
-0.285576677607812 -0.9583558635530353 156.39439167519117 225.31294411200787 96.05019719123916 1.0 250.72969994184518 88.47635853537305 1.0 199.89618828217056 103.62403584710528 1.0
-0.5789820268005014 -0.8153403048065165 523.1343066409772 333.8633759363595 404.5346594820394 1.0 340.79407405931823 399.6130952925623 1.0 326.9326778134008 409.45622367151645 1.0
0.28005496477987607 0.9599839668984802 -169.72493295802752 190.60858858594435 121.19374427755668 1.0 181.70470707717874 123.79126289070373 1.0 199.51247009470998 118.59622566440963 1.0
-0.9995003106290495 -0.031609002711783414 261.76907915673763 249.98136791738006 376.87441076401495 1.0 250.5348735135471 359.3721497674143 1.0 249.42786232121298 394.3766717606156 1.0
-0.5300195403606955 0.8479854284336713 51.75118626292845 383.71479768266363 178.8063206634382 1.0 372.98461943683236 172.09959676094294 1.0 394.44497592849484 185.5130445659335 1.0
0.5268844606933829 -0.8499369182944362 -52.41636644814477 384.9464904068807 176.96131831467412 1.0 395.4207795034725 183.45443567787655 1.0 374.4722013102888 170.4682009514717 1.0
0.9448373065220566 0.3275400192406192 -498.25678149188207 414.9758799782768 324.14997418556925 1.0 412.3866335960853 331.61903577793186 1.0 417.56512636046835 316.6809125932066 1.0
0.3509009429974385 -0.9364125843897596 233.7498882911187 594.9715758830368 472.5758524630826 1.0 610.5209544675125 478.402655412204 1.0 579.4221972985613 466.74904951396115 1.0
-0.04298369684702878 -0.9990757738056522 440.37306456824774 111.26584999449172 435.9934035267599 1.0 120.67720872415258 435.58849430849966 1.0 101.85449126483086 436.3983127450201 1.0
-0.6233466476230073 0.7819456227239578 151.3440549707693 381.06746170107385 110.22898177822735 1.0 361.60484468387165 94.71389131786897 1.0 400.530078718276 125.74407223858573 1.0
0.20407087038790597 0.9789561174328104 -183.09010149547206 303.3921276517678 123.78144819658229 1.0 295.8298837522817 125.35785562401702 1.0 310.95437155125387 122.20504076914754 1.0
0.9989168411384906 0.04653111313841308 -269.9838107842457 252.08154607064256 390.605507759677 1.0 251.55728483913896 401.8602003295099 1.0 252.60580730214616 379.35081518984407 1.0
0.283127946628542 0.9590821475962867 -170.57081244962842 213.10651793167074 114.93739289251971 1.0 206.84838384687689 116.78483907593008 1.0 219.3646520164646 113.08994670910936 1.0
-0.013740813810791678 0.9999055905613375 -303.99858496497706 230.63775628369908 307.1967377033755 1.0 226.87128992537941 307.14497850386425 1.0 234.40422264201874 307.24849690288676 1.0
0.27175259842193566 0.9623671468056908 -168.58498508299203 244.93317307979095 106.01334344950206 1.0 234.27555570906125 109.02283439388414 1.0 255.59079045052064 103.00385250511997 1.0
0.06272116875952244 0.9980310891898305 -344.4205144468743 598.7482221513008 307.47171053555314 1.0 559.332503497428 309.9487876208714 1.0 638.1639408051734 304.9946334502348 1.0
-0.029955954638806584 -0.9995512196889551 431.2078177682441 82.50535810384648 428.9287857973329 1.0 94.3884160325015 428.57265762974197 1.0 70.62230017519144 429.2849139649238 1.0
0.26610694184829997 0.9639435126085686 -168.4185895951258 98.15831068593539 147.6206643441352 1.0 90.70844735670659 149.67727899198326 1.0 105.60817401516418 145.56404969628719 1.0
-0.9993507171905031 -0.036029766177801514 472.63554088347104 461.0895293397699 328.76674775752565 1.0 461.3820811177136 320.65229517793864 1.0 460.7969775618262 336.8812003371127 1.0
-0.9982061698925812 0.05987021286402171 473.4566506429881 490.23822458525365 265.610711812791 1.0 489.56365263018233 254.3636850297393 1.0 490.9127965403249 276.8577385958427 1.0
-0.11845102835264447 0.9929598954047445 -310.7452771215808 528.703129206247 376.01791189877906 1.0 523.0100301897552 375.3387772870614 1.0 534.396228222739 376.6970465104967 1.0
-0.9924046506270091 -0.12301629735073324 76.94630641350385 56.31602906081144 171.18071119203017 1.0 58.871801712217916 150.5626246472071 1.0 53.76025640940496 191.7987977368533 1.0
0.9982560759237313 -0.059032252890717556 -517.3197657943833 534.5958444330118 276.86194028042155 1.0 536.6670821295421 311.8872953023832 1.0 532.5246067364816 241.83658525845985 1.0
-0.05829116616824811 -0.9982996243346712 341.57161619873153 440.6351901649679 316.4245176589885 1.0 455.62059229497396 315.54951325713836 1.0 425.6497880349619 317.2995220608387 1.0
0.28235067175890416 0.959311262394691 -169.50419339794118 120.03371181570832 141.364538861492 1.0 111.71000795767085 143.81442501207502 1.0 128.35741567374578 138.914652710909 1.0
-0.35548518207546403 0.9346819166565566 -232.9785644694649 588.732551508135 473.17087755169985 1.0 579.2962716907452 469.582001390493 1.0 598.1688313255246 476.7597537129066 1.0
0.11315380946244157 0.9935774833419573 -277.7368647883091 624.3384688988438 208.42922883265732 1.0 610.5537201672189 209.99910824077298 1.0 638.1232176304686 206.85934942454168 1.0
0.21406977074958541 0.9768183727035543 -365.78591444024255 245.104936826754 320.75190798979054 1.0 240.0726820541121 321.8547267487697 1.0 250.1371915993959 319.6490892308114 1.0
-0.9996472449936705 0.026559095928971713 476.0633183132036 486.0285901898201 368.75588251947636 1.0 485.4473740440709 346.8797192495419 1.0 486.6098063355693 390.6320457894108 1.0
0.025468281145237612 0.9996756307200386 -375.1554072312156 610.6178844423403 359.7207016229005 1.0 586.8673769717612 360.3257824941498 1.0 634.3683919129194 359.1156207516512 1.0
-0.9999730767483858 -0.007337968272410704 223.1226149164684 220.2621371176395 390.626923605642 1.0 220.2988596248032 385.62260672783975 1.0 220.2254146104758 395.6312404834442 1.0
-0.9988467807900311 -0.0480115455426257 337.7665637917678 319.35182509616834 391.21884419160835 1.0 319.74290973284553 383.0826005871484 1.0 318.9607404594912 399.35508779606823 1.0
-0.9986224406508908 0.05247114472219929 471.8795218874237 491.47833949799576 360.61300223752494 1.0 490.6251372175018 344.37499279010854 1.0 492.3315417784898 376.8510116849414 1.0
-0.26605824592015737 -0.9639569543179245 156.9102241855375 51.219707174115385 148.64024591184375 1.0 60.73254381705923 146.01464253857122 1.0 41.70687053117153 151.26584928511625 1.0
0.9995596825228755 0.029672227330757844 -263.3680702268581 252.55613697471676 368.12666644283934 1.0 252.29606903040334 376.88749955976664 1.0 252.81620491903018 359.36583332591204 1.0
0.9997030988747971 -0.02436624920104569 -502.2922795755854 509.23601800870875 278.76862090415227 1.0 509.55610114972075 291.9010527908595 1.0 508.91593486769676 265.6361890174451 1.0
0.9997806961498893 0.020941814774335658 -315.08325513112084 306.94423930753135 391.86335880956153 1.0 306.76076451393243 400.62260717685473 1.0 307.1277141011302 383.1041104422684 1.0
0.0030762614789035672 -0.9999952682964622 408.07058965480553 598.1252691158138 409.91251896426127 1.0 613.1270498193703 409.95866858272086 1.0 583.1234884122572 409.8663693458016 1.0
-0.9994524034738885 -0.0330891702867781 339.93076169397455 328.17694662488475 360.64741187481064 1.0 328.79771313510514 341.8972717153956 1.0 327.5561801146644 379.39755203422567 1.0
0.6206084827464755 -0.7841205973210482 -152.08277618487077 376.5115380040273 104.04455441048361 1.0 384.5486038707756 110.40565660616276 1.0 368.47447213727895 97.68345221480448 1.0
-0.5520932992771939 0.8337823390389261 -85.37953778276278 428.0051035302248 385.80607004584647 1.0 424.2473157157776 383.31783135893306 1.0 431.762891344672 388.2943087327599 1.0
0.07052891588143606 -0.9975097353031646 417.2199724334756 209.29125063193786 433.0594902041014 1.0 219.3294489524489 433.7692409161918 1.0 199.2530523114268 432.34973949201105 1.0
-0.9987356586083712 -0.050270112632686416 544.7634113393352 531.4848391553228 277.5118203357283 1.0 531.9571050271677 268.129132654049 1.0 531.0125732834778 286.8945080174077 1.0
0.9998801200447017 0.015483718526019982 -312.84343564200054 307.23845014868 364.37094975017783 1.0 307.025424700563 378.12732941297276 1.0 307.45147559679697 350.6145700873829 1.0
0.0363940443073863 -0.9993375173278306 382.06353500811935 474.36708288350593 399.5923946779522 1.0 484.35383761889545 399.9560940167888 1.0 464.3803281481164 399.2286953391156 1.0
-0.3162465405716119 -0.9486770396591707 158.69999575024494 94.62256668791488 135.74265107275107 1.0 103.43501226143393 132.8049754359482 1.0 85.81012111439584 138.68032670955392 1.0
-0.1864062426433858 -0.9824727541787484 143.82465526856916 161.99910517730012 115.65410875526942 1.0 171.99501803172205 113.75756704552903 1.0 152.0031923228782 117.55065046500981 1.0
-0.9992744993545164 0.03808510128358056 520.9702279731217 532.7818827972874 299.98925667082295 1.0 532.4241874643436 290.60406895430964 1.0 533.1395781302311 309.37444438733627 1.0
0.9990416422879248 -0.04376981807874311 -544.2586433211555 560.4699389377333 358.1044111266817 1.0 561.1817142135529 374.3506093451788 1.0 559.7581636619136 341.8582129081847 1.0
0.621616912132782 -0.7833213992675708 -148.62277758168133 382.47334373504225 113.78359049980524 1.0 403.3455606566129 130.34706373605786 1.0 361.6011268134716 97.22011726355262 1.0
0.32802844410667203 -0.944667846312637 138.81036812968182 379.9557113279998 278.87754407474756 1.0 393.0241423303503 283.41545346305725 1.0 366.8872803256493 274.3396346864378 1.0
-0.9979350786110446 0.06423066929098864 505.6618975782737 532.1734025496618 395.6460209794941 1.0 531.7702113253124 389.38174457372384 1.0 532.5765937740111 401.91029738526436 1.0
-0.0656293850720495 -0.997844067885892 340.3452034966174 563.1441979344704 304.04188975343925 1.0 573.1420557054793 303.38431881759226 1.0 553.1463401634616 304.6994606892863 1.0
-0.2994103474620273 -0.9541244383374048 158.12874296650295 126.0325228406232 126.18197026906222 1.0 146.5940296797008 119.72963799492123 1.0 105.47101600154559 132.6343025432032 1.0
-0.998867422624325 -0.04758016414261283 542.1012458487932 530.4491103622013 257.52139297394996 1.0 530.8960841190122 248.1379128516827 1.0 530.0021366053904 266.9048730962172 1.0
-0.026681949619345287 -0.9996439734047871 363.71420269152384 609.3770974382844 347.57858089721884 1.0 631.8777493748207 346.9780058151441 1.0 586.8764455017481 348.17915597929357 1.0
-0.999162621408906 -0.04091522918527399 390.8471505157516 375.1529558793511 391.25626346975434 1.0 375.537261236041 381.87140713977993 1.0 374.7686505226612 400.64111979972876 1.0
0.9983657577879937 -0.05714729806740642 -518.2124257849238 538.594643547814 341.25889273436167 1.0 539.2028824277306 351.8848521550127 1.0 537.9864046678973 330.63293331371057 1.0
0.9987859634299964 -0.04926052430916566 -560.5434847634634 579.0411189763583 361.2356418953241 1.0 579.6268941536383 373.1125764793129 1.0 578.4553437990784 349.35870731133525 1.0
0.9987793045483984 -0.04939535206694826 -521.1172326048606 540.2684649643006 374.36172287124003 1.0 541.2566910100113 394.3437592647395 1.0 539.28023891859 354.37968647774056 1.0
-1.0 0.0 493.125 493.125 389.375 1.0 493.125 380.625 1.0 493.125 398.125 1.0
-0.9999999997771692 -2.1110700196539173e-05 375.0715732073018 375.0637491375884 370.6250013457889 1.0 375.06393385649363 361.87498815550083 1.0 375.0635644186832 379.375014536077 1.0
-1.0 0.0 301.875 301.87500000000006 364.375 1.0 301.87500000000006 351.875 1.0 301.87500000000006 376.875 1.0
-1.0 0.0 305.625 305.62500000000006 361.875 1.0 305.62500000000006 351.875 1.0 305.62500000000006 371.875 1.0
0.99840219486537 0.056507143690084125 -373.6693085974998 364.4332993272392 173.75329960058008 1.0 363.7593578372358 185.66090311564213 1.0 365.1072408172425 161.84569608551803 1.0
