line_hom_a line_hom_b line_hom_c centroid_x centroid_y centroid_z point1_x point1_y point1_z point2_x point2_y point2_z
0.9999602104494965 0.008920623173237132 -427.23116273838036 425.19089619582337 230.60997614678595 1.0 424.78938465377183 275.61754549376707 1.0 425.5924077378749 185.60240679980484 1.0
0.15787369791990666 0.9874593133416152 -184.06364986801893 504.39642559335897 105.75901156737933 1.0 471.5372550893733 111.01249258472862 1.0 537.2555960973447 100.50553055003003 1.0
0.16923905141544268 0.9855750318854477 -189.95409406997183 576.549841663887 93.73141849619131 1.0 537.4502329986103 100.44544885120902 1.0 615.6494503291636 87.0173881411736 1.0
0.10295289727924761 -0.9946862324078929 266.1694503013435 559.3249956043819 325.483120778488 1.0 589.3270348498555 328.58841847335 1.0 529.3229563589083 322.37782308362597 1.0
0.11639882538142372 -0.993202554089459 258.5222650532446 471.73416814881017 315.5766835551433 1.0 500.3836624371472 318.9342740780467 1.0 443.0846738604731 312.21909303223987 1.0
0.9999650877452938 0.008356033182488213 -504.15320386552673 502.1914226869205 236.8724214277088 1.0 501.8361727564332 279.3851209530878 1.0 502.54667261740775 194.35972190232977 1.0
0.9986472419592363 0.051996981904826066 -519.6116568638228 500.92636574255533 372.38552279433986 1.0 500.23468973585415 385.66976182355563 1.0 501.6180417492565 359.10128376512404 1.0
0.999899020031401 0.01421090216151288 -428.87674723101594 424.04364449600325 343.1114079529766 1.0 423.6169818258885 373.1319922116663 1.0 424.47030716611795 313.09082369428694 1.0
0.9999823893907158 -0.005934720586058412 -616.5484224638253 616.8931357354618 56.25360163327065 1.0 617.0674870956449 85.63127615413039 1.0 616.7187843752786 26.875927112410906 1.0
-0.07551902551486717 0.9971443610557525 -243.81177776976818 403.7433630080967 275.0876340631463 1.0 384.2435379877425 273.6108090007367 1.0 423.2431880284509 276.56445912555597 1.0
-0.20106207746135407 0.9795785017072008 -279.52796610499917 470.25612714057684 381.8771433987918 1.0 442.03713168357126 376.08509116349893 1.0 498.47512259758236 387.6691956340847 1.0
0.15680025743422307 0.9876303353322848 -184.0445503302788 390.6184029134603 124.33344724429614 1.0 380.28353853016233 125.97425285533853 1.0 400.95326729675816 122.69264163325374 1.0
0.9999450713786786 0.010481136650635568 -504.73846260686395 501.20248039007737 339.9929508428677 1.0 500.9991448863738 359.3920238195894 1.0 501.4058158937809 320.59387786614593 1.0
-0.071781005274346 -0.9974204165154251 214.79286402136572 390.7403695915054 187.22809800026792 1.0 423.25190252861063 184.88835191266682 1.0 358.22883665440014 189.56784408786902 1.0
-0.19845503058019248 0.980109994254428 -281.81951569851276 564.6298694157638 401.86627624334017 1.0 528.3487456937947 394.5199869901586 1.0 600.9109931377329 409.2125654965217 1.0
-0.08513871955555356 0.996369107526142 -237.55333629078046 478.18656070301995 279.27956183688315 1.0 473.0637482295712 278.84182275884655 1.0 483.3093731764687 279.71730091491975 1.0
-0.06384036350240808 0.9979601234457619 -248.4171992417391 492.51238384151134 280.4314143227674 1.0 484.2612226840056 279.9035804792734 1.0 500.7635449990171 280.9592481662614 1.0
0.9999771270615693 0.006763531155396162 -606.4586770089812 604.8704352493918 236.8698963610653 1.0 604.5406634655884 285.62612049563984 1.0 605.2002070331952 188.1136722264907 1.0
0.9993055646112731 0.037261086094538445 -616.9730146316972 602.9326256570041 388.0479138552691 1.0 602.1853182149428 408.089962104551 1.0 603.6799330990656 368.0058656059872 1.0
0.15558398601548104 0.9878226679397141 -183.26663024744735 436.85074477420176 116.72100046268835 1.0 427.9283270999796 118.12629855080147 1.0 445.773162448424 115.31570237457525 1.0
0.12014732614843343 -0.9927560727688257 257.94159490009974 389.9823344662557 307.0209671760123 1.0 421.9935916676775 310.8950980576032 1.0 357.9710772648339 303.1468362944214 1.0
-0.045668102748043345 0.9989566679247875 -256.7948778714473 458.66855822313596 278.0314798765522 1.0 443.1616836965547 277.3225707096991 1.0 474.1754327497172 278.74038904340534 1.0
0.999933512309258 0.011531303520029314 -593.4588711029631 590.6657612578986 245.62547006169 1.0 590.420737350255 266.8726444287715 1.0 590.9107851655422 224.3782956946085 1.0
-0.05129356312227341 0.9986836187613279 -237.8240501039189 558.0966471482252 266.80202888801296 1.0 541.7933525521927 265.9646725373603 1.0 574.3999417442578 267.6393852386657 1.0
-0.23024351902123033 -0.9731330443206213 167.17541897490972 489.6001043492745 55.951412146715654 1.0 614.8353578762463 26.320720181367374 1.0 364.3648508223027 85.58210411206393 1.0
0.10210314991309605 0.9947738168939831 -160.8028848729993 417.56811940946614 118.788675949438 1.0 408.0369304330342 119.76695302145546 1.0 427.0993083858981 117.81039887742054 1.0
-0.12212573839903201 0.9925146366782162 -81.3280963326093 38.07862242164373 86.62691010867744 1.0 0.456108367196828 81.99758058593618 1.0 75.70113647609062 91.25623963141871 1.0
-0.05089229928831966 -0.9987041473194893 217.6764151113366 472.5701934754872 193.87746802687604 1.0 500.7176483976055 192.44312062384813 1.0 444.4227385533689 195.311815429904 1.0
-0.0528551449826952 0.9986021898878744 -236.69334571918574 581.9569271499697 267.82713495492396 1.0 574.4778796476033 267.4312754784748 1.0 589.4359746523362 268.2229944313732 1.0
-0.06085884729052517 0.9981463824041384 -158.4151710621331 27.476546936906878 160.38465385272485 1.0 0.5112551733570214 158.74052970168637 1.0 54.441838700456735 162.02877800376334 1.0
0.09394998931016618 -0.9955769179267968 115.00113061225578 39.33031245857809 119.2235485877669 1.0 51.895357028929595 120.40927897364662 1.0 26.76526788822659 118.03781820188718 1.0
0.167385518717339 0.985891519450151 -187.96250073586933 458.3925788804957 112.82602492190607 1.0 445.9333828476075 114.94135804895144 1.0 470.8517749133839 110.7106917948607 1.0
0.03054057069630997 0.9995335279726957 -88.5406277437594 355.6888271735028 77.71393935041806 1.0 340.62650225944367 78.17416603217994 1.0 370.7511520875619 77.25371266865619 1.0
0.9999988286984999 0.001530555986623441 -126.24960916034652 125.76858759861813 314.3752197691161 1.0 125.75519524942167 323.12519927135185 1.0 125.78197994781459 305.6252402668803 1.0
0.9999217966861715 -0.01250601902679352 -122.28527994555961 126.01561434760521 297.4951145874812 1.0 126.08595520331268 303.1192348346018 1.0 125.94527349189772 291.8709943403607 1.0
-0.037542458329026134 -0.9992950334223689 217.61420369664387 561.9372267525372 196.6563349211569 1.0 589.4688097429415 195.6220024441811 1.0 534.4056437621329 197.69066739813272 1.0
0.9993378056439776 -0.03638612662375629 -583.1355353497178 591.4425687353357 217.5385013232509 1.0 591.7421475892246 225.76637557758934 1.0 591.1429898814467 209.31062706891248 1.0
0.23854566165788516 0.9711312822189396 -161.0545314598144 471.56973768523096 50.00726189655073 1.0 371.32387512655015 74.6313431617393 1.0 571.8156002439118 25.383180631362173 1.0
0.9999888934542848 0.004713063555170647 -592.2328945092769 591.2821198630425 203.12515138463726 1.0 591.2585131576807 208.13387721581435 1.0 591.3057265684041 198.11642555346018 1.0
-0.9999860504585036 -0.005281939833339648 636.9612328153552 636.6862152970505 53.74900283664759 1.0 636.8480073215875 23.11825490741406 1.0 636.5244232725136 84.37975076588113 1.0
-0.9999863389951406 0.005227028132300837 526.641912936678 528.6125234369138 375.62245166646727 1.0 528.5536518691903 364.3596916451625 1.0 528.6713950046372 386.885211687772 1.0
-0.04608058245496167 0.9989377257470115 -259.71737621391566 566.8799130012005 286.14349565512384 1.0 530.5630381283326 284.46821329872444 1.0 603.1967878740685 287.81877801152325 1.0
0.23519027252802233 0.971949348324384 -159.1872805377225 587.7273208338368 21.564428038129506 1.0 572.1093854679617 25.34362340603387 1.0 603.3452561997117 17.785232670225145 1.0
-0.9991776922298689 -0.04054552194994164 542.0029800543073 532.5557854406915 243.8029873241358 1.0 533.3985414095501 223.03465278113018 1.0 531.7130294718328 264.5713218671414 1.0
-0.9999898206603404 -0.004512047838891829 443.92206696387717 442.3755052473874 343.760718502425 1.0 442.51369802996726 313.1335219826126 1.0 442.23731246480764 374.3879150222374 1.0
-0.9999996768464119 -0.00080393225571045 123.21256294334293 122.99905907478774 265.62389383635076 1.0 123.13170785411403 100.62400047701765 1.0 122.86641029546146 430.6237871956839 1.0
0.19804847064337863 0.9801922277164917 -197.86195922000755 371.9667787212031 126.70423622258163 1.0 364.1543102852727 128.28275049961303 1.0 379.7792471571336 125.12572194555023 1.0
0.1765978429474344 0.9842830903080237 -191.444578425332 404.7761792823688 121.87751620321005 1.0 401.531360188289 122.45969429649601 1.0 408.0209983764486 121.29533810992409 1.0
-0.9999585936151608 -0.00910005797727485 445.7917495471689 443.66008337942867 236.26624503489523 1.0 444.01848683958303 196.88313111872236 1.0 443.30167991927425 275.6493589510681 1.0
-0.07346604222694682 0.9972977191588822 -142.71350000552658 26.86914250746721 145.07951515783168 1.0 0.5318595770908452 143.13937641818035 1.0 53.20642543784357 147.01965389748304 1.0
0.03791872730601572 -0.9992808264544516 342.76301317429136 587.4885195816239 365.3025460709785 1.0 601.9138972592674 365.849931698686 1.0 573.0631419039803 364.755160443271 1.0
0.9999854748165459 0.005389819656279915 -127.54417865040737 125.69327003469445 343.74699928230376 1.0 125.58208846262868 364.37476871119287 1.0 125.80445160676021 323.11922985341465 1.0
0.9999688618012321 0.007891478185253606 -127.87510867809314 125.69406524113704 276.87554504381546 1.0 125.6447450382693 283.12515582239075 1.0 125.74338544400477 270.6259342652401 1.0
0.07912672470349826 -0.9968645652432916 135.29877507357793 26.748198728488003 137.84748422384172 1.0 52.981743893766314 139.92978765668883 1.0 0.5146535632096905 135.76518079099458 1.0
-0.061841105267929276 0.9980860071653348 -249.12803951800237 370.7364345213869 272.5764998595255 1.0 358.207085122852 271.8001851837051 1.0 383.26578391992183 273.35281453534594 1.0
-0.99999985530436 -0.0005379509822159802 535.7921152833742 535.6785508141041 211.2496925883047 1.0 535.684938438485 199.37570468277158 1.0 535.6721631897233 223.12368049383778 1.0
-0.9996163218390662 -0.027698539906219646 537.7412252528713 528.0411797477436 357.5149956423398 1.0 528.2339316752185 350.55874547817444 1.0 527.8484278202689 364.4712458065051 1.0
-0.9998589339118817 0.01679619827803973 522.4311318771767 528.153526396329 336.2600199023833 1.0 527.9325784314447 323.10723419681847 1.0 528.3744743612133 349.4128056079481 1.0
-0.05450902829153686 -0.9985132777458257 219.07463487846132 567.5161047440331 188.42001169358275 1.0 604.4176104554534 186.40555153200629 1.0 530.6145990326129 190.43447185515925 1.0
-0.20918923337583942 0.9778751784556292 -277.13552802510225 389.66613164711 366.7640771323288 1.0 357.05412885443405 359.7876449522782 1.0 422.2781344397859 373.74050931237946 1.0
0.9990993829022659 -0.04243139267466567 -346.12800341567703 355.3050007696881 208.7370467266358 1.0 355.59757913449477 215.62616455432925 1.0 355.0124224048814 201.84792889894234 1.0
0.9999998983807158 0.00045081987322412347 -125.77271252787358 125.67100905522454 225.62502074179852 1.0 125.65128568777527 269.3750118501116 1.0 125.69073242267383 181.87502963348544 1.0
0.9999434859057083 0.010631321401433835 -127.38250588704688 125.74838825522633 154.37631185433673 1.0 125.68194625158925 160.6256054481196 1.0 125.81483025886342 148.12701826055385 1.0
0.9999996736812793 0.0008078597248837941 -354.78589312126684 354.503763134963 349.3745991100919 1.0 354.4966939567786 358.12509831167847 1.0 354.5108323131474 340.6240999085053 1.0
0.9999562836980249 0.009350438109255085 -126.97367451210643 125.97982278739718 106.87831789355934 1.0 125.60582161369001 146.87482066584593 1.0 126.35382396110434 66.88181512127275 1.0
0.9999489062493008 0.010108654253998262 -357.8338400902367 354.5982119448172 321.87725648766786 1.0 354.42119180281725 339.38810342428457 1.0 354.77523208681714 304.3664095510512 1.0
0.9999576580069106 0.009202292830281705 -357.32043971686545 355.1385237027889 238.73977143654136 1.0 355.0637053130248 246.8698345832123 1.0 355.213342092553 230.6097082898704 1.0
-0.06257706131414445 0.9980401351635544 -121.72962959102482 32.05660293275888 123.97861893399107 1.0 10.73367951873629 122.64167281442703 1.0 53.37952634678147 125.31556505355513 1.0
0.9990749681829589 -0.043002417957823044 -48.98937302216957 55.22279789265227 143.76731167697568 1.0 55.57418084733318 151.9309901615714 1.0 54.871414937971345 135.60363319237996 1.0
0.15704150090674296 -0.9875920043180572 265.01707071714765 559.3097863580795 357.28511115508513 1.0 584.2748340228094 361.25491704490173 1.0 534.3447386933494 353.3153052652686 1.0
-0.19012967335508196 0.9817589863657423 -9.669476497140415 233.12562508021455 54.996772318034346 1.0 126.63326677935767 34.37322053013009 1.0 339.61798338107144 75.6203241059386 1.0
0.2442260163768257 0.9697183369023741 -163.8730282335012 621.1127192301605 12.561527024282324 1.0 603.4723780718319 17.004291572170274 1.0 638.753060388489 8.118762476394373 1.0
0.994846425582361 -0.10139324191483325 -42.544073483703215 55.94682459469427 129.3422001244163 1.0 56.690504140040616 136.63900732274982 1.0 55.203145049347924 122.04539292608277 1.0
0.9997120146502071 0.02399766163658515 -611.4813650028303 603.3165336405123 347.4745919653095 1.0 602.9409583017197 363.12058215732367 1.0 603.6921089793049 331.8286017732954 1.0
0.09165053316909548 0.9957912330251861 -196.79040343590248 471.7441961260113 154.2038042201196 1.0 456.7561124326741 155.58327595688536 1.0 486.73227981934843 152.82433248335383 1.0
-0.9998318391818092 -0.018338303038198573 539.4656754438344 533.5036224972515 330.006944461878 1.0 533.5842594481863 325.61049672125296 1.0 533.4229855463167 334.4033922025031 1.0
-0.9999999857450325 -0.00016884885180353746 59.38074180314636 59.33631431377441 263.12488793743233 1.0 59.363330111859156 103.12499802955276 1.0 59.30929851568966 423.1247778453119 1.0
0.9501041172303408 0.31193295180527947 -448.6063815871748 351.7942759255618 366.6338902329974 1.0 348.77256318003805 375.8376043773166 1.0 354.8159886710855 357.4301760886782 1.0
-0.11952993605194842 -0.9928305970241937 187.54370698284401 470.7422487035134 132.2238823942726 1.0 485.75044945264847 130.41699884215822 1.0 455.7340479543783 134.030765946387 1.0
0.36801192024790724 -0.9298210723335152 307.7275251368202 291.79832441083875 446.4437289924948 1.0 377.2744021725822 480.27412545083155 1.0 206.32224664909532 412.613332534158 1.0
0.983884402183221 -0.17880571338904666 -521.2821759668519 591.1589429201201 337.51654821043087 1.0 592.2484271623234 343.5114715940925 1.0 590.0694586779167 331.5216248267693 1.0
0.16407073644666592 -0.9864485761771106 264.97774449140746 551.200737673789 360.2961817116347 1.0 571.9786111701028 363.75205471775456 1.0 530.4228641774753 356.8403087055148 1.0
-0.11865832185711221 0.9929351452406416 -271.2882280101568 560.746988896262 340.2291945433583 1.0 533.413270789437 336.96274442703657 1.0 588.080707003087 343.49564465968 1.0
0.05121114434972247 0.9986878484763854 -219.75511709895403 569.3863637871925 190.846609501719 1.0 535.5970160373352 192.57927418542454 1.0 603.1757115370498 189.11394481801344 1.0
-0.9999833847819223 -0.005764560702247718 364.544614781726 363.9345473067092 106.87966676213014 1.0 364.0498781428656 86.87312578417841 1.0 363.8192164705528 126.88620774008186 1.0
-0.9998432875404509 -0.017703117248187777 369.45974545904306 363.63009011364784 332.5200092534822 1.0 364.0842490273952 306.86985199468535 1.0 363.1759311999005 358.1701665122791 1.0
-0.9999209478815114 -0.012573702228856497 456.5936156795536 454.8063140637217 145.00542364335485 1.0 454.92438082606003 135.6161899266761 1.0 454.68824730138334 154.39465736003362 1.0
-0.19476659710289854 0.9808496177564414 -9.290042692828939 393.2379084139297 87.55639030875018 1.0 378.32932696833507 84.59600410558106 1.0 408.1464898595243 90.5167765119193 1.0
-0.1753787644094053 -0.9845010355475662 441.1258460203632 237.30787793626766 405.79650927546476 1.0 347.9835176597366 386.0807789267132 1.0 126.63223821279873 425.5122396242163 1.0
0.07363093606410084 -0.9972855585309176 151.57690041125386 26.90446903565107 153.97586011057825 1.0 53.37930961956628 155.93053325074996 1.0 0.4296284517358595 152.02118697040655 1.0
0.09381564151949477 0.995589586830982 -39.449895674893966 120.69579987633689 28.25134187101723 1.0 115.56467823222044 28.734853827273835 1.0 125.82692152045334 27.767829914760632 1.0
-0.999967680095081 -0.008039823708380201 359.88288854047454 358.0452658300462 230.00438398283768 1.0 358.3618640563424 190.62690440680606 1.0 357.72866760375 269.38186355886927 1.0
-0.9999911197196615 0.004214318665877218 528.864960079034 529.7441289226101 207.4984443592768 1.0 529.6782585776086 191.86845401525326 1.0 529.8099992676115 223.12843470330031 1.0
-0.1441488266495001 -0.9895560195236914 425.66941045380497 29.8455041446476 425.81441347141754 1.0 59.14503694224863 421.54634456897617 1.0 0.5459713470465699 430.0824823738589 1.0
0.9999465995805978 0.010334311162304674 -127.36962605340312 126.79510049563005 56.2491742495647 1.0 126.7111387012708 64.37330651591871 1.0 126.8790622899893 48.1250419832107 1.0
-0.9997561915543973 -0.022080703083170176 381.9815609055159 374.6895248963764 334.38194662449484 1.0 375.2696114832456 308.1171508579952 1.0 374.10943830950714 360.64674239099446 1.0
-0.05588194911030978 0.9984373829958655 -14.543920621373712 98.08685427841507 20.056545920249665 1.0 86.7324991235082 19.42104938561168 1.0 109.44120943332196 20.69204245488765 1.0
-0.9998971193268468 -0.014344014845000594 125.09455391821513 124.16617382158113 65.61303835429645 1.0 124.65062029966418 31.843090181653867 1.0 123.68172734349807 99.38298652693902 1.0
0.9999001173147761 0.014133484846167565 -357.7753793532145 356.23861350811603 111.24983905311369 1.0 356.1589957494937 116.88254797474536 1.0 356.3182312667383 105.61713013148201 1.0
0.989083959022414 -0.1473530522403502 -533.4290061937531 591.2451057102107 348.56450500224184 1.0 592.4699918287761 356.78635852398725 1.0 590.0202195916453 340.34265148049644 1.0
0.9999688213710041 -0.00789659964068328 -485.5831072209379 486.72355748664484 142.5011959181836 1.0 486.79766374546034 151.88548176979788 1.0 486.6494512278294 133.11691006656937 1.0
-0.9999678961890875 -0.008012901545018778 365.8780257370526 364.0417588429883 230.62232968569083 1.0 364.3524093261045 191.85478608034785 1.0 363.7311083598721 269.38987329103384 1.0
-0.9999416338125039 -0.01080411812137372 350.5954991802796 347.246334857526 311.86550624389724 1.0 347.34086537338015 303.11652762237054 1.0 347.15180434167183 320.6144848654239 1.0
0.015654011067860144 0.9998774684617546 -259.6419832168012 14.376154302127858 259.4487293901504 1.0 0.60995859679015 259.66425197839834 1.0 28.142350007465566 259.23320680190244 1.0
0.07649284950118175 -0.9970701299182468 151.47862485848532 289.34648284537997 174.12171583026787 1.0 355.63785539530477 179.2074323024923 1.0 223.05511029545514 169.03599935804345 1.0
-0.9997663929243322 -0.02161387468895177 534.7585834135925 528.9787601779483 273.12994554913524 1.0 529.1417022936707 265.59293269810036 1.0 528.8158180622258 280.66695840017013 1.0
0.12067460494873204 -0.9926921172853481 78.83575422632178 25.005367645768175 82.45584473100439 1.0 43.09103623274376 84.65439237126898 1.0 6.9196990587925855 80.25729709073978 1.0
0.23915709425130102 0.9709808876951566 -450.1754751288523 320.40048576928643 384.7134693271554 1.0 305.67788508606054 388.33971413160305 1.0 335.1230864525124 381.08722452270774 1.0
-0.26087524894613934 -0.9653725210960222 152.7336635586005 563.2288462358982 6.0092844538162735 1.0 572.0129616420787 3.6355289933259916 1.0 554.4447308297177 8.383039914306556 1.0
-0.9999350558583845 -0.011396669052383094 274.4992600740038 270.56361999131406 346.87430042692137 1.0 271.1050889694069 299.36622500890024 1.0 270.0221510132212 394.3823758449425 1.0
0.18609066097428995 -0.982532577525118 15.860149194230603 244.27416654544422 62.40738649100778 1.0 360.38381286268833 84.3984342413961 1.0 128.1645202282001 40.41633874061945 1.0
-0.029601647926749852 -0.9995617751995225 287.5427019901828 17.47116612030921 287.1513635308098 1.0 34.36836511867268 286.65095930557027 1.0 0.5739671219457443 287.65176775604937 1.0
0.046054960312793165 0.9989389073564945 -295.57813074988485 241.83431789474116 284.74259911418386 1.0 128.09555793934584 289.9863973456834 1.0 355.5730778501365 279.49880088268435 1.0
0.16063989354306052 0.9870130822853738 -431.8963907319611 288.545323868476 390.6174168742269 1.0 271.70940201214944 393.3575231030495 1.0 305.38124572480257 387.87731064540424 1.0
-0.08954493566894553 0.9959827832327446 -135.55292455923922 241.8441681102689 157.84293431691358 1.0 127.9471748046019 147.6028989366444 1.0 355.7411614159359 168.08296969718276 1.0
0.03072972372963907 0.9995277305205196 -280.9760831645199 16.873925986914035 280.5900662052218 1.0 0.6008771068484031 281.0903687791813 1.0 33.14697486697967 280.08976363126226 1.0
-0.15463796272460928 0.9879712042789417 -268.6157382551067 560.5851815643064 359.629397220266 1.0 538.0503048499318 356.1022221262263 1.0 583.120058278681 363.1565723143058 1.0
-0.1814458145575082 0.983400943857368 -22.198604863904745 241.21235552658922 67.07902570747339 1.0 129.2288473816107 46.417118700680824 1.0 353.19586367156774 87.74093271426597 1.0
-0.01490435273599362 -0.9998889239658179 264.54545858742495 14.36547080767263 264.3607146830693 1.0 28.12173057214079 264.1556637589683 1.0 0.6092110432044673 264.56576560717036 1.0
-0.07090151589651966 0.997483320684399 -158.3933294069876 238.7402114691534 175.76271068403872 1.0 128.0524991591752 167.89498354398924 1.0 349.42792377913156 183.63043782408818 1.0
0.999906869877518 -0.013647401648089563 -463.969134606081 465.9741633675445 143.7367039629907 1.0 466.06809692309116 150.61895231509988 1.0 465.8802298119978 136.8544556108815 1.0
0.9997516270067447 0.022286415085578746 -133.85784401041707 125.47565077161269 377.51060318407656 1.0 125.35001039537835 383.14673488474256 1.0 125.60129114784705 371.8744714834105 1.0
0.1714582634241572 0.9851913844038488 -443.37340000308313 253.89802934484257 405.850569883687 1.0 210.8794958121175 413.3373213629827 1.0 296.9165628775676 398.3638184043913 1.0
-0.05169489306032972 0.9986629251311381 -181.39906607162814 240.60705112111538 194.09674372706087 1.0 128.0527646523877 188.27047176275565 1.0 353.1613375898431 199.9230156913661 1.0
-0.15536487758751014 -0.9878571530399615 419.93391443375344 196.83775739641453 394.1382001973611 1.0 266.8747111718998 383.12316354307853 1.0 126.80080362092926 405.1532368516436 1.0
0.43683351648360774 -0.8995423719183914 -246.08725301729834 580.2598325993181 8.214943911415574 1.0 588.5535488669763 12.242517658933417 1.0 571.9661163316598 4.1873701638977305 1.0
-0.19174759642331118 0.9814442721142566 -10.469728704158578 421.39706979540176 92.99723537092243 1.0 408.4017830546595 90.45830874190344 1.0 434.392356536144 95.53616199994143 1.0
0.999999876572569 -0.000496844892103651 -458.08620105907545 458.15767905347366 143.74998376357718 1.0 458.16171591772377 151.87498175788156 1.0 458.1536421892236 135.62498576927283 1.0
0.04288418596853307 -0.9990800501430385 195.96682373536393 318.7573182942838 209.82950447455445 1.0 351.901733527706 211.25218453556144 1.0 285.6129030608615 208.40682441354747 1.0
-0.05894048989782529 -0.9982614981309278 311.30829945317964 241.84230920712577 297.57132357270376 1.0 355.6384289917268 290.85244373897876 1.0 128.04618942252472 304.29020340642876 1.0
0.05807748390350933 -0.9983120783920415 174.2706696399402 303.656584374755 192.2307504685897 1.0 353.00999142342096 195.10191847856606 1.0 254.30317732608907 189.35958245861335 1.0
-0.03230584426842986 0.9994780299867047 -173.03066858319428 446.2485455597006 187.54499746587982 1.0 436.8631493297143 187.241635971273 1.0 455.63394178968684 187.84835896048665 1.0
-0.08767371263444033 -0.9961492459028886 350.14372785848366 312.52124985465457 323.99144097533537 1.0 345.6645539044139 321.0744116978793 1.0 279.37794580489526 326.9084702527914 1.0
-0.14796469965809794 0.9889926428720734 -268.42350351739447 566.3592326795363 356.14489128709636 1.0 543.1917610798874 352.6787704804495 1.0 589.526704279185 359.61101209374317 1.0
0.16121434099078508 0.9869194173076679 -426.3193594474865 196.9442163741765 399.79872771088844 1.0 126.97358324699003 411.2285053710343 1.0 266.914849501363 388.36895005074257 1.0
0.05502342586863206 -0.9984850637869749 175.10183739607842 190.61141537715883 185.8715139672774 1.0 253.19689213445488 189.32040615976268 1.0 128.0259386198628 182.4226217747921 1.0
0.10103429544816368 -0.9948829434377157 138.704029399183 443.67642105218465 184.47453061460863 1.0 451.78130494100117 185.29761361024853 1.0 435.57153716336813 183.65144761896875 1.0
0.23089952435669364 0.9729775997687987 -164.44376502384782 530.0247889399453 43.22945705055512 1.0 444.4716494385788 63.53226692282908 1.0 615.5779284413119 22.926647178281154 1.0
0.09388875377955758 -0.9955826946636436 129.18611753335716 241.30744308659868 152.5158818613145 1.0 355.7257989509533 163.30614257917438 1.0 126.88908722224407 141.72562114345465 1.0
0.19696091457678336 0.9804113412895004 -449.40664257393354 307.44887096883315 396.6204952819812 1.0 297.9548042002685 398.5278172345507 1.0 316.94293773739787 394.71317332941175 1.0
0.9993229304592888 -0.03679239946319806 -50.27859223666199 56.0647686902668 156.23380889217034 1.0 56.22731855305922 160.6488458998532 1.0 55.90221882747439 151.8187718844875 1.0
-0.13697048622566485 -0.9905751288534882 398.88124398335475 197.54984350976903 375.36046992656964 1.0 268.29144924524826 365.57876649819093 1.0 126.80823777428981 385.1421733549484 1.0
-0.1826048672446602 0.9831863823602114 -12.7829730222093 30.03170488506252 18.579293645245468 1.0 0.6263184444368264 13.11790119351282 1.0 59.437091325688215 24.040686096978114 1.0
-0.040441238902959045 -0.9991819184693015 289.0035403915591 238.73290376681598 279.5776032699604 1.0 349.40427313477966 275.09825150668587 1.0 128.0615343988523 284.05695503323483 1.0
0.9998545002445327 0.017058087253723077 -358.03870961272986 355.9368240705577 126.25531989624699 1.0 355.86184207441715 130.65036637263893 1.0 356.0118060666983 121.86027341985503 1.0
-0.9998756231460881 -0.015771437417745685 471.1720412669579 468.963483194231 143.73365060657926 1.0 469.07205380186474 136.85050475958204 1.0 468.85491258659727 150.61679645357646 1.0
-0.9999891143546974 -0.0046659588626498825 358.94669455763693 357.40790452939854 330.624570281645 1.0 357.524565838148 305.6221983684035 1.0 357.29124322064905 355.62694219488645 1.0
-0.16543162472459977 -0.9862212619594951 445.89627265844433 111.91330164892301 433.35333542618514 1.0 121.84356565646269 431.6876040410723 1.0 101.98303764138333 435.01906681129793 1.0
-0.11747742046073706 -0.993075553863799 377.4260654050431 198.02236479078766 356.6323905748464 1.0 269.2369421375455 348.207951151936 1.0 126.80778744402981 365.0568299977568 1.0
0.14026005565586747 0.9901146988038372 -404.9193576929353 197.4630790344443 380.9893699116986 1.0 126.925536947959 390.98174714923584 1.0 268.00062112092957 370.99699267416133 1.0
0.07016499939744912 0.9975353993014764 -325.0741981453027 311.9320842118796 303.93656591719775 1.0 299.4061332127715 304.81762070975986 1.0 324.4580352109877 303.0555111246357 1.0
0.12312426160952314 0.9923912616519303 -383.77139341328444 198.08012942310364 362.13833961044634 1.0 127.99579302652376 370.83358160084674 1.0 268.1644658196835 353.4430976200459 1.0
-0.020202784858273464 0.9997959029141749 -258.7985024186787 333.7758464272545 265.59591138645783 1.0 315.5824992108747 265.228280074314 1.0 351.96919364363436 265.9635426986017 1.0
0.10426038794602221 0.994550034691742 -362.12097530348655 198.14683267657284 343.3332640365216 1.0 126.89364516345184 350.80285803720074 1.0 269.40002018969386 335.86367003584246 1.0
-0.16983545256875845 -0.9854724344449037 446.2140203688991 81.65436192904455 438.7197447080276 1.0 100.38656090155261 435.491454013224 1.0 62.9221629565365 441.9480354028312 1.0
-0.09604990446738929 0.9953765196405858 -112.21709143812484 29.320226809771082 115.56762104826643 1.0 0.5366941677174308 112.7901237837122 1.0 58.103759451824736 118.34511831282066 1.0
-0.1975951561204852 0.9802837111151654 -8.31454617276037 461.810765143137 101.56867372209351 1.0 434.5370364063865 96.07112579120387 1.0 489.0844938798876 107.06622165298313 1.0
-0.9998821669619107 -0.015350967121118652 61.58942544144666 60.75225088159429 55.00195365430451 1.0 61.24179986669078 23.115278620072747 1.0 60.262701896497795 86.88862868853627 1.0
-0.10775463479441975 0.9941775186958922 -112.78166282556833 241.91164061673192 139.6619423610357 1.0 128.07635387659175 127.32382414901647 1.0 355.7469273568721 152.0000605730549 1.0
0.3493094771175053 -0.9370074114946451 160.29442456230953 345.3079718138015 299.7988790643621 1.0 352.57150006063983 302.5066690165079 1.0 338.04444356696314 297.0910891122163 1.0
0.1683877276591511 -0.985720839372785 38.24351194049734 241.24841983467064 80.0092500915385 1.0 354.3817515872653 99.33547704688014 1.0 128.11508808207597 60.683023136196866 1.0
-0.03279564381257229 0.9994620781935245 -204.24087983614896 240.61282285245846 212.24610407887928 1.0 128.06993269432704 208.55320104654547 1.0 353.15571301058986 215.9390071112131 1.0
0.08603716808247229 0.9962919279550289 -340.30630040816186 198.69937028125548 324.4137187308229 1.0 128.0078521926587 330.51845355114585 1.0 269.39088836985223 318.3089839105 1.0
0.045196419637097494 0.9989781197063264 -317.59701461251586 335.6074964994492 302.73811948581715 1.0 325.5714858700462 303.19217522431745 1.0 345.64350712885226 302.2840637473169 1.0
0.1990735277876259 0.9799845562733064 -327.1850846746125 558.9428303810553 220.3242512516078 1.0 552.0964272551392 221.71502584515375 1.0 565.7892335069712 218.93347665806183 1.0
0.9998919692803724 0.014698631521973761 -282.650457586464 278.0409870418099 315.64214026556215 1.0 277.89401660562754 325.63997976787596 1.0 278.1879574779922 305.64430076324834 1.0
0.02689196412453814 0.999638345735859 -273.0932735744187 221.2598140338916 267.2398110104175 1.0 128.10135156592318 269.745931390125 1.0 314.41827650185996 264.73369063071 1.0
-0.14378919429960763 0.9896083405078343 -67.43116787923773 241.15143881937067 103.17833307555662 1.0 127.96410790884842 86.73231655532881 1.0 354.33876972989293 119.62434959578442 1.0
-0.07815361238514443 -0.9969413287005173 333.5414515620491 197.47717728999302 319.0838694668807 1.0 266.9154017215167 313.64037151900476 1.0 128.03895285846937 324.5273674147566 1.0
0.06699160075162537 0.9977535394218027 -318.2296753649525 197.50404687757015 305.685273024886 1.0 128.02263625869253 310.3504240225331 1.0 266.9854574964478 301.0201220272388 1.0
0.006593221035525538 0.9999782644819719 -250.09910176224818 240.6193497958006 248.51804687210807 1.0 128.11599888704762 249.25982245476334 1.0 353.12270070455355 247.77627128945284 1.0
-0.1869150705521277 0.9823760768669466 -20.936612830858373 414.2318375321099 100.12742399205682 1.0 367.9910022285694 91.3292567761819 1.0 460.4726728356505 108.92559120793175 1.0
-0.09865705845440671 -0.9951214924908031 355.66684208484304 197.47105583351504 337.8330496560243 1.0 266.90713222460727 330.9491072439133 1.0 128.03497944242284 344.7169920681353 1.0
-0.0009985053341214727 -0.9999995014934246 243.45256742081529 240.00008791573867 243.21304729614508 1.0 351.8762245059657 243.10133832131118 1.0 128.12395132551165 243.32475627097898 1.0
0.999965493345235 0.008307353298179254 -472.90879091677687 471.73089668057565 143.74880284150416 1.0 471.6737855974311 150.62332838318727 1.0 471.7880077637202 136.87427729982105 1.0
0.008026989342223869 0.9999677832020888 -251.2431848735244 394.37468321281597 248.0855360161106 1.0 366.8664216947353 248.30635165211208 1.0 421.88294473089667 247.86472038010916 1.0
-0.02082434052683456 -0.9997831499088302 266.4173295768742 239.99169682457045 261.47636193151004 1.0 351.8962562203521 259.1455178363924 1.0 128.08713742878882 263.80720602662774 1.0
0.0588134146795243 0.9982689929341362 -322.03576084089036 289.3703342143341 305.5458053267556 1.0 279.4049243917968 306.1329214091871 1.0 299.33574403687146 304.95868924432415 1.0
0.01226840568871795 -0.9999247402789156 223.41750655175943 394.3808511129845 228.27311059971026 1.0 421.8997135135329 228.61074857827228 1.0 366.8619887124361 227.93547262114822 1.0
-0.12618332268073215 0.9920069400348217 -89.92337737249646 241.16113327164936 121.32363758053884 1.0 127.95971466754636 106.92441258001944 1.0 354.36255187575233 135.72286258105825 1.0
-0.16761123523049243 0.9858531705200873 -4.671028639691803 70.85295406022036 16.784223334926647 1.0 54.23327352223824 13.95860460446419 1.0 87.47263459820246 19.609842065389103 1.0
0.07542713757896578 -0.9971513159579362 151.97596242760144 174.9983010189331 165.6474606323536 1.0 221.98267862812978 169.2014820303863 1.0 128.01392340973638 162.09343923432093 1.0
-0.175185685159134 0.9845354111027823 -40.31993479798949 340.570981768819 101.55357994943773 1.0 326.70398050724117 99.08612160338289 1.0 354.4379830303968 104.02103829549256 1.0
-0.013056985290965016 0.9999147539341099 -227.19549712578515 240.62033942913877 230.35691037877882 1.0 128.1150392159993 228.8878050932943 1.0 353.1256396422782 231.82601566426337 1.0
-0.00587225029451199 0.9999827581895993 -230.6918977292922 394.3793349144732 233.01180944033274 1.0 366.8766131127161 232.85030378948267 1.0 421.8820567162303 233.1733150911828 1.0
-0.15445312163069988 -0.988000118025566 432.67735224865527 464.84579515612734 365.2635880561184 1.0 483.2060330812156 362.39334947043955 1.0 446.485557231039 368.13382664179727 1.0
0.036142437334749526 -0.9993466486777767 198.01339812851324 206.2508268957963 205.60213614233538 1.0 284.4092196893533 208.42881777224164 1.0 128.09243410223934 202.7754545124291 1.0
-0.23208137823481584 -0.9726963729122404 162.595914700174 550.8017839882536 35.740934690543355 1.0 614.6453575670993 20.50811902448638 1.0 486.95821040940797 50.97375035660033 1.0
0.9999970404892892 0.00243290210716216 -56.34798887545795 55.686711754613256 271.87362957078506 1.0 55.42517185273189 379.3745138362406 1.0 55.94825165649462 164.37274530532946 1.0
0.19341416068218656 -0.981117201178129 13.88193891728544 423.11312852099536 97.5602195424251 1.0 475.4281724244639 107.87343216930681 1.0 370.7980846175268 87.24700691554341 1.0
-0.16853230890807194 0.9856961300797088 -43.5347163140347 388.14123230411775 110.53006200588595 1.0 368.08633891947017 107.10111734040719 1.0 408.19612568876533 113.9590066713647 1.0
0.9979713682601427 0.0636643395707433 -399.68917503230233 380.6060456142893 311.87379082858826 1.0 380.36272222385765 315.6880105081781 1.0 380.84936900472104 308.05957114899843 1.0
0.24350849302960284 -0.9698987647287998 286.0505878082714 563.8464347416566 436.4908986668344 1.0 609.4230462214479 447.9336310245181 1.0 518.2698232618654 425.04816630915076 1.0
0.03484304465813429 -0.9993927967715952 199.307954436234 394.9973739750459 213.2003215010047 1.0 423.1317565228276 214.1812046439572 1.0 366.86299142726426 212.21943835805223 1.0
-0.0530802274788709 0.9985902510293155 -181.088955700968 473.7353246868752 206.52608443507614 1.0 448.0831382740434 205.16253828717416 1.0 499.387511099707 207.88963058297816 1.0
-0.04699288990482087 0.9988952238840635 -183.9115127474646 395.61434238947436 202.72654142517428 1.0 368.08705718636395 201.4315240379668 1.0 423.1416275925847 204.02155881238176 1.0
0.23959601950028472 -0.9708726731346491 288.1442507639961 467.578967922 412.1800122235587 1.0 506.87438323922873 421.87749919084587 1.0 428.2835526047713 402.4825252562715 1.0
0.05790897461249115 -0.9983218672649267 174.3975473225807 473.14610476278557 202.13616440571928 1.0 499.41647383446775 203.66001175947972 1.0 446.8757356911034 200.61231705195888 1.0
0.017953774818542285 -0.9998388179950632 220.7717437416309 239.99790092276163 225.1168968044931 1.0 351.8929358587326 227.126158921943 1.0 128.10286598679068 223.10763468704323 1.0
-0.02555840127994342 -0.9996733307055927 268.54442570854684 394.3858406653039 258.5490141577196 1.0 421.899814353883 257.8455711841613 1.0 366.87186697672473 259.252457131278 1.0
-0.11560352686160505 0.9932954367040846 -93.38890128725762 45.63025092283702 99.32988271133156 1.0 0.5139609687490942 94.07907610850494 1.0 90.74654087692495 104.58068931415819 1.0
-0.024297608464826405 0.9997047695309301 -208.22004382119104 394.9907228865751 217.88169906934598 1.0 366.86714562713723 217.19816159937798 1.0 423.1143001460129 218.565236539314 1.0
0.1511621410342992 -0.9885089818094354 60.536112629871724 241.2490121078912 98.13146021692953 1.0 354.40404651024073 115.43505338991133 1.0 128.09397770554162 80.82786704394772 1.0
0.11355312788546137 -0.9935319255803651 106.12999914001882 241.864801856328 134.46422855326352 1.0 355.69933031414905 147.47464768015908 1.0 128.03027339850695 121.45380942636798 1.0
-0.03380336407385108 0.9994285029842259 -203.95393588125268 473.143651376687 220.07355436754204 1.0 446.88141633959293 219.18529483751945 1.0 499.4058864137811 220.9618138975646 1.0
-0.9999970188610591 -0.0024417757871380468 479.20890830542277 478.85780755146163 144.37373712823705 1.0 478.8730686046358 138.12377439241828 1.0 478.8425464982875 150.62369986405585 1.0
0.07065427012759273 -0.9975008642165365 161.09684681118156 339.38107331278457 185.53925663671362 1.0 354.3942900438667 186.60266210176565 1.0 324.3678565817024 184.47585117166162 1.0
0.05110462711799583 -0.9986933048174151 177.61656405247882 394.97133214075177 198.0602310536094 1.0 423.11857452560474 199.50056746073165 1.0 366.82408975589885 196.61989464648715 1.0
-0.16265257549162998 0.9866834039781655 -44.75914248255009 226.9330852529779 82.77264311320664 1.0 128.18769426014802 66.49468394397833 1.0 325.67847624580776 99.05060228243495 1.0
0.1335137951371276 -0.9910469547443659 83.12245931527758 236.85380663484844 115.78231423088272 1.0 345.65001296890745 130.4393335927242 1.0 128.05760030078943 101.12529486904123 1.0
-0.179400397177132 0.9837761419615173 -4.496720816010595 26.857920156616018 9.46866056426848 1.0 0.349701906174964 4.634649370314103 1.0 53.36613840705707 14.302671758222857 1.0
0.16880333239188264 -0.9856497526877362 38.953626606480825 402.94857999740645 108.53012381012613 1.0 437.88716313736546 114.51373943727314 1.0 368.0099968574474 102.54650818297911 1.0
1.0 0.0 -360.62499999999983 360.62499999999983 107.5 1.0 360.62499999999983 126.875 1.0 360.62499999999983 88.125 1.0
-0.004334851157132749 -0.9999906044885849 245.06266599388564 394.3759987208907 243.3553911878406 1.0 421.8809004832267 243.23616041237523 1.0 366.8710969585547 243.47462196330602 1.0
-0.017616402894654867 0.9998448191339762 -216.45376585569042 36.23456946992099 217.12578239713542 1.0 19.353797874551972 216.8283577689274 1.0 53.11534106529001 217.4232070253435 1.0
0.9999966591011136 0.002584915203827329 -71.61817727427523 71.47625257348204 54.997353690871265 1.0 71.39060666283763 88.13021018971442 1.0 71.56189848412646 21.864497192028107 1.0
-0.24265954737513076 0.9701115111510101 -289.61815150884814 466.3578455101419 415.193852031802 1.0 428.12371669056785 405.63013045238034 1.0 504.5919743297159 424.7575736112237 1.0
0.14059283950150223 -0.9900674994569334 65.39837236941062 380.4364641102851 120.07768679791752 1.0 392.95037803075917 121.85470371072584 1.0 367.9225501898111 118.30066988510919 1.0
0.9986748220631183 -0.051464548741817016 -514.0873058778118 532.6107585900178 346.21208427109434 1.0 532.9641084897867 353.0688751476261 1.0 532.2574086902489 339.35529339456264 1.0
0.027592621895057404 0.9996192511236248 -273.85295840574463 394.3735183505381 263.07132313916657 1.0 366.8599779070277 263.8307830211154 1.0 421.8870587940485 262.3118632572177 1.0
-0.07391469738779888 -0.9972645674594431 344.95273359800905 401.2893841283651 316.1563746403206 1.0 420.74281236442107 314.7145363276586 1.0 381.8359558923092 317.59821295298264 1.0
-0.013491960346819909 0.9999089793606215 -183.65976370070575 411.87690234074535 189.2340147358713 1.0 400.6289502119279 189.08224399749673 1.0 423.1248544695629 189.3857854742459 1.0
-0.2438299142310906 0.9698180102091624 -289.0317308570582 561.1589006965885 439.112341698083 1.0 514.2626724639719 427.32177564615495 1.0 608.0551289292052 450.9029077500111 1.0
0.051303375881209215 -0.9986831147181728 178.11885327204084 26.8565898966235 179.73337523489477 1.0 53.16558847978378 181.0848954753776 1.0 0.5475913134632204 178.3818549944119 1.0
0.10306433455236598 -0.9946746920190932 106.5856577802079 29.290422503940334 110.19125807036241 1.0 58.11946568316843 113.17841173465965 1.0 0.46137932471223664 107.20410440606516 1.0
0.6419303044876586 0.7667629908781343 -503.83619405380125 341.01729411145266 371.59704106606256 1.0 333.2837434061805 378.07153268611404 1.0 348.7508448167248 365.1225494460111 1.0
0.9999952635878188 -0.0030777917292993417 -68.23701633612347 69.08759809225633 276.2547318252881 1.0 69.57815434880126 435.6397637617992 1.0 68.5970418357114 116.86969988877702 1.0
0.17313127355735178 0.98489875729255 -434.96351229815696 344.45539185734515 381.0823283541951 1.0 335.7545222186077 382.61181819308183 1.0 353.1562614960826 379.5528385153084 1.0
0.030271571454630376 -0.9995417109664145 201.37520964871845 473.1198155252065 215.79618697697228 1.0 499.383582987107 216.59159701806203 1.0 446.856048063306 215.00077693588253 1.0
-0.027212718861333817 -0.9996296653922261 269.2700067230741 472.4899891690376 256.5072629996566 1.0 498.1300163361117 255.80926965767148 1.0 446.84996200196343 257.20525634164164 1.0
0.011713111278259502 -0.9999313991590539 221.68559049769698 36.25438709348754 222.12548016278282 1.0 51.884563583083505 222.30857071947045 1.0 20.624210603891573 221.9423896060952 1.0
0.15921494714679824 0.9872439417920182 -425.7694071522801 464.3954291576619 356.37667505469244 1.0 445.62953042127543 359.4030917780532 1.0 483.1613278940484 353.3502583313317 1.0
0.18723648338729995 -0.982314867692003 15.674702182456782 30.151715445504784 21.704042208645888 1.0 59.7613869842763 27.347864729828455 1.0 0.5420439067332694 16.06021968746332 1.0
0.12030241894468736 0.9927372905235589 -382.79235024525104 467.4480443113029 328.94626090998906 1.0 446.8229714278178 331.44565947442214 1.0 488.07311719478804 326.44686234555604 1.0
0.058032082190626326 -0.998314718631665 250.56245772219785 564.3725328996852 283.79244105094165 1.0 580.6040163341577 284.73597795685464 1.0 548.1410494652129 282.8489041450287 1.0
0.024765307461721134 0.9996932927384911 -272.6051461285044 473.11802082202973 260.96827374174603 1.0 446.8686469140873 261.6185470007844 1.0 499.3673947299721 260.31800048270765 1.0
-0.14521909119575988 -0.9893995227168232 402.2311236290743 471.8435638503157 337.2858207812928 1.0 498.1685871939562 333.42196611197454 1.0 445.5185405066752 341.149675450611 1.0
0.17508952454339735 0.984552516829431 -444.13507981125923 333.72853988320094 391.7543268068945 1.0 318.1515831406273 394.5244806618389 1.0 349.30549662577454 388.98417295195003 1.0
0.17499254553729832 0.9845697583241 -434.31857928547237 256.3500406052618 395.5628637165247 1.0 246.93907733032424 397.23552165215193 1.0 265.76100388019944 393.89020578089753 1.0
0.007205358904063354 -0.9999740410645988 226.0060030532992 473.7451329245956 229.42546240583226 1.0 499.37330577883705 229.61012738300866 1.0 448.11696007035425 229.24079742865587 1.0
-0.11424231365739695 -0.9934529147222856 376.08724007291465 459.93394079443283 325.67554813349034 1.0 474.3341301914187 324.0195955166758 1.0 445.533751397447 327.3315007503048 1.0
-0.049712670513872056 -0.9987635608042472 292.99639813283085 472.49209568031165 269.84119649183765 1.0 498.1468633537267 268.5642506134443 1.0 446.83732800689654 271.11814237023094 1.0
0.1683617877952351 0.9857252702504853 -433.0074267242246 225.5405722313064 400.7556919613295 1.0 206.80343373369183 403.9559935370654 1.0 244.277710728921 397.5553903855936 1.0
0.18100301613375117 -0.9834825408468038 7.347390040427738 33.65080428603242 13.663981365602544 1.0 66.80314315731822 19.7654352078072 1.0 0.498465414746625 7.562527523397886 1.0
-0.18011362925606247 -0.983645810521353 429.74006526336774 471.960178036351 350.4651786705492 1.0 498.35517399565134 345.63203805674544 1.0 445.5651820770507 355.298319284353 1.0
-0.01613775269958343 0.9998697779900176 -226.18450055339056 473.7482216149782 233.86018593914844 1.0 448.1198102764412 233.4465471100042 1.0 499.3766329535151 234.27382476829268 1.0
-0.0157135174795928 -0.9998765350624138 250.2921860879715 471.23691512700117 242.917388365287 1.0 494.3660249620278 242.5539038160097 1.0 448.10780529197456 243.2808729145643 1.0
0.999921909965063 0.012496958502781517 -529.388956218096 525.6419580385525 303.11740073141266 1.0 525.4388007123287 319.3726728935049 1.0 525.8451153647762 286.8621285693205 1.0
0.14358686001927984 -0.9896377183746604 114.52168313757805 10.481139066518615 117.24152670345079 1.0 20.36377906065294 118.67540217031278 1.0 0.5984990723842887 115.8076512365888 1.0
0.9999389159674619 0.01105279755614709 -510.6908220490658 507.3784347183689 302.49174786100576 1.0 507.2057453057642 318.11483904328986 1.0 507.5511241309736 286.86865667872166 1.0
0.005567731584802518 0.9999845000623757 -250.00963554178824 469.3744438825184 247.40011931190216 1.0 446.8716615960026 247.52541070559352 1.0 491.8772261690342 247.2748279182108 1.0
-0.16424998378925973 -0.9864187461850206 430.0255209521583 194.4488095567943 403.56827024447637 1.0 214.5168206498125 400.22671726866474 1.0 174.38079846377607 406.909823220288 1.0
0.99996811320917 0.007985772654691383 -58.067832564458364 57.61048060430208 57.50088230112246 1.0 57.37586615478692 86.87899993078751 1.0 57.845095053817246 28.122764671457404 1.0
0.14624524129168145 0.9892483658816618 -406.9847876294853 472.54429859938205 341.54964952474694 1.0 446.83441386991865 345.3504627739967 1.0 498.25418332884544 337.7488362754972 1.0
-0.15115610777989996 -0.9885099043918737 85.59723527604274 555.4949827912094 1.6497313570816092 1.0 561.6955688039957 0.7015805661961503 1.0 549.2943967784231 2.597882147967068 1.0
0.07727993100726042 0.9970094343904239 -395.182016636492 479.26599066292954 359.21864085760296 1.0 466.7443319842565 360.1892163460646 1.0 491.78764934160256 358.2480653691414 1.0
0.06138767612855202 0.9981139981082 -303.15831267108115 490.6131078006434 273.5566424501678 1.0 481.8577867731879 274.0951268443889 1.0 499.36842882809884 273.0181580559466 1.0
-0.10443282929266687 -0.9945319422552142 365.50415587324943 234.970097570782 342.8402339814047 1.0 245.60904625823457 341.72306975075094 1.0 224.33114888332946 343.95739821205854 1.0
0.2527768024123146 -0.9675246188920495 283.08244976066624 389.97525792197416 394.4697023990494 1.0 424.5995068717373 403.5156809349461 1.0 355.3510089722111 385.4237238631528 1.0
-0.00169002900281507 -0.999998571899965 273.0497200962761 411.876865837266 272.35402519621516 1.0 421.87789354190403 272.3371231451985 1.0 401.875838132628 272.37092724723175 1.0
0.16225426247524607 0.9867489824208656 -432.1845285920879 145.06332281793644 414.135097594415 1.0 128.13225587525702 416.919126591297 1.0 161.99438976061586 411.3510685975331 1.0
0.1119370325640563 0.9937153016537248 -369.1381828483703 224.98639151539152 346.1291913714524 1.0 206.8799330480642 348.16879288277465 1.0 243.09284998271883 344.0895898601302 1.0
0.10713008911575661 0.9942450120599299 -388.7057369183026 400.7222748074082 347.7777808420862 1.0 380.685528035425 349.9367441169686 1.0 420.7590215793914 345.6188175672038 1.0
-0.9998137028665168 -0.01930180199733528 509.13476714489923 503.4258376091062 300.6308077899389 1.0 503.73943345866917 284.3868618827945 1.0 503.1122417595432 316.87475369708335 1.0
0.10508435261447002 0.9944633119605759 -389.01324905644583 332.54378723069163 356.0393794330156 1.0 319.43309477930416 357.42477858450894 1.0 345.6544796820791 354.6539802815222 1.0
0.1489899955651268 0.9888387033391763 -411.8074857857701 225.61916167939756 382.4612513756223 1.0 206.82497742516583 385.29300282227626 1.0 244.41334593362927 379.6294999289683 1.0
-0.034838307884293956 0.9993929619042546 -191.01586722431256 264.9871298081935 200.36920217688126 1.0 249.35933326613215 199.82442548919272 1.0 280.6149263502549 200.9139788645698 1.0
0.05455516050802665 -0.998510758310567 166.4924195995953 307.51135949645663 183.542089706723 1.0 323.1239015441049 184.39510478969405 1.0 291.8988174488084 182.68907462375196 1.0
0.05660249326452696 0.9983967937429683 -303.2857090622951 223.1178234590284 291.1234148430043 1.0 206.88456605311876 292.04373314604555 1.0 239.35108086493798 290.2030965399631 1.0
-0.16676944747451208 -0.9859959185458357 430.39147925605874 235.08334743004644 396.74277746668565 1.0 253.21811028193542 393.6754986635937 1.0 216.94858457815744 399.81005626977765 1.0
-0.06523550309702308 0.9978698958960923 -165.19931245922075 266.2201867776732 182.95603568068367 1.0 249.376315883081 181.85487169484836 1.0 283.06405767226533 184.057199666519 1.0
0.06359266967097595 -0.9979759377680998 163.44796117327044 272.46708698429217 181.14151232580346 1.0 288.1082289951691 182.13819164394314 1.0 256.82594497341523 180.14483300766378 1.0
0.05132426703823772 -0.9986820412989248 184.77124843566912 234.3655128815833 197.05960302179 1.0 251.883485504528 197.95988666331732 1.0 216.84754025863862 196.15931938026264 1.0
0.048402842713256025 -0.9988278954941515 202.72863376712212 273.1273171514106 216.20218389381176 1.0 289.3694623981433 216.98927244555324 1.0 256.8851719046778 215.41509534207032 1.0
-0.04455715835414685 0.999006836632965 -171.57627201586018 300.6180935081659 185.15484902570654 1.0 285.6200530474394 184.4859146007302 1.0 315.6161339688924 185.82378345068287 1.0
0.131947561605394 0.991256697826749 -408.4914496087766 258.7698732310308 377.64929774470295 1.0 249.3128549014023 378.908134644759 1.0 268.2268915606593 376.39046084464695 1.0
-0.060308459519275104 -0.9981797882698347 321.0396171736098 148.7959196060963 312.6350264217658 1.0 169.42115256306585 311.38888214848106 1.0 128.17068664912676 313.8811706950505 1.0
0.12287046785396533 -0.9924227164516881 79.59976315375145 89.37220612928232 91.27256604711845 1.0 103.14325674758457 92.9775405547166 1.0 75.60115551098005 89.5675915395203 1.0
-0.1619887068629272 -0.9867926118738815 429.73976170007376 150.03883507861724 410.86157308835413 1.0 171.93926233770895 407.2664692653644 1.0 128.13840781952555 414.45667691134395 1.0
-0.02901615233038311 0.9995789428073903 -211.0265424833717 394.37315826402994 222.56344605834994 1.0 366.87818407487737 221.76531163871948 1.0 421.8681324531825 223.3615804779804 1.0
-0.04319866241479819 0.9990665020735968 -207.29744354435982 226.88358893609552 217.30136148061467 1.0 209.38927215335235 216.54492426316546 1.0 244.3779057188387 218.05779869806386 1.0
-0.0631242922405403 0.9980056731948627 -165.74202070238752 228.1327342945051 180.5027195035335 1.0 209.3786989723683 179.3165186249611 1.0 246.8867696166419 181.6889203821059 1.0
-0.0863184910492826 0.9962675936228053 -141.68175774630492 265.0389004913844 165.17601973550256 1.0 246.9414523315645 163.60802291718016 1.0 283.13634865120434 166.74401655382496 1.0
0.03593496429357974 0.9993541305969668 -280.83659767355664 299.3840898382284 270.25278910271993 1.0 283.13262896830884 270.83716219750085 1.0 315.635550708148 269.66841600793896 1.0
0.051528713805242626 0.9986715133884502 -302.5933126253743 300.00085735455934 287.5166162807509 1.0 283.13850133378094 288.38666764982287 1.0 316.86321337533775 286.6465649116789 1.0
0.14488853731560725 0.9894479833495765 -411.21275493399304 144.38672494920866 394.4550700149531 1.0 128.11945695555383 396.8371463902494 1.0 160.6539929428635 392.0729936396567 1.0
0.1250163851267741 0.9921546771798407 -389.6472242756632 227.46119943488884 364.0670710664192 1.0 209.3093878317915 366.3542888987957 1.0 245.6130110379862 361.7798532340427 1.0
1.0 0.0 -360.625 360.6249999999999 230.625 1.0 360.6249999999999 268.125 1.0 360.6249999999999 193.125 1.0
0.11917570168070825 0.9928731802848291 -388.97042003492925 183.099173786361 369.7848373912733 1.0 165.62586170296683 371.88217899498864 1.0 200.5724858697552 367.687495787558 1.0
-0.07369929666134425 0.9972805090202169 -145.65208013476138 300.6146713667772 168.2647644898194 1.0 284.3610610545022 167.063618335465 1.0 316.86828167905213 169.46591064417382 1.0
0.04655273242091145 0.9989158338439466 -283.419845657018 264.3822876949349 271.40637737000884 1.0 246.89114902715986 272.2215214197378 1.0 281.87342636270995 270.5912333202798 1.0
0.0 -1.0 195.625 204.375 195.62500000000003 1.0 213.125 195.62500000000003 1.0 195.625 195.62500000000003 1.0
0.14407431847208313 0.9895668702805307 -411.1348807604717 183.04412691766166 388.81952749228185 1.0 165.55095364837203 391.3664165327087 1.0 200.53730018695128 386.272638451855 1.0
0.08044562914912069 0.996758998329487 -345.4743235981252 144.37063352784307 334.94589736621606 1.0 128.07544869427255 336.2610361291816 1.0 160.66581836141359 333.63075860325057 1.0
0.11147325577470737 0.9937674341851753 -368.93198508751937 184.98547795069237 350.4955380983156 1.0 165.57429102810323 352.6729370855209 1.0 204.39666487328148 348.31813911111027 1.0
0.17924379973577978 -0.9838046860308604 25.88229502765764 339.37224473483957 88.1401226585246 1.0 353.12133228866855 90.64513074706193 1.0 325.62315718101064 85.6351145699873 1.0
-0.03484274089222192 0.999392807362109 -193.44948256809678 380.0020788195194 206.81537331098752 1.0 368.0979682857643 206.40034947268836 1.0 391.9061893532745 207.2303971492867 1.0
0.9999962009139556 -0.002756475585911874 -594.6096101258598 595.3009883350489 249.99917032985076 1.0 595.3647363396547 273.1257174131511 1.0 595.2372403304432 226.87262324655043 1.0
1.0 0.0 -74.375 74.375 122.5 1.0 74.375 131.875 1.0 74.375 113.125 1.0
-0.12003536229337489 -0.992769616678058 410.54368757354536 410.0995959781169 363.9487227690968 1.0 420.7204651167471 362.6645578898452 1.0 399.47872683948674 365.2328876483483 1.0
0.12138859862048029 0.9926050615048041 -414.79067389100703 456.2752693599818 362.08162974038737 1.0 446.88779811206075 363.229651268353 1.0 465.66274060790283 360.9336082124217 1.0
0.09460521726488919 0.9955148682296328 -328.53237818315785 191.24649306521206 311.8380971121441 1.0 176.8824253047604 313.2031352393011 1.0 205.6105608256637 310.4730589849871 1.0
0.09332385730105089 0.9956358057334284 -347.34756031036824 226.88470417001224 327.6035300019581 1.0 209.3628990850054 329.245900061365 1.0 244.40650925501907 325.96115994255126 1.0
0.062120467546382584 0.9980686587163325 -323.42334055898675 144.4176682800852 315.0605369052489 1.0 128.15287564336458 316.07286858635547 1.0 160.6824609168058 314.0482052241424 1.0
0.1722277469844954 0.9850571573105007 -433.31891303159705 192.49752019251008 406.23581673302084 1.0 180.65665957703018 408.3060770534773 1.0 204.33838080798998 404.1655564125644 1.0
0.033058026666338246 0.9994534340693055 -280.51361685389713 473.125591010046 265.01786818753646 1.0 448.13226186430074 265.8445501651215 1.0 498.1189201557912 264.19118620995135 1.0
-0.10980521515637064 -0.9939531250136815 366.3389653560885 148.1608856616311 352.1998358055728 1.0 168.19259504798907 349.9868681074345 1.0 128.12917627527315 354.41280350371113 1.0
0.505081230572934 0.8630718107567472 -72.57132631998653 126.33793608303046 10.150263264239431 1.0 109.68110467811387 19.89806500980281 1.0 142.99476748794706 0.4024615186760516 1.0
0.07821688208836407 -0.9969363667538541 141.84297019766186 272.5071380327064 163.65902009640266 1.0 288.1827534993647 164.88888572023427 1.0 256.831522566048 162.42915447257104 1.0
-0.06044923947457679 0.9981712726015237 -185.4746891573655 184.99136608549594 197.0175679711266 1.0 165.6117411095937 195.84393813098646 1.0 204.37099106139817 198.19119781126673 1.0
-0.07785052861564651 0.9969650421124427 -143.86652521495282 232.5031176197994 162.46007531342553 1.0 220.65157957965516 161.53461808838713 1.0 244.35465565994366 163.38553253846393 1.0
0.06257710265999537 -0.998040132571171 163.49904744110816 193.72856341258012 175.966891420999 1.0 213.1057610454379 177.18184144751797 1.0 174.3513657797223 174.75194139447999 1.0
-0.13807533481303294 -0.9904217293235588 407.66192701012784 233.08797800127402 379.109439231664 1.0 251.8223950669102 376.49766201365867 1.0 214.35356093563786 381.7212164496693 1.0
-0.0036279299059926483 -0.9999934190406441 269.2732298532453 310.62281625016124 268.148076720282 1.0 329.37483690626664 268.0800452560336 1.0 291.8707955940558 268.21610818453036 1.0
-0.29810511473180323 -0.9545330484434462 143.77115238149204 413.22416454076205 21.567525016221968 1.0 464.36586049378633 5.595735286661265 1.0 362.08246858773776 37.53931474578267 1.0
0.12172997340754343 0.9925632541930003 -389.4807797194733 144.33784734094365 374.6970642222076 1.0 128.10209656060377 376.688249673002 1.0 160.57359812128357 372.70587877141315 1.0
-0.04811408799827228 -0.998841846608408 299.1714597937523 288.1256921573243 285.63936909081644 1.0 320.61052873537744 284.07457853760417 1.0 255.64085557927118 287.2041596440287 1.0
-0.055377375760551274 0.9984654957753296 -170.2416230510035 400.0241487177309 192.68959364333557 1.0 378.14711626974804 191.47623909926395 1.0 421.90118116571375 193.9029481874072 1.0
-0.058591116633009324 0.9982820648753022 -166.65653004492103 186.26464000341952 177.87556196769654 1.0 165.63733088060857 176.66490506303631 1.0 206.89194912623043 179.08621887235677 1.0
0.09595591512298565 0.995385584762463 -347.66007993250554 185.01792079216824 331.43589889084956 1.0 165.64222970654416 333.30373000848124 1.0 204.39361187779235 329.5680677732179 1.0
0.09812605429474582 0.9951739935652181 -366.28046734409185 258.6932119259537 342.5490671874385 1.0 249.28641557802948 343.4765952530275 1.0 268.1000082738779 341.6215391218495 1.0
-0.10148370164891994 0.9948372019077458 -120.03107921773471 315.5895619665081 152.8473964144718 1.0 284.3459046390582 149.66021966579402 1.0 346.83321929395805 156.03457316314956 1.0
0.9999997716125802 -0.0006758511576308641 -632.4030372260864 632.4395086946674 53.75004088312807 1.0 632.4593621033729 83.12544987224574 1.0 632.419655285962 24.374631894010403 1.0
0.1214207833543694 -0.9926011250092411 94.30271041427271 149.35655161016075 113.27581349339992 1.0 170.59456873465763 115.87377214081322 1.0 128.1185344856639 110.67785484598663 1.0
0.04828712866425677 -0.9988334962371662 185.25777486419048 321.88538398838307 201.03520413807047 1.0 338.127638978937 201.82041194245545 1.0 305.6431289978291 200.24999633368552 1.0
0.1402799975619009 -0.9901118736203668 71.71242203635099 135.65707245196006 91.64862905579038 1.0 143.18309998311216 92.7149238370664 1.0 128.131044920808 90.58233427451437 1.0
0.0 1.0 -215.625 175.625 215.62500000000003 1.0 165.625 215.62500000000003 1.0 185.625 215.62500000000003 1.0
0.1033746845278898 0.9946424858202867 -367.82257337831913 144.3543013730698 354.80084356400255 1.0 128.08516506110925 356.4917192884626 1.0 160.62343768503032 353.10996783954243 1.0
0.04527557905430143 0.998974535181602 -282.732014164323 227.50956487774263 272.71104245371595 1.0 209.39345069846857 273.5321019810555 1.0 245.6256790570167 271.8899829263764 1.0
-0.05157662822116911 0.9986690399833847 -186.92821471724213 228.76976784773586 198.99223869508793 1.0 210.62859806348513 198.05533133939883 1.0 246.91093763198657 199.92914605077704 1.0
0.08586512569603306 -0.9963067701211332 139.67500115139384 306.8950778994074 166.64203292579714 1.0 323.1322045850423 168.04140404884484 1.0 290.65795121377255 165.2426618027494 1.0
-0.2322297802213242 -0.9726609528393516 142.8890907635303 539.375156357162 18.125654879430527 1.0 547.0353784242691 16.296721907568315 1.0 531.714934290055 19.95458785129274 1.0
-0.9999733581059737 -0.007299525892962981 630.6130892842348 630.2192695040817 56.25160060606575 1.0 630.4154723379119 29.37347050665669 1.0 630.0230666702515 83.12973070547481 1.0
-0.7087140485763305 0.7054958521143455 -317.6804218889436 15.442454568437045 465.80671651182695 1.0 2.97096433148315 453.27833620863674 1.0 27.91394480539094 478.3350968150172 1.0
0.11230889884971414 -0.993673342320888 86.56147038545797 42.903280800699704 91.9617008098374 1.0 85.49495679713381 96.77558081204299 1.0 0.3116048042656061 87.1478208076318 1.0
-0.04084474051240753 -0.9991655053956148 297.7112328467656 238.12910562223814 288.2254338886004 1.0 253.10408122982525 287.6132740516479 1.0 223.15413001465103 288.8375937255529 1.0
1.0 0.0 -359.375 359.37499999999983 331.25 1.0 359.37499999999983 355.625 1.0 359.37499999999983 306.875 1.0
-0.9965771149731286 0.08266833681546733 507.6105132967674 538.1408361054437 347.0292218707626 1.0 537.8190771070971 343.150376999301 1.0 538.4625951037904 350.9080667422242 1.0
-0.11696796874658451 0.9931356877523322 -98.47051732384917 333.0947514935572 138.38182989600858 1.0 318.1547677491401 136.6222520525757 1.0 348.03473523797436 140.14140773944143 1.0
0.04619736062331527 0.9989323319782173 -301.4329104582158 144.3786093344001 295.0780451692592 1.0 128.1344474982525 295.8292846459932 1.0 160.62277117054765 294.32680569252517 1.0
0.0 1.0 -235.625 245.0 235.62499999999994 1.0 209.375 235.62499999999994 1.0 280.625 235.62499999999994 1.0
0.06831632680016653 -0.9976637106222381 162.24092601944275 234.33785527506126 178.66744637919146 1.0 251.84137656629503 179.86602288142768 1.0 216.83433398382752 177.46886987695527 1.0
0.019797916134566426 -0.9998040020507664 211.5199023856975 324.99016331264716 217.9967573008909 1.0 345.6194504619194 218.4052542623548 1.0 304.3608761633749 217.588260339427 1.0
0.061711912362778426 0.998094003524983 -344.6074529894697 453.1095347837629 317.2498742301369 1.0 446.8448406035125 317.6372187656875 1.0 459.3742289640133 316.8625296945863 1.0
-0.0461096791220227 0.9989363831051826 -188.0725230472875 145.00157548407094 194.96586815632958 1.0 128.1336655663507 194.18726610827164 1.0 161.86948540179122 195.74447020438748 1.0
-0.038249886245942756 0.9992682053393735 -207.31419002822136 333.7407785495779 220.2409079638744 1.0 318.1147500806793 219.64277644300986 1.0 349.3668070184765 220.83903948473898 1.0
-0.03329192850773021 0.9994456701073032 -194.32871974172176 405.61009248380947 207.94753347662518 1.0 393.1031509689837 207.53092233385317 1.0 418.1170339986353 208.3641446193972 1.0
-0.05819687919054853 0.9983051253261603 -166.20897132420805 144.9669405307703 174.94209978321157 1.0 128.0764712724173 173.9574583404674 1.0 161.8574097891233 175.92674122595574 1.0
-0.12721187434608539 -0.991875566301215 387.86821546536197 196.2027355688112 365.88147752761085 1.0 218.11804282845105 363.0707546828437 1.0 174.28742830917136 368.69220037237795 1.0
-0.3160485583754806 -0.9487430151251603 149.99645094156236 320.26257223229885 51.413212965247666 1.0 353.45212528434223 40.3569941283258 1.0 287.07301918025547 62.46943180216953 1.0
0.11917141720309606 -0.9928736945461923 94.79925679053437 188.05877399535882 118.05176030835507 1.0 203.06760065509104 119.85322121261784 1.0 173.0499473356266 116.2502994040923 1.0
-0.019345882585536763 -0.9998128509011007 274.29708208705375 263.75957431357375 269.24480925500745 1.0 289.38707273352844 268.7489298762351 1.0 238.1320758936191 269.7406886337798 1.0
0.16962666927053235 -0.9855083932023032 288.45460821882887 590.6283098933791 394.3557699595838 1.0 599.335504965607 395.8544608981679 1.0 581.9211148211511 392.8570790209998 1.0
0.23414060141110374 -0.9722027457124602 -44.358113155021655 262.478869591482 17.587738055917583 1.0 291.8084495249513 24.651332059373114 1.0 233.14928965801275 10.524144052462054 1.0
-0.13317846209826437 0.9910920730351651 -111.03123431086175 260.601797279671 147.04767080448755 1.0 249.3863427881924 145.5405888475772 1.0 271.8172517711496 148.55475276139794 1.0
-0.5482364395930253 0.8363233861984031 -308.6433647755482 114.09864820210598 443.84314435539216 1.0 104.6757846705351 437.6661591860526 1.0 123.52151173367685 450.0201295247317 1.0
0.02816080859379768 0.9996034057861864 -298.4026308187075 181.88266355388632 293.3970275072958 1.0 165.645550309922 293.85445916022167 1.0 198.11977679785065 292.93959585436994 1.0
0.1182598834862925 0.9929826785789411 -385.9511243637542 472.4889532010688 332.4072442854752 1.0 446.8553602775479 335.46009281734376 1.0 498.1225461245897 329.35439575360664 1.0
-0.04275034689368069 0.9990857860266404 -177.27695035016316 488.7669769142318 198.35324547209416 1.0 478.1347005409711 197.89829604774687 1.0 499.3992532874925 198.80819489644145 1.0
-0.07320296781843962 -0.9973170636776313 322.9498006633918 239.37488942622738 306.2484935431787 1.0 251.85353510058277 305.33256226015317 1.0 226.896243751872 307.1644248262043 1.0
-0.5178839770881248 0.8554508672480182 -321.1650415486533 145.41721831022116 463.4682178530005 1.0 126.71201647255141 452.1442193735882 1.0 164.12242014789092 474.79221633241286 1.0
-0.08988971301085624 0.9959517254841351 -122.05994746828263 186.8707467920172 139.42212430029403 1.0 169.40024233238722 137.84532234107493 1.0 204.3412512516472 140.99892625951313 1.0
0.05570116721227352 0.9984474848339248 -303.356560639496 263.73549746939466 289.1150410811599 1.0 246.84333581949906 290.05741725509966 1.0 280.62765911929023 288.1726649072201 1.0
0.9990302851904849 0.04402827809735891 -336.02552438151196 322.5793434869181 312.50349674795547 1.0 322.2757310464576 319.392660623724 1.0 322.8829559273786 305.61433287218694 1.0
0.0 1.0 -236.875 336.25 236.87500000000006 1.0 320.625 236.87500000000006 1.0 351.875 236.87500000000006 1.0
0.7172667372283817 -0.69679869952932 315.8078497910483 12.577973815345597 466.17425125785127 1.0 24.278636434258363 478.21861371970243 1.0 0.8773111964328306 454.1298887960001 1.0
-0.08534134412073281 -0.996351772710656 343.89538686136945 149.36309993103663 332.3610678689304 1.0 170.61776434850245 330.5405244826455 1.0 128.1084355135708 334.18161125521533 1.0
-0.1392737719312195 0.9902539151409858 -73.93611533951571 181.2285386097924 100.1525931651217 1.0 166.8737798771729 98.13367522570624 1.0 195.5832973424119 102.17151110453716 1.0
0.0 -1.0 271.875 187.5 271.875 1.0 199.375 271.875 1.0 175.625 271.875 1.0
0.24392515776474602 -0.9697940592772487 -47.63051983072055 323.05777151101086 32.14228603901833 1.0 348.04876675192514 38.42808702792222 1.0 298.0667762700965 25.85648505011445 1.0
-0.05858973579236322 -0.998282145918568 301.3285988031321 186.23046533329858 290.91715827045874 1.0 198.10125702174324 290.2204548870358 1.0 174.35967364485393 291.61386165388166 1.0
0.06605318116871858 0.997816103927719 -323.5570071892649 226.24426115411836 309.2883075389054 1.0 209.36050100304092 310.4059744754065 1.0 243.1280213051958 308.1706406024044 1.0
-0.9995289073584464 -0.03069142151856497 528.1874431404177 519.14806882775 302.49303187710535 1.0 519.6297512832579 286.80605764698527 1.0 518.6663863722422 318.18000610722544 1.0
-0.14254158778497916 -0.9897888137131764 408.6326953062171 148.7749106759166 391.4229762432666 1.0 169.42174374166646 388.44958199274697 1.0 128.12807761016677 394.3963704937862 1.0
-0.042751126949718644 -0.9990857526481542 279.39425212792946 157.5175314692119 272.9097071203104 1.0 169.39752304645637 272.401359336615 1.0 145.6375398919674 273.4180549040058 1.0
-0.3723074488837688 -0.928109456640573 135.30004531126647 265.2510580493342 39.37585196845072 1.0 297.2430134772157 26.54240519669726 1.0 233.25910262145263 52.20929874020417 1.0
0.06547629156476882 -0.9978541252322031 162.9835026514108 149.3743106477226 173.13550568071742 1.0 170.61487855618827 174.5292500990735 1.0 128.13374273925692 171.74176126236134 1.0
-0.14904010095726059 -0.988831152576945 409.4757146923988 193.12386005976862 384.9924368783595 1.0 211.91791563679877 382.1597308766349 1.0 174.32980448273847 387.82514288008406 1.0
-0.05241304951609185 -0.9986254914833808 300.1800060073887 155.62108311607557 292.4253716360675 1.0 169.3660232389646 291.70396583038695 1.0 141.87614299318653 293.14677744174804 1.0
0.10107536118812095 -0.9948787721932211 117.68663638030135 185.5972327428514 137.14831146161072 1.0 203.04414590571076 138.92084204407178 1.0 168.15031957999201 135.37578087914966 1.0
0.4315402511676267 -0.9020936822870348 301.92753851956036 190.01442953307674 425.5948364391463 1.0 200.60721645271678 430.6621748072385 1.0 179.42164261343666 420.5274980710542 1.0
-0.08191776414457246 0.9966390921078474 -142.8393473684154 184.96718560357672 158.52423099221377 1.0 164.37853702267148 156.83196739161684 1.0 205.55583418448197 160.2164945928107 1.0
-0.11088087622863839 -0.9938337040404542 366.6896952960577 185.02199599101394 348.32215173587167 1.0 195.6541126383478 347.13593878572857 1.0 174.38987934368006 349.5083646860148 1.0
0.06749128495288957 -0.9977198637169694 143.72113968475443 195.63962915660295 157.28373800198943 1.0 205.63616429342284 157.95995887920762 1.0 185.6430940197831 156.60751712477128 1.0
0.13943741564372017 -0.9902308857628106 71.8062499354362 196.22939753909685 100.14631075177928 1.0 215.659178538274 102.88227716930997 1.0 176.79961653991973 97.41034433424859 1.0
0.14153386808041318 -0.9899334140164157 71.37549746021583 158.77826081949087 94.80233473513488 1.0 170.67808734150407 96.5036900518658 1.0 146.87843429747767 93.10097941840397 1.0
0.0007132615453451086 0.9999997456289516 -253.95933136530493 263.7500151733408 253.77127317396253 1.0 246.8745779700101 253.78330977744233 1.0 280.62545237667143 253.75923657048276 1.0
-0.11212862177529653 0.9936937013882963 -117.31814441077532 220.0264589695601 142.8905182862249 1.0 209.3957683836563 141.6909487586616 1.0 230.6571495554639 144.09008781378824 1.0
0.0 -1.0 251.875 236.875 251.875 1.0 251.875 251.875 1.0 221.875 251.875 1.0
0.3473140871307449 0.9377488602395299 -125.53476631095356 308.24646582458104 19.7029580148905 1.0 298.23138636570565 23.412243440108384 1.0 318.26154528345637 15.993672589672615 1.0
0.011007164958691062 0.999939419324777 -256.79158212335614 318.12010511503297 253.30532705742957 1.0 285.61716367831116 253.663113970439 1.0 350.62304655175484 252.94754014442012 1.0
-0.09841349685087149 0.9951456092640832 -100.90652564436367 176.8612347270756 118.88919280738276 1.0 166.8968770411476 117.90378195432156 1.0 186.8255924130036 119.87460366044397 1.0
0.09790719284391089 -0.9951955494220346 119.0368117462704 304.9763876861988 149.61501167762938 1.0 319.33538754976513 151.0276479876534 1.0 290.6173878226325 148.20237536760536 1.0
-0.15475510630065403 -0.9879528617671357 102.38711453156587 525.1182570352378 21.379950057416956 1.0 530.7996565439568 20.490003159206 1.0 519.4368575265187 22.26989695562791 1.0
-0.4351804721943506 -0.9003432437802273 111.83427248204157 202.53316802535028 26.318621203022015 1.0 231.97736509683418 12.086782764214725 1.0 173.08897095386635 40.550459641829306 1.0
-0.04188743816007526 0.9991223361152456 -223.14431418939978 302.50952468714996 236.02281189554532 1.0 285.6379761726332 235.3154851553442 1.0 319.3810732016667 236.73013863574644 1.0
0.0 1.0 -251.875 464.375 251.87499999999994 1.0 448.125 251.87499999999994 1.0 480.625 251.87499999999994 1.0
-0.12921055951300287 0.9916171798180671 -81.16309476485883 96.2479662551686 94.39060782897135 1.0 89.32758765162629 93.48886267004866 1.0 103.16834485871092 95.29235298789405 1.0
0.5198856814372638 -0.8542358446216782 322.3379710363262 111.96268735673117 445.480918933884 1.0 124.41496071610715 453.05933964947616 1.0 99.51041399735519 437.9024982182919 1.0
0.23897511726918078 0.9710256913831792 -167.25227447847 385.58748181453785 77.3475526557153 1.0 366.8930545338671 81.94836084371981 1.0 404.2819090952086 72.7467444677108 1.0
0.0957613922007379 -0.9954043177341438 294.52914201641283 562.4400972634971 349.99766683042753 1.0 581.8757270395924 351.86744269185203 1.0 543.0044674874019 348.1278909690031 1.0
0.0 -1.0 215.625 242.5 215.625 1.0 251.875 215.625 1.0 233.125 215.625 1.0
-0.18896162079066067 0.9819844733335484 -24.883660428421553 297.48374484799115 82.58447380382086 1.0 286.8902062650062 80.54597698955473 1.0 308.07728343097614 84.62297061808698 1.0
0.0 -1.0 250.625 385.625 250.62500000000003 1.0 403.125 250.62500000000003 1.0 368.125 250.62500000000003 1.0
0.0 -1.0 250.625 333.125 250.62499999999991 1.0 350.625 250.62499999999991 1.0 315.625 250.62499999999991 1.0
0.0 1.0 -253.125 387.5 253.1249999999999 1.0 368.125 253.1249999999999 1.0 406.875 253.1249999999999 1.0
0.0 -1.0 205.625 403.125 205.62500000000003 1.0 413.125 205.62500000000003 1.0 393.125 205.62500000000003 1.0
-0.23596170464470456 -0.9717623546635079 132.51071107148314 499.5421201053116 15.063251626651804 1.0 524.5832888395654 8.982797045885256 1.0 474.50095137105774 21.14370620741835 1.0
0.051338282855635305 -0.9986813208994323 184.51168757825644 272.49930913417404 198.7634393820219 1.0 288.1151716979058 199.56618952118498 1.0 256.88344657044223 197.96068924285882 1.0
-0.22702725296490475 0.9738884055225264 44.93683389278729 288.17488589010253 21.036002388102897 1.0 279.4613118913792 19.0047442303726 1.0 296.8884598888259 23.067260545833193 1.0
-0.17960808204837303 -0.9837382461116905 114.43153510354418 380.8378627689994 46.79087875472989 1.0 389.9681734901314 45.123893046275455 1.0 371.7075520478674 48.457864463184315 1.0
0.03943483058892754 0.9992221445386519 -283.18636223996555 400.0047521471148 267.6204126037903 1.0 378.13914249038646 268.4833504572491 1.0 421.87036180384314 266.7574747503315 1.0
0.2319706367321599 0.9727227887194152 -164.61265418357206 423.7612173778235 68.17203784579075 1.0 411.9611077847985 70.98607589193018 1.0 435.5613269708485 65.35799979965134 1.0
-0.1277038881566783 -0.9918123395832836 387.7689274244658 151.28108098995182 371.4913905309045 1.0 169.34797765732685 369.16513095611623 1.0 133.2141843225768 373.8176501056927 1.0
-0.4108349461739763 0.9117097383500004 -307.9157151433536 210.05070031759413 432.38748772781264 1.0 198.0731138897353 426.99014373948455 1.0 222.02828674545293 437.7848317161407 1.0
-0.028627695801883575 0.9995901435253725 -194.6333818523786 341.26469735533317 204.4868140408991 1.0 330.63052004400964 204.1822572231436 1.0 351.8988746666567 204.79137085865463 1.0
0.0 -1.0 251.875 263.75 251.87499999999994 1.0 273.125 251.87499999999994 1.0 254.375 251.87499999999994 1.0
-0.14972943309746858 0.988727008260779 -52.58281214038582 143.7572031044222 74.95243484371629 1.0 129.426896959932 72.78230234283313 1.0 158.08750924891237 77.12256734459945 1.0
0.16527540895991844 -0.9862474533265633 47.48327031436873 193.75178830043583 80.61432868016041 1.0 211.7891926387719 83.63703800989168 1.0 175.71438396209976 77.59161935042916 1.0
-0.002147573688795077 0.9999976939609667 -237.25770972296166 394.9986973912959 238.1065476155805 1.0 368.1224791102907 238.04882882324412 1.0 421.87491567230103 238.1642664079169 1.0
-0.20921286948896345 -0.9778701218670063 129.11171967374864 553.2413863511758 13.668994906651537 1.0 559.217823696427 12.390351068005796 1.0 547.2649490059246 14.947638745297281 1.0
0.0 1.0 -235.625 195.0 235.625 1.0 185.625 235.625 1.0 204.375 235.625 1.0
0.0 -1.0 235.625 395.0 235.62499999999986 1.0 421.875 235.62499999999986 1.0 368.125 235.62499999999986 1.0
0.43669015011721773 0.8996119790168435 -109.14194500898266 197.67700837209878 25.364649516101093 1.0 167.2449003717775 40.13702040601214 1.0 228.1091163724201 10.592278626190046 1.0
0.019126446765923868 0.9998170727858723 -257.8213735800262 176.87710229139873 254.48489531187573 1.0 165.63121777726496 254.70002847708162 1.0 188.12298680553246 254.26976214666985 1.0
0.4084006262534563 -0.9128027872852846 311.35414830579265 221.21750745878273 440.0726230085913 1.0 239.34833178093868 448.18460525799 1.0 203.08668313662682 431.9606407591926 1.0
0.3704339188280311 0.9288588223092396 -132.12750866478044 259.3946076616021 38.79916598761153 1.0 228.34681325709 51.181194209766296 1.0 290.44240206611425 26.417137765456758 1.0
0.024673868726923977 0.9996955537572658 -259.6410579886748 233.1303348747341 253.96614974978465 1.0 220.62252839917085 254.27485971041207 1.0 245.63814135029736 253.65743978915722 1.0
0.2894239555475096 -0.9572010102142774 284.1619034505383 336.88145541243244 398.7286502561958 1.0 348.05482569014845 402.10708486717647 1.0 325.70808513471644 395.3502156452152 1.0
-0.25429805431151664 -0.9671258964443962 153.2235561320826 461.31759525813425 37.132072846253266 1.0 515.5579506363629 22.870003255769745 1.0 407.0772398799057 51.39414243673679 1.0
0.02282839198639728 0.9997393983030354 -217.5823305014594 136.87816312110346 214.51352472791885 1.0 128.13272305655946 214.71322110302003 1.0 145.62360318564748 214.31382835281767 1.0
0.0 -1.0 253.125 159.375 253.12500000000006 1.0 170.625 253.12500000000006 1.0 148.125 253.12500000000006 1.0
0.0 -1.0 220.625 401.875 220.62500000000006 1.0 415.625 220.62500000000006 1.0 388.125 220.62500000000006 1.0
-0.3298960909221805 0.9440172504749395 149.5247830986014 580.02501135372 44.30342852637783 1.0 568.2745310919327 40.19710790260572 1.0 591.7754916155073 48.40974915014994 1.0
0.0 -1.0 234.375 327.5 234.375 1.0 346.875 234.375 1.0 308.125 234.375 1.0
0.16787047777233974 -0.9858090599565854 330.09828267735816 346.9505573883491 393.9312938822259 1.0 352.01651519917056 394.7939606932963 1.0 341.8845995775277 393.0686270711554 1.0
-0.2830979877210023 -0.9590909911725368 164.21953521955268 368.88684876570983 62.33862186959364 1.0 402.0722304717958 52.54318549367607 1.0 335.7014670596239 72.1340582455112 1.0
-0.9995922914859555 0.028552597112289857 97.57139486888236 98.45051077892631 29.383554682885837 1.0 98.27162027232923 23.12081190291285 1.0 98.62940128552341 35.646297462858826 1.0
0.047164986707515406 -0.9988871127554304 185.8732187519707 150.6218224371204 193.192296247322 1.0 165.64734501929786 193.90176437821717 1.0 135.5962998549429 192.48282811642682 1.0
-0.04167289323035296 0.9991313076717252 -267.6609642944797 153.15496212426956 274.2816410361383 1.0 145.64196391680363 273.9682804500616 1.0 160.6679603317355 274.59500162221497 1.0
0.3468240366571706 0.9379302146731523 -125.11557309258357 340.6056329976463 7.447625035305359 1.0 320.77495613651456 14.780532421190568 1.0 360.43630985877803 0.11471764942015072 1.0
-0.2310845788151612 -0.9729336654848673 161.88294411248057 416.2548448639211 67.52039829415568 1.0 430.56481232173115 64.12159227052125 1.0 401.944877406111 70.91920431779013 1.0
-0.5207423024992173 -0.8537139183519347 77.77345118453147 131.89054398065528 10.65048307016413 1.0 149.09067394762417 0.15887096247350407 1.0 114.6904140136864 21.142095177854756 1.0
-0.020607979133853364 0.9997876330481483 -251.2897963110115 151.24823237123107 254.46075578282148 1.0 141.8772138287684 254.26759700769517 1.0 160.61925091369375 254.65391455794781 1.0
0.030380377899706327 0.999538409786573 -279.4665775089255 192.49983944225954 273.744717523623 1.0 180.6168207080412 274.1058948392721 1.0 204.38285817647787 273.38354020797397 1.0
0.15109500002457174 -0.9885192466348719 30.59834291611219 145.61193522070357 53.2104746072698 1.0 155.57033862487256 54.73261488700619 1.0 135.6535318165346 51.68833432753342 1.0
-0.1833736158669642 0.9830432935552101 -26.97491865128076 430.57676761798734 107.75856783946554 1.0 419.3670634205194 105.6675470218017 1.0 441.7864718154553 109.8495886571294 1.0
0.0 -1.0 253.125 183.125 253.125 1.0 191.875 253.125 1.0 174.375 253.125 1.0
-0.22776539656358846 -0.9737160387547446 160.23874518983433 465.03755421642336 55.78554740274862 1.0 485.70148362510463 50.95197386692669 1.0 444.3736248077421 60.61912093857054 1.0
0.2481006925011252 -0.9687342496167162 303.17673487902744 357.61527716998194 404.54988862935215 1.0 366.86385317638525 406.91852390032125 1.0 348.36670116357857 402.181253358383 1.0
0.31551376045752727 0.9489210014337074 -147.23975710842655 329.9450045213377 45.45959876801929 1.0 314.37846843235985 50.63543145726379 1.0 345.51154061031554 40.283766078774796 1.0
-0.2282554407568371 0.9736012806918969 45.1915270967826 256.13121294968226 13.631674556958988 1.0 240.48692227418414 9.96395704848753 1.0 271.7755036251804 17.299392065430446 1.0
-0.27222611398539853 -0.9622333099952468 149.40663114076858 432.4441551126158 32.92760596587409 1.0 474.16280373574523 21.124953243892435 1.0 390.7255064894864 44.730258687855745 1.0
0.014073540217887925 -0.9999009628286871 211.11326912027454 138.11686236574403 213.07816499627717 1.0 148.1236768119103 213.21901025075383 1.0 128.11004791957777 212.9373197418005 1.0
-0.3561836877681698 -0.934415956931316 131.15808770565891 353.16939231449874 5.741459255314875 1.0 366.83909215455304 0.5307989882274378 1.0 339.4996924744445 10.952119522402311 1.0
0.02396962076265642 0.9997126873659724 -237.70621283071696 138.11212657421993 234.4630817396056 1.0 128.1028952926726 234.70306816868307 1.0 148.12135785576723 234.22309531052812 1.0
-0.05834258607069348 -0.9982966205745584 300.79922604788345 133.73519690291332 293.4967050607295 1.0 139.37745220939158 293.1669596132676 1.0 128.09294159643505 293.82645050819133 1.0
0.07598236479371642 -0.9971091616469857 164.0817589551639 16.858454348971183 165.8421269645402 1.0 29.380991242049888 166.79637751498248 1.0 4.33591745589248 164.88787641409792 1.0
-0.28724368444162324 -0.957857539380675 154.51962869453865 342.28912733717334 58.671813190756914 1.0 372.4508301915823 49.62687873992448 1.0 312.1274244827644 67.71674764158935 1.0
0.034141067773638435 -0.9994170238150217 225.3589844653768 236.88072134042113 233.58251827230856 1.0 248.13893392741312 233.9671098789987 1.0 225.62250875342917 233.19792666561838 1.0
-0.16846134065632798 0.9857082614568433 -272.8186189744916 591.3004625484056 377.829731360538 1.0 583.198476568657 376.4450707327474 1.0 599.4024485281541 379.2143919883286 1.0
0.14508659339810934 -0.9894189610150655 -73.41444701256556 596.7565547278524 13.307738298630069 1.0 601.7410237714938 14.038651755855852 1.0 591.772085684211 12.576824841404285 1.0
0.06574102947648197 -0.9978367186285401 143.16787576876436 147.49533698374674 153.19577663483682 1.0 155.66722020113923 153.7341693452307 1.0 139.32345376635425 152.6573839244429 1.0
-0.22824330992850633 -0.9736041246178447 129.34966673130737 533.5230722768777 7.782007697000104 1.0 541.9192335449786 5.813684443154918 1.0 525.1269110087767 9.75033095084529 1.0
