0.2397537004377566 -0.9708337463883311 103.98264133230758 550.6338545728314 243.0891452119448 1.0 615.6799011531524 259.1526889695602 1.0 485.5878079925104 227.0256014543294 1.0
0.13794518038338735 0.9904398655188486 -264.4975743444599 196.82451885529085 239.6375477705129 1.0 13.070022579248253 265.2302647213582 1.0 380.57901513133345 214.0448308196676 1.0
-0.2034879243301317 0.9790774559001012 -81.53626333822125 543.2674887339087 196.18941874229643 1.0 535.5799676508713 194.59167210947945 1.0 550.9550098169461 197.78716537511343 1.0
-0.12421457613764181 -0.992255379967751 250.1020145704069 69.94345073955108 243.29827114773184 1.0 135.5573327155687 235.08445774551961 1.0 4.329568763533471 251.51208454994403 1.0
0.18285594382533082 -0.9831397173381551 98.44523359780122 599.0428295851193 211.5505781380695 1.0 610.9702059201514 213.76897255204685 1.0 587.1154532500873 209.3321837240922 1.0
-0.1266980487876441 -0.9919413311448432 250.44115238652603 333.1943226696067 209.91773938569855 1.0 344.5779257974022 208.46374179614352 1.0 321.81071954181124 211.37173697525358 1.0
-0.10343865932368813 -0.9946358347442132 207.52443538896284 12.355312242222523 207.358724922817 1.0 24.296162131705497 206.11691816238476 1.0 0.41446235273954857 208.60053168324924 1.0
0.0531972535092685 0.9985840236149739 -201.43003253361024 8.716773357100024 201.25129120735537 1.0 0.4819618641836976 201.68998173737592 1.0 16.95158485001635 200.8126006773348 1.0
0.12864439017565832 0.9916907889439797 -209.80406222982566 276.95730135942625 175.634442745223 1.0 266.8835911691882 176.94122739894505 1.0 287.0310115496643 174.32765809150098 1.0
0.10211509722168287 0.99477259055495 -216.5053681345398 106.17242586817999 206.7442976389367 1.0 0.31557526496916566 217.61068327678154 1.0 212.0292764713908 195.87791200109183 1.0
0.20270517957320383 0.9792398123923449 -224.4467256552366 232.11445479978414 181.15677198634393 1.0 223.35180511947954 182.97066318490923 1.0 240.87710448008878 179.3428807877786 1.0
-0.1866288763677251 -0.9824304873657579 317.7632229639976 113.51390454169785 301.88217316270186 1.0 132.90162887012045 298.19915512399797 1.0 94.12618021327528 305.5651912014057 1.0
-0.040873036062435066 0.9991643483046414 -24.71927700674803 613.7562582555087 49.84701342524801 1.0 589.3454063534335 48.84843332999017 1.0 638.1671101575838 50.84559352050584 1.0
-0.023930777011759625 -0.9997136179484669 84.37236026355502 13.757593153617838 84.0672057084147 1.0 26.91993405808291 83.75213043137296 1.0 0.5952522491527668 84.38228098545645 1.0
-0.09781574013730411 -0.9952045422833395 207.4704481350745 98.69055132762966 198.77015267489037 1.0 143.12770826563616 194.40255464773915 1.0 54.25339438962316 203.1377507020416 1.0
-0.20314260171040516 0.9791491629830092 -96.53865872571099 581.4120102646345 219.21910907079075 1.0 524.2734129747911 207.3646503730169 1.0 638.550607554478 231.07356776856457 1.0
-0.9970833205154999 0.07632071769699901 81.76827620325685 89.37118349281482 96.20245214816285 1.0 87.96642143794823 77.85009833826636 1.0 90.7759455476814 114.55480595805933 1.0
-0.999406068198857 -0.034460279269059715 333.60863341383487 329.49665249597876 125.0041946703333 1.0 330.9403040209709 83.1358719217974 1.0 328.05300097098666 166.8725174188692 1.0
0.3166094637866626 0.9485559801301776 -443.89881880920694 604.5603461359792 266.1828053182097 1.0 591.8125108875677 270.43778379811596 1.0 617.3081813843907 261.9278268383035 1.0
-0.17983654516045933 -0.9836965065632541 317.0707199621394 321.7169359175504 263.5103977269745 1.0 333.04535906214574 261.43936823073545 1.0 310.3885127729551 265.58142722321355 1.0
0.02561766674599511 -0.9996718137221292 80.57097747902598 114.33265736906068 83.52732591588344 1.0 138.06707107888485 84.13554582614177 1.0 90.59824365923653 82.91910600562511 1.0
-0.07490654402133133 0.9971905583501984 0.5381975526914677 283.8788582257629 20.784579701609232 1.0 250.79966709607692 18.299750833348256 1.0 316.9580493554488 23.269408569870205 1.0
0.06466703827723362 0.9979068965391766 -43.207800485731795 401.85924476779377 17.256873744430138 1.0 318.0964819623057 22.6849250058603 1.0 485.62200757328185 11.828822482999971 1.0
-0.16771179105433132 0.9858360691014243 -106.89314269073606 511.28662576476415 195.40970804148043 1.0 493.0514208296961 192.3075098406268 1.0 529.5218306998322 198.51190624233405 1.0
0.11924608538593792 0.9928647295176366 -206.62376758567905 210.04582347043709 182.88153460076978 1.0 195.65323957499885 184.61012786941527 1.0 224.43840736587535 181.1529413321243 1.0
-0.6695706152994512 0.7427484036519462 -187.87111914324944 6.371157867112375 258.6839073524792 1.0 1.0582285263932223 253.89442365892037 1.0 11.684087207831528 263.473391046038 1.0
0.0059664828919868155 -0.9999822003825366 42.815812306117785 613.7523652597697 46.47858259434705 1.0 638.1339555070045 46.624057524834726 1.0 589.3707750125348 46.33310766385938 1.0
-0.04714023490913174 -0.9988882811669741 24.412448607115248 15.56389095419039 23.705116555948926 1.0 30.61884760589767 22.99463250433991 1.0 0.5089343024831083 24.41560060755794 1.0
0.9987647157701715 0.04968946098045885 -647.4542091249642 637.5599396367874 214.9718877284849 1.0 636.9085710818928 228.06448154524546 1.0 638.211308191682 201.87929391172432 1.0
-0.12144734619336343 -0.9925978753264533 249.76395295863364 163.7157904295416 231.59540272581376 1.0 191.72733287066586 228.16810595556987 1.0 135.70424798841736 235.02269949605767 1.0
0.16224466263954335 0.9867505609043151 -212.33431588775832 176.24292647814565 186.206979776445 1.0 168.03162539166146 187.55710799262496 1.0 184.4542275646298 184.856851560265 1.0
-0.9991391121615104 0.04148535342875375 85.25764799294811 91.81672560049563 156.2005182440314 1.0 90.12853142192708 115.54181117460766 1.0 93.50491977906418 196.85922531345514 1.0
-0.1338907062514159 -0.9909961043210498 252.06342878922854 286.1742589065107 215.68940001000576 1.0 296.85757218410527 214.24600749453037 1.0 275.49094562891617 217.13279252548114 1.0
-0.0892342888043611 -0.9960106634477263 38.77064656930126 340.65022031424365 8.406502797397257 1.0 428.12006623708925 0.5699305806563071 1.0 253.18037439139803 16.243075014138206 1.0
0.07052272859153949 -0.9975101727561498 48.96429721065004 623.7457887823921 93.18456565333625 1.0 638.2251632111536 94.2082394171771 1.0 609.2664143536305 92.16089188949539 1.0
0.10067738649081681 0.9949191242756262 -216.53858328663014 285.56155266910946 188.74799760067793 1.0 212.91995678951372 196.09871168912653 1.0 358.2031485487052 181.39728351222934 1.0
-0.06054044161762689 0.9981657452190708 -153.10354600502157 314.34011599945876 172.45015296330988 1.0 309.2829049810361 172.14342455685505 1.0 319.3973270178814 172.7568813697647 1.0
-0.174125599097089 -0.984723451400991 315.59896693240677 254.8549683008014 275.4298097687076 1.0 268.1178517977523 273.08457514331525 1.0 241.59208480385053 277.77504439409995 1.0
0.1303995746739585 -0.9914615226648237 -52.89572943655956 456.1975217354411 6.6490057499533295 1.0 486.70579198520556 10.661532079684003 1.0 425.6892514856766 2.636479420222656 1.0
-0.18121136898403603 -0.9834441721576938 317.1147328885636 186.7447731018843 288.04325138522995 1.0 204.4497900808334 284.7808899259091 1.0 169.03975612293522 291.3056128445508 1.0
0.5968636194000599 -0.8023427072246998 172.27237901514812 214.16643758806808 374.03036309263234 1.0 220.28503909056823 378.5819974573056 1.0 208.04783608556792 369.47872872795915 1.0
0.04386172602559589 0.9990376113991182 -194.65784024045854 130.61340535535126 189.11090902263783 1.0 120.63264386545072 189.54910416264235 1.0 140.5941668452518 188.67271388263327 1.0
-0.18541974985528448 0.9826594101536928 -97.19933348665873 474.32029639198504 188.4149098678928 1.0 461.7945412823809 186.0514028835063 1.0 486.84605150158916 190.77841685227926 1.0
0.2062986674598754 0.9784890698440528 -341.6394038788363 117.24806952878609 324.4300760798472 1.0 94.09794468964772 329.3109072030862 1.0 140.39819436792448 319.5492449566082 1.0
-0.18479760622201422 -0.9827765996067537 318.54300446371326 371.12597498151126 254.34041956263218 1.0 381.72865726255094 252.34673116401473 1.0 360.52329270047164 256.33410796124963 1.0
-0.2532853745634088 0.9673916058309964 -110.01103229677025 507.1093284694225 246.49212073523478 1.0 420.44771520153495 223.8021169720009 1.0 593.7709417373101 269.1821244984687 1.0
0.9978698278766208 -0.06523654354334871 -21.458934323989947 30.942020070431155 144.35427455761157 1.0 34.85851429557689 204.26167010699476 1.0 27.025525845285426 84.4468790082284 1.0
-0.999978979806548 -0.006483821793916936 229.60390825535558 228.68879941855292 141.87865565179993 1.0 228.93199017483656 104.37212754286108 1.0 228.44560866226928 179.38518376073876 1.0
-0.11476924711585124 0.9933921783044503 -135.29356161977574 604.1876163759698 205.99691032120305 1.0 591.5672389460271 204.5388444660595 1.0 616.8079938059125 207.4549761763466 1.0
-0.18641987473485794 0.9824701676406465 -96.74007203987453 566.4267614278739 205.94343178645676 1.0 553.3000063661802 203.4526813139486 1.0 579.5535164895675 208.43418225896488 1.0
0.014808072170598327 0.999890354488226 -56.97163536350447 401.2283158408969 51.03581335351876 1.0 366.833091465573 51.545196169932076 1.0 435.6235402162209 50.52643053710545 1.0
0.003645374100421294 -0.9999933556017598 76.77538584131307 158.12553832857225 77.35232654301359 1.0 174.3776007300213 77.41157178401924 1.0 141.87347592712322 77.29308130200795 1.0
-0.051812665107530145 0.9986568218033935 -32.81969844729378 354.4720364179197 51.25468353359591 1.0 343.18755879157527 50.669218289277666 1.0 365.7565140442641 51.840148777914145 1.0
0.9996196537421407 -0.027578032062545516 -134.95285887985776 138.76360913677507 136.26686737227067 1.0 140.1601666789415 186.8878240658173 1.0 137.36705159460868 85.64591067872402 1.0
0.9935334952314187 0.11353939339824087 -551.2844909784692 538.5899982495046 142.48171525994735 1.0 532.492481561072 195.8384127582454 1.0 544.687514937937 89.1250177616493 1.0
-0.006895788411165245 -0.9999762237684396 278.00037830363385 228.12626775453998 276.43384038517 1.0 239.38004256097418 276.3562348901117 1.0 216.8724929481058 276.5114458802283 1.0
0.05528502505141436 -0.9984706134909853 23.557241530107387 133.10626401823848 30.963379645959908 1.0 158.09885375946502 32.34721201045233 1.0 108.11367427701192 29.579547281467484 1.0
0.9992612730770023 0.03843056242795507 -356.85080419755445 352.3582993428658 123.67243976366277 1.0 350.74651608919 165.58159966762267 1.0 353.9700825965416 81.76327985970285 1.0
0.11618088967823081 0.9932280709250896 -206.59325500506864 45.57191114325626 202.67114443978494 1.0 40.49515848772155 203.26498754336032 1.0 50.64866379879097 202.07730133620956 1.0
-0.1420207545056385 -0.9898636801548227 253.33874584652855 232.42268202507097 222.58610513585313 1.0 272.93118598602956 216.7741449520729 1.0 191.9141780641124 228.39806531963333 1.0
0.0008757393878730983 -0.9999996165401888 311.174853710148 369.9997819438388 311.49899654004736 1.0 384.3753182562789 311.5115857682454 1.0 355.6242456313987 311.4864073118493 1.0
0.012181403377174322 -0.9999258039533547 42.3773289037942 398.7608020520913 47.238299979705005 1.0 435.64555592110656 47.687641384407094 1.0 361.876048183076 46.788958575002916 1.0
0.04925091590522519 -0.9987864372740033 61.5618779947954 570.6360862566366 89.77517569845506 1.0 579.3956062621269 90.20711426616128 1.0 561.8765662511464 89.34323713074883 1.0
0.19739068946917468 0.9803249031371609 -340.80646308147965 201.7779449581196 307.01798397996265 1.0 140.61653814448619 319.3329748786062 1.0 262.939351771753 294.70299308131905 1.0
0.0 -1.0 76.875 118.125 76.875 1.0 129.375 76.875 1.0 106.875 76.875 1.0
0.03514225256118626 0.9993823202783436 -40.73637723944617 111.89528511409273 36.826872081657655 1.0 65.63655181909415 38.45351291332719 1.0 158.15401840909132 35.200231249988114 1.0
0.22211020643946616 -0.9750215670411695 113.06878993132291 466.4552328208725 222.22406694598504 1.0 484.7688844221066 226.3959222928923 1.0 448.14158121963834 218.05221159907782 1.0
-0.1452015431922238 -0.9894020981656533 44.402918623942256 87.5233181649279 32.033889780355224 1.0 111.7435649201119 28.47940246739184 1.0 63.30307140974392 35.588377093318606 1.0
-0.08268403809928294 0.9965758123914089 -77.75502215632316 10.043106709024185 78.85544260352023 1.0 0.6291991636897265 78.07438823669415 1.0 19.457014254358644 79.63649697034631 1.0
-0.08688666219622193 -0.9962182029718187 205.44068430548063 230.55845968794154 186.1120673653644 1.0 239.35060097544422 185.3452475986207 1.0 221.76631840043888 186.87888713210813 1.0
0.12103966992787556 0.9926476707793913 -206.79171727315037 155.69673667570987 189.3383132703131 1.0 144.3862751702443 190.71746779578396 1.0 167.00719818117548 187.95915874484226 1.0
0.008788058229305864 -0.9999613842706919 76.39566858707741 243.12139441703295 78.53526625458724 1.0 254.3705255798992 78.63412809189757 1.0 231.87226325416665 78.43640441727693 1.0
0.995521908867454 0.09453110051671228 -504.3255873377352 493.5283949377365 137.59765260248332 1.0 488.5962880400587 189.53844718411887 1.0 498.4605018354142 85.65685802084775 1.0
0.06092225478977602 0.9981425143091188 -200.0579857936463 65.63563059168104 196.42417026907034 1.0 55.63474012010946 197.03458089550824 1.0 75.63652106325262 195.81375964263245 1.0
0.14970466002548075 0.9887307594925199 -213.3580077088742 251.80515977157813 177.66373725721766 1.0 241.8442526211534 179.17192763582497 1.0 261.7660669220029 176.15554687861035 1.0
-0.0025928936951404176 0.9999966384454928 -80.55570312167522 155.6257532477291 80.95949630583249 1.0 141.8742251372108 80.92383993543535 1.0 169.37728135824742 80.99515267622964 1.0
-0.08745079197848994 0.9961688405999933 -320.18454393659766 89.43929897559104 329.2675579658323 1.0 85.66353028312307 328.9360941124909 1.0 93.21506766805904 329.5990218191737 1.0
0.9996566523577909 -0.026202621945419446 -179.43102063946066 182.9662273753961 132.52054395149096 1.0 184.29356699069848 183.15989901828402 1.0 181.63888776009375 81.8811888846979 1.0
0.13657636697096667 -0.9906295452816919 219.71369544922186 527.4807213397396 294.51483393225965 1.0 541.7567036999101 296.4830387117156 1.0 513.2047389795692 292.54662915280375 1.0
-0.9984178546907861 0.056229773560350034 181.77769839891997 187.13758381713023 90.05561017174496 1.0 186.4007356873519 76.97210863182472 1.0 187.87443194690857 103.1391117116652 1.0
-0.11055106480093911 -0.9938704453153733 211.77754076801693 324.9376979153524 176.93989503199947 1.0 340.71509087272955 175.1849302884132 1.0 309.16030495797526 178.69485977558577 1.0
0.12919317005070988 0.9916194455597613 -209.98533127507028 336.8423610030708 167.87448006906374 1.0 329.3074044924092 168.85617211046687 1.0 344.3773175137324 166.8927880276606 1.0
0.019613915375532878 -0.9998076286584542 74.56492327382186 343.11155548623685 81.31032606400281 1.0 349.383663753535 81.43337033497525 1.0 336.8394472189387 81.18728179303037 1.0
0.06402700065722841 -0.9979481665832346 23.643712663222882 347.9395395446419 46.015654247402594 1.0 364.12292337142804 47.0539582010653 1.0 331.75615571785573 44.977350293739896 1.0
-0.10225072807381734 -0.9947586584736894 209.00221051260073 277.9612503091586 181.5319411939121 1.0 286.74691070584015 180.62886770516423 1.0 269.175589912477 182.43501468265998 1.0
0.6100754564095937 0.7923433204657094 -575.6503453755979 541.1405373634678 309.8578339974415 1.0 536.0985264248986 313.7399985151683 1.0 546.182548302037 305.9756694797148 1.0
-0.24042970191661944 -0.970666553681688 279.7761670335558 306.95538194778794 212.199519257045 1.0 316.07473959721335 209.94069573726253 1.0 297.8360242983625 214.4583427768275 1.0
0.9983922146969884 0.05668320414763835 -392.3246855333184 385.82153237918624 125.67164207801082 1.0 383.3355887486125 169.45792417448234 1.0 388.30747600975997 81.88535998153931 1.0
-0.7360951374284401 0.6768780899498859 197.82124614223648 555.2869292755051 311.6111534806041 1.0 550.2185237111055 306.09933570150287 1.0 560.3553348399049 317.12297125970537 1.0
0.20822510294487384 -0.9780809304467584 75.45395203196645 560.701946007668 196.5135670041231 1.0 580.598520896855 200.7493784033485 1.0 540.8053711184809 192.2777556048977 1.0
0.9996708600700384 0.02565485386490941 -298.1437676555431 295.0339960086402 125.0008724497917 1.0 293.95881852547546 166.8963985355334 1.0 296.1091734918049 83.10534636405002 1.0
-0.9946335244990488 -0.10346087155345352 555.8075857918717 543.9878753999938 142.4597316523826 1.0 548.9937306295277 94.3353407080155 1.0 538.9820201704598 190.58412259674972 1.0
-0.4188166435528326 -0.9080708227242738 304.13382438681697 62.44182415076743 306.1238641549028 1.0 72.31165280888109 301.5717428802301 1.0 52.57199549265377 310.6759854295755 1.0
0.007002012765750742 -0.9999754856081364 356.91944988799503 168.74573014854738 358.1097884883462 1.0 173.12489180094505 358.14045218584147 1.0 164.3665684961497 358.0791247908509 1.0
-0.9991819788142914 -0.040439747931419356 398.02842486288347 385.96097231125066 306.2130066893528 1.0 386.1377514809545 301.8451614471586 1.0 385.7841931415469 310.580851931547 1.0
-0.5806229726420769 -0.8141725637973058 379.9730414440138 136.32441883478282 369.47935304210273 1.0 145.25574887112717 363.1100210037404 1.0 127.39308879843844 375.848685080465 1.0
0.052708850290172436 0.9986099223926669 -297.280934849214 110.68977968251059 291.85230117178395 1.0 99.47103469012333 292.4444514568828 1.0 121.90852467489783 291.2601508866851 1.0
-0.11998535163695591 -0.9927756621677206 211.29026586765997 182.44295822044324 190.7780282993043 1.0 191.90633843397686 189.63429860702342 1.0 172.97957800690966 191.9217579915852 1.0
0.00985713320199786 -0.9999514172823788 75.88934131044024 9.996386505964711 75.99156890070168 1.0 19.370475602136942 76.08397503491118 1.0 0.6222974097924805 75.8991627664922 1.0
0.11654874974573158 0.9931849721641517 -209.89449436325498 253.78560248580266 181.5533911041349 1.0 241.8548682420293 182.95344466780335 1.0 265.716336729576 180.15333754046645 1.0
0.01410574145815336 0.9999005090797363 -80.83268406313172 109.36509534140129 79.29789772451923 1.0 90.61001085402476 79.56247842070093 1.0 128.1201798287778 79.03331702833752 1.0
0.12724933815630493 0.9918707607036222 -207.2644939764187 106.29192273475165 195.3267752540907 1.0 95.60231398820935 196.69816928246433 1.0 116.98153148129396 193.95538122571708 1.0
-0.999991080063924 0.004223717863060767 212.26461360126027 214.1830395052109 453.75081079420306 1.0 214.11176490204232 436.87611184070295 1.0 214.25431410837948 470.6255097477032 1.0
-0.7499824222048863 0.6614577585784988 51.81055642932201 356.8458806133806 326.27568226085594 1.0 352.4878913791156 321.33445165396 1.0 361.20386984764554 331.2169128677519 1.0
0.18516027298814086 -0.9827083358285698 96.87061189341426 541.9797484561047 200.6940644349994 1.0 550.7709328670338 202.35048480518407 1.0 533.1885640451756 199.0376440648147 1.0
-0.9985673902323762 -0.053508570944301934 408.92719119066436 404.022380135064 102.48110474541443 1.0 406.6677388088442 53.11389383905439 1.0 401.3770214612838 151.84831565177447 1.0
0.0853889959565068 -0.996347690000604 339.03157674118813 55.674639246088745 345.04579248479405 1.0 69.43073054851084 346.22471710758225 1.0 41.91854794366666 343.86686786200585 1.0
0.2043440598640864 0.9788991292254083 -342.25681103029655 347.41882266038596 277.1111243599943 1.0 263.1914831585887 294.6934839632428 1.0 431.6461621621832 259.5287647567457 1.0
0.10184491592592387 0.9948002880478279 -240.06265471204176 232.00961886869703 217.56492954890246 1.0 224.52408967563463 218.3312774284598 1.0 239.4951480617594 216.7985816693451 1.0
0.6584225734091327 -0.7526484669653525 154.7359999049409 242.0765392811928 417.3590615642627 1.0 246.41324081039758 421.1528408733193 1.0 237.739837751988 413.56528225520606 1.0
-0.9961193995894835 -0.08801216825807183 508.9237405889158 498.64789945280677 138.7409789021853 1.0 502.9009378052249 90.605202976074 1.0 494.3948611003887 186.8767548282966 1.0
-0.007206119191314784 -0.9999740355860249 80.07566896366426 203.1240197566545 78.61397423244996 1.0 216.87780945209516 78.51486021113486 1.0 189.37023006121382 78.71308825376506 1.0
-0.09277852862897175 -0.9956867703376615 198.52705869220898 211.22253531571846 179.7052526786667 1.0 216.97232554210018 179.16948471124857 1.0 205.4727450893367 180.24102064608485 1.0
-0.009311299173239664 0.9999566489141949 -46.845678682042816 449.3828476319809 51.03222912221002 1.0 434.3841481363653 50.892565689435365 1.0 464.38154712759655 51.17189255498467 1.0
-0.9924746203431344 -0.12245051234989292 613.6101215790691 603.2910401848508 121.34759773594092 1.0 606.4708207797194 95.57513277761456 1.0 600.1112595899821 147.1200626942673 1.0
0.2786725063744457 0.9603861901292545 -33.45923247914323 22.382399678266935 28.344715221761284 1.0 13.233634557681345 30.999386157878728 1.0 31.531164798852522 25.69004428564384 1.0
0.01584068830437943 -0.9998745284254638 75.46937076656751 54.37356997551632 76.34026407367986 1.0 76.87782329684997 76.69679167014479 1.0 31.869316654182676 75.98373647721492 1.0
0.08086754557443487 -0.9967248567547449 -3.0136372410999748 95.02546071774623 4.686186466174736 1.0 104.38952902641515 5.445923935930379 1.0 85.66139240907731 3.926448996419094 1.0
-0.5343453599258543 0.8452662517371133 -147.22305118740903 373.5493713528499 410.31736894766163 1.0 263.74095367967874 340.90063978821104 1.0 483.3577890260211 479.7340981071123 1.0
0.0028302671491968042 0.9999959947859113 -210.04576647149898 286.87637174464953 209.23466773030862 1.0 276.8782207586542 209.26296528193475 1.0 296.8745227306448 209.2063701786825 1.0
0.0007830295157179123 0.9999996934323419 -269.57275279183773 228.74903586965996 269.3937181324612 1.0 216.87404315064074 269.4030166051097 1.0 240.62402858867918 269.38441965981264 1.0
-0.1214743301033891 -0.9925945733913384 208.92579187608285 253.75668461215957 179.42962149697962 1.0 266.8387303942712 177.82863274450804 1.0 240.674638830048 181.03061024945123 1.0
0.9993620544729853 0.03571391996874429 -329.91699886510344 325.68197702335465 124.39937162059894 1.0 324.20732611283404 165.6636787831305 1.0 327.15662793387526 83.13506445806739 1.0
0.9999837299500255 0.005704369836740945 -125.41317421318386 123.3116677109183 368.75463012814004 1.0 123.279560815248 374.3830122647083 1.0 123.34377460658858 363.12624799157174 1.0
-0.9986068061359885 -0.052767857061664 366.4998914355626 360.4395684532431 124.36520152346864 1.0 362.67559739611653 82.04940843637978 1.0 358.2035395103697 166.6809946105575 1.0
-0.9977324591020116 -0.0673048293531225 292.1089456400825 270.2995795515333 333.14520897527154 1.0 270.6381718285669 328.12588854248037 1.0 269.96098727449976 338.1645294080628 1.0
-0.732456341557627 0.6808140037572795 -136.33916671335564 162.14579908474872 374.70422773626876 1.0 157.04523555650235 369.21676701841676 1.0 167.24636261299509 380.1916884541207 1.0
0.6388444698351978 -0.769335910614463 166.968778257182 303.19266389885615 468.7961785060961 1.0 315.13607202068465 478.7137972267937 1.0 291.2492557770277 458.8785597853986 1.0
-0.9927930136233033 -0.11984169600251646 606.6220175204809 592.680845126986 151.9722749056532 1.0 599.4631202450445 95.7865267204955 1.0 585.8985700089275 208.15802309081087 1.0
-0.9427750415064997 -0.33342948446773263 358.8782025934481 212.65037370439146 475.05318238659845 1.0 213.84116785666023 471.6862005849649 1.0 211.45957955212268 478.4201641882319 1.0
-0.6174860595845146 0.7865818242362261 -166.74121479255908 213.5527870187828 379.6262188641688 1.0 207.64402127786 374.9876925698278 1.0 219.46155275970563 384.2647451585097 1.0
-0.17368126846107287 0.9848019176391529 -102.0496083042253 372.5095427425995 169.3208910491917 1.0 364.41583279679213 167.89347119473635 1.0 380.60325268840677 170.74831090364702 1.0
0.9994135464664999 -0.03424270928611263 -39.77316021023954 50.20285351660381 303.7216354181902 1.0 50.438134080860564 310.58857404660785 1.0 49.967572952347055 296.85469678977256 1.0
0.9999587332791577 -0.009084698054554632 -260.2544038672052 261.42925750752113 128.13472777367167 1.0 261.84945903595496 174.3865883827291 1.0 261.00905597908735 81.88286716461423 1.0
0.998980832882044 -0.04513641029476829 -79.56566502033627 85.83204074826025 136.8938844266597 1.0 88.37474278896843 193.1701940801979 1.0 83.28933870755208 80.61757477312152 1.0
-0.9949083073050703 0.10078422523073678 120.89265579532432 158.6765505382065 366.8824404314911 1.0 158.4068276432843 364.2198258386407 1.0 158.9462734331287 369.5450550243415 1.0
0.015511344853723498 0.9998796918533894 -256.3843495559493 323.1273650717063 251.40245532810087 1.0 308.1212806747986 251.63524788492646 1.0 338.1334494686141 251.1696627712753 1.0
-0.04054967712900219 0.9991775236086597 -19.224779231286984 13.707513722026686 19.796896967333964 1.0 0.5787721449290051 19.26409251619028 1.0 26.836255299124367 20.32970141847765 1.0
-0.9986499032140481 -0.05194584497890381 395.73831509174425 389.7378217455954 125.64387256193687 1.0 391.94928547769535 83.1288640387348 1.0 387.5263580134954 168.15888108513894 1.0
-0.154187287614296 -0.988041638969809 29.74973505885867 91.80223923114204 15.783744510150836 1.0 113.02312100196121 12.472153103499354 1.0 70.58135746032288 19.09533591680232 1.0
0.00326016128865752 0.9999946856600648 -74.31567657044043 45.00136718529697 74.16935901639286 1.0 20.6245886687035 74.24883166839953 1.0 69.37814570189045 74.0898863643862 1.0
-0.14266725650799567 -0.9897707077502758 207.6822184105568 197.5156212757076 181.35837441955147 1.0 204.51545265537348 180.34940665445626 1.0 190.5157898960417 182.3673421846467 1.0
-0.003333273103074917 0.999994444629779 -46.51928399256537 204.37391407931864 47.20078028114523 1.0 196.86983084140863 47.17576698336694 1.0 211.87799731722868 47.22579357892352 1.0
-0.8740776920390353 0.48578615488681176 3.9046943681783493 224.73437842583436 396.32791200679867 1.0 222.40460968338033 392.1359463344477 1.0 227.0641471682884 400.5198776791497 1.0
0.6053048808059577 -0.7959937193674869 -95.81823736376374 562.3556592616867 307.2617056960378 1.0 569.0259279889 312.3340399602803 1.0 555.6853905344735 302.18937143179534 1.0
0.12139980685070045 0.9926036907530682 -242.23019531040038 106.91583461851066 230.95887691542237 1.0 95.68100877050287 232.33294564058966 1.0 118.15066046651845 229.5848081902551 1.0
0.9999999931123433 0.00011736827980179474 -223.90798066802984 223.89279768696008 129.37501675991896 1.0 223.88722268509832 176.87508946076596 1.0 223.89837268882184 81.87494405907198 1.0
0.15175423523298712 0.9884182576666881 -31.696581718333942 122.52028927877922 13.25714981149935 1.0 71.93617509091216 21.023450670448536 1.0 173.10440346664626 5.490848952550163 1.0
-0.04350822852293251 0.9990530686859413 -63.559549334302375 358.1047467231803 79.21506371425744 1.0 348.09650948941055 78.77921031834994 1.0 368.1129839569501 79.65091711016494 1.0
-0.08175390399652901 -0.9966525468694325 20.29345627230704 128.16384289000143 9.848529254937564 1.0 144.4070830474913 8.516120783601002 1.0 111.92060273251155 11.180937726274127 1.0
-0.3757466845083501 -0.9267224120959752 357.5435913857887 299.6122432705627 264.33512467312147 1.0 306.5032647752142 261.54110733907174 1.0 292.72122176591125 267.1291420071712 1.0
0.18931383387265976 -0.9819166320540839 97.29203729691766 478.12194102221633 191.26586604159564 1.0 500.6288176585051 195.60519889880723 1.0 455.6150643859275 186.92653318438406 1.0
-0.097738644646856 -0.9952121167583298 198.0213754295256 309.2987081428212 168.59816724414742 1.0 318.08670912385406 167.7351077108299 1.0 300.5107071617884 169.46122677746496 1.0
-0.030628879607156562 -0.9995308258047925 179.41603196378534 281.27699688217604 170.88100564832 1.0 288.2029494553359 170.66877190619667 1.0 274.35104430901623 171.09323939044336 1.0
-0.9605387383307995 -0.2781462424083344 657.0132564208675 601.3623650736438 285.39450436604034 1.0 603.2475138114336 278.8844096242093 1.0 599.4772163358539 291.9045991078714 1.0
0.6576673671966816 -0.7533084588165629 156.09534397793917 188.64349408589317 371.9061040577176 1.0 203.65806997697095 385.01440847178554 1.0 173.62891819481536 358.79779964364957 1.0
0.9969797002955132 -0.07766258557805535 4.753134162641322 16.75626346045008 276.3079354851791 1.0 17.485920833328475 285.67478289975014 1.0 16.026606087571686 266.941088070608 1.0
-0.034812823457808256 0.9993938499525077 -28.343047531084643 356.24496116639375 40.76965299900566 1.0 311.8367613747822 39.222740518507685 1.0 400.65316095800523 42.31656547950362 1.0
-0.16696462092563735 0.9859628874147132 -136.08566814073814 470.6917461030213 217.73084955008028 1.0 455.698351573274 215.191842792319 1.0 485.6851406327685 220.26985630784154 1.0
0.1470186443208827 0.9891337211024855 -243.48322240283986 41.25391220435124 240.02632110550013 1.0 30.40412513971522 241.63896553504713 1.0 52.103699268987256 238.4136766759531 1.0
0.36231916503729783 -0.9320540878332519 297.7098784012634 74.85054825308231 348.509459683865 1.0 83.17531640786159 351.74556270228584 1.0 66.52578009830302 345.27335666544406 1.0
0.3489245333909295 0.9371508256401004 -344.5302338289311 302.298106219487 255.08274829513817 1.0 296.5404532893652 257.22646551450623 1.0 308.05575914960883 252.93903107577012 1.0
0.21836731715003813 -0.9758666480624771 72.85382278301172 516.0794106253468 190.13735071901164 1.0 531.7584588509836 193.64581337965907 1.0 500.4003623997099 186.62888805836417 1.0
-0.005902935812271648 0.9999825775226266 -79.46904689302488 50.62636194414135 79.76928083648045 1.0 33.1232824549321 79.6659594816246 1.0 68.1294414333506 79.87260219133631 1.0
0.009591927619293205 0.9999539964041075 -291.1291754517806 93.75233345969616 290.24326208883497 1.0 85.62208632196163 290.3212504186507 1.0 101.88258059743067 290.16527375901927 1.0
-0.352111149731991 0.9359581925676037 -115.69544549522716 606.4480447311048 351.75990379979874 1.0 591.2480204370507 346.04159493447304 1.0 621.6480690251589 357.4782126651245 1.0
-0.08833911195735213 -0.996090458391499 185.84366149975205 239.2402732545315 165.35585380667953 1.0 244.3112464441788 164.90613032568527 1.0 234.1693000648842 165.80557728767377 1.0
0.3792015208064982 0.9253141124061811 -299.0207186208613 64.87486071018886 296.5696395398613 1.0 56.60238333648676 299.95977047905984 1.0 73.14733808389094 293.17950860066287 1.0
0.6119861613057769 -0.7908684709673409 212.37676222685286 252.41553700812167 463.8591513525364 1.0 257.446324035345 467.752051568133 1.0 247.38474998089833 459.96625113693983 1.0
0.05677683286220273 -0.9983868945705053 10.32949517808472 423.1585181310069 34.41060356767348 1.0 438.145592278412 35.2628970108148 1.0 408.17144398360176 33.55831012453217 1.0
-0.2940649470790012 0.9557854397820801 -116.23033007251321 439.22352795408784 256.74232245276045 1.0 426.5748047657333 252.85071042334047 1.0 451.8722511424424 260.63393448218045 1.0
0.0314037850369228 -0.9995067795094512 71.18428491632082 526.2420333752316 87.75355846298228 1.0 541.8712417209694 88.24461696228302 1.0 510.6128250294938 87.26249996368153 1.0
-0.2383234802194389 -0.9711858312270082 383.16794286520695 108.24140280992225 367.97435007078366 1.0 121.04404848878893 364.8326536249562 1.0 95.43875713105557 371.1160465166111 1.0
0.20410128386808468 -0.9789497770179016 78.18433974238106 622.5698157471807 209.66513630468384 1.0 629.533055774776 211.1169025371081 1.0 615.6065757195853 208.21337007225958 1.0
0.06323249708739731 -0.9979988233019578 55.03395987283092 482.4943096777243 85.7148103854337 1.0 495.6457137983051 86.54807401594421 1.0 469.34290555714347 84.88154675492318 1.0
-0.19724685436856856 0.9803538536884041 -95.35589629431989 471.93148383319664 192.21926475723666 1.0 456.91079205092063 189.19710679524485 1.0 486.95217561547264 195.24142271922844 1.0
0.18214902330106467 -0.9832709358617635 213.29366328232538 587.36463407417 325.7307279400269 1.0 596.7644037750947 327.47201694576546 1.0 577.9648643732452 323.9894389342883 1.0
-0.9833120836126656 -0.18192676059700008 643.0144642584136 603.1625712639507 274.38195121971546 1.0 604.0983968568651 269.32382447328763 1.0 602.2267456710364 279.4400779661433 1.0
-0.11980578008781562 -0.9927973484339843 208.86502169937884 157.51475030165173 191.37223166826942 1.0 168.2102630256349 190.08155110052095 1.0 146.81923757766856 192.66291223601792 1.0
0.9998631282873174 -0.016544627269885807 -199.0638519008777 206.2786502400309 434.3745259275704 1.0 207.00289184538315 478.1435674025268 1.0 205.55440863467865 390.60548445261395 1.0
0.21790374118197284 0.9759702657247812 -378.44926281592495 357.46248508547484 307.95697424285083 1.0 334.3721694092938 313.11232205170654 1.0 380.5528007616559 302.80162643399507 1.0
0.3243798464786964 0.9459269079577224 -322.40396578904716 206.09077912119977 270.1606946024831 1.0 197.6700615907746 273.0483501251039 1.0 214.51149665162498 267.2730390798622 1.0
-0.04216997205864935 -0.9991104510796456 91.40898466020788 281.85785738765924 79.59384931238208 1.0 289.370852875962 79.27674442225094 1.0 274.3448618993565 79.91095420251322 1.0
-0.9999299635247647 -0.0118350346582874 267.2047521026857 265.7735533908953 122.50175825767201 1.0 266.2543180004712 81.88244852201488 1.0 265.2927887813194 163.12106799332915 1.0
0.7018926226822371 -0.7122827712532791 152.97971166379807 222.36553266915467 433.8957097604525 1.0 226.14288055151937 437.6179570461353 1.0 218.58818478678998 430.1734624747697 1.0
0.780812971796743 -0.6247648382183001 96.62299518284273 234.58478048625375 447.8322364787739 1.0 240.13418630981764 454.76772290140934 1.0 229.03537466268986 440.8967500561384 1.0
0.07532310906282083 0.9971591794899701 -274.1996811310327 370.6332389469739 246.98407066512 1.0 361.83899627907704 247.64836751282863 1.0 379.42748161487077 246.31977381741137 1.0
-0.9986050072461903 0.0528018891976059 -1.1479650988633847 4.6676819055719925 110.01757153536485 1.0 3.5090242795869417 88.10469446646792 1.0 5.826339531557043 131.93044860426178 1.0
-0.1530420418376277 0.9882196787304783 -212.23717817205505 466.1405524211358 286.95672247915843 1.0 454.2601136664956 285.1168414850127 1.0 478.02099117577603 288.7966034733042 1.0
0.6642385864357521 0.7475206353605457 -371.50550433322553 47.0393535531218 455.18496015582684 1.0 43.39223927027416 458.42574565553406 1.0 50.686467835969445 451.9441746561197 1.0
0.016931133223102787 0.9998566580904392 -58.32525375307132 314.9872957481509 52.999758971831795 1.0 284.36049436943625 53.51837976626733 1.0 345.61409712686554 52.481138177396254 1.0
0.3046879289120227 -0.9524522381596372 113.85828366747039 417.3259306122709 253.04413963339368 1.0 431.63605937243295 257.62192665484366 1.0 403.0158018521088 248.46635261194373 1.0
-0.19019594388106761 -0.9817461499446737 5.757565158170399 15.804731268689185 2.802729989713228 1.0 26.881173346215483 0.6568653424234874 1.0 4.7282891911628875 4.9485946370029685 1.0
0.10119246970866856 0.9948668675125633 -290.038887681357 254.93437713171977 265.60483324410285 1.0 242.99221419204744 266.8195253813033 1.0 266.87654007139207 264.3901411069024 1.0
-0.9708722806267257 0.23959760998528393 124.47754777871461 233.6056679595055 427.06486031619795 1.0 227.72218051413464 403.22441017783154 1.0 239.48915540487636 450.9053104545643 1.0
-0.6630269728416756 -0.7485955071227747 605.7613438962984 552.7762393679457 319.6062292291093 1.0 557.1292749499005 315.75076926827063 1.0 548.4232037859908 323.46168918994806 1.0
0.3421610658248239 -0.9396413172235567 104.00799992824228 463.3399542328311 279.4096935664106 1.0 468.3574120228634 281.23675105494385 1.0 458.32249644279875 277.5826360778774 1.0
0.17328595749835665 0.9848715535204973 -284.55653223176444 8.517557513309509 287.428912034905 1.0 0.3165394316629522 288.87186291074215 1.0 16.718575594956064 285.9859611590679 1.0
0.2246160545686249 0.9744473449243035 -383.86191515534455 212.48802112711965 344.94803229494937 1.0 201.7150884605451 347.43125896112434 1.0 223.2609537936942 342.4648056287744 1.0
0.2254764319327822 0.9742486226024965 -381.2955278675888 247.1195204711958 334.18153495675165 1.0 225.85151190883582 339.10372275738393 1.0 268.3875290335558 329.2593471561194 1.0
-0.0008603766658754337 0.9999996298759278 -75.18218412423705 136.87527964291831 75.29997629131086 1.0 121.87529074663843 75.28707064609942 1.0 151.8752685391982 75.3128819365223 1.0
0.9994145628516279 0.03421303202128491 -522.572319563914 513.0785367910291 286.26980509239377 1.0 512.928210823123 290.66105464334424 1.0 513.2288627589352 281.8785555414433 1.0
-0.17358207429211944 0.9848194065332208 -190.94958398140074 537.0209227512438 288.54710600307817 1.0 518.194822828201 285.22885957759786 1.0 555.8470226742866 291.8653524285584 1.0
-0.11580290536500072 -0.9932722119887502 246.00522323027894 350.6155783545395 206.79418804975012 1.0 357.06932341888745 206.0417634677313 1.0 344.1618332901915 207.5466126317689 1.0
0.990789889800631 0.13540825037217535 -625.0094179915053 591.8464338588633 285.16692966235985 1.0 590.0626498443077 298.21897901941156 1.0 593.6302178734188 272.11488030530813 1.0
-0.2216639921883682 0.9751231073906079 -64.11104485854467 626.8485858013956 208.2411988249333 1.0 617.988142196785 206.22705180383193 1.0 635.7090294060063 210.25534584603463 1.0
-0.20879298748218433 0.9779598603103627 -116.86546393793893 537.8670784627125 234.33307175383823 1.0 533.0850510208211 233.31211594947894 1.0 542.6491059046037 235.35402755819754 1.0
-0.999924334495874 0.012301434184005327 186.1999280591107 187.9670343712898 142.49425437267413 1.0 187.49798310125234 104.36733583446924 1.0 188.43608564132728 180.621172910879 1.0
-0.9841674677604525 0.17724106578888194 132.50667772931604 209.8323514676303 417.5301922239137 1.0 206.35450547079986 398.2187371007626 1.0 213.31019746446077 436.8416473470647 1.0
-0.0675590314744538 -0.9977152786573099 83.54632719283192 97.4754346935685 77.1372182813061 1.0 104.36118358596971 76.67095848144321 1.0 90.58968580116729 77.60347808116902 1.0
0.06176416638302287 0.9980907712983876 -349.3869327552947 22.610218322757618 348.65609569374203 1.0 8.290056248836844 349.54226045790966 1.0 36.930380396678395 347.76993092957446 1.0
-0.07810479413265514 0.9969451545263137 5.041411429699965 95.00888979967637 2.3865288256567556 1.0 85.64241429151495 1.6527205133418232 1.0 104.37536530783778 3.120337137971688 1.0
0.1235412375266303 0.9923394392194582 -211.56237276438318 158.09555372757933 193.51347413992266 1.0 146.78739081854812 194.9212831866268 1.0 169.40371663661057 192.10566509321853 1.0
-0.006206124057175529 0.9999807418266549 -55.69161644960255 373.12572365969777 58.00839811534435 1.0 341.87692728394194 57.814460473514266 1.0 404.37452003545366 58.20233575717443 1.0
-0.33933970575248523 0.9406638953950645 -303.5044661108808 10.750406491183405 326.52736794720846 1.0 0.7049035646526791 322.9035039678293 1.0 20.79590941771413 330.1512319265876 1.0
0.06987535535940192 0.9975557301290977 -226.49711783581523 331.34404321592115 203.84258134988215 1.0 323.2151487081663 204.4119825123966 1.0 339.472937723676 203.2731801873677 1.0
-0.9980982141924725 -0.06164377361743215 410.32310393807916 398.90887251924215 197.47121139333572 1.0 400.02879100686545 179.33817739909875 1.0 397.78895403161886 215.6042453875727 1.0
0.022138822819263597 0.9997549062266098 -339.8497961518026 43.796243321129005 338.9632766692864 1.0 34.45350501212939 339.1701646043008 1.0 53.13898163012862 338.7563887342721 1.0
-0.0969326595628336 -0.9952909421420832 190.6597679333823 161.0915378176532 175.87293255469177 1.0 169.32108867253623 175.07144605703056 1.0 152.86198696277015 176.67441905235302 1.0
0.24827136120980087 0.9686905239564556 -383.8598379695175 159.32559950942533 355.4322520855193 1.0 149.0401182662436 358.0683782432449 1.0 169.61108075260702 352.7961259277936 1.0
-0.9998433915488816 -0.017697242045869907 301.60970154575284 299.27853441058517 134.37329255771513 1.0 299.3895163417315 128.10313192193007 1.0 299.1675524794389 140.6434531935002 1.0
0.2396188690871702 0.9708670339327553 -9.284027642033415 9.76027193670395 7.153690542404613 1.0 0.34196305765350377 9.478215367570355 1.0 19.178580815754394 4.82916571723887 1.0
0.05477439815800243 -0.9984987557861194 18.72385641690964 41.2628609311632 21.0155542699407 1.0 50.64391633616703 21.530168495465112 1.0 31.881805526159372 20.500940044416293 1.0
0.00038839484612835897 0.999999924574719 -74.0957362185644 10.000132775820335 74.09185780693286 1.0 0.6248914432837827 74.09549910262228 1.0 19.375374108356887 74.08821651124346 1.0
-0.09302926423255402 -0.9956633748392825 38.13811168943221 147.4557841995334 24.526771995060315 1.0 175.62683368438263 21.89462535548203 1.0 119.28473471468419 27.158918634638603 1.0
0.9975588624403209 -0.069830623416756 -14.820255501885944 25.093783117851522 146.24343504044512 1.0 28.026040690473234 188.13192730077125 1.0 22.161525545229807 104.35494278011898 1.0
-0.996649047609737 -0.08179655187478525 396.1141394668738 379.233078521671 221.91464701260912 1.0 379.64487247172644 216.89714885739977 1.0 378.82128457161554 226.93214516781845 1.0
-0.9525172489091707 -0.30448463102512263 352.6046464279158 222.89655710530192 460.7517646796176 1.0 228.49352596842155 443.2428041590811 1.0 217.2995882421823 478.2607252001541 1.0
-0.38717181748840085 -0.9220075833433955 309.788973334189 28.58799714225641 323.98920781003164 1.0 34.70845586998857 321.4190888952979 1.0 22.46753841452425 326.55932672476536 1.0
-0.048331632940654574 0.9988313437499294 -64.91339389629346 525.604561155452 90.422393313084 1.0 516.8448287207783 89.99852578495707 1.0 534.3642935901256 90.84626084121095 1.0
-0.08372274509924978 0.9964890877240181 -1.3110824717442446 424.3670139122732 36.970052416925576 1.0 411.850346635503 35.91843052079561 1.0 436.8836811890434 38.02167431305554 1.0
-0.9870224403632023 -0.1605823845241716 148.5452713012377 87.55477753122177 386.8839119621016 1.0 90.60720629538993 368.1221050754279 1.0 84.50234876705362 405.6457188487753 1.0
0.997822960398039 -0.06594952389891444 -15.13494797646603 21.402140179975362 94.32363615400105 1.0 21.901121473405897 101.87327354269942 1.0 20.903158886544823 86.77399876530268 1.0
-0.03778068842503601 0.9992860549322853 -41.461607332823014 98.14100347918412 45.20171354742988 1.0 0.591404494482024 41.513589424174725 1.0 195.69060246388622 48.88983767068504 1.0
-0.2248485650044682 0.9743937206362895 -110.86436998059582 620.599451885786 256.98571416917235 1.0 611.744096986565 254.9422754651596 1.0 629.4548067850072 259.02915287318507 1.0
-0.01963136989622609 0.999807286088673 -71.83345283762138 223.7379159918985 76.2404272171994 1.0 198.12279162817606 75.73747030908433 1.0 249.35304035562092 76.74338412531445 1.0
-0.05097976973999856 0.9986996861305488 -70.37558547115523 81.23779531024186 74.61409130804086 1.0 70.57676716499809 74.06988691148001 1.0 91.89882345548565 75.15829570460168 1.0
-0.6961002651137297 0.7179445806666384 -175.6574817851503 78.56183341025047 320.83868456248103 1.0 71.2601405394803 313.759154359185 1.0 85.86352628102065 327.918214765777 1.0
-0.9999996932848088 -0.0007832179060863661 298.971346642474 298.8480814233459 157.5000768191506 1.0 298.85542447235724 148.12459305901837 1.0 298.8407383743345 166.8755605792828 1.0
-0.31865382315191076 0.9478711626538023 -45.45158179826576 595.2285717222844 248.05421990952505 1.0 583.9882392492578 244.27546277759538 1.0 606.4689041953111 251.83297704145468 1.0
0.9560633870005806 0.29316002462303453 -345.08440914054654 219.37586043158575 461.68361857724875 1.0 214.33788923267082 478.11362063581566 1.0 224.41383163050068 445.25361651868184 1.0
0.9781435622525376 -0.20793068947107388 -120.95853344237521 206.73379065627967 390.7878783782536 1.0 209.4112263838652 403.38302018701984 1.0 204.05635492869416 378.19273656948735 1.0
-0.999470967585594 -0.0325236060964402 303.66205115101513 300.6290490636303 98.14546977313435 1.0 301.0360401799085 85.63837558501919 1.0 300.2220579473521 110.65256396124951 1.0
-0.19837081570611567 -0.9801270425185148 312.5690110041106 318.75366927631296 254.39312946590962 1.0 328.0027895850513 252.52117260662956 1.0 309.5045489675746 256.2650863251897 1.0
0.9951943048302272 -0.09791984289959231 -8.849194240804605 28.267656238258148 196.9224590993378 1.0 29.004518447905657 204.4114526758264 1.0 27.530794028610636 189.43346552284922 1.0
-0.37898714238886627 -0.9254019374865827 535.9003367266633 277.5366255637206 465.4383210671252 1.0 292.1357339315252 459.4594332589074 1.0 262.937517195916 471.41720887534296 1.0
-0.03755292486645185 0.9992946401507288 -65.31036145624981 390.62365179291123 80.03587619665834 1.0 379.3660627694409 79.612822396718 1.0 401.88124081638153 80.45892999659867 1.0
-0.3054320154218094 0.9522138856136112 -149.69344044895055 575.2493566845833 341.7226063885187 1.0 559.4460369629303 336.6535353889615 1.0 591.0526764062362 346.791677388076 1.0
0.9928522068284433 0.11935030538666384 -601.9107506204156 588.9697920159324 143.70129013531823 1.0 582.7159153196068 195.72608604232244 1.0 595.2236687122579 91.67649422831406 1.0
-0.9925892215190186 -0.12151805349111099 604.8016991544912 571.9759778718033 305.012362248311 1.0 572.5221377752129 300.5511943989606 1.0 571.4298179683938 309.47353009766135 1.0
0.11554045221247007 0.993302775543559 -298.40353490842034 183.16683037095123 279.10961624497975 1.0 171.99528416962883 280.40908457608043 1.0 194.33837657227366 277.810147913879 1.0
-0.012108789855706948 0.9999266859166378 -73.98794905465483 284.3757620302259 77.43707262513318 1.0 258.12204343969063 77.11914855547778 1.0 310.6294806207613 77.75499669478859 1.0
-0.08506530986385714 0.9963753775850576 -47.2344137216786 484.99466008939964 88.81254671203999 1.0 475.52857925404254 88.00438232182026 1.0 494.4607409247568 89.6207111022597 1.0
-0.06253608604597206 -0.9980427034661647 487.67876856953194 258.62812022308253 472.42986352370826 1.0 264.2311221865066 472.0787865490623 1.0 253.0251182596585 472.7809404983543 1.0
-0.24304118644274816 0.970015969813127 -74.19383905280067 513.8480149147131 205.23380691070048 1.0 501.7903826364703 202.21272133500727 1.0 525.9056471929557 208.25489248639366 1.0
-0.999988395006335 0.004817660495938411 228.48408347471846 228.92633308457943 91.24613940445214 1.0 228.86909501779277 79.36539301571864 1.0 228.9835711513661 103.12688579318564 1.0
-0.038400580320634536 0.9992624257076007 -64.88246531731495 480.614437724656 83.3998522234071 1.0 463.09227798331307 82.7264944694998 1.0 498.1365974659989 84.07320997731439 1.0
0.23305060363929653 0.9724646091983807 -382.9036525787115 136.4977907097403 361.0339715578834 1.0 124.55952306743934 363.89497076970986 1.0 148.43605835204121 358.1729723460569 1.0
-0.3692529488292666 -0.9293289298095111 408.7844734416995 76.10380347881102 409.63205532410996 1.0 85.27291043852097 405.98886756313294 1.0 66.93469651910107 413.2752430850869 1.0
0.9996378064912073 0.026912001661853303 -497.21904452469164 491.71164446960745 211.26242827817492 1.0 491.4589831755596 220.64745228867983 1.0 491.9643057636553 201.87740426767002 1.0
-0.025529813028491073 0.9996740612053162 -71.12057518849059 174.359764273633 75.59658723061239 1.0 151.85847819666157 75.0219463063965 1.0 196.86105035060442 76.17122815482827 1.0
-0.5546819499798408 0.8320624582124598 -262.56449440898336 29.165657612372005 335.00148395672954 1.0 22.963662847428566 330.86701722766435 1.0 35.367652377315444 339.1359506857947 1.0
0.9438773746715292 -0.3302960816951688 -83.67590587411362 240.12514625689892 432.8624972893716 1.0 243.65184437238312 442.94063851774507 1.0 236.59844814141468 422.7843560609982 1.0
0.9968641348734122 0.07913214645820704 -440.6388688299098 431.0616753546431 138.11005058723978 1.0 424.5028675503648 220.73437660708328 1.0 437.62048315892145 55.48572456739628 1.0
0.99790652628618 -0.06467275156856662 -214.373253740799 244.38914003185323 456.2085783403467 1.0 245.25449161416225 469.56103313118274 1.0 243.52378844954418 442.8561235495107 1.0
-0.564080259057534 0.8257199654492952 71.50065779234428 560.9849681090664 296.6379627416677 1.0 555.9642802631112 293.2081426824513 1.0 566.0056559550217 300.06778280088406 1.0
-0.7999449905283407 0.6000733389583418 182.12256350520857 359.09915245052605 175.2069251786263 1.0 354.59856804423043 169.20729193960304 1.0 363.59973685682166 181.20655841764957 1.0
-0.5557863302923994 0.8313251800950745 -284.7998675641732 5.003087023984652 345.9302350356789 1.0 0.10370683891939902 342.6547315396182 1.0 9.902467209049906 349.2057385317396 1.0
0.13052749685558376 0.9914446896144109 -247.35515401044503 75.64548491804243 239.53059681829205 1.0 60.57751934555787 241.51435229097248 1.0 90.71345049052698 237.54684134561165 1.0
0.957039888132815 -0.2899562941595317 -102.83188025376614 233.74936503319947 416.8751923771649 1.0 235.2945037033088 421.97513112578724 1.0 232.20422636309013 411.7752536285426 1.0
-0.017957291548140557 0.9998387548401266 -72.42921635106886 324.99725373066605 78.27790872256193 1.0 316.87487375326396 78.13202925488486 1.0 333.11963370806814 78.42378819023901 1.0
-0.06256205627001374 0.9980410758657519 -35.46752840257526 248.09591432766803 51.08899842711677 1.0 212.99875657632828 48.888938318115585 1.0 283.1930720790078 53.289058536117956 1.0
0.21253628847146186 0.9771531743195513 -301.0596801907297 81.33856093835297 290.40716624278457 1.0 75.57825064987863 291.66006599415556 1.0 87.0988712268273 289.15426649141364 1.0
-0.05701759517159554 0.9983731736384186 -54.76281866953865 601.847935765822 89.22389240614368 1.0 594.3367402886126 88.79492424645898 1.0 609.3591312430312 89.65286056582836 1.0
0.9951030330620875 0.09884307558263296 -557.7936448926264 548.3744269603606 122.46269452196357 1.0 546.5733506192691 140.59503732121357 1.0 550.1755033014521 104.33035172271357 1.0
0.9955736050041646 0.0939850893440639 -557.0801766884391 544.6857622204429 157.52933687163488 1.0 543.3296652823299 171.8943210072552 1.0 546.041859158556 143.16435273601454 1.0
0.5364493284508839 0.8439325316662438 -332.76784012182515 349.5332268635673 172.12391968442495 1.0 345.73057632137454 174.54109078892677 1.0 353.3358774057601 169.70674857992316 1.0
-0.11745970616787386 0.9930776492434803 -76.23892491380475 620.0608885486376 150.1102102161695 1.0 601.8943387105691 147.96149847375025 1.0 638.2274383867062 152.25892195858876 1.0
-0.039549078891000455 0.9992176291273455 -64.74624427761367 536.8336452077979 86.04483943939987 1.0 499.31820356275824 84.55997656468641 1.0 574.3490868528374 87.52970231411332 1.0
-0.2607619585592819 -0.9654031287334465 391.46742262396003 399.40581805458555 297.61409580785016 1.0 410.6775428487536 294.5695261910885 1.0 388.13409326041756 300.6586654246118 1.0
-0.16525506291188113 -0.9862508627027862 30.610373475591068 10.503870113013246 29.277090496141234 1.0 20.536370783013485 27.596056195354006 1.0 0.47136944301300776 30.958124796928463 1.0
-0.9980605754380895 0.06225020286063184 26.673717834369494 35.341669670093694 138.14267164333236 1.0 31.827511358850373 81.79999796317695 1.0 38.85582798133702 194.4853453234878 1.0
0.8851323849366639 -0.4653392967892709 -328.29344264672216 539.6984376543246 321.0799596160078 1.0 542.8273288424274 327.0314942030103 1.0 536.5695464662217 315.12842502900526 1.0
0.9937712809273768 0.11143895729932551 -457.0090780901049 429.1705906707615 273.797163956837 1.0 428.38593497553774 280.7944323648233 1.0 429.9552463659853 266.79989554885066 1.0
0.22999926175906804 0.9731908032807769 -382.12268524543964 178.70061727381363 350.41604795990224 1.0 170.44584409887932 352.36694158715704 1.0 186.95539044874792 348.46515433264744 1.0
-0.23473207377380742 0.9720601079881058 -102.48201880286237 376.8327780579513 196.42484728391588 1.0 356.65128400909714 191.55144088547198 1.0 397.0142721068055 201.29825368235976 1.0
0.9809354127791193 -0.19433403190347034 -127.01672037471627 212.9465398579174 421.28535490562695 1.0 216.30502792566503 438.2379177006303 1.0 209.58805179016977 404.3327921106236 1.0
-0.18538962620414642 -0.9826650937607821 407.63888539297506 157.63498660866378 385.09050189282436 1.0 164.72913736436345 383.7521191974529 1.0 150.54083585296414 386.42888458819584 1.0
-0.03688259637312308 -0.9993196055741013 131.10520411579623 630.6404633670666 107.91897391717126 1.0 638.1993687383152 107.63999204362918 1.0 623.081557995818 108.19795579071334 1.0
-0.9946734919613978 -0.10307591566083321 567.6430717222444 558.1180116701407 121.2492758141189 1.0 560.2591902010683 100.58709190222991 1.0 555.9768331392132 141.91145972600788 1.0
0.9971013245094449 0.0760851408719904 -469.4000300471712 461.89390320943994 116.2514424345027 1.0 460.12506208444796 139.43223448355263 1.0 463.6627443344319 93.07065038545277 1.0
-0.9819868105117561 -0.1889494746776192 143.2624277242173 61.92416070677703 436.3797189636665 1.0 64.47101898904093 423.1434755409585 1.0 59.37730242451314 449.6159623863745 1.0
0.9999852088734945 0.0054389368661071765 -131.47513231251784 130.93658393264752 99.37329532458277 1.0 130.86861671619263 111.86952626389353 1.0 131.00455114910244 86.877064385272 1.0
-0.9995522382926973 0.029921947196978417 138.51023379461813 142.40839018775955 128.14645196633177 1.0 141.0976528488012 84.36085097102229 1.0 143.71912752671787 171.93205296164123 1.0
-0.13854582955318592 -0.9903560234145191 379.0426900404545 354.2938383121339 333.1698384266932 1.0 360.5096259546034 332.3002809797831 1.0 348.07805066966444 334.0393958736033 1.0
0.2062049877958231 -0.9785088160094033 81.97305016949484 625.1549349879845 215.51478378010273 1.0 634.5096304508044 217.48613532255618 1.0 615.8002395251646 213.5434322376493 1.0
-0.011432986197626538 0.999934641277421 -52.554360241896546 551.8807985799518 58.86785332249036 1.0 465.62778229246686 57.88165932139176 1.0 638.1338148674369 59.85404732358896 1.0
-0.09584366850742654 0.9953963990325858 -359.8428301422662 175.53747232344944 378.40902962512735 1.0 165.4504528316871 377.43778143361686 1.0 185.62449181521174 379.3802778166378 1.0
-0.17514894131943087 0.9845419484992413 -105.03268758796582 370.71284785529167 172.63119228429946 1.0 364.4390282031196 171.5150865949665 1.0 376.98666750746366 173.74729797363244 1.0
-0.10362401648409306 0.9946165407873049 -194.56804696813418 633.9021936167875 261.6641968600019 1.0 629.4453393892314 261.19985998543325 1.0 638.3590478443435 262.12853373457057 1.0
-0.9829610588515851 -0.18381391889998638 70.64756282413789 2.3794158778373133 371.61870048903955 1.0 5.195230858082951 356.5608828271551 1.0 -0.4363991024083244 386.676518150924 1.0
0.13258353488450467 -0.9911718348891524 -60.22152337748036 479.95741928856637 3.4433261173364498 1.0 501.77642458975623 6.361932910495598 1.0 458.1384139873765 0.5247193241773013 1.0
-0.2317386041155721 -0.9727780935869014 382.50062319041984 301.43362791895464 321.3958220113422 1.0 330.9218355191453 314.37103792935164 1.0 271.945420318764 328.42060609333276 1.0
-0.04332720492633181 0.9990609357357897 -71.91894017343508 206.88762751179607 80.95882834993697 1.0 196.87934590497804 80.52478989179258 1.0 216.8959091186141 81.39286680808134 1.0
-0.1847913883816583 0.9827777687656448 -101.19208847978406 389.27430907740654 176.1605054751631 1.0 377.95445030022967 174.03203606305368 1.0 400.59416785458336 178.2889748872725 1.0
0.12932404459606783 0.9916023857823831 -296.46463134772677 321.6501490909169 257.0259377918582 1.0 312.8060439819595 258.17937939297 1.0 330.4942541998743 255.8724961907464 1.0
-0.1249115963682196 0.9921678754589583 -78.67935513969036 619.3250179140966 157.27200573384334 1.0 600.5577392356356 154.9092495942844 1.0 638.0922965925577 159.6347618734023 1.0
0.13580601330981498 -0.9907354474070735 -62.02485398650191 624.4783404046016 22.996108478609322 1.0 638.2270225811933 24.880722297114865 1.0 610.7296582280097 21.111494660103784 1.0
-0.21027656024529678 -0.9776419427435621 467.9501562432168 37.96089951336974 470.48704516391535 1.0 41.67357313470729 469.68850307577884 1.0 34.24822589203218 471.2855872520519 1.0
-0.10217724203964272 -0.9947662093221564 263.08006055009724 437.3883429808958 219.53794159617917 1.0 448.0294690596717 218.4449401404237 1.0 426.74721690211993 220.6309430519346 1.0
0.9968232044539139 -0.07964608629575415 -61.75924208068682 90.57453199126414 358.1789698344434 1.0 91.27318601410907 366.9230848845011 1.0 89.87587796841922 349.4348547843857 1.0
-0.225785755026213 -0.9741769822918435 381.4149273436104 212.5877626022537 342.2536612092143 1.0 223.22099673973293 339.7891882831007 1.0 201.95452846477443 344.71813413532783 1.0
0.9922300508951143 0.12441674365083975 -593.7070734805443 582.370944624714 127.48381761414177 1.0 581.3388890042105 135.7145152743579 1.0 583.4030002452173 119.25311995392563 1.0
0.06820758481210705 0.9976711509180264 -234.1929637521874 178.75129777806075 222.5189825770123 1.0 168.0481368091344 223.25072345061972 1.0 189.45445874698711 221.78724170340487 1.0
-0.7509639616697319 -0.6603431897682457 341.17540746517074 44.62227786407061 465.91785857535547 1.0 47.534612445705896 462.6058560454283 1.0 41.70994328243532 469.2298611052826 1.0
0.2943744258601362 0.9556901680981735 -418.8917299378441 33.164142135592684 428.09800528941634 1.0 23.72238639580323 431.0062819650498 1.0 42.605897875382134 425.18972861378285 1.0
0.673832773453695 -0.7388838835836802 182.7260153950267 147.2191000977645 381.5580176845632 1.0 151.16351674564893 385.15516910246913 1.0 143.27468344988011 377.96086626665726 1.0
-0.3098612270103769 0.9507817941018978 -96.66475771695899 391.68899320236756 229.320745421989 1.0 386.6166685773778 227.66766714278307 1.0 396.76131782735735 230.9738237011949 1.0
0.9994330646509679 -0.033668223629621415 -127.57978127043364 132.68469520939954 149.38983268933103 1.0 133.9058933232296 185.64080294774934 1.0 131.46349709556944 113.13886243091271 1.0
0.9978602391496927 0.0653830492109232 -468.0919479143362 458.85723182272994 156.2570261778829 1.0 457.91668977214937 170.6113508361749 1.0 459.7977738733105 141.90270151959086 1.0
-0.9936852925752239 -0.11220311635463501 590.7262292229367 579.873286593886 129.36069201018054 1.0 581.1512060782658 118.04327197783451 1.0 578.595367109506 140.67811204252658 1.0
-0.20064786665510956 -0.9796634287380301 320.50048568696116 220.52018787239604 281.98825467215994 1.0 228.0868049563523 280.43851265755023 1.0 212.9535707884398 283.53799668676965 1.0
0.9997002227079647 0.02448396858448256 -426.7634324472362 421.02855527780275 239.38488359762198 1.0 420.7837889893359 249.3788889504455 1.0 421.27332156626954 229.39087824479842 1.0
-0.052891869620455334 0.9986002454075668 -56.83173314375366 624.3759482374336 89.98209724593298 1.0 610.6314034019334 89.25410355999604 1.0 638.1204930729338 90.7100909318699 1.0
-0.9983211418638346 0.057921478811315256 250.72090096815427 278.5911491355291 473.09795454724514 1.0 278.29783432906777 468.0424487397019 1.0 278.88446394199053 478.15346035478836 1.0
-0.8609287703488386 -0.5087255177260489 471.6350523088774 266.9113192354105 475.3907756158271 1.0 268.765248691199 472.25332496499294 1.0 265.0573897796219 478.5282262666613 1.0
-0.05570764591014183 -0.9984471233806778 271.21303552007726 393.17788021997956 249.697771219907 1.0 401.93548919087294 249.20914666669267 1.0 384.4202712490862 250.18639577312132 1.0
-0.16208613907600675 -0.9867766127748637 298.9713456710932 359.9151966709227 243.85871932173882 1.0 375.5295550041518 241.29393310405027 1.0 344.3008383376936 246.4235055394274 1.0
-0.1585790050201301 -0.9873462914129093 297.65354144802217 330.6627512158757 248.36004702269082 1.0 338.1698619502551 247.15431995288003 1.0 323.1556404814963 249.56577409250158 1.0
-0.3142002380168384 0.9493567350738932 -140.4643563875626 454.3114960810517 298.3168772357961 1.0 437.0476868379083 292.60322632579255 1.0 471.575305324195 304.0305281457996 1.0
0.9587823666045879 0.2841414673857119 -180.49926822355008 57.83273247108562 440.0986074586623 1.0 55.366938946961874 448.41896763829203 1.0 60.29852599520937 431.7782472790326 1.0
-0.025639684466171705 0.9996712492517102 -72.00092589180296 107.4895738066914 74.78150912469278 1.0 93.12402383709707 74.41305982830745 1.0 121.85512377628572 75.14995842107808 1.0
0.3588087795755067 -0.9334110882668661 129.09864315244016 523.5349985832432 339.55842291059395 1.0 638.3820475359582 383.70631229241644 1.0 408.6879496305282 295.41053352877145 1.0
0.11147336473549456 -0.9937674219627787 231.56186426202297 438.7799298922214 282.2331797429541 1.0 448.10766985010196 283.27949554633295 1.0 429.4521899343408 281.18686393957535 1.0
0.08580676313807052 0.9963117982839343 -199.72903614499208 342.52956207636174 170.96824853174587 1.0 335.5983184673796 171.5651977795944 1.0 349.46080568534387 170.37129928389737 1.0
0.9999887324778258 -0.004747095679613772 -442.51361777109184 443.7736308880902 264.37488782064923 1.0 443.7914463806321 268.1277702160788 1.0 443.7558153955483 260.6220054252197 1.0
0.15056921136832677 -0.9885994702547236 170.89859377798896 630.6931596107847 268.9274811845514 1.0 638.3952580616826 270.10055372254715 1.0 622.9910611598868 267.75440864655576 1.0
0.011655333933174713 -0.999932074288502 41.73970425191085 196.87165119097085 44.03730035347608 1.0 223.12536930112987 44.34331699143528 1.0 170.61793308081187 43.731283715516874 1.0
-0.16685968089773753 -0.985980652391671 300.09798641776496 151.86066100129761 278.6652702724879 1.0 181.95082375380923 273.5730456503656 1.0 121.77049824878598 283.7574948946102 1.0
-0.17368715436651694 0.9848008795731559 -84.0144165950018 279.44618627009834 134.5963760148981 1.0 268.2148539635251 132.6155307612678 1.0 290.6775185766716 136.5772212685284 1.0
-0.2644841283181126 -0.9643900382458377 298.4139612797959 28.563602942337425 301.5992804975683 1.0 37.49860502688112 299.1488546904442 1.0 19.628600857793728 304.0497063046925 1.0
-0.16135328672611435 -0.9868967103312688 298.9697812219829 268.1810553291029 259.092855240266 1.0 290.7919412054494 255.39607449943958 1.0 245.57016945275635 262.78963598109243 1.0
-0.13446148452698428 0.9909188206804831 59.18061138504317 623.7611913541843 24.91752490663647 1.0 609.3962640053495 22.96829413602684 1.0 638.1261187030191 26.866755677246097 1.0
-0.1756280044908639 -0.9844566034308252 300.56156298608147 106.26763037804002 286.34882445645724 1.0 114.46619718979406 284.8861922552862 1.0 98.06906356628598 287.81145665762824 1.0
-0.010405684435314656 -0.999945859400114 38.54096016952844 41.87481567624667 38.107287203203654 1.0 58.13606255571409 37.93806863805654 1.0 25.61356879677924 38.276505768350766 1.0
-0.20750984772499897 -0.9782329288554684 300.14021632801297 61.99037905057817 293.66891436268236 1.0 69.42116773143975 292.09264169575596 1.0 54.559590369716595 295.24518702960876 1.0
0.15729038171262896 0.9875523964938243 -341.52470543109365 68.73127282830143 334.88242088874665 1.0 53.201591030967315 337.35587909354746 1.0 84.26095462563555 332.40896268394584 1.0
-0.2001928589014725 0.9797565101824306 -83.53674200464312 276.8825703068014 141.8379504398232 1.0 269.4379738414641 140.31680203787363 1.0 284.3271667721388 143.35909884177275 1.0
-0.31365223138474796 0.9495379285459684 -316.95481894598583 55.727448869540794 352.2069499060631 1.0 37.52414077241415 346.19401663441295 1.0 73.93075696666743 358.21988317771326 1.0
-0.37074325300263644 -0.9287353984601981 293.3042098192781 42.85648813109348 298.7023607124594 1.0 48.46044426837297 296.465309199764 1.0 37.25253199381399 300.9394122251547 1.0
0.9999716173797826 -0.007534217601158129 -617.0692925910739 619.643860501238 339.3823923282944 1.0 619.6816014755832 344.3915260108205 1.0 619.6061195268928 334.3732586457683 1.0
-0.997175877764987 -0.07510172304033837 467.2523304528336 458.7845746134308 130.0026039669631 1.0 461.8445915338401 89.37270980400294 1.0 455.72455769302144 170.63249812992328 1.0
-0.17747361537475762 0.9841255589841231 -86.68766974420912 276.28861592371993 137.91086722631212 1.0 268.2012077063032 136.4524135135175 1.0 284.3760241411367 139.36932093910676 1.0
0.22410378394433103 0.974565284638147 -426.7728467981452 12.187383228789297 435.10846813883717 1.0 0.8198746460805739 437.7224558598861 1.0 23.55489181149802 432.4944804177882 1.0
-0.6583274005921602 0.7527317142445703 -152.16171448027964 245.27028911728334 416.6555765118819 1.0 236.2862007816716 408.7982331732805 1.0 254.25437745289508 424.5129198504834 1.0
-0.49850705294225917 0.8668856430734239 1.8388857701679002 584.36918765664 333.9232551741417 1.0 574.8931262585145 328.4739972716443 1.0 593.8452490547653 339.3725130766391 1.0
0.1682995351026647 -0.9857359009817117 139.49940469187692 367.81479852628337 204.31686021291353 1.0 379.0572057002357 206.23633164428443 1.0 356.572391352331 202.39738878154265 1.0
0.3101981124101097 -0.950671936609683 138.50180044725013 438.7206240615883 288.8400291753634 1.0 448.11508666605454 291.9053816432245 1.0 429.326161457122 285.77467670750224 1.0
0.06504076376403278 -0.9978826078497367 21.19408655994688 537.498530053271 56.2725525376751 1.0 551.8532838814511 57.20817777583948 1.0 523.143776225091 55.33692729951071 1.0
-0.026799443498414066 -0.9996408304126915 115.62766522646076 631.857699869654 98.7296912022103 1.0 638.1366983285217 98.56135707728707 1.0 625.5787014107862 98.89802532713354 1.0
0.2829303788406997 0.9591404489067584 -10.120103520037839 26.908526815998272 2.613656672283689 1.0 19.500080115710407 4.7990244501964145 1.0 34.31697351628613 0.42828889437096285 1.0
0.029808722286652115 -0.9995556213016048 36.396976049548236 266.23202564074154 44.35272197054549 1.0 279.3639854641877 44.744342942019635 1.0 253.10006581729542 43.96110099907134 1.0
-0.13357697094179627 -0.9910384416530039 26.764094127162544 161.28601440237787 5.267199180801983 1.0 178.1081293685573 2.9998328834170533 1.0 144.4638994361985 7.534565478186912 1.0
0.08255644047758924 0.996586390703621 -354.67164047277095 366.34639567902946 325.5386478182394 1.0 358.2767721516771 326.2071291467292 1.0 374.41601920638175 324.8701664897496 1.0
-0.14940708607070188 -0.9887757696423705 296.8297712121118 228.84372625018386 265.62028011922666 1.0 239.5085438778716 264.0087930923909 1.0 218.17890862249612 267.2317671460625 1.0
0.9991976828520753 0.040049851223734896 -168.40607048357583 153.40887521997558 377.5364295453899 1.0 153.18277305906622 383.17741817244865 1.0 153.63497738088495 371.8954409183312 1.0
-0.9964488920313855 -0.08419979554265092 405.5280814416084 394.24198269079216 150.6665724703058 1.0 395.2951736064948 138.2027545443125 1.0 393.18879177508944 163.13039039629908 1.0
-0.9983699188511507 0.05707455766930725 75.16093474776422 85.21584362336853 173.73766070662094 1.0 84.46592521285768 160.61980201055053 1.0 85.96576203387937 186.85551940269139 1.0
-0.5599980654969701 0.8284939146666385 -213.90344673916002 286.7757660531771 452.02181250907205 1.0 280.74592130109426 447.9461019496624 1.0 292.8056108052599 456.0975230684817 1.0
0.0726117718309178 0.9973602812382166 -372.0061166646471 71.89367881260372 367.75656316216913 1.0 54.350159345049 369.0338007428635 1.0 89.43719828015844 366.47932558147477 1.0
-0.21549094981813474 -0.9765058374359459 382.5213837593246 243.11403373059048 338.07530591260416 1.0 255.55964978845154 335.32886290882004 1.0 230.66841767272942 340.8217489163883 1.0
-0.1015695914180406 -0.9948284365151472 221.36082639645815 235.6583257380145 198.45141060559394 1.0 354.4463093601398 186.32344308977144 1.0 116.87034211588916 210.5793781214164 1.0
-0.3542669683339704 0.9351443285116249 -117.52492804388872 482.8016712076078 308.5786905947049 1.0 471.85370900308345 304.43120099189167 1.0 493.74963341213214 312.72618019751815 1.0
-0.7802041302751376 0.6255249915883586 -195.47359442777704 118.75750115748217 460.61898598227197 1.0 104.59217869241417 442.9508780049041 1.0 132.92282362255017 478.28709395963983 1.0
0.18242915890506112 -0.9832190000102683 54.95424719021506 621.8702337404003 171.27568820152163 1.0 631.873744413696 173.1317670997204 1.0 611.8667230671045 169.4196093033229 1.0
-0.6432337471620734 0.7656698678358955 -160.92185373170878 306.2747480409647 467.4705413011394 1.0 293.34734982486435 456.61032706925226 1.0 319.202146257065 478.3307555330265 1.0
0.3439437534151195 -0.9389902526047431 119.38507491533399 508.83314231095915 313.52301573645536 1.0 538.1646071754556 324.26686966962836 1.0 479.5016774464627 302.7791618032823 1.0
-0.10786610745218575 -0.9941654303299393 222.01862929995343 56.770521961362235 217.16206125403312 1.0 113.03627746699499 211.05727442068408 1.0 0.5047664557294862 223.26684808738216 1.0
0.054727919887411096 -0.99850130434807 24.04444825215207 312.5022578324816 41.208806242179556 1.0 331.8533805810569 42.26944250865589 1.0 293.15113508390624 40.14816997570322 1.0
0.17172480749741004 0.9851449591252941 -427.4977834974113 50.144360647245726 425.20316318738537 1.0 43.26063305204859 426.4030950199549 1.0 57.02808824244286 424.00323135481585 1.0
0.779100163950728 -0.6268994612630872 198.32208680533978 100.85262084646212 441.6918459042599 1.0 117.00726799362018 461.7685711506947 1.0 84.69797369930404 421.61512065782506 1.0
0.78085174951476 -0.6247163718678571 202.92142987007233 97.2854262325669 446.4216686241301 1.0 122.83508049792272 478.3569485863789 1.0 71.7357719672111 414.48638866188134 1.0
0.0243689803274628 -0.9997030323039937 36.87405735657069 12.507559113938527 37.18989801689162 1.0 24.421185447526497 37.480307184785055 1.0 0.5939327803505545 36.89948884899818 1.0
-0.1598070056350748 -0.9871482770840212 299.2570518786021 9.435797413370997 301.62555338467075 1.0 18.258124740955484 300.19732852151395 1.0 0.6134700857865105 303.0537782478275 1.0
-0.9973573534801258 0.07265197491548042 16.73915130228926 23.975698657906 98.73355909927827 1.0 23.111937435050706 86.87595153571355 1.0 24.839459880761297 110.59116666284298 1.0
-0.21804057696942583 0.9759397044873418 -114.70337925809763 569.2976026845533 244.72142686336161 1.0 560.6975994297812 242.8000482546345 1.0 577.8976059393254 246.64280547208875 1.0
0.9895445247919366 -0.14422771389126413 -545.7622321265425 600.5265228348421 336.1732584458018 1.0 601.189924780213 340.7248508205724 1.0 599.8631208894712 331.6216660710312 1.0
0.38549473557200264 0.9227100350848427 -407.189638027351 51.96388647246972 419.58775631691674 1.0 43.18031616637235 423.25740331735904 1.0 60.747456778567084 415.91810931647444 1.0
0.21126263119568844 -0.9774293328217005 96.4457693394469 566.4177211844204 221.0990198635211 1.0 638.4403356750987 236.66606551271178 1.0 494.39510669374215 205.5319742143304 1.0
-0.3080916642648278 0.9513566767572132 -147.5262925648252 553.3606877669885 334.272219417914 1.0 548.2857181439641 332.62871822067586 1.0 558.4356573900128 335.9157206151522 1.0
-0.35851877355535056 0.9335225166049115 -109.37477856844164 630.6318026295373 359.3572870981558 1.0 622.8407504079515 356.36513807389093 1.0 638.4228548511232 362.3494361224206 1.0
-0.776965576264861 0.6295430829573242 -202.43199115163935 98.10614487558334 442.63386586825635 1.0 73.77173622440533 412.6009763765473 1.0 122.44055352676136 472.6667553599654 1.0
-0.6599055140585224 0.7513485958695585 -151.63815622357913 267.51152532894685 436.7752713805976 1.0 254.56711483094827 425.40626382428445 1.0 280.4559358269454 448.1442789369107 1.0
0.0037457113061485723 -0.999992984798799 37.91220312150024 459.9990242176858 39.635504718370115 1.0 471.8738576072417 39.67998472809222 1.0 448.12419082812994 39.59102470864801 1.0
0.2915159456601451 -0.9565659691970394 115.88782311372005 610.6976714549432 307.2615394911819 1.0 630.56659558463 313.3166453525971 1.0 590.8287473252564 301.20643362976665 1.0
-0.028819639217363784 0.9995846279307126 -33.852988270196555 267.5085122993005 41.57975815242039 1.0 254.3944135516111 41.20165750540295 1.0 280.62261104698985 41.95785879943783 1.0
0.2388301318605363 -0.9710613616633498 106.59173165999165 388.07243409762117 205.21372812694693 1.0 395.8693813367708 207.13136794946652 1.0 380.27548685847154 203.29608830442731 1.0
-0.9982286621819142 -0.05949401649330788 464.88449314948673 453.71291653229844 201.2850395828074 1.0 454.34834517502344 190.6234113834266 1.0 453.0774878895734 211.9466677821882 1.0
-0.20036519513623285 -0.9797212810682533 304.33597465196215 11.154900197155035 308.35394385618923 1.0 22.689387989884104 305.99499754967775 1.0 -0.37958759557403465 310.7128901627007 1.0
-0.742586345916553 0.669750340692934 -101.31740320930142 214.26813724248183 388.84638120691113 1.0 208.60604587326102 382.5685318582043 1.0 219.9302286117026 395.124230555618 1.0
-0.6525232035707714 0.7577687436162418 -155.98128683234611 185.2356374773297 365.35135652775574 1.0 173.4722356538064 355.2217586689887 1.0 196.999039300853 375.4809543865228 1.0
0.0 -1.0 41.875 154.375 41.875 1.0 165.625 41.875 1.0 143.125 41.875 1.0
-0.2072857470122091 -0.9782804398972671 348.5589866121771 260.11797360365875 301.18177377990077 1.0 428.36998788914184 265.5312148551637 1.0 91.86595931817564 336.83233270463785 1.0
-0.991687038600037 -0.1286732974345832 631.1017884669986 582.4748944418687 415.54064755553986 1.0 583.9311314281074 404.3174072005079 1.0 581.0186574556301 426.7638879105719 1.0
-0.2839201736184313 0.958847920690492 -106.18916234880541 626.0981724029235 296.1377482626712 1.0 614.1595380442149 292.6026525850891 1.0 638.0368067616322 299.6728439402533 1.0
0.0 -1.0 60.625 570.625 60.625 1.0 591.875 60.625 1.0 549.375 60.625 1.0
0.5478912296912817 0.8365495803760679 -626.6960542155988 615.3498720944649 346.1256366576912 1.0 610.5540275077672 349.2666354097709 1.0 620.1457166811625 342.9846379056114 1.0
-0.1941634469171588 -0.9809691921162702 320.5254943595933 284.9444934026268 270.344564815897 1.0 293.001270868738 268.74988508850424 1.0 276.88771593651563 271.9392445432897 1.0
0.29106935992614963 -0.9567019534380503 127.36040446794901 589.9644993252998 312.6166854692044 1.0 597.9232630977625 315.038079372216 1.0 582.0057355528371 310.19529156619285 1.0
0.0 -1.0 61.875 626.875 61.875 1.0 638.125 61.875 1.0 615.625 61.875 1.0
-0.3329711116745052 0.9429370280088932 -132.90976264498713 629.5481076463835 363.25977846460717 1.0 620.7870593367965 360.1660660443439 1.0 638.3091559559706 366.35349088487044 1.0
0.28417692758443447 -0.9587718570278704 113.00294177424371 609.8530783333669 298.62069245593875 1.0 621.7908227372745 302.1590019110234 1.0 597.9153339294592 295.0823830008541 1.0
-0.4466036618148121 -0.8947318979748073 409.22582318402493 36.46116323573304 439.1730473210232 1.0 57.7175450375781 428.56296627761213 1.0 15.204781433887984 449.78312836443433 1.0
-0.5554980125769761 0.8315178639229767 -276.7959866432437 10.346263341568395 339.79223733581125 1.0 0.5451280061414376 333.24455936514056 1.0 20.14739867699535 346.339915306482 1.0
-0.010948452043207992 -0.9999400639027608 59.436886780898504 421.24811848490106 54.82815814319295 1.0 433.1422221624426 54.69792831401474 1.0 409.35401480735953 54.95838797237116 1.0
-0.10455114284638746 0.9945195113870388 3.0942184833426816 537.5369486813106 53.39853388032829 1.0 521.8877856077271 51.753379747906344 1.0 553.186111754894 55.04368801275022 1.0
0.2585064600658057 -0.966009528992466 110.99046797324415 507.480260898345 250.6987627999223 1.0 590.6690770721782 272.9602889451063 1.0 424.29144472451185 228.4372366547383 1.0
-0.012705601956419989 -0.9999192805816502 48.406603554739085 236.2472503542021 45.4086053846546 1.0 245.620736926192 45.28949998120816 1.0 226.87376378221217 45.52771078810104 1.0
-0.6224093840635363 0.7826918669755355 26.953240214441493 586.2281004643519 431.74158947389975 1.0 581.6427090373418 428.0952111554385 1.0 590.8134918913619 435.387967792361 1.0
0.24482094050452352 -0.969568309656664 248.00146415072274 592.2579489190008 405.33359879049254 1.0 597.8425149282017 406.74373017480553 1.0 586.6733829097999 403.92346740617955 1.0
0.047896891025531345 -0.998852285290517 31.503259460663212 308.74547343868966 46.344397903758455 1.0 314.3874702571459 46.61494251857244 1.0 303.10347662023344 46.07385328894447 1.0
-0.13967174350192277 -0.9901978610697628 269.23697928252176 171.896918372916 247.65538952572206 1.0 188.08922767963344 245.37139340625123 1.0 155.70460906619851 249.93938564519286 1.0
-0.03547025942379988 -0.9993707323593223 45.926787738469706 133.12431779137947 41.23077884572063 1.0 140.63703670856336 40.96413296512585 1.0 125.61159887419558 41.49742472631541 1.0
-0.14505853280573563 -0.9894230753627324 270.1404075548134 237.51198708486976 238.206762155918 1.0 283.07397346409516 231.52695544789032 1.0 191.95000070564438 244.88656886394566 1.0
-0.03294418791163682 0.9994571929216592 -35.40904373476435 505.6177652301801 52.09448766061392 1.0 494.3799750747482 51.72406672291488 1.0 516.8555553856121 52.46490859831296 1.0
-0.9524790914855692 0.3046039728611972 -51.94095536867826 87.33260573596105 443.6036571286196 1.0 85.10601049233462 436.6412219547297 1.0 89.55920097958749 450.56609230250945 1.0
-0.06365532189110727 0.9979719434908676 -7.665432437139015 463.1427053772309 37.22241959979986 1.0 456.8783264864493 36.82284819166417 1.0 469.40708426801257 37.62199100793556 1.0
0.0 -1.0 54.375 506.25 54.37500000000001 1.0 515.625 54.37500000000001 1.0 496.875 54.37500000000001 1.0
0.20424067706909324 -0.9789207045672077 127.28478108580244 386.97642710746607 210.76386228772958 1.0 395.73630631004 212.59151150490305 1.0 378.2165479048922 208.9362130705561 1.0
-0.5898804271928222 0.8074906077564081 59.46544682279472 404.1330582085134 221.5811954681713 1.0 398.78894009256254 217.6772606769484 1.0 409.47717632446415 225.4851302593942 1.0
0.30119884069874464 -0.9535613553210576 85.2832862829232 629.9115407855943 288.40505183613436 1.0 638.017463696678 290.9654477351374 1.0 621.8056178745107 285.8446559371314 1.0
-0.17788873529945584 -0.9840506073640523 305.71196250747045 156.23622270184796 282.42378630051246 1.0 165.64277802800257 280.7233450651005 1.0 146.82966737569336 284.1242275359244 1.0
