line_hom_a line_hom_b line_hom_c centroid_x centroid_y centroid_z point1_x point1_y point1_z point2_x point2_y point2_z
0.031086187832951202 -0.9995167076772727 289.43401608553694 318.1221091328434 299.4679502851308 1.0 343.13678931114003 300.245937326899 1.0 293.1074289545467 298.6899632433626 1.0
0.06789969087113394 -0.9976921529107085 311.192158312583 466.83699610027566 343.6834148034925 1.0 519.4336667230408 347.2629735538721 1.0 414.24032547751045 340.10385605311285 1.0
-0.10678885691018185 -0.9942817206606067 352.42462528132467 526.3620859591724 297.918601585151 1.0 558.1390334439317 294.50566154262697 1.0 494.5851384744132 301.3315416276751 1.0
0.0357167102240031 -0.9993619547545197 290.47434643130526 110.61648756255536 294.6131800023305 1.0 126.89037510916403 295.19480082845354 1.0 94.3426000159467 294.0315591762075 1.0
-0.09045189762314697 -0.9959008254923638 188.64613908453674 306.90210887609885 161.5484763481415 1.0 315.7494224495738 160.74492615408255 1.0 298.05479530262386 162.3520265422004 1.0
0.19404281088732683 0.9809930619239593 -107.02789468959281 209.2981760151756 67.70189400907887 1.0 34.94540917748836 102.18929486471305 1.0 383.6509428528629 33.21449315344469 1.0
0.04023332047682766 0.999190312164509 -306.38425092101176 479.94190527612204 287.3072235997756 1.0 396.7755831272846 290.655992348989 1.0 563.1082274249595 283.95845485056225 1.0
0.03275319060008564 -0.9994634703207089 289.59293148204273 250.58943062048047 297.96039946308747 1.0 256.8736453205665 298.1663380370883 1.0 244.30521592039446 297.7544608890866 1.0
-0.1096754938572227 0.9939674471768049 -176.3185450368114 391.39339471268715 220.5754418991365 1.0 371.8426490305965 218.41819047802548 1.0 410.9441403947779 222.73269332024753 1.0
-0.0689976467992654 0.9976168226008238 -213.65625726141377 576.2313097453182 254.02023693349247 1.0 563.0397313334682 253.1078747445583 1.0 589.4228881571681 254.93259912242664 1.0
0.998299316225631 -0.058296442631069915 -574.3887750192918 589.6068614119341 243.8459523189861 1.0 590.0860866058661 252.0524596430775 1.0 589.1276362180022 235.6394449948947 1.0
0.9997810402825984 -0.02092537912309868 -555.6936176472332 562.2246926799012 306.2295997193048 1.0 562.4216461637102 315.63972116902505 1.0 562.0277391960923 296.81947826958464 1.0
0.04401249580947129 -0.9990309806070188 285.91443964378533 275.0194812274715 298.30779945157883 1.0 284.4038020712445 298.72122745314124 1.0 265.6351603836985 297.8943714500164 1.0
0.007428689789253773 -0.999972406903318 314.9271446824567 458.7483743487826 318.34382813884594 1.0 470.62271902177775 318.4320413959492 1.0 446.87402967578737 318.25561488174264 1.0
-0.2600123262580151 0.9656052973103946 -87.1865732895299 7.547276550046884 92.32442952678122 1.0 0.35247911871154614 90.38705819888207 1.0 14.742073981382221 94.26180085468037 1.0
0.021156078885154347 -0.9997761851165515 292.42695607716377 362.47010858948283 300.1625831415547 1.0 380.6530941573948 300.5473499351321 1.0 344.28712302157095 299.77781634797725 1.0
-0.18652475340761063 0.982450261522806 -142.9230214425522 487.0284612227965 237.94169967676868 1.0 411.2552027482778 223.55563973522663 1.0 562.8017196973152 252.32775961831072 1.0
0.9999257349752271 -0.012187064217918736 -288.0266807652185 291.4531492662869 279.38014150381605 1.0 291.57501085773987 289.3786562584735 1.0 291.331287674834 269.38162674915856 1.0
0.07918199375875098 0.996860176686976 -208.7410127640519 305.58531759732847 185.125419160207 1.0 295.5493487583236 185.92259015826428 1.0 315.6212864363333 184.32824816214975 1.0
0.02905980061670995 0.9995776748147776 -231.74732538698765 320.64385197069396 222.52345623961816 1.0 293.13076554110694 223.3233188477364 1.0 348.1569384002809 221.72359363149994 1.0
0.9999725624692125 -0.00740771953822136 -288.4139273856883 290.84325945608083 326.8687531990546 1.0 290.92662831077155 338.1227655607615 1.0 290.7598906013901 315.61474083734765 1.0
0.999975161248534 0.007048183167924466 -293.2059617607757 291.1427328083613 293.7580543902063 1.0 291.1118667248707 298.1372420588926 1.0 291.1735988918519 289.37886672152 1.0
-0.40039517829302357 0.9163425676021484 25.460719931069885 474.26566113756803 179.444860286964 1.0 425.00967154401627 157.92249361691296 1.0 523.5216507311197 200.96722695701501 1.0
0.38530094353331873 -0.9227909746591232 -10.066189228704225 554.3087014910398 220.53691686754723 1.0 570.9006941603116 227.46471590993588 1.0 537.7167088217678 213.6091178251586 1.0
0.03947281190087857 -0.9992206448631041 287.7892142254341 236.88008430747027 297.3712950827555 1.0 243.19430000552828 297.6207293291678 1.0 230.56586860941223 297.1218608363432 1.0
0.9994079186027733 0.034406572541772505 -303.39066153488164 290.85441186833987 369.3613811047568 1.0 290.42384447256575 381.8680748274873 1.0 291.28497926411404 356.8546873820263 1.0
0.023613198366115924 -0.9997211695582535 275.27515994622064 400.00472486005617 284.79996176087195 1.0 409.38925165207576 285.02162225927873 1.0 390.62019806803653 284.5783012624652 1.0
-0.024880905782386227 -0.9996904223445615 295.0779406835179 476.87936679582845 283.3004535789107 1.0 499.39652946170844 282.7400326823471 1.0 454.36220412994845 283.86087447547436 1.0
0.37260444464443315 -0.9279902627890086 -1.453123780805646 464.1973196585117 184.81752189999372 1.0 537.0050483213329 214.051108061448 1.0 391.38959099569047 155.58393573853945 1.0
0.039529694632153445 0.9992183961688699 -235.35762310619447 353.0883404197872 221.5733313959213 1.0 349.2701399112447 221.72438175760968 1.0 356.9065409283296 221.42228103423287 1.0
0.9937518820413019 0.11161181361921468 -319.2066998042155 291.51740962220936 264.4050337271842 1.0 290.95505162491156 269.4120692736387 1.0 292.07976761950715 259.3979981807297 1.0
-0.3993329433664313 0.9168059774795878 24.884216992791803 405.33735288952266 149.4103927741778 1.0 386.14506635670267 141.05081347458324 1.0 424.52963942234265 157.76997207377238 1.0
-0.5783195300261001 0.8158103463369355 -46.092113297738024 47.714279913899034 90.32272459394008 1.0 37.93628835710907 83.39120735208044 1.0 57.49227147068899 97.2542418357997 1.0
0.04251730713582072 0.9990957304452454 -235.66006444479177 256.2486592227168 224.96849365707035 1.0 229.28949529791333 226.11576214975523 1.0 283.20782314752034 223.82122516438548 1.0
0.9999833288145571 -0.005774261247765291 -288.1507411871087 290.3930955109187 387.49773012598314 1.0 290.42559602776174 393.1261514298252 1.0 290.3605949940757 381.869308822141 1.0
-0.15162469805240222 -0.9884381371337905 395.69668236215375 308.58350918680947 352.98901150201823 1.0 317.226016028843 351.66326592310014 1.0 299.94100234477594 354.3147570809363 1.0
0.9999999887380457 -0.00015007967360545127 -433.76841466298504 433.81494426001984 310.0000840529836 1.0 433.81597605776426 316.8750838981317 1.0 433.8139124622754 303.12508420783547 1.0
-0.06003095086577673 -0.9981965161921529 208.3887382624716 328.1044464383026 189.03323473748497 1.0 364.37361848235537 186.85202808168074 1.0 291.83527439424984 191.21444139328923 1.0
0.999966936160828 -0.00813182544860627 -583.4112885611335 585.6313266247903 270.62494855129046 1.0 585.6821488534105 276.87453526013337 1.0 585.58050439617 264.3753618424475 1.0
0.3667994818155706 -0.9303000269482038 2.19138256361455 580.8263681676038 231.36427732716209 1.0 590.3340334885462 235.11296765498864 1.0 571.3187028466615 227.6155869993355 1.0
0.2858745030860565 0.9582670653243283 -90.85608588122867 27.19563431049798 86.6997838525169 1.0 17.32801632283666 89.64353564253692 1.0 37.0632522981593 83.7560320624969 1.0
0.9909191857052079 -0.13445879443654055 -253.93776213984938 290.6951500255258 253.74048127435822 1.0 291.7777071431642 261.7185880392224 1.0 289.61259290788735 245.762374509494 1.0
0.1158424171899904 -0.9932676046159867 347.9381976343491 324.3746996589824 388.1275752139014 1.0 338.08401015699565 389.7264591991613 1.0 310.66538916096914 386.5286912286415 1.0
-0.023087079346286985 0.9997334578612732 -240.4845840606498 593.7237960286964 254.25970337447285 1.0 588.0729430710471 254.12920690105628 1.0 599.3746489863457 254.39019984788942 1.0
0.9998724162824199 -0.015973451648138463 -523.3521425952276 527.7324047862198 270.00627190085703 1.0 527.9021010567377 280.628560919808 1.0 527.5627085157021 259.38398288190604 1.0
0.044351155571663754 -0.9990160033750501 265.15724172337883 415.6750666980395 283.87224060043286 1.0 420.69292376940194 284.09500756197957 1.0 410.657209626677 283.6494736388862 1.0
0.03735597454104675 0.9993020219963975 -233.66906490450174 365.6544703389087 220.16335499869 1.0 360.61478530696263 220.35174883919498 1.0 370.69415537085473 219.97496115818507 1.0
0.006277270362593306 -0.9999802977443081 282.4475072762775 350.62717136845663 284.6540971552346 1.0 384.3797646959773 284.8659754834711 1.0 316.87457804093594 284.4422188269981 1.0
-0.1540662854258893 -0.9880605141867924 395.8068041213423 330.3831037168381 349.0736666550044 1.0 342.9669654960183 347.11149043928265 1.0 317.7992419376579 351.0358428707261 1.0
0.9915291376152656 0.12988444579674532 -318.7734551996134 290.631223867382 235.62581528977307 1.0 289.4621870845905 244.55016359007493 1.0 291.8002606501736 226.70146698947124 1.0
-0.37139368076057594 -0.9284754891170317 521.4017623733473 611.3156268954751 317.0390656991007 1.0 615.5182062679977 315.3580181753433 1.0 607.1130475229526 318.7201132228581 1.0
-0.9995485642029117 0.030044430430573175 277.1909145298811 285.6384015022391 276.87459717764983 1.0 285.41091332799556 269.3062900179011 1.0 285.86588967648265 284.44290433739855 1.0
0.999997600009195 0.0021908847185098156 -453.2124424532712 452.6466366762687 258.75032126482427 1.0 452.5959695887619 281.87657956504546 1.0 452.6973037637755 235.624062964603 1.0
0.15282040345611458 0.9882539776229136 -322.20480224026704 128.63671972304414 306.1424428168226 1.0 122.9543046844551 307.02115312658634 1.0 134.3191347616332 305.2637325070589 1.0
0.9999824042414844 -0.005932217748886264 -539.8388633103671 541.3944907178907 260.6278505358492 1.0 541.4538118515608 270.62749862377495 1.0 541.3351695842205 250.62820244792337 1.0
0.9991146312514093 -0.04207081671848723 -308.81556596899014 316.61650474605653 178.76088474346295 1.0 316.8026140504088 183.1806831570434 1.0 316.4303954417042 174.34108632988247 1.0
-0.9999990885797633 -0.0013501257878211993 296.1343143663907 295.89915651015065 174.3745263167251 1.0 295.91265889499834 164.37370071727324 1.0 295.885654125303 184.375351916177 1.0
0.9994994052979831 -0.031637616992717416 -279.90304626477035 291.0627836537724 348.1309260456037 1.0 291.34135098352033 356.93145866734255 1.0 290.7842163240245 339.3303934238649 1.0
-0.9967403077791691 -0.08067687926715555 465.986332135937 447.46945412593476 247.59870349630893 1.0 448.5452264016479 234.30783752659457 1.0 446.39368185022164 260.8895694660233 1.0
0.04691586130520731 -0.9988988447075062 281.56061581710014 413.15314284193516 301.2758028092468 1.0 424.4369607385329 301.80577642793185 1.0 401.8693249453375 300.74582919056166 1.0
-0.2643248641125025 -0.9644337023413829 439.2458648940931 164.1566954871155 410.4534792855907 1.0 170.44800491465912 408.7292036765074 1.0 157.8653860595719 412.177754894674 1.0
-0.9954175264985947 0.09562399248838788 258.8146145349472 285.23233051486034 262.5977616091862 1.0 284.6797654982924 256.8457229449516 1.0 285.7848955314282 268.3498002734208 1.0
-0.9999760282006008 0.00692409013166186 501.3757574276562 503.1491330879426 254.37483289631814 1.0 503.07977398889454 244.35800251618775 1.0 503.21849218699055 264.3916632764485 1.0
-0.15563324450935637 -0.9878149083727633 439.616072082603 66.79852395798495 434.5146013008084 1.0 71.77350094848038 433.7307785382368 1.0 61.82354696748953 435.2984240633801 1.0
-0.04373290931710646 -0.9990432586443201 302.5666480791147 432.4802868716871 283.9246693850171 1.0 443.1395796788081 283.4580610758325 1.0 421.82099406456615 284.39127769420173 1.0
0.9999949487302172 0.003178445225297231 -392.4834396538257 391.6490918613945 263.1242819597285 1.0 391.5855232779922 283.12407990944746 1.0 391.7126604447967 243.1244840100095 1.0
-0.9998836816502 0.015251989038857045 281.6658730747037 286.4274105722686 310.0068274232002 1.0 286.05539580383544 285.6184348442694 1.0 286.79942534070176 334.39522000213105 1.0
-0.9996309472592844 -0.02716559002682992 291.6819538940231 285.04711590612817 248.10929564188643 1.0 285.2517051014154 240.5808859558835 1.0 284.84252671084096 255.63770532788936 1.0
0.5640463418172973 -0.8257431345657827 -166.169212067648 512.883714618861 149.1032329388127 1.0 529.4946741961513 160.44980137086213 1.0 496.2727550415705 137.7566645067633 1.0
0.5801230120240456 -0.8145288766643876 -176.5885520292132 542.1075850375821 169.3009750723545 1.0 553.8254217979116 177.64664205919766 1.0 530.3897482772527 160.95530808551135 1.0
-0.08966151686912803 -0.9959722949925499 189.35844686933598 355.5119803505704 158.11956239920727 1.0 391.6938107666284 154.8623254112752 1.0 319.3301499345124 161.37679938713933 1.0
0.20554539252552836 -0.978647582948799 337.2448028351031 255.59143960934392 398.28478852551655 1.0 264.22320728792147 400.0977190498391 1.0 246.95967193076635 396.47185800119394 1.0
-0.37964587914209574 -0.9251318859764943 418.33680333610454 15.144348371777642 445.9767522216283 1.0 18.696995287370044 444.51885439971085 1.0 11.59170145618524 447.4346500435458 1.0
-0.406594515937886 -0.9136087234747905 537.5914405503244 595.1288332549627 323.568846352528 1.0 606.8406702298032 318.3565836374598 1.0 583.4169962801221 328.7811090675962 1.0
0.99774180928186 0.067166077829219 -331.00635853968305 315.2251630027956 245.55600992573818 1.0 314.7197354214211 253.06405931316576 1.0 315.73059058417016 238.04796053831058 1.0
-0.6206715164282574 0.784070703887505 212.43660479881447 415.4282975532247 57.91302542693876 1.0 383.8264904392694 32.89698867662789 1.0 447.03010466718 82.92906217724963 1.0
0.025786625912213472 -0.9996674696738229 266.71993141045806 553.7701649481917 281.09326753125924 1.0 564.3880998536348 281.36715932395333 1.0 543.1522300427484 280.8193757385652 1.0
0.10344190020878527 0.9946354976981245 -181.31707456798185 319.40895867311247 149.07652630765875 1.0 253.0318919328201 155.9797284654256 1.0 385.78602541340484 142.1733241498919 1.0
-4.336916008758474e-05 -0.9999999990595579 294.8307530466895 130.62501951994835 294.8250882265728 1.0 134.37501951289505 294.82492559222266 1.0 126.87501952700168 294.825250860923 1.0
0.995291958903596 -0.09692221903073821 -598.3975589847423 624.4165490112337 238.12095392856207 1.0 624.9223633287902 243.31514910895385 1.0 623.9107346936771 232.9267587481703 1.0
-0.029282760223087657 0.9995711680284286 -307.1225150739451 451.8605961446362 320.49167764310596 1.0 436.85516446855587 320.0520886754877 1.0 466.8660278207165 320.9312666107242 1.0
0.5760293788639763 -0.8174289906074911 -173.08827269957487 477.74594769037026 124.91290372195797 1.0 493.0660100400607 135.7087111876208 1.0 462.4258853406798 114.11709625629517 1.0
0.26759618817425546 0.9635311515849441 -370.1562478571686 251.83361683319634 314.22599200912157 1.0 248.02984920372745 315.28239139659564 1.0 255.6373844626652 313.16959262164755 1.0
0.2622201568282042 -0.965008077351165 152.31615635979784 592.3194864186407 318.7893160700932 1.0 597.0262754205188 320.06828458776357 1.0 587.6126974167626 317.51034755242284 1.0
-0.09831993956712207 -0.9951548570365907 191.87662137463144 180.00264797927147 175.02680178044207 1.0 293.1959823787641 163.84345506925786 1.0 66.80931357977886 186.21014849162628 1.0
0.12080883944559741 0.9926757901307999 -342.07024894219484 236.66709906934938 315.79169602531067 1.0 225.5063377894969 317.1499628743195 1.0 247.82786034920187 314.4334291763018 1.0
0.6337746216835056 -0.773517762504475 -202.8633479765462 444.08880254043044 101.59930211937589 1.0 450.5859404371617 106.92267193986221 1.0 437.5916646436992 96.27593229888959 1.0
-0.7666237756859696 0.6420965554751001 -154.88502046178152 19.6948592698729 264.73209735735315 1.0 17.12586903563644 261.664881101048 1.0 22.26384950410936 267.7993136136582 1.0
0.006192679659143406 -0.9999808251754827 282.1278804170529 258.12898301578593 283.73183102767996 1.0 284.3857170482947 283.8944336883161 1.0 231.87224898327713 283.5692283670438 1.0
-0.29703104074915143 0.9548678237491699 -263.09953615437894 342.08828462200813 381.94854438780396 1.0 335.4653165369591 379.8883355775139 1.0 348.71125270705716 384.008753198094 1.0
0.999903848975483 -0.013866968090189825 -403.0100545910096 403.36079958024584 22.496729860317767 1.0 403.664350706779 44.3848554986887 1.0 403.05724845371265 0.6086042219468313 1.0
-0.9999311949007196 0.011730535555519037 381.03235553337817 384.07210465641623 256.8785533690874 1.0 383.7493651176272 229.36767535881538 1.0 384.3948441952053 284.38943137935945 1.0
-0.007945346715912734 0.9999684352346146 -286.6832361170097 354.9989037943771 289.5129639002065 1.0 315.6363208503241 289.2002046589101 1.0 394.3614867384301 289.825723141503 1.0
0.6050934087908016 -0.7961544866657022 -201.42302408898735 486.0983110329489 116.4495854688563 1.0 585.5205237823039 192.01246507276414 1.0 386.67609828359394 40.886705864948446 1.0
-0.9995906734996248 0.028609184758860037 617.802130281118 620.952202746762 101.22274710035595 1.0 618.072024132171 0.5907400919536521 1.0 623.8323813613531 201.85475410875824 1.0
0.9997890288507696 -0.020540150672163086 -314.0527203777678 317.54759505952285 166.88686248711878 1.0 317.62513174660853 170.66095014202384 1.0 317.47005837243717 163.1127748322137 1.0
0.6148023710086258 -0.7886812059394924 206.43487850252222 183.06499526295497 404.4519753185843 1.0 187.2158744628939 407.68771918400694 1.0 178.91411606301602 401.21623145316164 1.0
0.6275981449228617 -0.7785374547761865 -200.60034925463884 456.5646946524313 110.38493475076999 1.0 460.9753096821374 113.94043974751831 1.0 452.15407962272513 106.82942975402166 1.0
-0.09685913434912256 0.9952981001153065 -347.87123678360626 371.92761037546336 385.7093901019567 1.0 346.9813957123914 383.281706619719 1.0 396.87382503853524 388.13707358419447 1.0
0.9998217911380871 -0.01887818755673933 -531.7957079762768 535.3362590114887 182.49365090784897 1.0 535.6549943958441 199.37443365924267 1.0 535.0175236271332 165.6128681564553 1.0
-0.07618642996627027 0.9970935903359296 -356.97791216335855 414.3992909880417 389.68209051808793 1.0 395.71064483950425 388.2541190169571 1.0 433.08793713657906 391.1100620192188 1.0
-0.9925061730174395 0.12219450283166 494.63356862733724 532.0686310106371 273.7261607073882 1.0 531.3677733991574 268.03355187736446 1.0 532.7694886221168 279.4187695374119 1.0
-0.9999688253619357 -0.007896094241478005 30.651579565336892 29.27068208024617 174.99917627019505 1.0 29.3447056560299 165.62476078554758 1.0 29.19665850446244 184.37359175484252 1.0
-0.5760860622072114 0.8173890438038602 176.82523429248647 481.0852248234668 122.73379392911019 1.0 385.70525576799025 55.51112780318623 1.0 576.4651938789433 189.95646005503417 1.0
0.56779225550957 -0.8231718864145903 -168.36160801388363 417.6413727914473 83.54504104486435 1.0 437.48884460360375 97.23506250012963 1.0 397.7939009792908 69.85501958959907 1.0
-0.6092959197683847 0.7929429249029201 206.8227756342757 515.7453062066511 135.46843247297284 1.0 503.0544562922055 125.71680618510186 1.0 528.4361561210966 145.22005876084384 1.0
0.9999998030171507 0.0006276668382311472 -468.75736459959137 468.6652686313561 146.8745545250681 1.0 468.64800779670486 174.37454369101246 1.0 468.6825294660074 119.37456535912375 1.0
0.03725149530366889 -0.999305922176808 327.48175181846665 529.9779917206769 347.4653925113662 1.0 539.3865143276759 347.8161174774963 1.0 520.5694691136779 347.11466754523605 1.0
-0.6097116888696851 0.7926232752422026 206.98236099843382 471.8891172512442 101.85664761784483 1.0 459.20325478769485 92.0982682350848 1.0 484.5749797147936 111.61502700060484 1.0
0.0034688505000666343 -0.9999939835200051 294.3911689557976 151.87744630536034 294.91978349034 1.0 160.62734101727716 294.95013574960075 1.0 143.1275515934435 294.8894312310793 1.0
-0.9999980575344122 0.0019710219182570575 606.7550471679544 607.0112266978165 129.37473149367116 1.0 606.979192797701 113.12233085112945 1.0 607.043260597932 145.6271321362129 1.0
0.9979359954916432 -0.0642164223707842 -549.8091605205753 563.212527542882 190.61936766918097 1.0 563.5381016259371 195.67885377390235 1.0 562.8869534598268 185.55988156445963 1.0
0.9999848968452046 0.005496005957546742 -609.8108031372313 608.3326468738969 270.62270619008876 1.0 608.284538669279 279.3758768387198 1.0 608.3807550785149 261.8695355414577 1.0
-0.9963202690052875 -0.08570835180559568 557.99118867282 537.2618186918852 264.9257449140307 1.0 538.6052662208303 249.30878372839126 1.0 535.91837116294 280.54270609967017 1.0
-0.6077642912809881 0.7941174763495125 205.8906660507885 542.6576502346027 156.04401092126562 1.0 529.2527189473251 145.7847749692579 1.0 556.0625815218801 166.30324687327337 1.0
0.14614958380425905 -0.9892625026522747 230.03314553925512 580.5983841177133 318.30515853097825 1.0 587.0763367450143 319.2621846770673 1.0 574.1204314904123 317.34813238488914 1.0
-0.998218140406511 -0.05967029548583725 299.35591035398915 286.1769946406454 229.4079964784055 1.0 286.7815357150276 219.29469199154573 1.0 285.57245356626316 239.52130096526525 1.0
-0.9998020904633868 0.019894217879623383 604.0159202496269 606.0263926903533 95.029322068004 1.0 605.8640420729599 86.87024350356212 1.0 606.1887433077468 103.18840063244589 1.0
-0.27924119383304546 -0.9602209931399622 482.0489882233214 554.6633952975253 340.71752428064383 1.0 561.6726458839038 338.6791690315934 1.0 547.654144711147 342.7558795296943 1.0
0.9996264086025701 -0.02733209147371571 -580.4853089411622 586.461069781232 210.61922886538576 1.0 586.9396695909379 228.12323178423472 1.0 585.9824699715261 193.11522594653684 1.0
0.9988875671073165 0.04715536319896531 -39.617092068223705 35.264389578352215 93.1374812711698 1.0 34.96860664804147 99.40302291069331 1.0 35.56017250866296 86.87193963164631 1.0
-0.9998917127252548 0.014716073639266906 605.0432207272581 607.7305516279949 178.14000390204552 1.0 607.5646076718489 166.86485058366623 1.0 607.896495584141 189.41515722042482 1.0
0.13880026745779492 0.9903203955052349 -307.96409509149396 69.28920160618608 301.2628405218394 1.0 65.26780544519731 301.8264670665742 1.0 73.31059776717484 300.69921397710465 1.0
-0.9998762625741564 0.015730846790195038 602.6761752525757 602.8886332293398 8.763551705552583 1.0 602.7603719277982 0.6110706262666155 1.0 603.0168945308812 16.91603278483855 1.0
-0.012179429907391763 0.9999258279928221 -285.2222062404511 257.4892853427049 288.3796686420394 1.0 230.6258835193224 288.0524634529918 1.0 284.3526871660874 288.706873831087 1.0
0.9999750831115305 -0.007059260307400601 -407.9116119493137 409.78812509674987 264.3764957173633 1.0 409.9116902196929 281.8800355648896 1.0 409.66455997380683 246.87295586983694 1.0
-0.2509958137438789 0.9679881721813796 -92.36876840139895 13.843838241217473 99.01310429249028 1.0 0.6345951131107852 95.58799557405582 1.0 27.05308136932416 102.43821301092474 1.0
-0.15185232573100801 -0.988403192614271 417.2726987679329 568.718356857876 334.79403553716384 1.0 575.5286324243943 333.74774573218093 1.0 561.9080812913577 335.84032534214674 1.0
0.6657496735736143 -0.7461751618330819 -211.72935065943486 391.4356603707547 65.4924137884921 1.0 397.01385525254534 70.46937042231914 1.0 385.85746548896407 60.515457154665064 1.0
-0.5940136188982011 0.8044549835531275 199.2014920213675 453.37976176019765 87.15498372244406 1.0 447.45607581726176 82.78090413300811 1.0 459.3034477031336 91.52906331188001 1.0
0.28431637734367954 0.9587305135303488 -371.6892097206137 631.2128077914988 200.49958582059594 1.0 625.3610522140045 202.23495350047438 1.0 637.0645633689929 198.7642181407175 1.0
-0.28117423650570067 -0.9596567348408681 479.83957591795155 579.4445990995259 330.2375439707031 1.0 583.0667722508254 329.1762668146823 1.0 575.8224259482265 331.2988211267238 1.0
-0.9990927287495174 0.04258778416216683 600.2999838008016 607.5309470190784 156.8470393019922 1.0 607.103188414979 146.81199006372816 1.0 607.958705623178 166.88208854025623 1.0
-0.9999572716549303 -0.009244180030040502 613.9188428788707 611.4779637049226 266.87132956817834 1.0 611.5935110179416 254.3723977539837 1.0 611.3624163919035 279.370261382373 1.0
-0.9964625929074447 -0.0840374972031655 613.0186701053044 606.1252056140881 107.54218525431274 1.0 606.5003969631031 103.09340754295285 1.0 605.7500142650731 111.99096296567264 1.0
-0.9999807522207927 0.006204449043820373 389.35405547856624 390.4163344961933 170.00129467940525 1.0 390.3426099629477 158.11899639773458 1.0 390.49005902943895 181.88359296107595 1.0
0.9998966013932957 0.014380073787602268 -303.55184675548384 301.0932030156585 173.14072196565934 1.0 301.0211808395421 178.14867464986614 1.0 301.1652251917749 168.1327692814525 1.0
-0.9999990555263403 0.0013743894744193132 390.33595392529406 390.6120609414361 200.6258767775555 1.0 390.589725952979 184.37504848032475 1.0 390.63439592989323 216.8767050747863 1.0
0.9981213020143239 -0.06126880499267797 -21.118560149155446 31.75224472800011 172.5842653842705 1.0 32.48313724160097 184.49113034426108 1.0 31.02135221439925 160.67740042427994 1.0
-0.999994962663435 -0.0031740585620702554 380.96186630936984 380.6404137585713 101.8790165176075 1.0 380.76340790828544 63.129406910208026 1.0 380.5174196088571 140.62862612500697 1.0
0.9993320451057434 -0.0365439957417455 -522.65906068876 529.6132592889281 180.61628723382518 1.0 530.2996708559766 199.38689677336185 1.0 528.9268477218797 161.84567769428847 1.0
-0.02173906080060312 -0.999763678693874 108.46885254103647 8.08843963919006 108.31861545662059 1.0 15.571311536333017 108.1559063978682 1.0 0.605567742047104 108.48132451537299 1.0
-0.039617477665833865 -0.9992149195560467 219.72001579791865 306.8591845922489 207.72611061291968 1.0 315.64493404600216 207.37776790310875 1.0 298.07343513849554 208.07445332273065 1.0
-0.9999383051159212 -0.011107923383743723 290.0103602825232 286.0570268605767 357.49091345644405 1.0 286.3001519260662 335.60472847675845 1.0 285.81390179508713 379.37709843612964 1.0
0.9995683009580464 -0.029380464935812766 -348.2380767659628 352.1175226130846 126.86787149550156 1.0 352.5580393343433 141.8549233197039 1.0 351.67700589182584 111.88081967129922 1.0
-0.9993897602781934 0.03493003079150187 601.3267635738613 609.0326178682286 209.96827752159948 1.0 608.3547363793672 190.5732812018404 1.0 609.71049935709 229.36327384135853 1.0
-0.9975597125918781 0.06981847759446928 381.19839949454246 385.49975593968975 48.13376574054489 1.0 385.0583620371556 41.827171988826514 1.0 385.94114984222387 54.440359492263255 1.0
0.11332817723652447 0.9935576099271984 -169.3336095351545 365.69281852338565 128.7195706676568 1.0 353.2126118791919 130.14310067375808 1.0 378.1730251675794 127.29604066155552 1.0
-0.049713921591577295 0.9987634985320532 -291.7062508018234 483.13169483661073 316.11549927623105 1.0 473.12537679520176 315.61743010243555 1.0 493.1380128780197 316.6135684500266 1.0
-0.9999602442818021 -0.008916829923173199 282.942616023512 281.75005509442275 134.9988858432331 1.0 281.8893750229883 119.3751281847312 1.0 281.6107351658572 150.62264350173498 1.0
-0.6128434193263946 0.7902043681151939 208.6170779301358 493.57808324081475 118.79079146528956 1.0 485.087685317902 112.20605882589592 1.0 502.0684811637274 125.3755241046832 1.0
-0.99995262345716 -0.009734004373495714 605.9779385097037 605.3070736491627 71.86582111591328 1.0 605.4532544551402 56.84899198501164 1.0 605.1608928431853 86.88265024681492 1.0
-0.10335893023354778 -0.9946441230615988 192.10698724953295 40.642462747688015 188.91804759222205 1.0 58.14826908563523 187.09892316971357 1.0 23.1366564097408 190.73717201473053 1.0
-0.9998204807544334 0.018947460620720884 603.1268461038013 603.8630695987624 33.13470152272804 1.0 603.6258201010965 20.6155090270441 1.0 604.1003190964285 45.65389401841197 1.0
0.9523320153736998 0.3050634892842262 -547.1279103037839 466.7575414491601 336.3882069447543 1.0 465.18860314570736 341.2860404417417 1.0 468.32647975261284 331.4903734477669 1.0
-0.9996994118177567 0.024517055517159318 571.879401736739 577.1400128804896 207.49350071088676 1.0 576.756297679538 191.84725557233725 1.0 577.5237280814413 223.13974584943628 1.0
-0.06923661864858975 -0.997600265957317 198.71437836964415 9.27427677433921 198.54872293493597 1.0 18.025500860658806 197.94136026127887 1.0 0.5230526880196129 199.15608560859306 1.0
-0.9999992669305748 0.0012108419851610455 286.82207657193476 287.06369927002476 199.37552829162928 1.0 287.05461704545684 191.87478251198067 1.0 287.0727814945927 206.87627407127786 1.0
0.08334473873658663 -0.996520774758324 303.99498458482253 376.95169620264033 336.5829731974113 1.0 413.313255769997 339.6240986400105 1.0 340.59013663528367 333.5418477548122 1.0
0.1254275448553667 0.9921027824734466 -151.12253619789837 297.619927559189 114.69859917176765 1.0 285.69842647319587 116.20578636912512 1.0 309.5414286451821 113.19141197441017 1.0
0.9999562038759896 -0.009358970558788116 -483.57685406751574 485.0662807911018 156.87437965285864 1.0 485.3002995518618 181.87803899503072 1.0 484.8322620303418 131.87072031068658 1.0
0.046762882353980954 0.9989060180186863 -311.04422701189503 100.050377046156 306.70110848694753 1.0 95.62655449675337 306.9082057410445 1.0 104.47419959555863 306.4940112328506 1.0
-0.4005312622135859 0.9162830938032152 25.2852631400801 553.1929288853595 214.21960117072558 1.0 531.681966099521 204.8165977383696 1.0 574.703891671198 223.62260460308153 1.0
-0.9910547931140707 0.13345559952893135 591.8891542391262 604.1371598588994 51.282027592059656 1.0 603.5362514369252 46.819620814657945 1.0 604.7380682808736 55.744434369461366 1.0
-0.9999057757377632 -0.013727332088286538 313.7538220242346 311.99887894279493 129.98453990556013 1.0 312.230741394412 113.09556227629012 1.0 311.76701649117786 146.87351753483014 1.0
-0.9999819077351331 0.0060153306146797855 442.3535399454756 443.99698193033316 271.8735142951534 1.0 443.9368070973694 261.8701166235626 1.0 444.0571567632969 281.8769119667442 1.0
-0.99693010700123 -0.07829662671224229 39.62015509436995 31.644378467559697 103.10688750855202 1.0 32.72531505588632 89.34360965211903 1.0 30.563441879233075 116.87016536498501 1.0
0.0064045099396629925 0.999979490915905 -246.28923535449024 263.12649904333693 244.6090557836741 1.0 249.37706303736604 244.69711598927327 1.0 276.8759350493079 244.52099557807495 1.0
-0.9999406020776697 0.01089918880225818 281.92664288286215 286.16012604543033 386.86235481609873 1.0 286.0783127396343 379.35643417008964 1.0 286.24193935122634 394.3682754621078 1.0
-0.9999909846868723 0.004246238921645614 348.96757874987117 349.41924833127 105.62746603257162 1.0 349.2600045381617 68.12548830260806 1.0 349.57849212437833 143.12944376253517 1.0
0.11986292673766394 0.9927904505956338 -189.23424679383845 9.928733328982293 189.40971848128677 1.0 0.4653023983291604 190.55227029335072 1.0 19.392164259635425 188.26716666922283 1.0
0.9999959593956276 0.0028427438186243736 -359.25369665494725 358.67416076027195 204.37478440759892 1.0 358.63151472454336 219.37643989742028 1.0 358.7168067960005 189.37312891777756 1.0
-0.04211893424846575 -0.9991126039530147 212.01054061445072 339.3388955345024 197.89355794653198 1.0 345.60410897940886 197.62943945568864 1.0 333.0736820895959 198.1576764373753 1.0
0.12635517635002458 0.991985065114165 -151.80945871289944 269.37175350607674 118.7245125322219 1.0 258.06634976052095 120.16455062776875 1.0 280.67715725163254 117.28447443667503 1.0
0.9996760122433753 0.025453301262955152 -399.0374690895341 396.62161382541757 99.9617214570045 1.0 395.90597166184 128.06850009792123 1.0 397.33725598899514 71.85494281608779 1.0
0.9998005121726721 -0.01997337876430901 -515.6418811977936 519.2658199797522 176.2521811290066 1.0 519.6781874073928 196.89391481980726 1.0 518.8534525521117 155.6104474382059 1.0
0.9994865556692314 -0.032040989941896136 -605.2653634591463 614.2306683080046 269.96455509387806 1.0 614.4908676847573 278.0812137654568 1.0 613.9704689312518 261.84789642229924 1.0
-0.09253185430051433 -0.9957097247389464 175.622246349049 337.4437884583697 145.02012312741408 1.0 348.092984261698 144.03048748360274 1.0 326.79459265504136 146.0097587712254 1.0
-0.2928797111372361 0.9561492952484822 -48.30531494454706 7.982331088745202 52.9657638401119 1.0 0.6006011600955952 50.70465363489636 1.0 15.364061017394809 55.226874045327435 1.0
-0.3148086257282975 -0.9491551660118912 510.336547864542 362.109541372639 417.572758358618 1.0 372.61531334946125 414.0882831572294 1.0 351.6037693958167 421.0572335600065 1.0
0.06889475118696697 -0.9976239337841118 292.7310001789165 533.1081472238575 330.24403503228984 1.0 539.2855247737904 330.67063755742805 1.0 526.9307696739245 329.8174325071517 1.0
0.9993674228052638 0.035563383353743594 -37.25725417082744 32.47756135181061 134.97696031677822 1.0 31.609671294034783 159.36555804074692 1.0 33.34545140958643 110.58836259280955 1.0
0.9995436655313414 -0.030206964365357726 -424.5218472955683 434.63161060904747 328.11724503361825 1.0 434.896941508923 336.8970024773847 1.0 434.3662797091719 319.33748758985183 1.0
0.9999409980438202 -0.010862800335486514 -490.79964949436214 492.573540922354 160.6242010925069 1.0 492.83159095858764 184.37818743189823 1.0 492.3154908861204 136.87021475311553 1.0
0.999909464071932 -0.013455989721378219 -552.6555349165503 555.2455781808767 188.74669520331946 1.0 555.3550113638645 196.87863329325629 1.0 555.1361449978888 180.61475711338267 1.0
0.11336694620472981 0.9935531870555366 -179.50402706401204 336.9150387847646 142.22590177111098 1.0 325.52803428352604 143.52518795281065 1.0 348.30204328600314 140.9266155894113 1.0
-0.9999923451977093 -0.003912741492276841 596.7830002449429 595.7335640660328 269.3754247863774 1.0 595.7678002920168 260.62555874490477 1.0 595.699327840049 278.12529082785 1.0
0.9998058230183614 -0.019705741766727035 -281.9569599970753 284.2783581486699 115.0019047692285 1.0 284.98023888355766 150.6130710025167 1.0 283.5764774137822 79.39073853594032 1.0
0.999980479984254 -0.006248171769484726 -409.5606459330635 410.2872076868599 115.00211062559436 1.0 410.5020331984724 149.3835786998661 1.0 410.07238217524747 80.6206425513226 1.0
0.2407433946067534 -0.9705887996227945 126.38372038636624 510.7726478385515 256.9047382333346 1.0 513.565872212913 257.59756543064356 1.0 507.97942346419006 256.2119110360257 1.0
-0.6061813609261483 0.7953264472314013 204.4534824637284 564.092330986713 172.87086944035417 1.0 556.6363694208017 167.1880898159992 1.0 571.5482925526245 178.55364906470916 1.0
-0.99982018784406 0.018962910627551826 330.416086168486 335.38313224678626 258.75458734144763 1.0 335.13428879792383 245.63430698617813 1.0 335.6319756956487 271.8748676967171 1.0
-0.9989155887648732 -0.04655799096317137 151.30132352017816 137.4539839861576 300.6228552610644 1.0 137.62974190131425 296.85191674617715 1.0 137.27822607100094 304.39379377595156 1.0
-0.37801870016629263 0.9257979597755583 7.589630489816464 438.3189568932396 170.774984092145 1.0 390.82597019375936 151.38280795956314 1.0 485.8119435927199 190.16716022472684 1.0
-0.9999564342796272 0.009334320691590273 460.73862004384443 462.10642888632145 144.3786738790452 1.0 461.8496917943896 116.87523624519949 1.0 462.3631659782533 171.8821115128909 1.0
0.9988895332207586 -0.04711369675598758 -271.01784275440394 277.8626195858768 138.73289665810023 1.0 278.4816874922523 151.85817645166182 1.0 277.24355167950137 125.60761686453861 1.0
0.06718097769432488 0.9977408061395678 -215.358670770018 311.90662438098343 194.8446706785017 1.0 301.8679707150706 195.52060431162647 1.0 321.94527804689625 194.16873704537696 1.0
-0.9997888145886064 -0.020550577206237826 500.1963247553172 493.9044617794329 311.2403281254109 1.0 493.9948794750679 306.8414930061086 1.0 493.8140440837979 315.63916324471325 1.0
0.027036046121776236 0.9996344592950471 -253.64948885793314 360.63145391710646 243.98862801195088 1.0 339.3800952055503 244.56339082543096 1.0 381.8828126286626 243.41386519847083 1.0
0.9999903377003017 -0.0043959647446986 -351.1410071186271 351.5345522009659 88.75149661098266 1.0 351.63071300061273 110.6260738874131 1.0 351.43839140131905 66.87691933455221 1.0
-0.10119963759210968 -0.9948661384081908 178.1905293014882 365.6293291606221 141.9175588017227 1.0 376.8899639016479 140.77210605099157 1.0 354.36869441959635 143.06301155245384 1.0
0.03537844821018382 0.9993739867548281 -264.8394324490389 599.3984090178542 243.78626030627672 1.0 591.9077962773374 244.0514325625243 1.0 606.8890217583711 243.52108805002914 1.0
-1.0 0.0 541.875 541.875 185.625 1.0 541.875 173.125 1.0 541.875 198.125 1.0
-0.14044390833717904 -0.9900886367446997 158.9275695700765 266.37181070549354 122.73372998530824 1.0 274.51036411013854 121.57927753939664 1.0 258.2332573008485 123.88818243121985 1.0
0.3502842644887138 -0.936643440190343 7.12320123947619 8.872266774498089 10.92306446821405 1.0 17.02562267159001 13.972242149901728 1.0 0.7189108774061681 7.873886786526372 1.0
0.30705874176542075 -0.9516905637366784 36.028958213061685 8.167564071907247 40.493077927514975 1.0 15.690988307825544 42.920477407633946 1.0 0.6441398359889516 38.065678447396 1.0
-0.11290325881706662 -0.9936059853626519 181.846026213511 298.71570942624135 149.073225545612 1.0 310.5795637614141 147.72513803778253 1.0 286.85185509106856 150.42131305344148 1.0
-0.9998056943334395 0.019712269743212194 484.5946375293977 487.8309402161142 159.36847514937563 1.0 487.36262191861204 135.61538599715237 1.0 488.29925851361634 183.12156430159888 1.0
-0.999996359964126 -0.0026981583530529237 252.56158443177776 252.2302846752871 123.12764497291278 1.0 252.31460636693802 91.87618613190857 1.0 252.14596298363617 154.379103813917 1.0
-0.9999422514393892 0.010746803539914179 450.6443761409478 452.1549295320485 138.12870861869388 1.0 451.84590458926704 109.37531270072107 1.0 452.46395447482996 166.8821045366667 1.0
0.9999991804969843 -0.0012802364467349118 -323.5141549797147 323.65444623348435 109.37512233151476 1.0 323.7024560852718 146.87586101593726 1.0 323.6064363816968 71.87438364709226 1.0
0.9999074559780936 -0.013604391916470495 -457.6577108710946 459.63882471159536 142.49641049303878 1.0 460.0216441740757 170.63320904881934 1.0 459.256005249115 114.35961193725824 1.0
-0.9999381676584744 0.011120290455411708 513.8706159602333 515.8486125565031 175.00446382096533 1.0 515.6191934594408 154.37506457441035 1.0 516.0780316535654 195.6338630675203 1.0
-0.9987264375561516 0.050452977378926164 591.3090888048117 602.9878374198172 216.25692908517783 1.0 602.3233035601612 203.1023529081346 1.0 603.6523712794733 229.41150526222106 1.0
0.24735302758134578 -0.9689254252760333 94.77746835942564 600.0626367600518 251.0046407660156 1.0 606.9663750035127 252.76706799890889 1.0 593.1588985165909 249.24221353312234 1.0
-0.9998788041525449 0.015568461917502753 468.8135617858646 471.19637233213405 149.38556646961558 1.0 470.78744676490606 123.12247064717988 1.0 471.60529789936203 175.64866229205126 1.0
0.9999115442714367 0.01330051249804435 -436.3648599350837 434.82402845948525 118.73934572558319 1.0 434.54972965466015 139.36069708815853 1.0 435.0983272643104 98.11799436300785 1.0
0.9976079121835784 -0.0691263592902291 -537.1425770713132 551.3357941786129 186.2440551401574 1.0 551.9852901149094 195.61735776499336 1.0 550.6862982423164 176.8707525153214 1.0
-0.9998049784294992 0.019748546974110055 523.0073810071051 526.6770091135483 180.61656554556217 1.0 526.3065523182036 161.86153770659104 1.0 527.047465908893 199.3715933845333 1.0
0.9998672499608658 -0.016293632366515192 -505.02844667106984 507.86568626692645 169.994040851328 1.0 508.22222808628396 191.87341559097604 1.0 507.50914444756893 148.11466611167995 1.0
-0.13364681202684348 -0.9910290256269295 306.50295795990667 594.9553381824339 229.04381995257538 1.0 601.8731004110514 228.11091400904908 1.0 588.0375759538165 229.97672589610167 1.0
-0.9998571603002581 0.01690144953262985 583.7994372141354 588.4152830609933 268.1306580096407 1.0 588.2672379649424 259.3725956287742 1.0 588.5633281570442 276.8887203905072 1.0
0.9999061995062594 -0.013696429788397965 -475.31973789791795 477.4531203180429 152.4920810728554 1.0 477.80429290035244 178.12939295433424 1.0 477.10194773573335 126.85476919137656 1.0
-0.9957786471466871 -0.09178717713664433 287.19990593542195 259.66745367852377 311.9019572938442 1.0 260.36348261894125 304.3508942991514 1.0 258.97142473810635 319.453020288537 1.0
-0.35317682826398994 -0.9355565872663119 518.0782316511933 412.6797834473586 397.97624185676216 1.0 426.7073080101994 392.6807881119754 1.0 398.6522588845178 403.27169560154897 1.0
0.9996909237394834 -0.024860752058178982 -554.2709372713149 555.6550065592673 48.764796557671005 1.0 556.3543853877288 76.88794687236442 1.0 554.9556277308059 20.641646242977586 1.0
0.999820239616522 -0.018960180725945748 -420.56537207988106 422.952236279771 121.87827622029303 1.0 423.5687807445266 154.39028881111105 1.0 422.3356918150155 89.36626362947501 1.0
-0.9999998665419874 0.0005166391465148557 428.49554168531097 428.66189230929984 321.87536841939783 1.0 428.65285112544245 304.37537309042796 1.0 428.67093349315724 339.3753637483677 1.0
0.996712154612773 -0.08102395230525304 -605.9107825388718 616.6497899333463 107.51830760226488 1.0 617.5160450889776 118.17450269086052 1.0 615.7835347777147 96.86211251366923 1.0
-0.9999919552543727 0.004011162741249384 448.9488869762506 450.04304163579866 271.87482735160523 1.0 450.0029202751824 261.8724812893253 1.0 450.0831629964149 281.87717341388515 1.0
0.9994396148492857 -0.033473217202886735 -518.2077776641731 524.5058146156758 179.37061875877362 1.0 525.1763043721936 199.39002770751168 1.0 523.835324859158 159.35120981003558 1.0
0.9999253917819804 -0.012215190119400806 -619.0270799970172 621.7685545087438 220.63393541239287 1.0 621.9209532229362 233.10916850383626 1.0 621.6161557945516 208.15870232094946 1.0
-0.3556109211509234 0.934634084954209 -4.751453286094772 9.200251466337436 8.584282677056706 1.0 0.31039600011719903 5.20185768086578 1.0 18.090106932557674 11.966707673247633 1.0
-0.9994564157545339 0.0329677570832456 515.2602421040617 521.3952832576447 177.49520773185225 1.0 520.7150135877114 156.8720308399175 1.0 522.0755529275781 198.11838462378697 1.0
0.9998366183645494 -0.018075856199432302 -555.2597735135613 557.5764360795879 123.12361812664417 1.0 557.8251427053254 136.880421063041 1.0 557.3277294538505 109.36681519024734 1.0
-0.9999695544618383 0.007803214042484055 412.4251008227126 413.3545873530362 117.50308558346163 1.0 413.09607570114287 84.37522570936686 1.0 413.61309900492955 150.63094545755638 1.0
-0.9980069470163748 0.06310414968173517 591.0099272950738 601.6361553988954 149.39010218491347 1.0 600.7652250099525 135.61613354867555 1.0 602.5070857878383 163.16407082115137 1.0
-0.9999847069176906 0.005530454840285399 478.9213150578858 479.78587951225086 155.00118420179797 1.0 479.65105762089365 130.62347325244565 1.0 479.92070140360806 179.37889515115026 1.0
-0.03297439492018655 0.9994561967788522 -301.84357273614467 409.3786567433946 315.51416385411784 1.0 401.84561599462467 315.2656312406823 1.0 416.9116974921645 315.7626964675534 1.0
0.9999292156312977 -0.011898055596520615 -422.04276108298984 425.22581318759086 264.99731307194713 1.0 425.42666714104803 281.87735994242945 1.0 425.0249592341337 248.11726620146476 1.0
-0.9999743616423569 0.0071607302672839455 437.15151802120863 438.2234314738065 148.1242951406948 1.0 438.1518260070273 138.12480790127444 1.0 438.2950369405857 158.12378238011522 1.0
-0.9987342731236182 0.050297631040020115 527.4688224228574 537.3286853960201 182.50862763897726 1.0 536.6049909490514 168.13859802701032 1.0 538.0523798429888 196.8786572509442 1.0
-0.5792629170188562 0.8151407688042633 185.35814103297588 577.8567811928181 183.2479362785635 1.0 572.0534336969862 179.1239074880014 1.0 583.66012868865 187.37196506912554 1.0
-0.9999845732779108 0.005554566247191813 425.1836638230644 425.88109433144245 124.37704914258651 1.0 425.70749753073727 93.12454175493106 1.0 426.05469113214764 155.62955653024196 1.0
-0.9998298564763305 0.01844608626566058 506.2227336336414 507.06984303373815 41.24640529697596 1.0 506.82777934407915 28.12587118451904 1.0 507.3119067233972 54.36693940943288 1.0
-0.9999532896028215 0.009665330439051689 508.2101656765663 509.8952215428111 171.87601276571831 1.0 509.6897844781162 150.62195736187908 1.0 510.10065860750603 193.13006816955752 1.0
0.9998732080921615 -0.015923810457575537 -475.89722815287297 476.7043008050772 46.88767216988979 1.0 476.9034816780052 59.394453692800724 1.0 476.50511993214917 34.380890646978855 1.0
-0.9899752906384329 -0.14124065960391963 591.034977654901 558.4288766040657 270.4900157294105 1.0 559.5024984817826 262.96485170504894 1.0 557.3552547263489 278.0151797537721 1.0
0.9998390646139215 -0.01794003545031336 -446.9622512026453 449.4900953681271 136.87293485266034 1.0 450.0061906868007 165.63610324792126 1.0 448.97400004945337 108.10976645739943 1.0
-1.0 0.0 545.625 545.625 186.25 1.0 545.625 175.625 1.0 545.625 196.875 1.0
0.999479279904577 -0.03226715112042223 -537.7574774124761 544.0300629806901 185.61595845736588 1.0 544.4338430734211 198.12310031245204 1.0 543.6262828879591 173.10881660227972 1.0
0.9997467886173184 -0.022502414300666986 -554.4530944566613 556.690002286844 93.14323152055255 1.0 556.9996486119567 106.90032953689463 1.0 556.3803559617312 79.38613350421048 1.0
0.9995973830533913 -0.028373787072076585 -553.4688325813441 558.0388173951718 153.14518707145584 1.0 558.42930306048 166.90184381137001 1.0 557.6483317298636 139.38853033154163 1.0
-0.9991804266248372 0.040478081103338254 382.2698491795271 386.30528774751986 91.8727602224098 1.0 385.1899806822923 64.34198408688115 1.0 387.4205948127474 119.40353635793842 1.0
0.9997168719715691 -0.023794450936747043 -497.46812176023377 501.5509104005869 165.61783797446668 1.0 502.08648782688874 188.11996633810858 1.0 501.01533297428506 143.1157096108248 1.0
0.9993722718722877 -0.0354268572247422 -532.9111974937132 539.7600064430574 183.75850755791006 1.0 540.2697322520464 198.1375939253445 1.0 539.2502806340683 169.37942119047563 1.0
-0.9962232535627785 -0.08682873407341557 442.5068364809415 422.45921068946285 249.2624975048127 1.0 423.112678737336 241.76497872029276 1.0 421.8057426415897 256.7600162893326 1.0
-0.9981643838466878 0.06056288318732952 405.51732067070054 422.6800709789924 270.57615291584506 1.0 422.2976629443383 264.273512417244 1.0 423.06247901364645 276.87879341444614 1.0
-0.9999139126373355 0.013121254295796539 398.6683497163287 400.154310132571 110.62297508319035 1.0 399.7113983186449 76.87058565209679 1.0 400.5972219464971 144.37536451428392 1.0
-0.9970087306972454 -0.07728900900818754 518.4747455024619 494.45169588068075 329.9574949740032 1.0 495.4742802087248 316.7664149483023 1.0 493.42911155263664 343.1485749997041 1.0
0.9999064408642073 0.01367879812971642 -252.16758491424045 248.4719605233196 271.8711963982647 1.0 248.33506839633884 281.8778737520527 1.0 248.60885265030038 261.86451904447665 1.0
-0.9999357960947061 0.011331535131937909 597.9048531946615 598.2761895498916 29.380369344494163 1.0 598.148637712051 18.12473213123723 1.0 598.403741387732 40.636006557751095 1.0
-0.24129338009277565 -0.9704522166100726 489.3746195506088 390.83569254253615 407.0973794218841 1.0 396.86815425678515 405.5974672650589 1.0 384.80323082828716 408.5972915787093 1.0
-0.9996198046600264 0.027572561205853205 505.6630718754531 506.21744801296245 13.125897883025907 1.0 505.8724468810482 0.6181746607649319 1.0 506.5624491448768 25.63362110528688 1.0
-0.9996691585943424 0.025721068315286436 597.5885276769537 602.3855384663668 178.75294504726963 1.0 602.0797883482093 166.869730881663 1.0 602.6912885845245 190.63615921287624 1.0
-0.9999043882989893 0.01382802445847157 541.6931129670379 543.8107766917684 149.38280283974905 1.0 543.7241207843333 143.11671455095478 1.0 543.8974325992035 155.64889112854328 1.0
-0.9998900095174067 -0.014831347453293932 409.8771916907864 406.0472081097983 261.2469919921635 1.0 406.2978720113921 244.34789824902467 1.0 405.7965442082045 278.1460857353023 1.0
-0.9999363815219688 0.011279756590975801 493.24712966717925 496.26783469882247 264.9997988161394 1.0 496.0915201940353 249.36973743096988 1.0 496.44414920360964 280.62986020130893 1.0
-0.9999570152798999 0.009271871036335087 502.45472969115974 505.0146110429283 273.7498645224708 1.0 504.9392265992216 265.61976833885524 1.0 505.089995486635 281.8799607060863 1.0
0.9997774059805793 -0.021098305399818496 -475.47854521431907 477.3518499204912 83.753126411543 1.0 477.76081680726026 103.13268535893684 1.0 476.9428830337222 64.37356746414915 1.0
-0.999973794573247 -0.007239486637991892 408.7205817662879 408.6679498766057 8.749405983661589 1.0 408.7268019204687 0.6203072556890954 1.0 408.6090978327427 16.878504711634083 1.0
0.9987846629055711 -0.049286886132162644 -553.2504559180375 554.386259276783 9.374444390053883 1.0 554.8200319002866 18.16472264747756 1.0 553.9524866532795 0.5841661326302039 1.0
0.9998276670532431 -0.018564379732955646 -510.5226018581963 513.8250832093195 173.12360588653894 1.0 514.2197236921135 194.37788310519713 1.0 513.4304427265255 151.86932866788072 1.0
0.9996838918344613 -0.025141925278410894 -567.5254486788929 572.7033139632218 198.74488667916614 1.0 572.9079226048741 206.88045946943072 1.0 572.4987053215696 190.60931388890154 1.0
0.9996136843091685 -0.027793562957093905 -614.2782472080685 615.7667283652547 44.99605934141924 1.0 616.3407147514517 65.6398554295781 1.0 615.1927419790578 24.35226325326037 1.0
-0.9999545042668901 0.009538836216138321 530.4720530107571 532.2370721897607 182.4965460955455 1.0 532.0761116519643 165.62308154160908 1.0 532.3980327275573 199.37001064948197 1.0
-0.9997157037566066 0.023843482598660714 480.2562442780544 486.6681807641478 263.11502627873546 1.0 486.2506831246015 245.61007729283668 1.0 487.08567840369403 280.6199752646342 1.0
-0.9998558126036338 0.016980989450767817 408.24998733594043 408.82895535012676 30.623659066686727 1.0 408.63776654255634 19.36629146108859 1.0 409.02014415769725 41.88102667228487 1.0
-0.9960391671192845 0.08891556424114967 389.3683562525112 415.3562817102802 273.7739882518089 1.0 414.84823020022714 268.0827551449198 1.0 415.86433322033326 279.4652213586979 1.0
-0.9998799424395964 0.01549518334803301 506.6848396558568 508.42137509785937 108.13009271453026 1.0 508.11135857423506 88.12521140177374 1.0 508.7313916214837 128.1349740272868 1.0
-0.9998598414822134 0.016742084433034817 424.12222318301895 425.09230366559274 54.38391969717935 1.0 424.94548058733994 45.615447626992896 1.0 425.23912674384553 63.1523917673658 1.0
0.06809860251820127 0.9976785957085919 -194.02163122990544 337.5126590783682 171.43546183126114 1.0 319.3443238383012 172.67557888424054 1.0 355.6809943184352 170.19534477828176 1.0
0.9999278030508105 0.012016184335281793 -617.8656094718676 616.9338267402393 81.25070692399231 1.0 616.7761257071943 94.37381182248882 1.0 617.0915277732844 68.12760202549579 1.0
-0.9999917858756695 0.004053169277116622 463.87890306488777 464.9441467959351 261.8752263843503 1.0 464.86814022862416 243.12300120275765 1.0 465.02015336324615 280.6274515659429 1.0
0.9991006981071925 -0.042400413225821616 -539.4892480613069 547.8783522517671 186.23394326833096 1.0 548.3295751247414 196.8663181225464 1.0 547.4271293787928 175.60156841411555 1.0
-0.999986553622669 -0.005185805034608628 438.7053385688313 437.36615497781685 259.3743058964769 1.0 437.4828172143053 236.8781520639539 1.0 437.24949274132837 281.87045972899995 1.0
-0.99924727312382 0.03879287504954615 599.1459810331078 608.7447786357526 235.62520270431182 1.0 608.5015651149691 229.36038095239695 1.0 608.987992156536 241.89002445622668 1.0
0.9994110577302768 -0.03431526899864562 -328.9011646595095 337.657946200816 249.3910365213411 1.0 338.34531930864875 269.4103545917199 1.0 336.9705730929832 229.3717184509623 1.0
-0.9996666172311993 0.0258196513053729 353.0987912063681 357.8012799758183 177.50836112560012 1.0 357.59156524755525 169.3887776925476 1.0 358.0109947040814 185.62794455865267 1.0
-0.9999687379402892 0.007907157650197727 542.4515628492976 543.4618682037608 125.62233624673111 1.0 543.3630318230588 113.12311778600741 1.0 543.5607045844629 138.1215547074548 1.0
-0.0813958106690368 -0.9966818559628393 203.72435317234053 184.99344777769824 189.29476883047516 1.0 283.17819249138654 181.2763356228368 1.0 86.80870306400993 197.31320203811356 1.0
0.9998513175454371 -0.01724363078512369 -533.3681689164488 534.105074665918 38.12965518494478 1.0 534.3205880029151 50.62593839991161 1.0 533.8895613289208 25.633371969977954 1.0
0.9999127449363008 -0.013209939967768314 -480.5428149460101 484.16829337151967 271.25273082043105 1.0 484.29212575277234 280.62609485936275 1.0 484.04446099026705 261.87936678149936 1.0
-0.9999529092663493 0.009704599412866482 526.8088574880705 527.2097647453547 38.75281674952463 1.0 527.0944691921317 26.87287003910548 1.0 527.3250602985777 50.63276345994377 1.0
-0.999984493379801 0.005568931669784658 540.8488991330464 541.0661104969695 37.49754344769073 1.0 540.99998045886 25.622911727065052 1.0 541.1322405350788 49.37217516831641 1.0
-0.9999083155008915 0.013541070569550612 451.0755630097038 452.14112661351624 75.62985997543632 1.0 452.0394632951715 68.12277278671304 1.0 452.2427899318609 83.1369471641596 1.0
0.9997071418882687 -0.024199802841940975 -466.93928884397593 473.64225845751315 271.25260808788573 1.0 473.86943118654955 280.6372382496792 1.0 473.41508572847675 261.8679779260923 1.0
-0.9983658967022604 -0.0571448711774869 517.9985369217385 500.2431075248859 325.01391508688124 1.0 500.7086918458343 316.8797903877372 1.0 499.77752320393745 333.14803978602527 1.0
-0.9996318780779451 0.027131316414069212 540.0038918316944 542.0003112267127 66.22963557210669 1.0 541.6777853797233 54.346426028041144 1.0 542.3228370737022 78.11284511617224 1.0
-0.9993196990507572 0.03688006357239685 538.6603537863531 542.5560349838238 95.62293201938513 1.0 542.0944977215163 83.11689939923009 1.0 543.0175722461312 108.12896463954016 1.0
0.17248106184402393 0.9850128340814439 -121.25380315196631 319.319684931078 67.1841041432391 1.0 254.23590080905848 78.58062589989366 1.0 384.4034690530975 55.787582386584525 1.0
0.9999117157625181 -0.013287613813511996 -435.9782702872816 436.7310614146379 53.75191276920252 1.0 436.87222984735865 64.37503681196841 1.0 436.58989298191716 43.128788726436625 1.0
0.9999414757238817 -0.010818739628337506 -476.0559836815155 476.300300874075 20.00621788410518 1.0 476.44228852148626 33.12968166681139 1.0 476.15831322666367 6.882754101398969 1.0
-0.1708450178988871 -0.9852979142671159 125.11032879314769 318.5114267818183 71.74909980012661 1.0 376.8336220588655 61.636365010242294 1.0 260.189231504771 81.86183459001094 1.0
0.9999876637817184 -0.00496712033082643 -462.73797264278267 462.85234497468457 21.876354327026814 1.0 462.90822438905724 33.12607676382753 1.0 462.79646556031196 10.626631890226102 1.0
0.9989174640214358 -0.046517739336553614 -515.7566851845797 522.22454692272 126.88782734050596 1.0 522.7486574101291 138.1425255785662 1.0 521.7004364353111 115.63312910244572 1.0
0.999932210313394 -0.011643658264069455 -520.3366426369499 521.521770840161 98.74683537868233 1.0 521.6601146431086 110.62750222128638 1.0 521.3834270372134 86.86616853607828 1.0
0.0966370880073254 0.9953196839314815 -188.44801854398602 351.3323121061288 155.22277864425772 1.0 313.2026580799673 158.92484421304104 1.0 389.46196613229034 151.5207130754744 1.0
-0.9997166717994423 0.023802859623286973 597.3338621159714 599.6313440953536 89.38377755167551 1.0 599.3632836847532 78.12527896084458 1.0 599.8994045059538 100.64227614250643 1.0
-0.286307756530779 -0.95813770855254 517.2945311614153 229.00139904412245 471.4663146293572 1.0 235.6557434626349 469.47788394278547 1.0 222.34705462561 473.45474531592896 1.0
-0.9824120858836807 -0.18672571732269658 410.3079276601955 386.2472028303732 165.2370541308425 1.0 387.5301553987382 158.48711027281956 1.0 384.96425026200825 171.98699798886543 1.0
-0.9972919196004961 0.0735447285640342 428.61010485164167 438.7122861781996 121.20669091294513 1.0 437.37613680541415 103.08804394971696 1.0 440.048435550985 139.3253378761733 1.0
-0.9997300072084567 0.023236021324210498 505.8077935094524 507.57165452898596 70.0128610195467 1.0 507.26676408955785 56.894947373563305 1.0 507.876544968414 83.13077466553011 1.0
-0.9999768603476215 0.006802850087562949 548.1079225006896 549.4004204317048 188.12482706461228 1.0 549.332393504985 178.12528985230543 1.0 549.4684473584246 198.12436427691912 1.0
-0.9997466233326212 0.022509756440753027 470.06419642819355 476.2203030381336 268.12566864079656 1.0 475.93868569500313 255.61793722186331 1.0 476.501920381264 280.63340005972987 1.0
0.999628978217332 -0.027237949779174493 -454.24697643764557 461.7560728495172 269.39527057118767 1.0 461.99478017489156 278.1557962969327 1.0 461.51736552414275 260.6347448454426 1.0
-0.9993269775355867 0.03668231139921481 525.1318608591765 528.0084466913447 68.73133643914247 1.0 527.572296418731 56.84940432916909 1.0 528.4445969639584 80.61326854911584 1.0
1.0 0.0 -526.875 526.875 126.875 1.0 526.875 139.375 1.0 526.875 114.375 1.0
0.9999527429748045 -0.009721718837978054 -422.439091404889 422.750697215409 29.997562676977694 1.0 422.8540446666159 40.62763427605686 1.0 422.64734976420203 19.367491077898528 1.0
1.0 0.0 -468.125 468.12500000000006 49.375 1.0 468.12500000000006 60.625 1.0 468.12500000000006 38.125 1.0
0.9998167159306387 -0.019145091947351024 -533.8070632962089 536.3224039638312 126.2486135653437 1.0 536.5499393455366 138.13122445696195 1.0 536.094868582126 114.36600267372545 1.0
-0.3784773358463265 0.9256105586317969 7.808452239296461 506.0951622332093 198.50367385505643 1.0 485.35926938199515 190.02487528309206 1.0 526.8310550844235 206.9824724270208 1.0
-0.9998771808292448 0.015672372410124404 526.9417280280942 528.5151633550902 96.25368089943959 1.0 528.3093352165614 83.12211067497324 1.0 528.7209914936191 109.38525112390593 1.0
0.38690853738699166 -0.9221180963938723 -14.909141607166157 443.4332485517182 169.89035203992609 1.0 499.7361387790562 193.51429890064887 1.0 387.13035832438015 146.26640517920328 1.0
0.3906888276976082 -0.9205228079261635 -16.890764161190223 519.2997127493113 202.05238831134093 1.0 538.3345870437702 210.13118077518828 1.0 500.26483845485234 193.97359584749358 1.0
-0.9995047395700809 0.0314686443455197 524.9792767485231 529.2334903798769 126.85977767417553 1.0 528.8397082180014 114.35249795690535 1.0 529.6272725417524 139.3670573914457 1.0
-0.3584648266246736 -0.9335432331032896 519.1759451800078 338.68661698443225 426.0849327998674 1.0 347.48441183486796 422.70672824124466 1.0 329.8888221339965 429.46313735849003 1.0
0.9998988469153486 -0.014223077633070926 -534.0542812875988 535.068449003591 67.49902634601992 1.0 535.237457400785 79.38051260609187 1.0 534.8994406063971 55.617540085947965 1.0
-0.9996764612377117 0.025435660935891707 535.2182885386839 537.0770355611994 66.24485942879429 1.0 536.7433005225829 53.12835094741439 1.0 537.4107705998158 79.36136791017418 1.0
0.9999975674804713 -0.0022056820124972494 -422.7355377731642 422.8523660018351 52.50060134536853 1.0 422.86753002878413 59.37556789826569 1.0 422.83720197488606 45.62563479247137 1.0
-0.9999626953893183 0.008637582400748836 450.83672217228724 451.06405725402306 24.371207465310697 1.0 450.96688807700815 13.122046803395158 1.0 451.1612264310379 35.620368127226236 1.0
0.10174866150306483 0.9948101376053295 -189.9961300448547 238.7821985403762 166.56480939315736 1.0 181.92664760359392 172.37996545978362 1.0 295.6377494771585 160.74965332653113 1.0
-0.9999060147756897 0.013709909386942607 442.4636610887413 443.233637016211 53.123510456356584 1.0 443.07941503155814 41.87562502452981 1.0 443.3878590008639 64.37139588818336 1.0
0.9995488458465798 -0.03003505896065949 -537.6673348968596 539.0741064437736 38.740261050084015 1.0 539.4687025585656 51.87218436784457 1.0 538.6795103289818 25.608337732323463 1.0
-0.20284284721134366 -0.9792113047423399 129.27681541995085 431.1632542651215 42.70624032767757 1.0 435.6065264360573 41.785820012141386 1.0 426.71998209418575 43.626660643213754 1.0
-0.9996390301051596 0.026866512434921202 535.0209838897605 538.5570485795038 124.3801858036571 1.0 538.1873162501219 110.62332517512985 1.0 538.9267809088856 138.13704643218435 1.0
-0.9998995382114775 0.014174395383016937 599.3023573009858 601.0548480074708 119.37776643942334 1.0 600.8598440798218 105.62167089271117 1.0 601.2498519351198 133.1338619861355 1.0
0.9999965765010219 -0.0026166746522739443 -463.7969103873713 463.999658323589 76.875982150413 1.0 464.02909581264754 88.12590512181785 1.0 463.9702208345305 65.62605917900814 1.0
0.9979941275843138 -0.06330656606722657 -475.8577445120204 494.0564907894442 271.8159119937953 1.0 494.61432177633867 280.60981890882283 1.0 493.49865980254975 263.02200507876773 1.0
0.999960615980405 -0.008875048624590823 -519.8213439014403 520.2023644717635 40.623203934736935 1.0 520.3022540655754 51.87786449867687 1.0 520.1024748779515 29.368543370797003 1.0
0.9995258255470915 -0.030791623283052738 -532.254540564594 535.4728790216866 96.27394016822575 1.0 535.8389487435747 108.15691683413714 1.0 535.1068092997984 84.39096350231435 1.0
-0.9997405508724042 0.02277786077185071 499.90829161903974 503.86848621021164 168.1223004372012 1.0 503.3842579805137 146.86909312528235 1.0 504.35271443990956 189.37550774912003 1.0
-0.9999046770777783 0.013807127072055553 522.2156113168896 523.2233371865191 69.3736421165324 1.0 523.0507645498146 56.876025076007195 1.0 523.3959098232235 81.8712591570576 1.0
0.9999925053218647 -0.0038716017486582887 -614.294121094809 614.3447011355356 11.875117306015813 1.0 614.3882750653986 23.129788142305 1.0 614.3011272056727 0.6204464697266276 1.0
-0.9999469172518468 0.010303527479853502 416.64478247539273 416.98889053383107 31.248826463460432 1.0 416.87942136559036 20.624954441919794 1.0 417.0983597020717 41.87269848500107 1.0
-1.0 0.0 465.62500000000017 465.6250000000001 49.375 1.0 465.6250000000001 38.125 1.0 465.6250000000001 60.625 1.0
-0.9999231964610517 0.012393594277418672 469.4607217042965 469.74461486102894 19.99541879152048 1.0 469.5974522324634 8.122242805522447 1.0 469.89177748959446 31.868594777518506 1.0
1.0 0.0 -538.125 538.125 10.625 1.0 538.125 20.625 1.0 538.125 0.625 1.0
0.999903673179212 -0.013879638421793088 -448.51310314473324 448.9206538740052 26.247631157750483 1.0 449.08557910633607 38.129017444343404 1.0 448.75572864167435 14.366244871157562 1.0
0.9999999379512096 -0.0003522748599001507 -449.0257069479692 449.0440091100393 51.875116599776625 1.0 449.0479722019673 63.12511520367888 1.0 449.04004601811135 40.62511799587437 1.0
-0.9999141568678618 0.013102629325187794 522.7321976828624 524.4559791054703 128.1239388697072 1.0 524.2922102985398 115.6260848558976 1.0 524.619747912401 140.62179288351678 1.0
0.9999867784329965 -0.0051422717933788855 -413.98053080298627 414.02777851193935 8.123571568507144 1.0 414.06636156732253 15.626587123690971 1.0 413.9891954565562 0.6205560133233168 1.0
-0.9990467795643232 0.043652402478611685 534.3555076764486 536.557908945985 38.73654621033585 1.0 535.9843263418045 25.609299575941318 1.0 537.1314915501654 51.86379284473038 1.0
-0.11337506619454032 -0.9935522605104291 215.55126749283778 374.35865150362906 174.23173141308325 1.0 388.07271536778194 172.6668082981223 1.0 360.6445876394762 175.79665452804423 1.0
0.9994835043675323 -0.032136031136361404 -536.6683079891834 540.9850870588458 125.6335176498543 1.0 541.3872254243645 138.14068323927472 1.0 540.5829486933271 113.12635206043386 1.0
-0.999961013612554 0.008830133348576375 535.5408469822814 535.666634010283 11.880151400314714 1.0 535.5672501509459 0.6255099587494573 1.0 535.7660178696201 23.13479284187997 1.0
0.9998832885432626 -0.015277738442280697 -463.00860796931687 463.84570583127504 51.24853766067062 1.0 464.0272536819251 63.130313397426164 1.0 463.6641579806249 39.36676192391508 1.0
-0.9993179011315485 0.03692874866599925 525.5682929296786 526.3656973786929 11.870724524283784 1.0 525.9496800003005 0.6130017899064932 1.0 526.7817147570853 23.128447258661073 1.0
-0.998521837966134 0.05435199264731192 539.0488268921774 540.4578165788689 11.225079920756473 1.0 539.8793339437283 0.5975478664971945 1.0 541.0362992140097 21.85261197501575 1.0
0.9993871425685141 -0.035004846360760726 -518.250977642501 521.0209093099459 70.0080242020999 1.0 521.4371029433827 81.89033791914643 1.0 520.6047156765092 58.12571048505337 1.0
0.9988651085763124 -0.04762871895014357 -610.4385394762677 618.9383228837223 163.71121846011843 1.0 619.5655759873304 176.86591279687187 1.0 618.3110697801143 150.556524123365 1.0
-0.999312826199087 0.03706582514923253 441.5744944901131 442.8513052334288 26.236969627513126 1.0 442.4568927949014 15.603416832021008 1.0 443.24571767195613 36.87052242300525 1.0
1.0 0.0 -468.125 468.1250000000001 76.875 1.0 468.1250000000001 88.125 1.0 468.1250000000001 65.625 1.0
-1.0 0.0 521.875 521.875 13.125 1.0 521.875 0.625 1.0 521.875 25.625 1.0
-0.1805908742689708 -0.9835583033713705 121.33293110003733 548.0530837252047 22.73331991367945 1.0 553.112045473234 21.8044453143412 1.0 542.9941219771755 23.662194513017695 1.0
0.9992272100570817 -0.03930626771318468 -238.41130511207703 248.06213926183466 240.6520581485888 1.0 248.40676893297763 249.4130869827658 1.0 247.71750959069166 231.89102931441178 1.0
-0.9992419782248131 0.03892902456216969 462.7100325605016 466.0076515404645 75.63444154603134 1.0 465.52046042844535 63.1290727107522 1.0 466.49484265248367 88.13981038131048 1.0
0.9995398213779836 -0.030333899842728707 -537.3562035718277 539.6144983735777 66.26169915142448 1.0 539.9751227618647 78.14472238687247 1.0 539.2538739852907 54.37867591597649 1.0
0.9999239265497413 -0.012334549580244122 -436.0666202464238 436.4389930241107 27.49766867882214 1.0 436.57013273182184 38.12876068652314 1.0 436.30785331639953 16.866576671121145 1.0
0.9999908094733134 -0.004287303220835439 -525.305139370942 525.6047224243275 68.75008693691449 1.0 525.6556336821694 80.62486866290871 1.0 525.5538111664857 56.87530521092026 1.0
-1.0 0.0 538.125 538.125 96.875 1.0 538.125 84.375 1.0 538.125 109.375 1.0
-0.9994665736730981 0.032658354370016185 580.0979253352111 586.3108632157589 180.66385597729538 1.0 585.9824540651123 170.61331990800198 1.0 586.6392723664054 190.7143920465888 1.0
0.09566815180758628 0.9954132833801851 -156.76357244989165 11.205212659287914 156.40899419734006 1.0 6.751217702213259 156.83706309376538 1.0 15.65920761636257 155.98092530091478 1.0
-0.13871020106995013 -0.99033301475773 99.50236715168995 513.190690264336 28.59400110459294 1.0 518.2661992794357 27.88310399672559 1.0 508.1151812492363 29.30489821246029 1.0
0.9998936763312741 -0.014582044874752578 -524.0843932883907 524.3131822068079 11.866786778527825 1.0 524.4773456669836 23.123507432196025 1.0 524.1490187466322 0.6100661248596251 1.0
0.9992266780498138 -0.03931978984600286 -532.8258853784695 533.7056028336772 11.876747038272612 1.0 534.1485746709793 23.133909886563753 1.0 533.262630996375 0.6195841899814702 1.0
-0.10279416834088213 -0.9947026485111551 166.8576691928653 550.02897727658 110.90540281103483 1.0 554.4855602613839 110.44485237191545 1.0 545.5723942917762 111.36595325015423 1.0
-0.12077055329830103 -0.9926804488132233 350.9429926588828 534.3471924164933 288.5214339818606 1.0 544.4261244642752 287.2952204490748 1.0 524.2682603687113 289.7476475146463 1.0
-0.11330482292661531 -0.993560273512165 142.96842278960872 548.7574360806109 81.31520635304716 1.0 554.3805819085931 80.6739472776638 1.0 543.1342902526288 81.95646542843052 1.0
0.9959241181879417 -0.09019507088289609 -603.6867207747648 618.4987791906624 136.2727516115853 1.0 619.7951332024076 150.5869509726902 1.0 617.2024251789171 121.95855225048042 1.0
0.9993449601476335 -0.03618909542285716 -519.0593261786778 519.874192174325 13.106922845512404 1.0 520.3278966141486 25.635758950322263 1.0 519.4204877345014 0.5780867407025436 1.0
-0.9999104437682371 0.01338299081696951 518.2779115037555 521.9464141558938 270.62404417940775 1.0 521.8125962330263 260.62583522383983 1.0 522.0802320787611 280.62225313497567 1.0
-0.9990316073391454 0.04399826743592847 520.525142676297 522.7907766800777 39.98719392856022 1.0 522.2675933148065 28.107709830668497 1.0 523.3139600453487 51.86667802645193 1.0
0.9987220002681422 -0.050540737830000224 -595.9878809099263 604.5954028480689 155.02047480537829 1.0 605.0071180195241 163.1562681719004 1.0 604.1836876766138 146.88468143885615 1.0
0.9995974935361621 -0.028369894540205585 -422.1136220551626 422.5141807191438 8.124597532497615 1.0 422.7273723170235 15.63628519779737 1.0 422.3009891212641 0.6129098671978617 1.0
-0.9991576208274254 0.041037162943835324 466.99101016632443 470.5668306167122 77.47671926841701 1.0 470.0788722814001 65.59609072592616 1.0 471.05478895202435 89.35734781090787 1.0
0.36521030620939193 0.9309250411490939 -520.7330086129576 483.2821654618196 369.77561647090465 1.0 449.7838993820716 382.91728897051587 1.0 516.7804315415676 356.6339439712935 1.0
-0.999308203341292 -0.03719025053423137 619.8750897356201 614.7221994151498 149.98966137442423 1.0 615.4895821372495 129.36996028930247 1.0 613.95481669305 170.609362459546 1.0
-0.9993392826463074 0.036345538377684485 449.33375492764856 451.4944508556513 51.241109427889185 1.0 451.10770903664775 40.60744408068271 1.0 451.88119267465487 61.87477477509566 1.0
0.34392791570333303 0.938996053665808 -514.2446393442741 440.07880444627244 386.46515282907427 1.0 430.80353031505115 389.8624255727394 1.0 449.3540785774938 383.0678800854091 1.0
-0.11336482782752991 -0.9935534287654764 172.2974354762022 515.6483557293402 114.57969457248791 1.0 520.7248903251352 114.0004600253052 1.0 510.57182113354526 115.15892911967062 1.0
0.9990014784543237 -0.04467713113076036 -465.8068551807797 467.1675389273527 20.01486825320971 1.0 467.69879763175766 31.894060531445522 1.0 466.6362802229478 8.135675974973898 1.0
-0.9999988122311307 -0.0015412774985684523 258.7739126191101 258.6181642794536 101.25076010390984 1.0 258.6441733063492 84.37580019108537 1.0 258.59215525255803 118.12572001673432 1.0
-0.06337660789821166 -0.997989682096622 202.90353762763309 46.27373029932021 200.3736803634659 1.0 59.385543247924176 199.5410242318588 1.0 33.16191735071625 201.206336495073 1.0
0.9993811968614406 -0.035174185986237894 -249.5947191535042 252.98229665199992 91.85802510374293 1.0 253.37853464260726 103.11607660350121 1.0 252.58605866139257 80.59997360398465 1.0
-0.9999951375750418 0.0031184653715129263 325.60530720316814 325.9421240157335 107.49901105492978 1.0 325.83492728982634 73.12434534583292 1.0 326.0493207416407 141.87367676402664 1.0
0.10655251854957278 0.9943070757018393 -195.85020213026888 550.6080641988135 137.96696162435603 1.0 545.5323989909502 138.51088303900607 1.0 555.6837294066769 137.42304020970602 1.0
0.999753115836855 0.022219526873898016 -259.34574865076075 256.2843832601462 140.62576416843393 1.0 256.0063991777297 153.13347660201805 1.0 256.5623673425628 128.1180517348498 1.0
0.999444300545872 -0.03333301826077169 -598.9530288188836 602.371213535477 92.50429522842978 1.0 602.6425882396493 100.64108918076595 1.0 602.0998388313046 84.3675012760936 1.0
0.9992020061039742 -0.039941845197653925 -10.92759686041181 16.6070284146086 141.8607282375532 1.0 17.057012692283358 153.11772427123364 1.0 16.157044136933838 130.60373220387277 1.0
-0.9982971129398934 0.05833416062543088 489.79110914102426 491.68634518089937 18.13602379279428 1.0 491.03120340934527 6.924306128622861 1.0 492.3414869524534 29.347741456965696 1.0
0.14968124534675717 0.988734304447582 -130.78180380345913 548.1128780517226 49.294927268972806 1.0 543.039906700257 50.06290777301737 1.0 553.1858494031884 48.52694676492824 1.0
0.4432580013800087 0.8963940786353959 -554.7731837341714 628.1916332634061 308.2597514598076 1.0 618.1697405825561 313.2154782161926 1.0 638.213525944256 303.3040247034226 1.0
-0.9999631700048999 0.008582460821439951 416.3308297338382 416.4105227631891 7.4986222689321504 1.0 416.35147448152804 0.6187648315832872 1.0 416.46957104485017 14.378479706281015 1.0
0.10709671705601964 0.9942486073391418 -182.3737758500741 141.87728994295276 168.1462590325293 1.0 34.41237485433694 179.721975125807 1.0 249.34220503156857 156.57054293925157 1.0
0.9985194374021985 -0.05439607642097971 -444.9980559483013 449.71044663866024 74.39077392104892 1.0 450.05176809452126 80.6562278012519 1.0 449.3691251827992 68.12532004084592 1.0
0.9995501288439504 -0.029992331153847508 -523.5028079518621 524.9574479134851 40.626276810670326 1.0 525.3327456068047 53.133769335613025 1.0 524.5821502201657 28.11878428572763 1.0
0.9995809028293183 -0.028948552622282006 -537.3502179001351 540.3988470272313 97.48844911490067 1.0 540.7791613062191 110.6205353822059 1.0 540.0185327482436 84.35636284759546 1.0
-0.9999977854143473 0.0021045584812703867 424.91164300188905 424.97309031672194 28.750056633127585 1.0 424.95072666414967 18.12378834688276 1.0 424.99545396929426 39.376324919372415 1.0
0.15948111160960105 0.9872009800642246 -135.7040054490892 514.3737010859772 54.36695961714017 1.0 509.304072323675 55.185951946754116 1.0 519.4433298482795 53.54796728752622 1.0
-0.15335411520958492 -0.9881712985855667 135.36383949020657 548.1319360497231 51.91969397676467 1.0 553.2037737954272 51.13259644509954 1.0 543.060098304019 52.7067915084298 1.0
-0.9999815992607614 0.006066394307159518 469.70478333984425 470.0091682410548 48.74994438081123 1.0 469.94469098685653 38.12154396624692 1.0 470.07364549525306 59.37834479537553 1.0
-0.12248810123558387 -0.9924699819418729 207.0923645735186 550.6349537040373 140.70565071110283 1.0 555.7118942338426 140.0790677243156 1.0 545.5580131742322 141.33223369789008 1.0
0.9998791459597002 -0.015546493974538715 -565.8702186285518 569.2036632649603 209.99294627431357 1.0 569.3495450901127 219.37539578243508 1.0 569.0577814398079 200.61049676619206 1.0
0.9980793504178987 -0.061948448482468624 -602.3502335140174 612.895572996881 151.22544771023655 1.0 613.4003359244682 159.3579105438108 1.0 612.3908100692938 143.09298487666234 1.0
-0.9998594477954102 0.016765579448900288 491.0966269235001 492.8008020014091 97.51591609149986 1.0 492.664425136546 89.38272288993461 1.0 492.93717886627223 105.64910929306511 1.0
0.9968024360813228 0.07990559068263312 -27.11634987458447 17.43003445002858 121.91949262358656 1.0 16.82467766488341 129.47116845723022 1.0 18.035391235173748 114.3678167899429 1.0
-0.9999929500360426 -0.0037549804543928977 424.84890711331803 424.82608908345037 6.874346963303664 1.0 424.8495663582612 0.6220882413037943 1.0 424.8026118086395 13.126605685303533 1.0
-0.9993131723391773 0.03705649186593246 555.4106951903947 560.4039422269025 124.36002103018367 1.0 559.9401959816303 111.85404142477485 1.0 560.8676884721747 136.86600063559248 1.0
0.9995455715604757 -0.030143828121885992 -413.51200731944493 414.6427521680382 31.26077371312521 1.0 414.9634527048062 41.89495063409634 1.0 414.32205163127026 20.626596792154086 1.0
-0.9996717198625396 -0.02562132914335771 612.6741760194801 611.7537386817725 43.76291069289197 1.0 612.0903185155694 30.630518558191103 1.0 611.4171588479755 56.895302827592836 1.0
-0.9985311649146236 -0.054180371854063526 618.9329565289808 614.0115167924948 107.48027737537163 1.0 614.5863376843636 96.88646719774798 1.0 613.436695900626 118.07408755299528 1.0
-0.9999151711350138 -0.013024996508102122 287.49661736411554 286.25910231779073 96.87511856771539 1.0 286.48712645259207 79.36994751980326 1.0 286.0310781829894 114.38028961562753 1.0
-0.19088717586066395 -0.9816119834700165 112.29922443174124 180.4897124582285 79.30430176035492 1.0 323.06729176958055 51.57824307922111 1.0 37.91213314687647 107.03036044148871 1.0
0.09160795152302748 0.9957951512322978 -188.35550583025812 161.86443661211376 174.26017404588987 1.0 144.39726846337686 175.86706226083436 1.0 179.33160476085067 172.65328583094535 1.0
-0.04283332389317406 -0.9990822320331108 224.93899822714457 372.46471889143334 209.1770723004527 1.0 384.3446781625343 208.66774671444836 1.0 360.5847596203323 209.68639788645703 1.0
0.9991023350220606 -0.04236182424620338 -607.0231525734733 609.2636176278394 39.97822267157467 1.0 609.7673343009874 51.85836507070237 1.0 608.7599009546914 28.098080272446975 1.0
-0.9987163902622841 -0.05065147403060356 610.6875980745195 610.7115189608362 15.004387945307275 1.0 611.3786731777452 1.8498280038324721 1.0 610.0443647439272 28.15894788678208 1.0
0.016982672668563514 0.9998557840153911 -307.66891609592136 340.0010757264543 301.93833345394876 1.0 334.377698039291 302.03384721111206 1.0 345.62445341361763 301.8428196967854 1.0
0.13545268826623486 0.9907838155932153 -389.7552040616575 374.3345872910477 342.2043967271027 1.0 356.90403420811083 344.5873739577486 1.0 391.76514037398454 339.82141949645677 1.0
1.0 0.0 -440.62499999999983 440.6249999999999 53.125 1.0 440.6249999999999 64.375 1.0 440.6249999999999 41.875 1.0
-0.999096442209043 -0.04250057841056074 615.5385745496304 612.7725294973774 78.1100062520481 1.0 613.1971512641956 68.12806924370041 1.0 612.3479077305592 88.09194326039577 1.0
0.13227139097649876 0.991213538612716 -367.62947403486464 514.3419694357226 302.25247600967975 1.0 499.35857551095984 304.2519183889182 1.0 529.3253633604854 300.2530336304413 1.0
1.0 0.0 -440.625 440.625 26.875 1.0 440.625 38.125 1.0 440.625 15.625 1.0
-0.15048499631544596 -0.9886122930066874 397.3748674064587 382.58980391967316 343.71496751252835 1.0 398.23289261728604 341.33380134488635 1.0 366.9467152220603 346.0961336801703 1.0
-0.9994397169551316 0.03347016839883456 464.41828632920067 465.41074761485174 21.861244501188732 1.0 465.0337190313954 10.602940203361646 1.0 465.78777619830805 33.11954879901582 1.0
-0.997916695258832 -0.06451565177297257 43.740389120985824 37.809846125929596 93.14503165680928 1.0 38.214830331817865 86.88080756132625 1.0 37.40486192004132 99.40925575229231 1.0
-0.043794306438361935 -0.9990405691079731 242.7695803514146 266.2535567395313 231.331136736132 1.0 280.6283315142002 230.70099887093363 1.0 251.8787819648624 231.96127460133042 1.0
0.9990660206179849 -0.04320979572439884 -521.3759114025316 526.0535506642736 96.88349647119584 1.0 526.6482973749615 110.63480493172216 1.0 525.4588039535859 83.13218801066952 1.0
-0.18350956592070808 -0.9830179241578423 110.39478394143747 353.7525133478749 46.26346341809647 1.0 383.1529995829519 40.7749872323963 1.0 324.3520271127979 51.75193960379664 1.0
0.3559197391822206 0.9345165270130112 -517.2114710020171 526.7629243688775 352.83072992158304 1.0 519.3814836280343 355.64202366260145 1.0 534.1443651097209 350.0194361805646 1.0
0.9986551040885918 -0.0518457623900365 -605.5137834248998 609.6721823590594 64.39201884409331 1.0 610.1269026567995 73.15085901418513 1.0 609.2174620613192 55.633178674001485 1.0
-0.9993761132337072 0.03531832807323414 489.96471237137433 496.07987256270223 164.38101236768136 1.0 495.2833671148395 141.84289796419185 1.0 496.87637801056496 186.91912677117088 1.0
-0.9993405548500592 0.036310541609509396 520.1373418884277 524.0681823074101 98.7384390042448 1.0 523.5910966897789 85.60806460879014 1.0 524.5452679250413 111.86881339969945 1.0
-0.9995930992222916 0.02852430520054846 596.8737421326905 598.8109797718089 59.37325988632425 1.0 598.489703389633 48.11459285453084 1.0 599.1322561539849 70.63192691811766 1.0
0.014204147877613798 -0.999899116002745 312.86443836922456 407.5009263177727 318.6847919825857 1.0 415.6331637323267 318.80031513983573 1.0 399.3686889032188 318.5692688253356 1.0
-0.9999648320471918 0.008386576705167018 583.9959376212215 585.0386235511975 121.87467606923326 1.0 584.933751069949 109.37031382648964 1.0 585.1434960324459 134.3790383119769 1.0
0.9999527158351996 -0.009724509952096266 -582.5906755632127 584.3383316787078 176.87535659831678 1.0 584.4234171174046 185.62452914499593 1.0 584.2532462400112 168.1261840516376 1.0
-0.9999944747820113 0.00332421501252476 353.49745687477053 353.82352197812804 97.49975559578616 1.0 353.72586679516274 68.1230025785428 1.0 353.9211771610934 126.87650861302953 1.0
-0.045535801151167656 -0.9989627074188111 313.5348957426821 488.1129554426244 291.6107669494895 1.0 495.65426483272887 291.267010808988 1.0 480.5716460525199 291.954523089991 1.0
-0.9999529869949791 0.009696587019095019 574.7366051229286 576.2303060796241 151.25019097279088 1.0 576.1029855933609 138.12036495319262 1.0 576.3576265658875 164.38001699238913 1.0
-0.9998831415786071 0.015287353822529081 582.3956940480937 583.3906018991131 60.62093917525074 1.0 583.1804253478239 46.87415259407055 1.0 583.6007784504025 74.36772575643093 1.0
-0.9988626451188714 -0.047680354299558726 7.514710151401352 4.092981733804621 71.86153795802971 1.0 4.810215376275218 56.83610654480185 1.0 3.375748091334023 86.88696937125756 1.0
1.0 0.0 -388.125 388.1250000000001 267.5 1.0 388.1250000000001 284.375 1.0 388.1250000000001 250.625 1.0
-0.9995286512781542 0.03069976016313465 580.8487928504701 582.0823286229268 31.24363205948056 1.0 581.6795841933775 18.131002047452785 1.0 582.4850730524761 44.35626207150834 1.0
0.9991232309172333 0.04186608939833 -621.1181405388726 613.9631765658376 183.75893270107912 1.0 613.6222173520792 191.8958348134328 1.0 614.304135779596 175.62203058872544 1.0
0.9999874311467449 0.005013735985691371 -486.08899692954947 486.023007510391 14.380129154036062 1.0 485.9916563433683 20.63310558996321 1.0 486.0543586774137 8.127152718108915 1.0
0.9991749583125009 -0.040612838871622675 -561.6779662065919 567.1469246926981 123.13935123092878 1.0 567.6551972142053 135.64409577965517 1.0 566.6386521711911 110.63460668220237 1.0
0.998907053685436 -0.04674075413898876 -560.0964248288013 568.0512583734311 156.90769544494017 1.0 568.8113309310572 173.1513751439836 1.0 567.291185815805 140.66401574589673 1.0
1.0 0.0 -581.875 581.875 91.25 1.0 581.875 104.375 1.0 581.875 78.125 1.0
0.9975043456374684 -0.07060510204203438 -601.4691085795312 612.3532400755473 132.51038792410978 1.0 613.1046627719993 143.12643950456408 1.0 611.6018173790953 121.89433634365547 1.0
0.03085718990741535 -0.9995238035339717 305.6439939120382 382.4969740998446 317.5980147330825 1.0 388.1358947250332 317.7720988759404 1.0 376.85805347465595 317.4239305902246 1.0
0.16300237413111743 0.9866256767526475 -196.2808977346276 549.9919624611053 108.07635014263693 1.0 545.5321773126227 108.81316004374355 1.0 554.451747609588 107.33954024153032 1.0
0.9993713462011358 -0.03545296027314821 -594.0056358929228 598.6143248339613 119.3798131120528 1.0 599.1022821529375 133.13467473705788 1.0 598.1263675149851 105.62495148704771 1.0
-0.10296362378277028 -0.9946851221253489 188.52051363806578 309.37533316923344 157.50321859767087 1.0 318.09658021622226 156.60044928918452 1.0 300.6540861222446 158.4059879061572 1.0
0.9992178443662803 -0.03954364044956238 -561.7183219259317 565.8934277342695 94.38911120262696 1.0 566.4377048250226 108.14230577898216 1.0 565.3491506435164 80.63591662627177 1.0
0.9997263435650411 -0.023393118263145683 -595.5606361752561 599.2040900086625 148.7393745109918 1.0 599.51138268759 161.8718087103432 1.0 598.8967973297351 135.6069403116404 1.0
-0.04163376564570695 -0.9991329388815877 242.69788517810736 360.64086100114105 227.8806345267573 1.0 381.88002542089333 226.9956007544222 1.0 339.40169658138876 228.76566829909237 1.0
0.9994168783151154 -0.034145326750081126 -577.9080479197428 583.4344508143945 151.88578081657613 1.0 583.9044039721884 165.6410780305852 1.0 582.9644976566004 138.1304836025671 1.0
-0.9999559658272441 0.009384370330677735 584.4655860173398 585.9283418786479 153.12215320211757 1.0 585.8110424149268 140.62325403219887 1.0 586.0456413423691 165.62105237203627 1.0
-0.9999560274163861 0.009377805374382249 478.70699460178975 479.43726775230294 75.62441603945955 1.0 479.33177208096237 64.37540540083799 1.0 479.5427634236435 86.8734266780811 1.0
0.2944710772171892 0.9556603919188805 -486.19867189717365 508.6075417279647 352.03767368472364 1.0 496.88284133154025 355.65044783020375 1.0 520.3322421243892 348.42489953924354 1.0
0.14293604040301505 0.989731927520734 -156.20499786512238 548.8137550280012 78.56645889710387 1.0 543.1268423275351 79.38775682730044 1.0 554.5006677284672 77.7451609669073 1.0
0.9981030422222861 -0.06156555129792582 -561.421171531144 564.725226135161 36.26694875554472 1.0 565.3036772462891 45.644820010199275 1.0 564.146775024033 26.88907750089016 1.0
0.9978512047853525 -0.06552078378973154 -480.11341087496885 484.31024959797406 48.170290306554016 1.0 485.13018261920513 60.65749063835067 1.0 483.490316576743 35.68308997475736 1.0
-0.01624503848643179 0.9998680406556528 -296.6434023340738 313.11655448451273 301.7698141592341 1.0 293.11168070077014 301.4447913249009 1.0 333.12142826825533 302.09483699356736 1.0
-1.0 0.0 439.375 439.375 53.75 1.0 439.375 43.125 1.0 439.375 64.375 1.0
0.020845308570291866 -0.9997827129484732 314.4542914775396 380.6258627429999 322.4586211192732 1.0 385.6367155955246 322.5630965943523 1.0 375.6150098904752 322.35414564419403 1.0
0.9995076085933389 -0.03137738618854237 -563.3343221692168 565.6327464783185 64.37475681601649 1.0 565.9855682609423 75.61368073692121 1.0 565.2799246956948 53.13583289511177 1.0
-0.9999745490977909 -0.007134504654831286 314.90549972714047 314.2446125476622 93.75352890533745 1.0 314.373953966624 75.62499253688006 1.0 314.11527112870033 111.88206527379485 1.0
0.9974070451541641 -0.07196656360310104 -491.8447457878811 512.6491985506242 270.61423477928577 1.0 513.4599600645215 281.8508314071421 1.0 511.83843703672693 259.37763815142944 1.0
0.9999789071528505 -0.006495017274081138 -518.3138829984476 520.0825635872268 270.6244637367634 1.0 520.1475387557645 280.6281011844418 1.0 520.0175884186892 260.620826289085 1.0
-0.9999745599924771 -0.007132977488538847 574.3068201447835 573.8755702610624 62.50535393697992 1.0 573.9691882088977 49.38102172868298 1.0 573.7819523132273 75.62968614527686 1.0
0.9999972461479038 -0.0023468482287943237 -599.5292674222344 599.9533559854457 180.00157625090668 1.0 599.9841582836234 193.1265039623887 1.0 599.922553687268 166.87664853942468 1.0
-1.0 0.0 584.375 584.375 91.875 1.0 584.375 79.375 1.0 584.375 104.375 1.0
0.029722839026228277 0.9995581788171316 -281.25879178915767 147.50362625391512 276.9969483696069 1.0 139.38580426208833 277.2383397377334 1.0 155.6214482457419 276.7555570014805 1.0
0.9999337823242417 -0.01150786542917556 -568.546621412987 569.9509277575485 118.75056475415914 1.0 570.0157379835563 124.38201176959943 1.0 569.8861175315408 113.11911773871886 1.0
0.9999719792924109 -0.007486028988601978 -582.1408984463476 583.078921605492 123.12066605463892 1.0 583.1818866452264 136.87457413299165 1.0 582.9759565657577 109.3667579762862 1.0
0.08671898997569139 0.9962328125381115 -344.70595576608173 541.8828524329205 298.8402092071858 1.0 531.904059075592 299.70883235453925 1.0 551.8616457902489 297.9715860598323 1.0
0.9997439021339292 -0.02263029266326242 -595.2519898808757 596.7623745416763 59.988401843905635 1.0 597.031360526004 71.87146060910509 1.0 596.4933885573485 48.105343078706184 1.0
0.09831080346869561 -0.9951557596282802 281.6211027072406 406.86894346083903 323.18630760421775 1.0 415.6566677905327 324.0544412919897 1.0 398.08121913114536 322.3181739164458 1.0
0.9933376274515634 -0.11524043512977189 -475.7926802828252 487.03848747831944 69.42854161802241 1.0 487.63575145145256 74.57677606686221 1.0 486.44122350518626 64.2803071691826 1.0
0.999993351798828 -0.003646417165601472 -595.4898180634854 595.5963335716724 28.125104530451267 1.0 595.6464714743704 41.874921705526766 1.0 595.5461956689745 14.375287355375772 1.0
-0.06294855553350098 0.998016773083622 -341.3900403996887 462.50062820602284 371.24004011859495 1.0 450.6334183172525 370.49153193630974 1.0 474.3678380947931 371.98854830088015 1.0
-1.0 0.0 479.375 479.37500000000006 48.125 1.0 479.37500000000006 36.875 1.0 479.37500000000006 59.375 1.0
0.9997993756176299 -0.020030190078909202 -579.3836380788799 580.7394706518137 61.872706670987995 1.0 580.9897977959937 74.36769156455553 1.0 580.4891435076338 49.377721777420454 1.0
0.9997012435861797 -0.024442249737812026 -607.9561393842981 608.3970647252261 10.603067167380628 1.0 608.641787589548 20.612364773820005 1.0 608.152341860904 0.5937695609412508 1.0
-0.9995978772309556 0.028356372041699437 506.6779451965041 514.5586563974871 270.6197900758359 1.0 514.2752067044986 260.62783091418953 1.0 514.8421060904757 280.61174923748223 1.0
-0.9999999507604075 -0.000313813930010593 558.4695219095604 558.4493476036928 64.37510178480122 1.0 558.4532702776247 51.875103015791 1.0 558.4454249297607 76.87510055381142 1.0
-0.9994399773904782 -0.03346239073527848 11.147534453439308 6.612494732279534 135.63713673721824 1.0 6.9476310749245895 125.62743177125552 1.0 6.277358389634478 145.64684170318097 1.0
-1.0 0.0 560.625 560.625 154.375 1.0 560.625 143.125 1.0 560.625 165.625 1.0
-0.9999888265941684 0.004727228238421416 574.571742649131 575.1542965750044 121.87427059672362 1.0 575.0892839463114 108.1216233790304 1.0 575.2193092036974 135.62691781441686 1.0
-0.08227834371969746 -0.9966093889557451 181.71224630628348 339.9906231503305 154.26142143245784 1.0 358.0954210817087 152.7667206964609 1.0 321.88582521895233 155.75612216845477 1.0
1.0 0.0 -505.625 505.62500000000006 101.25 1.0 505.62500000000006 113.125 1.0 505.62500000000006 89.375 1.0
-1.0 0.0 558.125 558.125 37.5 1.0 558.125 28.125 1.0 558.125 46.875 1.0
-1.0 0.0 556.8749999999998 556.8749999999998 9.375 1.0 556.8749999999998 0.625 1.0 556.8749999999998 18.125 1.0
-0.9910504481705277 0.13348786154926612 480.8611373859042 494.7101259820395 70.5798607734605 1.0 493.69565318296026 63.04813683605081 1.0 495.72459878111863 78.11158471087018 1.0
0.06500629741281352 0.9978848537264591 -214.0718536097718 201.26072665292713 201.41466042388487 1.0 189.39536525028842 202.1876185556473 1.0 213.12608805556584 200.6417022921224 1.0
-0.16122622521810248 -0.9869174759329786 109.97362332154174 344.9118561752688 55.08544335588002 1.0 361.7460016334798 52.33535959185095 1.0 328.0777107170577 57.83552711990909 1.0
-0.21682666962002572 -0.9762101184383863 126.22711883421776 260.6600602492664 71.40785037029276 1.0 268.2043349433845 69.73218657033031 1.0 253.11578555514834 73.08351417025521 1.0
-1.0 0.0 321.875 321.87499999999983 133.75 1.0 321.87499999999983 121.875 1.0 321.87499999999983 145.625 1.0
-0.26772385937956894 -0.9634956850546393 122.22674244833803 66.33354746515097 108.42567406900812 1.0 75.68146131513672 105.82819531338299 1.0 56.98563361516522 111.02315282463326 1.0
-0.9994995898273424 0.03163178678124315 437.5854503843334 438.734196996229 29.37550012751468 1.0 438.5359719030612 23.11199371591242 1.0 438.9324220893969 35.63900653911694 1.0
0.9987225293907431 -0.050530280895283976 -502.533898879798 503.8089777716617 12.497016024690597 1.0 504.09444332091573 18.13919474116582 1.0 503.5235122224077 6.854837308215374 1.0
