-0.12431942367312639 0.992242249099272 -86.24185776294452 115.2206485343734 101.3522881889705 1.0 -0.006508267820883873 86.91531603005917 1.0 230.44780533656768 115.78926034788185 1.0
-0.7611393398344428 -0.6485883944046396 590.9407336267845 572.8028762296049 238.91566962180227 1.0 575.7057915267762 235.50900516103516 1.0 569.8999609324336 242.32233408256937 1.0
-0.1598351256730816 -0.9871437243892454 244.2152444937643 79.50022855409958 234.52341310787074 1.0 87.10446200094225 233.29216017215913 1.0 71.8959951072569 235.75466604358235 1.0
-0.05342066933376228 0.9985720965898921 -106.98400231682776 279.36391908197197 122.08213135356311 1.0 274.31150743431004 121.81184219478378 1.0 284.41633072963396 122.35242051234245 1.0
0.04540658217278537 -0.9989685892436188 238.96716080577048 329.35526292620705 254.18422596062635 1.0 334.430003667688 254.41489050300012 1.0 324.280522184726 253.9535614182526 1.0
-0.01920345140237617 -0.9998155967248343 260.6181848264171 352.5027991054108 253.89573365943244 1.0 369.40757590036924 253.57104372589527 1.0 335.5980223104524 254.22042359296958 1.0
0.004625714040503771 -0.9999893013275769 251.50173822126115 383.74928503073835 253.27956243213086 1.0 396.8797862727789 253.34030102590734 1.0 370.6187837886978 253.21882383835438 1.0
0.2745435267350136 -0.9615746730898755 60.28227347960507 620.076504707202 239.7320461724501 1.0 638.3203150969717 244.94091885354672 1.0 601.8326943174324 234.5231734913535 1.0
0.032010388531821116 -0.9994875362034495 243.47904719261632 267.51052427203564 252.17139171969745 1.0 323.13851600354656 253.9529783469149 1.0 211.88253254052472 250.38980509247997 1.0
-0.5145295367852464 -0.8574726559929241 237.73676958899068 58.621244188708054 242.076999797079 1.0 68.82314010334458 235.95531563303896 1.0 48.419348274071524 248.19868396111903 1.0
-0.3369337605003904 0.9415283538136627 -22.70643991277515 564.0722427330988 225.9745242816498 1.0 551.9591810514665 221.6397643065155 1.0 576.1853044147311 230.3092842567841 1.0
-0.3260599258841015 0.9453491020424435 -29.127742489197747 593.1986393755209 235.41149655478216 1.0 587.9596136064922 233.6045065758805 1.0 598.4376651445496 237.21848653368383 1.0
-0.27696285518070857 0.9608806257023554 -62.44186011263394 618.2842889666072 243.19737108591295 1.0 598.6541463726813 237.53920690298534 1.0 637.9144315605329 248.85553526884053 1.0
0.9989617266922113 -0.04555731120375406 -469.5306482133705 476.51676545940904 142.4878342515754 1.0 476.8309439478486 149.37700916133684 1.0 476.20258697096955 135.598659341814 1.0
-0.026857993646419435 0.9996392590216178 -212.41467744832107 122.47898789092017 215.782058757909 1.0 114.34306868393749 215.56346543597124 1.0 130.61490709790283 216.00065207984673 1.0
0.9998292899186358 -0.01847676976087898 -473.7567923003925 476.92150268445704 166.87414063390355 1.0 477.2452176960582 184.39125831052712 1.0 476.5977876728559 149.35702295727998 1.0
0.0037387482756049426 -0.9999930108562418 233.7094358158612 189.36782501960522 234.4190728337078 1.0 200.624677868442 234.46115966703604 1.0 178.11097217076843 234.37698600037953 1.0
0.9999777478549701 -0.006671116465926393 -476.1506728736553 477.72894991667806 234.9901335333085 1.0 477.8332116068511 250.6186075165252 1.0 477.6246882265051 219.3616595500918 1.0
0.09537569463459207 -0.9954413477814597 258.9906403270859 253.11985164326438 284.4287336811793 1.0 326.91103988774074 291.4988497180651 1.0 179.32866339878802 277.3586176442936 1.0
-0.053814260987150024 0.998550962802804 -207.37018882861935 170.65904221806244 216.86832934247036 1.0 161.9007968202356 216.39632688973103 1.0 179.41728761588928 217.34033179520972 1.0
-0.014365719873756932 -0.9998968077219312 258.5520149539161 430.62344610150467 252.39184404550275 1.0 443.1298440760625 252.21216209378062 1.0 418.1170481269468 252.5715259972249 1.0
0.03044081406515606 -0.9995365710363231 244.05330174018292 131.24882355696843 248.16362898775498 1.0 136.8686111891881 248.3347792141251 1.0 125.62903592474878 247.9924787613849 1.0
-0.008059879794988258 -0.9999675186413258 254.58211753193154 557.5007806387379 250.0968517399159 1.0 574.3797216719358 249.96080508514146 1.0 540.6218396055399 250.23289839469038 1.0
-0.07856833853801513 0.9969087301149367 -182.52860499026 16.396837192264464 184.3868668143188 1.0 7.030755501458331 183.64870748756368 1.0 25.762918883070594 185.12502614107396 1.0
0.9999580053845133 -0.009164467656426206 -157.58223454914886 159.439001661295 201.8744134342125 1.0 159.53064248927632 211.87357355953824 1.0 159.3473608333137 191.87525330888676 1.0
0.9999949916850354 0.003164902027845127 -71.07369133792568 70.44502167352846 198.74943038337676 1.0 70.41139475789763 209.37432395695026 1.0 70.47864858915928 188.12453680980326 1.0
0.04472095108966237 -0.9989995177844863 289.11421324986753 155.70338777642925 296.3739336889097 1.0 180.70923395048695 297.4933388575785 1.0 130.69754160237156 295.2545285202408 1.0
0.014808077639099243 -0.9998903544072392 266.08552390475256 325.6111247054423 270.93690575717767 1.0 368.1110593747484 271.56631710159735 1.0 283.1111900361362 270.307494412758 1.0
0.09051529103934593 -0.9958950658016448 136.87646665765595 625.0679782755924 194.2520685901033 1.0 632.0556707744336 194.88716865430226 1.0 618.0802857767513 193.61696852590433 1.0
0.6380189062633834 0.7700206979364099 -227.39508013983541 233.56671768413185 101.78310608210356 1.0 228.45267434257767 106.0204679453705 1.0 238.68076102568602 97.54574421883662 1.0
-0.04684155001304353 0.998902332158843 -183.04389476070432 100.57406204361655 187.96125874704535 1.0 71.77016797046083 186.61055708046482 1.0 129.37795611677225 189.31196041362588 1.0
0.007976846011950076 0.9999681844577364 -216.06644806631948 91.86774470318352 215.3404843876391 1.0 79.35358396866675 215.440311096828 1.0 104.3819054377003 215.24065767845016 1.0
-0.05962825879601031 -0.9982206523374259 310.30329585003324 393.11745696944075 287.3737241529867 1.0 458.1467570157277 283.48922835197953 1.0 328.0881569231538 291.25821995399394 1.0
-0.00040231939420679405 -0.9999999190695493 245.6733317293438 102.50000286204785 245.63211386940384 1.0 111.87550424380402 245.62834192306227 1.0 93.12450148029168 245.63588581574538 1.0
0.21406001303838604 -0.9768205110551303 231.2337625022151 456.8822734815147 336.8418089063925 1.0 466.9468021180263 339.0473452426737 1.0 446.81774484500306 334.63627257011126 1.0
0.03595783097042987 -0.9993533080907382 227.68090698504065 612.5047913294943 249.86683760251543 1.0 635.6223506106396 250.69863280682455 1.0 589.3872320483491 249.03504239820634 1.0
0.06475054180921329 -0.9979014817783433 250.5154605042918 238.73165080771574 266.53278815370885 1.0 281.8777643416097 269.3323974130345 1.0 195.58553727382179 263.7331788943832 1.0
-0.09983695189455853 0.9950038105637604 -261.0121411583027 241.84101918317026 286.5886626052784 1.0 181.7561144364412 280.55984775944427 1.0 301.9259239298993 292.6174774511125 1.0
-0.22754415723362054 0.9737677631287869 -219.16643710580988 447.7183329914908 329.69065111877177 1.0 438.2747982992144 327.4839430881463 1.0 457.1618676837672 331.89735914939723 1.0
0.019652869809693562 -0.9998068637033071 252.93700305911145 34.37673773044786 253.66159587144978 1.0 41.88612163708918 253.80920532446112 1.0 26.86735382380654 253.51398641843844 1.0
0.07671852956468933 0.9970527905890599 -218.46770688845854 626.9421904155855 170.87322308887428 1.0 615.6149816143587 171.74479860774818 1.0 638.2693992168123 170.0016475700004 1.0
-0.036995936380338525 -0.9993154160180568 283.9725417538792 404.3684043567009 269.19684183799177 1.0 439.36671314284155 267.90115962943463 1.0 369.37009557056035 270.49252404654897 1.0
-0.13690439097242774 0.9905842658413613 -259.45625896116064 414.92842002138684 319.2679234943435 1.0 388.13333517725835 315.5646900611694 1.0 441.72350486551534 322.9711569275176 1.0
-0.06657539255703103 -0.9977813974543108 313.52264634638846 548.0932474080498 277.64911627852354 1.0 616.870666400187 273.0600512988163 1.0 479.3158284159127 282.2381812582308 1.0
0.054262379780753184 0.9985267117811768 -203.72306490911342 204.32988846233798 192.9198654657788 1.0 197.99669893210486 193.26402644961468 1.0 210.6630779925711 192.57570448194295 1.0
-0.031069018157281466 -0.9995172415274999 256.6354488571272 8.152384798654372 256.505992707019 1.0 14.396351774346513 256.3119050862344 1.0 1.9084178229622328 256.70008032780356 1.0
0.05379905410245662 -0.9985517822214736 240.44441777150914 145.63096366831627 248.63930973369025 1.0 154.3220624955236 249.1075607591649 1.0 136.93986484110897 248.17105870821564 1.0
0.13787009844185122 -0.9904503197816811 270.6443348598245 250.537513846722 308.1284951521031 1.0 319.43158332650376 317.7185088575163 1.0 181.64344436694023 298.53848144668984 1.0
0.23575556787214283 0.9718123852973286 -209.2001108124531 483.70149672144737 97.9250637386834 1.0 477.8163626383228 99.35276022492056 1.0 489.586630804572 96.49736725244625 1.0
0.999974008077838 -0.007209935418859963 -530.0126789450958 531.7343605066246 236.87601402802113 1.0 531.8154701718358 248.12542921737275 1.0 531.6532508414133 225.62659883866948 1.0
0.10033289456861245 -0.994953923690682 258.05303934365094 94.36214843210618 268.87744292842837 1.0 130.5591890765721 272.5276158421703 1.0 58.16510778764027 265.22727001468644 1.0
-0.08167717571888514 0.9966588378008727 -267.17722609261057 311.16207150005073 293.5729400936997 1.0 303.0403970090555 292.9073608509607 1.0 319.28374599104603 294.2385193364386 1.0
0.35385897088036483 -0.935298791150448 330.58399763415656 52.983670845171865 373.498552738641 1.0 59.27847944397404 375.88011733996075 1.0 46.68886224636969 371.11698813732136 1.0
-0.0345165041545505 -0.9994041279387177 268.48429709334835 509.3681714496644 251.05228352898607 1.0 515.6322852285041 250.8359393062362 1.0 503.1040576708247 251.26862775173592 1.0
-0.0680747766414162 0.9976802217069463 -252.36997072841214 245.68670108905013 269.7207303242083 1.0 178.0750275519711 265.1073787970885 1.0 313.2983746261292 274.33408185132816 1.0
0.095117848959514 -0.9954660189124063 104.72619880337737 19.918170944621757 107.10639072876232 1.0 39.29541481861081 108.95790722560011 1.0 0.5409270706327063 105.25487423192453 1.0
0.9980417145844974 -0.0625518660731757 -464.25315978440375 477.8177258733264 201.8942582832346 1.0 478.45180142986084 212.01120435290755 1.0 477.183650316792 191.77731221356163 1.0
0.19175252136726148 -0.9814433099009325 283.31520304971525 558.8037277891249 397.85000607128154 1.0 638.3183423018291 413.38541974677537 1.0 479.2891132764207 382.3145923957877 1.0
0.9997821970383376 -0.020870037977798895 -215.75230594784338 219.15265704360374 160.64268793216422 1.0 219.25725672976557 165.65355107250184 1.0 219.0480573574419 155.63182479182663 1.0
-0.1217006537420533 0.9925668495767712 -256.6544643616786 171.91722448698485 279.65562530082724 1.0 160.607356224956 278.26889919586785 1.0 183.2270927490137 281.04235140578663 1.0
0.12842078778497337 -0.9917197695239752 271.14433988154366 417.58322059929833 327.4823352493837 1.0 435.72769851988124 329.8319184886356 1.0 399.43874267871536 325.13275201013175 1.0
0.9999788250260649 -0.006507649306039919 -286.41530221527773 287.45041311682473 158.12532270087905 1.0 287.56426809975545 175.6205143899463 1.0 287.3365581338941 140.63013101181184 1.0
0.8906718867647078 0.45464666514447843 -358.87857841075487 304.98960057999983 191.86969157869157 1.0 301.55439110409725 198.59941102876576 1.0 308.4248100559024 185.13997212861742 1.0
-0.16543362400920436 0.9862209265915934 -23.838448917489085 445.5967950368732 98.91814190607249 1.0 439.41587549785345 97.88132359135346 1.0 451.7777145758929 99.95496022079152 1.0
-0.10374260415266867 0.9946041785975076 -260.28263046542963 90.70007925810144 271.15519790477015 1.0 51.8512130769169 267.10305069612104 1.0 129.54894543928597 275.20734511341925 1.0
-0.11521032278887475 0.9933411204228301 -269.7002833108351 448.77226693809473 323.5580149009222 1.0 441.91699472067273 322.7629223504008 1.0 455.6275391555167 324.35310745144363 1.0
0.13627636470143195 -0.9906708597832896 270.92892828970605 50.81816211886177 280.47079404844254 1.0 97.05302331462896 286.83084667743856 1.0 4.583300923094589 274.1107414194465 1.0
0.11626800348896758 -0.9932178770867394 102.83872565561434 181.27789657132527 124.76169390960338 1.0 209.38356913970225 128.05179823779446 1.0 153.1722240029483 121.4715895814123 1.0
0.01753191275576964 -0.9998463042063637 208.89662365811995 100.65667257967183 210.69371039710649 1.0 133.15763888217245 211.2636020927566 1.0 68.15570627717123 210.1238187014564 1.0
-0.8781089290124549 0.47846077037579543 422.5582413910521 552.6765299466873 131.15381301055507 1.0 549.0726730935099 124.53973077519805 1.0 556.2803867998647 137.7678952459121 1.0
0.11558520117753959 -0.9932975693460383 33.29267810150539 484.9334772015094 89.9466729596321 1.0 494.3267409001314 91.03972131475263 1.0 475.54021350288735 88.85362460451157 1.0
-0.09924676618916464 0.9950628519852368 -260.546047880751 29.336127012331392 264.76474636111556 1.0 14.360429858548365 263.27108240714927 1.0 44.31182416611442 266.25841031508185 1.0
0.9999851874542891 0.005442873506722796 -40.114540619428105 39.44838928756293 122.49699760819416 1.0 39.38373760652149 134.3750475583915 1.0 39.51304096860437 110.61894765799686 1.0
-0.13038499388979324 -0.9914634402580655 149.2117757025434 457.9956726178905 90.26657876907026 1.0 474.2118035250013 88.13403404438591 1.0 441.7795417107796 92.39912349375462 1.0
0.10868989442081445 -0.9940757047885199 275.5113750524252 438.1188556527442 325.05619608300606 1.0 455.6147057415076 326.96915109215666 1.0 420.62300556398077 323.1432410738555 1.0
0.990256312231222 -0.13925672725660596 -517.2917766168673 544.6998061479511 158.70432350130181 1.0 545.499733367233 164.39261586479995 1.0 543.8998789286692 153.01603113780365 1.0
-0.11253190738308255 0.9936481116676696 -216.50061352976667 112.56984548423033 230.63326973097742 1.0 104.338078759549 229.7010117215436 1.0 120.80161220891165 231.56552774041126 1.0
-0.99964242946689 0.0267397309173782 287.8708559445407 292.20377123735085 158.1329239107602 1.0 291.6687209625441 138.13051781896493 1.0 292.7388215121576 178.1353300025555 1.0
0.2959478201688689 -0.9552041078938548 187.41079214584968 441.133869506952 332.8748239265552 1.0 446.4428848589415 334.5196990979243 1.0 435.8248541549625 331.2299487551861 1.0
0.07698911530052852 -0.9970319333528098 145.5598314267981 607.4690448477188 192.90087842554976 1.0 616.8364515654399 193.62421368867658 1.0 598.1016381299977 192.17754316242298 1.0
0.46430305956247153 -0.8856763906082898 303.5157796598422 131.89460182684624 411.83760874251635 1.0 143.28949596389216 417.8112174638544 1.0 120.49970768980033 405.8640000211783 1.0
0.2620744784627283 -0.9650476505015123 298.45843808467737 533.9481256886497 454.27043361315845 1.0 567.1690723671453 463.29212520556877 1.0 500.7271790101542 445.2487420207481 1.0
-0.9996195517450331 -0.027581728899019473 464.74842734496525 458.7343135303747 224.37456717538004 1.0 459.01145229472564 214.33047862654863 1.0 458.45717476602385 234.41865572421142 1.0
0.20191024355330073 -0.9794040297794607 278.2791485045906 323.2247980765968 350.7659104527682 1.0 411.9409102536949 369.05528978155587 1.0 234.50868589949877 332.4765311239805 1.0
0.10738137598334975 -0.9942179037273079 104.51462315837206 98.11480139386836 115.71942640044682 1.0 110.73756811134119 117.08275938183601 1.0 85.49203467639553 114.35609341905763 1.0
0.4228342482692 -0.906207039528286 318.87008818580676 233.15011028008593 460.66066758570764 1.0 244.81787012383805 466.10481913973507 1.0 221.4823504363338 455.21651603168027 1.0
0.9212419099843592 0.3889901583438451 -322.6512001775613 306.2360579850821 104.2024029242246 1.0 303.8420331718985 109.87215045932203 1.0 308.6300827982656 98.53265538912717 1.0
0.1336806432346435 -0.9910244626770683 271.1436396970129 110.1242151759937 288.4541465759973 1.0 117.04195637420118 289.3872901339364 1.0 103.20647397778623 287.5210030180582 1.0
0.1055937639014532 -0.9944093508335108 104.46242696105463 73.77561607188531 112.88376547559989 1.0 84.4134011480439 114.01336443283492 1.0 63.13783099572673 111.75416651836487 1.0
0.11934379444994393 -0.9928529894834832 270.73840693435636 558.7676944290511 339.85279530568357 1.0 638.2711261733446 349.4093372274561 1.0 479.2642626847576 330.296253383911 1.0
0.9999889470705627 0.004701673819739612 -132.0840647089661 131.4654797892674 131.8760131268819 1.0 131.41257272734165 143.12870295100174 1.0 131.51838685119313 120.62332330276206 1.0
0.3209770100509337 -0.9470869859832108 29.52364357827871 571.8789161265739 224.98844492783752 1.0 578.0549892748519 227.08157631104635 1.0 565.702842978296 222.8953135446287 1.0
-0.9997908907853191 0.02044932034807002 454.89132924536887 459.0645369695185 199.381350085828 1.0 458.7568158696605 184.33651009585157 1.0 459.3722580693765 214.42619007580439 1.0
0.09152941858246515 -0.9958023727296275 106.62449665774774 121.8042600470996 118.26962154939858 1.0 131.7774494600635 119.18630969292967 1.0 111.83107063413568 117.35293340586747 1.0
-0.08828223577078106 0.996095500866916 -147.2323825186763 119.4067009457077 158.39231570352788 1.0 113.1504509417509 157.83783499619653 1.0 125.66295094966449 158.94679641085924 1.0
-0.07142993763022547 0.9974456195753943 -252.0325060996806 105.60775451499276 260.240815462656 1.0 66.74375844161808 257.4576533923626 1.0 144.47175058836746 263.0239775329493 1.0
-0.01487314929507421 -0.9998893885975819 303.65149860014577 331.2501162046981 298.7578121884122 1.0 354.3792954003649 298.4137703982176 1.0 308.1209370090313 299.10185397860675 1.0
0.9947436690534164 -0.10239644953877629 -603.5778663492952 634.4816557615684 269.2353492160316 1.0 635.8953125764594 282.96850278884733 1.0 633.0679989466773 255.5021956432158 1.0
0.26323674203416636 -0.9647312670600232 356.3630526976544 104.86252936161056 398.00381349553317 1.0 110.2564734081534 399.4756060102026 1.0 99.46858531506771 396.5320209808637 1.0
0.2712617347412747 -0.962505621420028 293.4286911688366 406.83498495847897 419.5169835438346 1.0 428.1531661263924 425.5250594204257 1.0 385.5168037905655 413.50890766724353 1.0
0.9999909258983477 -0.004260061145711989 -456.11658702746047 457.4466829443779 311.2502271359781 1.0 457.5292322226873 330.62753803019035 1.0 457.3641336660686 291.87291624176584 1.0
-0.5060132986710952 -0.8625256758891279 293.03055973194313 166.77730029705464 241.89312121067792 1.0 171.12320757252755 239.34353116640028 1.0 162.43139302158173 244.44271125495555 1.0
0.03865493742700588 -0.9992526186167912 205.62536520421438 169.4539424616933 212.33429144327187 1.0 179.48728297912643 212.72241967297026 1.0 159.42060194426014 211.94616321357347 1.0
0.9999962859349875 -0.0027254570681883757 -210.4445951459559 210.8252372560811 139.37445425992817 1.0 210.85249172553773 149.37437997876586 1.0 210.79798278662446 129.37452854109048 1.0
0.9121646912118693 -0.4098238354541563 -367.87681763032214 490.73501105188575 194.6063778947662 1.0 494.0635734696054 202.01491992496324 1.0 487.4064486341661 187.19783586456919 1.0
-0.999998438561339 -0.0017671657771120358 148.3590680219949 148.10416478355896 144.37496318066104 1.0 148.1461388088251 120.62282839516729 1.0 148.06219075829281 168.1270979661548 1.0
-0.9999634894076662 -0.008545165395951772 58.67841996627641 57.51619430977815 136.25547931148088 1.0 57.74583724508863 109.38244171999384 1.0 57.28655137446767 163.12851690296796 1.0
0.032800121474515505 -0.9994619312566422 259.7042265541103 20.024573869284843 260.5012025642052 1.0 26.912666459971216 260.7272544693719 1.0 13.136481278598469 260.2751506590384 1.0
-0.9998198863499038 0.018978800258849307 521.806934377476 526.3140535446837 232.48692023456348 1.0 526.0171129586431 216.84382905184216 1.0 526.6109941307244 248.1300114172848 1.0
-0.0124129389241755 -0.9999229565057823 297.7794097192795 617.501697625142 290.13675201025984 1.0 638.1467921707819 289.8804659674087 1.0 596.8566030795023 290.39303805311096 1.0
-0.999907756715756 -0.01358227004828546 461.32280732157983 459.08203538319447 168.09555140268407 1.0 459.2865577323318 153.03890162343802 1.0 458.8775130340571 183.15220118193014 1.0
0.30196416964107187 -0.9533192750873015 280.2710153164766 291.9983787002917 386.48548592863483 1.0 312.33374348013547 392.92671889282883 1.0 271.6630139204479 380.0442529644409 1.0
-0.9999992473790378 0.001226882780902921 214.69723134746266 214.87682391960493 146.24938432041063 1.0 214.85305120206368 126.87287988214003 1.0 214.90059663714618 165.6258887586812 1.0
-0.9836372580982646 0.1801603299312255 408.95437291585034 460.1174311770463 242.1969115343723 1.0 458.78833807990907 234.94034461797926 1.0 461.4465242741835 249.45347845076532 1.0
0.27012292203529764 -0.9628258445799597 293.771092623547 463.69290808198707 435.20349836942853 1.0 498.32305245939017 444.91906203277125 1.0 429.06276370458403 425.48793470608575 1.0
-0.9652406904628353 0.26136260152292023 6.971995241308823 62.443353507084126 203.93457251384837 1.0 60.53816748495542 196.89851203409995 1.0 64.34853952921283 210.97063299359678 1.0
-0.4030607652402591 0.9151732183165855 -311.19277553777704 251.45561014795308 450.7831500432481 1.0 232.23116137584748 442.3163146089024 1.0 270.6800589200587 459.2499854775938 1.0
0.8110162561461666 -0.5850236168452139 -351.8542267852128 540.8836650854639 148.38925435378684 1.0 543.7324432993881 152.33850593119593 1.0 538.0348868715398 144.44000277637772 1.0
-0.39718895223255346 0.9177368556533002 -314.3349322585111 292.8978902191799 469.2747553210288 1.0 271.5829427607663 460.04982162053733 1.0 314.21283767759354 478.49968902152034 1.0
0.02441230533645287 0.9997019752647085 -104.15830038198621 466.2574123157609 92.80353981753751 1.0 458.12200135239107 93.00220316060305 1.0 474.39282327913077 92.60487647447196 1.0
-0.2516979624849086 0.9678058357340823 -295.61862337332246 529.959833402185 443.2794449044527 1.0 421.3769110236246 415.0402058812547 1.0 638.5427557807454 471.51868392765067 1.0
0.2718335868499064 -0.962344273667337 293.2602479040795 348.7181476287583 403.2377636486071 1.0 384.65366355560593 413.3884762958293 1.0 312.78263170191065 393.08705100138485 1.0
0.999996368272853 0.002695077198313418 -54.333603554312354 54.000286587046546 123.7489901147572 1.0 53.96828266154652 135.62390386139407 1.0 54.03229051254657 111.87407636812034 1.0
0.9994613607384064 0.032817501290209175 -223.15291169489365 218.84100079667792 134.98246603597457 1.0 218.61550200327102 141.8500617407869 1.0 219.0664995900848 128.11487033116222 1.0
-0.9112359446022931 0.41188475726198776 177.68329477036752 282.87441741840655 194.42827338905175 1.0 280.8082514283969 189.8571775074578 1.0 284.9405834084162 198.99936927064567 1.0
0.39851607250419224 -0.9171613489216788 322.8631473405515 78.75290238089612 386.2433203407304 1.0 88.23808917446605 390.36473190303224 1.0 69.26771558732618 382.12190877842863 1.0
0.40401554176810295 -0.9147521205276468 326.7309935776851 207.9340079356441 449.01734057625896 1.0 220.99548727578963 454.786160930409 1.0 194.87252859549855 443.24852022210894 1.0
0.15380409627488748 -0.9881013611816679 267.8836459539882 123.08326055743052 290.268151505823 1.0 128.24993337643434 291.0723761278037 1.0 117.9165877384267 289.46392688384236 1.0
0.1056448682130607 -0.9944039228705029 257.63757792950076 35.65155445519461 262.87505076098955 1.0 43.1991652580742 263.67690434408075 1.0 28.103943652315017 262.0731971778983 1.0
-0.3501320921161277 -0.9367003352568972 250.03300678708123 248.81511253240052 173.9241940607625 1.0 255.87219186935118 171.28630672425547 1.0 241.75803319544983 176.56208139726948 1.0
-0.039378100070269505 -0.9992243818256517 284.88244357625035 529.993782378896 264.21722706039753 1.0 580.638650388161 262.2213803649129 1.0 479.34891436963096 266.2130737558822 1.0
0.127171473975459 -0.9918807469685603 79.0084746486367 81.77691298293435 90.14003496195826 1.0 163.13195358649426 100.57076512837007 1.0 0.4218723793744239 79.70930479554647 1.0
-0.26413203495722043 0.9644865308076405 -289.19684266507716 357.4364368460086 397.73210287949473 1.0 294.09802247656756 380.38639224074166 1.0 420.7748512154496 415.07781351824775 1.0
-0.16462760268359491 0.9863557940391755 -120.65442889526138 270.42331091899746 167.458407280422 1.0 263.025089407134 166.22360795245058 1.0 277.82153243086094 168.6932066083934 1.0
0.04759069700586821 0.9988669208450622 -341.283645279739 410.60630320225675 322.10757849818515 1.0 399.35207255661174 322.64378274072624 1.0 421.86053384790176 321.5713742556441 1.0
0.06621797410455282 -0.9978051813382655 250.52413577945603 112.51380199808787 258.54202466715236 1.0 144.37292205318641 260.65631153021803 1.0 80.65468194298931 256.4277378040867 1.0
-0.4054606586177521 0.914112495436562 -309.875199961982 204.79824997297658 429.8298461527328 1.0 177.7084973326774 417.8140067432933 1.0 231.88800261327572 441.8456855621722 1.0
0.10497750987707967 -0.9944745961662408 263.952227262521 299.35975479385786 297.01942112638596 1.0 306.90759954543483 297.81617747392255 1.0 291.8119100422809 296.2226647788494 1.0
0.1408996749905146 -0.9900238793016901 279.1601690635221 618.2199409625232 369.9579025064951 1.0 638.1716217013407 372.7974151590553 1.0 598.2682602237056 367.11838985393484 1.0
-0.007271046641527003 -0.9999735655909794 175.60174462573792 263.1336751614668 173.69307887457325 1.0 270.6378229345946 173.63851442373092 1.0 255.62952738833894 173.7476433254156 1.0
0.9789620696703032 -0.20404231459880184 -363.54864700559546 422.82961551618166 246.93656615832435 1.0 423.63071842361506 250.78012851852367 1.0 422.02851260874826 243.09300379812504 1.0
-0.9983407957031577 -0.057581730043356524 220.59931332604975 209.32870160585227 201.7641844488969 1.0 209.76192031704488 194.25312299728938 1.0 208.89548289465966 209.27524590050442 1.0
0.07195107209468204 0.9974081628021829 -319.3309008438878 548.1246441131341 280.6200665854618 1.0 479.46144269159373 285.5732955041555 1.0 616.7878455346744 275.6668376667681 1.0
0.34888319499780224 -0.9371662159126979 262.63586749701784 259.3984000921836 376.8121429287563 1.0 268.30946039804826 380.12950449977757 1.0 250.4873397863189 373.4947813577351 1.0
0.15099979095591495 -0.9885337946328745 273.04046349627407 458.04115737241887 346.17388334791724 1.0 598.0209796330731 367.55597874431675 1.0 318.06133511176466 324.79178795151773 1.0
-0.9999997835571156 -0.0006579405154713687 283.45158112359775 283.34883942055217 156.24973606014441 1.0 283.3582975839685 141.8743310701435 1.0 283.33938125713576 170.62514105014534 1.0
-0.18703784005799481 0.9823527097669349 -280.33099011344075 520.6033517209933 384.4887002305921 1.0 514.3423250198156 383.2966142322631 1.0 526.864378422171 385.6807862289211 1.0
0.9998447847322899 0.01761835530464941 -142.9170748183783 140.32903499717284 148.13079795541904 1.0 140.26278241564464 151.8906436941722 1.0 140.39528757870104 144.37095221666587 1.0
-0.9940556921077788 -0.10887277431995968 149.94624866740716 128.88308732019385 200.50267145936684 1.0 129.9875682323298 190.41828126732 1.0 127.77860640805791 210.58706165141368 1.0
-0.0540405074886533 0.9985387441408414 -152.44976835314853 162.48827438107628 161.4666612664916 1.0 158.09232506524316 161.2287542916086 1.0 166.88422369690943 161.7045682413746 1.0
-0.2624064900085578 0.964957426004582 -289.3477346283024 215.84868603343028 358.5524307905074 1.0 143.2766087450185 338.81748336103243 1.0 288.42076332184206 378.2873782199824 1.0
-0.17829444996939997 0.983977179161239 -285.35206812532897 449.2347545567002 371.3989910900874 1.0 412.82132005190124 364.8009587230522 1.0 485.64818906149907 377.9970234571227 1.0
0.9982576174267328 0.059006179756893706 -149.93759499106028 142.3656203604154 132.5290001625569 1.0 141.73106774785495 143.26426521032488 1.0 143.00017297297583 121.79373511478896 1.0
-0.14191867998012542 0.9898783199326564 -275.1982181261949 567.5878655674876 359.38714043608104 1.0 503.19241590519084 350.1547761860776 1.0 631.9833152297844 368.61950468608455 1.0
0.43701981432284603 -0.8994518785845218 313.32916730124265 155.2786667566225 423.80146230324465 1.0 166.85109569391378 429.4241986228332 1.0 143.70623781933125 418.1787259836561 1.0
-0.17164008480291315 0.9851597237447585 -290.61284309546784 627.0088735780512 404.2316080633433 1.0 615.7732529788117 402.2740748573203 1.0 638.2444941772907 406.1891412693663 1.0
0.03912838654236012 0.9992341914519297 -282.7138699059168 380.62112473223397 268.02603604071135 1.0 329.3518439979725 270.0336577288804 1.0 431.8904054664955 266.0184143525423 1.0
0.27141199879522854 -0.9624632600312486 291.68768187577734 191.38174034869087 357.0328310979561 1.0 249.6331491526118 373.4595685669758 1.0 133.13033154476997 340.60609362893643 1.0
-0.029741748090703665 -0.9995576163586115 271.4572932745883 515.6431361829048 256.23451897308854 1.0 551.8982312016831 255.15575184110347 1.0 479.3880411641264 257.31328610507364 1.0
-0.18318289856845102 0.9830788501804221 -282.6752648446555 584.3424343283523 396.42476862353874 1.0 564.2256896692351 392.6762965699062 1.0 604.4591789874696 400.17324067717124 1.0
0.03420139447580577 0.9994149611727404 -286.25409354164424 381.2158099578553 273.37591677061033 1.0 314.3335825483361 275.66472125315414 1.0 448.09803736737456 271.0871122880665 1.0
-0.999999339160627 0.0011496426875760564 135.45999372646168 135.62534366286405 143.74928107775565 1.0 135.59588326241405 118.12359641955744 1.0 135.6548040633141 169.37496573595388 1.0
0.2555811387842494 -0.9667876093008982 178.5833373663778 223.87500597545602 243.90213948793584 1.0 230.91865085612207 245.7642059464564 1.0 216.83136109478994 242.04007302941528 1.0
-0.07743326984926423 -0.9969975369680965 324.94403265383426 446.25107658120515 291.26386159737245 1.0 458.103125621835 290.3433548984084 1.0 434.39902754057533 292.1843682963365 1.0
0.12800400487108757 -0.9917736509592108 78.98090516832859 198.71345898016358 105.2831194280947 1.0 231.85111564003722 109.5600557637237 1.0 165.57580232028997 101.00618309246568 1.0
-0.20548332362130056 0.9786606172282318 -271.7566113017215 392.35561580564195 360.06266225053304 1.0 372.0987272632368 355.80944851060696 1.0 412.61250434804714 364.3158759904591 1.0
-0.9880576160161327 0.1540848708748408 566.6141906023106 577.7749642739691 27.65205414290474 1.0 576.903748824557 22.06545076584968 1.0 578.6461797233811 33.238657519959794 1.0
-0.9875285488753872 0.15744003669991913 538.8807782328549 586.0157584650246 252.96305931464576 1.0 585.4172293706378 249.20883910212032 1.0 586.6142875594115 256.71727952717123 1.0
0.5795375639359484 -0.814945527006061 -23.74711398614709 264.61482069209444 159.03776422363632 1.0 269.7065950475113 162.6587111559923 1.0 259.5230463366775 155.4168172912803 1.0
-0.4103364778902905 0.9119341943981437 -308.0612373343921 104.45893745704808 384.813456903304 1.0 31.77082873460782 352.1065108309972 1.0 177.14704617948834 417.5204029756108 1.0
-0.19715184115902204 0.9803729655226158 -273.8356714138783 551.9379596328926 390.31192190930494 1.0 540.6420283402687 388.04032351740165 1.0 563.2338909255164 392.5835203012082 1.0
-0.19190968442756645 0.981412590617683 -277.1366218268393 494.9190338948308 379.16405495123047 1.0 486.7401298379721 377.56471649610916 1.0 503.09793795168946 380.7633934063518 1.0
-0.029212797159369648 -0.9995732151684166 308.06067146502306 583.0855859095851 291.15136950549413 1.0 596.8056016252265 290.75039834095884 1.0 569.3655701939438 291.5523406700295 1.0
0.9999999561274265 0.00029621806999247113 -140.69751244472684 140.65012372200658 160.00000744210075 1.0 140.64808722286472 166.8750068388529 1.0 140.65216022114842 153.12500804534864 1.0
-0.07577260734834258 0.9971251235304595 -354.29023842963636 609.4888024539439 401.6274233701598 1.0 603.3691302171743 401.16238291480005 1.0 615.6084746907136 402.09246382551964 1.0
-0.1931657212227428 0.9811661450256515 -277.5135377674239 305.0451140032317 342.8958478897946 1.0 238.2963247755282 329.7547727749606 1.0 371.7939032309352 356.0369230046286 1.0
0.04535919880265653 0.9989707418558268 -285.97782024132084 516.8604219122681 262.80393870481 1.0 480.62836408487647 264.449089103278 1.0 553.0924797396598 261.158788306342 1.0
-0.0866224124326522 0.9962412145983258 -260.2536014525954 566.2093943610631 310.4670039764296 1.0 494.28041365949645 304.212834061663 1.0 638.1383750626298 316.7211738911962 1.0
-0.12050397219208601 0.9927128450291801 -110.5048078618722 26.23475558695084 114.50058361665214 1.0 18.078208095037514 113.51047214879856 1.0 34.39130307886417 115.49069508450573 1.0
-0.9999957029906277 -0.0029315525375375883 43.31196893522556 42.91639017631613 135.00122067492325 1.0 42.99518068347071 108.12461942621788 1.0 42.837599669161555 161.8778219236286 1.0
0.4244751027469077 -0.9054396098846141 316.060792110834 62.13395661848992 378.1976246590077 1.0 64.9041399078041 379.49630192419744 1.0 59.36377332917574 376.898947393818 1.0
-0.15364898523638496 0.9881254927061791 -269.0587240617256 410.5464515450394 336.1301496476841 1.0 318.14260594191825 321.76177517130486 1.0 502.9502971481606 350.4985241240634 1.0
0.08561080967540728 -0.9963286552472136 263.3563756946595 559.4375376535093 312.3971940551722 1.0 638.1434654512543 319.1601012239389 1.0 480.73160985576425 305.63428688640545 1.0
-0.10918761498126621 0.9940211590980862 -110.63045477284861 74.43300651604338 119.47192083715179 1.0 68.18968436169972 118.78612713009326 1.0 80.67632867038705 120.15771454421031 1.0
-0.041702516777522826 0.9991300716595515 -159.50424362018924 76.28851180341329 162.82731465922456 1.0 70.64725284127198 162.5918551297918 1.0 81.9297707655546 163.06277418865727 1.0
-0.05166207697918761 0.9986646232856137 -358.23912190799945 531.2848086588183 386.2021239141253 1.0 526.9214854034337 385.9764041513053 1.0 535.648131914203 386.4278436769453 1.0
-0.04081172384163534 0.9991668545328523 -244.20475345899976 259.99884691567803 255.02823021246226 1.0 194.30474917326228 252.34490523733348 1.0 325.6929446580938 257.71155518759105 1.0
-0.11679347192934912 0.993156223821151 -269.2875809941817 558.7527527596541 336.8515918390986 1.0 479.30054288406757 327.50814795659807 1.0 638.2049626352406 346.19503572159914 1.0
0.061931046719960144 0.9980804303522688 -314.9608225611955 391.2138059432484 291.291696767582 1.0 325.6859772335437 295.35770878211065 1.0 456.7416346529531 287.2256847530533 1.0
0.2066812439609909 -0.9784083316257774 275.19499993461324 468.0934829195718 380.1491987056421 1.0 478.0454715242983 382.2514798475991 1.0 458.1414943148452 378.0469175636851 1.0
0.10275835983356815 -0.9947063483683589 113.66418316841143 26.239181019447088 116.97972830294573 1.0 31.93255305763932 117.56788336350867 1.0 20.54580898125485 116.39157324238279 1.0
0.08175251520363601 -0.996652660789043 115.6501876376425 75.54418056882533 122.23527734496062 1.0 80.56168748874217 122.64684882506894 1.0 70.52667364890848 121.82370586485229 1.0
-0.9992703138932448 0.03819476105038623 620.78010256295 631.6007896994755 271.2365918875362 1.0 631.0989374820296 258.1068848527498 1.0 632.1026419169215 284.36629892232264 1.0
0.9988500100925093 -0.04794431497262126 -528.843367146834 540.7632388146092 235.64836430029834 1.0 541.3632902191241 248.14956182075485 1.0 540.1631874100943 223.14716677984185 1.0
-0.04263113289949272 0.9990908800042695 -359.20900934937686 14.39526329012038 360.15011540319887 1.0 0.5637717854290902 359.5599266983113 1.0 28.22675479481167 360.74030410808643 1.0
-0.9512242977936294 -0.308500138228521 426.711784773912 433.85527561246045 45.43954166725093 1.0 436.0512119291938 38.668627421057295 1.0 431.65933929572714 52.21045591344456 1.0
-0.9926792909130412 -0.12078007034433172 489.3714989674575 459.902661365539 271.86315673176114 1.0 460.8292325975435 264.24776065735557 1.0 458.9760901335345 279.47855280616676 1.0
0.11145743872836257 -0.9937692082934112 262.0539849142798 251.9363201079296 291.95326183873476 1.0 266.95765926816784 293.637999074602 1.0 236.91498094769133 290.26852460286756 1.0
0.06368879025964308 -0.9979698081581742 161.81852302457466 294.3553447439451 180.93298751294242 1.0 304.3942314861443 181.57365273842078 1.0 284.3164580017459 180.2923222874641 1.0
0.9998761216024362 -0.01573980461347317 -473.87015068108343 478.54305847241176 293.1184190260867 1.0 478.64172974167144 299.3865429605184 1.0 478.444387203152 286.850295091655 1.0
-0.11000498120972313 0.9939310358918513 -109.69467423614779 169.4039378927522 129.11353666076351 1.0 156.9185298852303 127.73169322931177 1.0 181.8893459002741 130.49538009221524 1.0
0.1377599972986218 -0.9904656395576192 108.63563376844628 121.20967125028588 126.5399552966132 1.0 125.58692239143576 127.14877006140355 1.0 116.83242010913598 125.93114053182285 1.0
-0.10509858073640829 -0.9944618083803886 350.1321722449068 509.38799607628937 298.2479712279468 1.0 528.1921802940676 296.2606721114396 1.0 490.5838118585112 300.2352703444539 1.0
-0.06549693773706668 -0.9978527702757891 411.97187997165895 351.9002963962286 389.7603932706911 1.0 360.69445559472234 389.1831633279267 1.0 343.1061371977349 390.3376232134555 1.0
0.424305441950334 -0.9055191284182414 319.12838792747533 176.51750502857587 435.1379375042892 1.0 180.5529151082633 437.0288378768783 1.0 172.48209494888843 433.2470371317001 1.0
-0.032084553514743645 -0.9994851581818308 289.45630173538734 344.36860541294527 278.55079838571174 1.0 361.87063310979914 277.9889643858175 1.0 326.86657771609146 279.112632385606 1.0
-0.07207807317322805 -0.9973989930652801 322.4130491524603 368.6857106281236 296.6103791770319 1.0 381.8773178603333 295.6570739922798 1.0 355.4941033959139 297.56368436178406 1.0
-0.07697543806232056 0.9970329893915818 -114.5090446597953 120.64130117931217 124.16385714782095 1.0 115.57499345573534 123.77271536963484 1.0 125.70760890288898 124.55499892600707 1.0
0.10640844735864627 -0.994322504186002 262.43361645333897 558.068351125225 323.6543494306487 1.0 638.0883182578194 332.2177686677904 1.0 478.0483839926306 315.09093019350706 1.0
0.9987717530212359 0.049547808900974634 -632.4394533986375 619.3268715651358 279.99761240895515 1.0 619.0454387286837 285.6706618062094 1.0 619.6083044015878 274.3245630117009 1.0
0.07646411282460555 -0.9970723341111949 133.3230496003311 91.81703537067153 140.75584383478008 1.0 98.0781432743898 141.23599963168493 1.0 85.55592746695328 140.27568803787523 1.0
-0.02396363498781105 0.9997128308660297 -213.23314834478867 233.77641211381723 218.8981417432364 1.0 226.8903871515976 218.73308015393116 1.0 240.66243707603684 219.06320333254163 1.0
0.02000329516625318 0.9997999140740569 -264.9874394898928 342.48875981096626 258.18819556044616 1.0 329.3565119830783 258.4509363606801 1.0 355.6210076388542 257.92545476021223 1.0
0.06607294556219499 -0.997814795372736 161.53094947673165 113.12496230689115 169.3755692305884 1.0 178.170838901378 173.68275397389274 1.0 48.07908571240429 165.06838448728408 1.0
0.9773762061353629 -0.21150827804236075 -462.7842686136756 515.8214225310235 195.58249334693772 1.0 517.4277659083185 203.00537915728347 1.0 514.2150791537284 188.159607536592 1.0
0.04254454857308802 -0.999094570792331 162.22821194670402 23.11501254929078 163.35954021994138 1.0 41.88420685966186 164.15879078376142 1.0 4.345818238919696 162.56028965612134 1.0
0.03309602866904841 0.9994521763878137 -269.88096855882884 405.6364767671365 256.5965817608268 1.0 370.61279285758394 257.7563619625725 1.0 440.6601606766891 255.4368015590811 1.0
0.08746251123327534 -0.9961678117309197 150.5056441117656 75.60544634080603 157.72270942848462 1.0 80.62165247296471 158.16312717739785 1.0 70.58924020864734 157.2822916795714 1.0
-0.815604180352447 -0.5786102496427222 460.2793579120336 464.2155240164981 141.13686370073998 1.0 469.13390207297937 134.20395902804043 1.0 459.2971459600168 148.06976837343953 1.0
-0.021089362335572823 -0.9997775946660732 281.86170426276703 513.7729261151047 271.08685202756703 1.0 523.1569343987879 270.8889052522938 1.0 504.38891783142157 271.2847988028403 1.0
-0.02206460145418332 -0.9997565470466638 307.26122524389166 545.6314880011066 295.2939741103942 1.0 561.9149377990534 294.93459878932003 1.0 529.34803820316 295.65334943146837 1.0
-0.03164068254973256 -0.9994993082577832 373.0844105366102 23.77038099975869 372.51881655257887 1.0 46.95129190474192 371.7849892881692 1.0 0.5894700947754572 373.2526438169886 1.0
-0.011698872457145851 -0.9999315658499993 343.4193608403384 473.74005832254386 337.90026023727785 1.0 479.3715997596088 337.8343730433344 1.0 468.108516885479 337.9661474312213 1.0
0.4792648269107173 -0.8776703399832081 295.38266627295684 187.6385250505407 439.0158741270195 1.0 194.5561153289633 442.7933262709428 1.0 180.72093477211808 435.2384219830962 1.0
0.06049254853869634 0.9981686488621517 -226.7158167688698 627.5213181843603 189.10176470149094 1.0 621.8791634158711 189.44369922486504 1.0 633.1634729528495 188.7598301781168 1.0
-0.09842792889640437 0.9951441819219788 -119.8801122723803 26.256228715530334 123.06202529261401 1.0 20.563286561231426 122.4989465792436 1.0 31.949170869829242 123.62510400598441 1.0
0.9996274007496908 -0.027295781183492344 -470.5455239213361 477.80363596698794 259.38377515194037 1.0 477.97510235905025 265.6632255424951 1.0 477.6321695749256 253.1043247613856 1.0
0.03868956780555554 0.9992512783794771 -300.76968594216015 352.4940754957546 287.3469854077777 1.0 343.10894589560775 287.7103640852788 1.0 361.8792050959014 286.9836067302766 1.0
0.1013076753738821 0.9948551426767317 -407.3811202420178 363.1890279136145 372.50376281485285 1.0 354.2768651535532 373.4113024686624 1.0 372.10119067367583 371.5962231610433 1.0
0.04944597418809303 0.998776799708819 -292.56893416414295 542.4911081425578 266.07039021243884 1.0 503.1197784546331 268.01952815003165 1.0 581.8624378304823 264.121252274846 1.0
0.08929032554720528 -0.9960056414316508 282.5588162912988 390.62847772408054 318.71120707610413 1.0 404.32443578581245 319.93902798709325 1.0 376.93251966234857 317.483386165115 1.0
-0.031146931911622266 0.9995148166147876 -232.87697462202627 608.1229627366207 251.94037642098124 1.0 590.6010252606299 251.3943569078611 1.0 625.6449002126116 252.4863959341014 1.0
0.11192227572199351 -0.9937169638268284 350.2313321307516 385.59678597328366 395.8755020272779 1.0 395.47152001525575 396.98769266742835 1.0 375.7220519313115 394.7633113871274 1.0
-0.10661552144631468 0.9943003221294512 -259.86362279184897 558.1303913107675 321.1997204350725 1.0 478.17842710436975 312.62673683564407 1.0 638.0823555171653 329.7727040345009 1.0
0.02574208984790012 -0.9996686174979499 387.5246249161788 419.36657859102286 398.4520370944746 1.0 443.13300747947875 399.0640374484935 1.0 395.6001497025669 397.8400367404556 1.0
-0.02653275031421712 -0.9996479446088824 269.99418016017864 422.48674443745585 258.8755834037195 1.0 440.6321389376402 258.39396662631015 1.0 404.34134993727145 259.35720018112875 1.0
-0.068049792721004 0.9976819261220624 -247.80044649781755 154.94409592555033 258.94461285177874 1.0 146.77185590630884 258.38720149168995 1.0 163.1163359447918 259.5020242118675 1.0
0.06197345693920854 0.9980777978870203 -308.79195262334406 333.7446298282901 288.66351379414374 1.0 325.6121766347374 289.1684806803602 1.0 341.8770830218428 288.1585469079273 1.0
0.25643812130430305 -0.9665606499035223 301.67895101404963 589.2862815080207 468.4593956929248 1.0 608.0425869303714 473.4356294404888 1.0 570.5299760856701 463.4831619453608 1.0
-0.028370682646488593 -0.9995974711683558 286.03869211633105 489.9928150317391 272.2468486679182 1.0 499.37799367431495 271.9804775210025 1.0 480.60763638916325 272.51321981483386 1.0
-0.007552166572932955 -0.9999714819833887 257.55680643887746 209.99794701299948 255.97816695267858 1.0 219.37713227731257 255.907331763165 1.0 200.61876174868638 256.0490021421922 1.0
0.08979838644831743 -0.9959599639499968 122.51531020604473 26.21609910153243 125.37599715263329 1.0 34.331478379667715 126.10770122806863 1.0 18.100719823397146 124.64429307719793 1.0
0.9999480229873143 -0.010195652198938556 -47.506912474167486 48.94332984069064 140.63577400143373 1.0 49.14729725545588 160.6400669263706 1.0 48.739362425925385 120.63148107649684 1.0
0.9977960562437987 -0.06635533244828237 -143.0749434011827 153.9058923601902 158.11463286202442 1.0 154.65900029327176 169.43924081482763 1.0 153.1527844271086 146.79002490922122 1.0
-0.08835147966175237 0.9960893614739488 -220.83812744734527 198.07848919210514 239.27437062870942 1.0 187.99153783988643 238.37967471917185 1.0 208.16544054432384 240.169066538247 1.0
-0.0846364438219323 0.9964118989540305 -120.88437079980869 75.60447695331564 127.7416146874284 1.0 70.58758561661142 127.31547380911749 1.0 80.62136829001986 128.1677555657393 1.0
0.1295676701858832 -0.9915705818763494 97.83619767682008 144.29042881017853 117.52221626761485 1.0 153.05413008769952 118.66736153259917 1.0 135.52672753265753 116.37707100263054 1.0
0.3938824682273927 -0.9191608135811148 331.72232671181547 261.3499824913253 472.89168169953325 1.0 277.4171442867212 479.7768461363448 1.0 245.2828206959294 466.0065172627218 1.0
-0.032322185120570876 -0.9994775016722645 271.70572665222807 328.14475486012486 261.23586644265623 1.0 338.1343076236152 260.91281347432727 1.0 318.1552020966346 261.5589194109852 1.0
-0.0524738054369261 -0.9986223008440016 315.1192344057758 410.66965605395507 293.97484366915893 1.0 431.92664606389246 292.85786965704904 1.0 389.41266604401767 295.0918176812688 1.0
-0.04030778111244518 -0.9991873111593198 291.86084378288245 441.2720688703958 274.2970639827488 1.0 453.1529472430724 273.8177826312735 1.0 429.3911904977192 274.7763453342241 1.0
0.05097796933692997 0.9986997780325592 -428.64273248223844 504.95155233364994 403.4258709103301 1.0 474.34249954690335 404.9882897560309 1.0 535.5606051203965 401.86345206462937 1.0
-0.43316023442237167 0.9013169316700735 -310.69037717239564 41.45269991832592 364.62871919814165 1.0 22.56058358043803 355.54943392776386 1.0 60.344816256213804 373.7080044685195 1.0
0.9999072910031747 -0.013616511987019986 -409.8688077947052 412.5113230151893 191.25835691478102 1.0 412.65621680408486 201.89840600193722 1.0 412.36642922629375 180.6183078276248 1.0
0.9987632548716016 -0.049718816541467856 -287.9932244915862 296.781623379371 169.3796483238622 1.0 297.27819664974425 179.35492871667935 1.0 296.28505010899784 159.40436793104504 1.0
0.9864384054021521 0.16413187486792302 -487.83316880839794 474.8715459928359 118.20761947660998 1.0 473.6235770154984 125.707957415153 1.0 476.11951497017327 110.70728153806694 1.0
0.5920773052494078 0.8058811727597311 -303.2661356628602 175.52255207664652 247.36055730917752 1.0 162.93127170855016 256.61131486745705 1.0 188.11383244474288 238.10979975089796 1.0
0.1454848407357651 0.9893604808744328 -419.36550889129563 343.1673205927093 373.4127985207396 1.0 333.0191366015727 374.90508263785216 1.0 353.3155045838459 371.92051440362707 1.0
0.13765161429458211 -0.9904807080817353 351.2718285649997 499.33433724460957 424.042591372488 1.0 518.1551293286335 426.6582025515144 1.0 480.51354516058564 421.4269801934616 1.0
-0.10205589318241792 0.9947786661698867 -327.73971502845 509.3909888442355 381.71915048806846 1.0 503.2060851275684 381.0846315799761 1.0 515.5758925609026 382.35366939616085 1.0
0.03578932023016059 0.9993593570670478 -280.61374787095286 568.742861446241 260.42566733737453 1.0 558.086762757749 260.80728634726296 1.0 579.3989601347329 260.04404832748617 1.0
-0.03335454139366381 0.9994435824839831 -159.15871208384638 26.245887531873095 160.1232269941624 1.0 20.606310498461617 159.93501676509055 1.0 31.88546456528457 160.3114372232342 1.0
0.12223606858836109 -0.9925010546775561 100.09195459273334 53.06239123355233 107.38335459164364 1.0 63.064623952654934 108.61522593215942 1.0 43.06015851444974 106.15148325112784 1.0
0.0973816008469231 -0.9952471169596477 150.75799737495748 25.104272881174055 153.9343234916759 1.0 31.974650268342312 154.60656693451935 1.0 18.2338954940058 153.2620800488325 1.0
-0.020341180678919133 -0.9997930967798226 246.69020491849736 196.86708399190786 242.73591883654592 1.0 208.13785036608337 242.5066106967464 1.0 185.59631761773232 242.96522697634546 1.0
0.32781383177094725 0.9447423414347687 -473.33452854431266 377.7034427992518 369.9613115216183 1.0 373.0243396306108 371.5849020729154 1.0 382.38254596789267 368.33772097032124 1.0
-0.01163005774753251 -0.9999323685913908 264.17216409200313 371.2412440969049 259.87218250665154 1.0 403.1264693293905 259.5013304146553 1.0 339.35601886441935 260.2430345986478 1.0
0.2357840335231572 -0.9718054792681253 298.28730774504146 338.2157708191854 389.00087975901505 1.0 342.04371317457094 389.92963320597715 1.0 334.3878284637999 388.07212631205294 1.0
-0.12044801032723944 -0.9927196365581821 436.88218387633066 367.0182143006784 395.55535697005837 1.0 375.7907356040455 394.49097514700173 1.0 358.24569299731127 396.61973879311495 1.0
-0.023578577228162263 -0.999721986702251 432.7332410152863 264.3836806377975 426.6180554759843 1.0 283.16745412972705 426.17503765722375 1.0 245.59990714586792 427.0610732947448 1.0
0.05780340839556281 -0.9983279851721356 285.63277328596666 445.0359655896225 311.87883499226047 1.0 455.66153170328704 312.4940575910703 1.0 434.410399475958 311.2636123934506 1.0
0.06912273512212562 0.9976081633032262 -312.2287466542549 441.8653803229823 282.3611648062795 1.0 429.3820063513495 283.2261185869447 1.0 454.34875429461505 281.4962110256143 1.0
0.9999615662262547 -0.00876732971523697 -475.7236702035541 478.14753353302115 274.369322641812 1.0 478.20237527902555 280.62432159934343 1.0 478.09269178701675 268.1143236842806 1.0
-0.08883732688730342 -0.9960461482037457 344.71516135493255 341.3072900257164 315.6423370833493 1.0 363.1755623751486 313.6919065107593 1.0 319.43901767628415 317.59276765593927 1.0
0.049720591073498355 -0.9987631665331387 399.99318438044344 532.4939155712823 426.99722105895074 1.0 545.7106165082943 427.65517702353736 1.0 519.2772146342702 426.3392650943641 1.0
-0.04297002384774742 -0.9990763619716583 272.653006887639 298.72556876662156 260.056960572125 1.0 309.3846134416579 259.5985177330044 1.0 288.06652409158517 260.51540341124553 1.0
-0.3219904229535808 0.9467429257861788 -145.27470679252335 238.29755830660577 234.4926297665437 1.0 231.7429130248728 232.26337307067425 1.0 244.8522035883387 236.72188646241318 1.0
-0.04123722109209625 0.9991493840245318 -255.56600425830436 289.3656570937345 267.726372165557 1.0 281.8526595667268 267.416293267407 1.0 296.87865462074217 268.03645106370703 1.0
-0.0489815852373966 -0.9987996817718914 205.97185219301483 627.5218439818714 175.44542784877387 1.0 635.6579272617133 175.0464306685153 1.0 619.3857607020295 175.84442502903244 1.0
0.4674231924440748 -0.8840336866688902 302.45089780234684 115.54054223007324 403.2167917168482 1.0 120.96961187050574 406.0873532142209 1.0 110.11147258964075 400.3462302194755 1.0
0.0660552124110147 0.9978159694619723 -310.44689087729535 380.02277080934994 285.9689709960451 1.0 364.3835585503167 287.00428363818327 1.0 395.6619830683832 284.9336583539068 1.0
0.9978599255895266 0.0653878345142598 -162.4900002774549 153.94236521847733 135.76047045163324 1.0 153.3714460962523 144.47305922373667 1.0 154.51328434070234 127.0478816795298 1.0
0.050142871240439854 -0.9987420550190949 261.0910313512048 256.22319840741807 274.2838321677808 1.0 270.59335510800173 275.00530065258243 1.0 241.85304170683443 273.56236368297914 1.0
0.21147000763960286 -0.9773844872254247 309.4478253118504 475.46671603793106 419.48156610164034 1.0 480.3722979078883 420.5429533541242 1.0 470.56113416797376 418.42017884915646 1.0
0.000912417277170679 -0.9999995837472695 254.3226087313761 564.3751481214771 254.8376604442003 1.0 574.3757100569851 254.84678513348987 1.0 554.3745861859691 254.82853575491077 1.0
-0.060247712275136214 0.9981834566679676 -249.47439130545163 263.7366102628142 265.8468410233884 1.0 246.84769007852566 264.82747048874006 1.0 280.62553044710285 266.86621155803675 1.0
0.10328801170475412 -0.9946514900396413 130.89817719257442 74.99842726999361 139.3901452062874 1.0 80.69183691326451 139.98136833093247 1.0 69.30501762672272 138.7989220816423 1.0
-0.2136020367938719 -0.9769207592622391 480.8065797505286 456.82709999527816 392.280926672405 1.0 465.8299748065958 390.3124636435817 1.0 447.8242251839605 394.24938970122827 1.0
-0.1075994649304814 -0.994194324640145 350.52950363015964 409.94149013065675 308.20938225553397 1.0 455.6399932069199 303.26353378580984 1.0 364.2429870543936 313.1552307252581 1.0
-0.2901778263511892 -0.956972742085217 77.17462374651201 16.27558510898116 75.70937671549933 1.0 27.04727243126456 72.44313445398619 1.0 5.503897786697762 78.97561897701249 1.0
-0.029268445301300704 -0.9995715872860956 265.62713689773904 254.98608388262448 258.27473883082314 1.0 264.3713378063569 257.999929307824 1.0 245.60082995889206 258.5495483538223 1.0
0.07818383819367931 -0.9969389587358418 253.6372129438078 207.54373081547482 270.69237895386834 1.0 217.00757009947225 271.43457011089697 1.0 198.07989153147736 269.95018779683977 1.0
-0.5957863971856544 -0.8031429318175798 307.3622170986265 175.98861320222863 252.14764056364464 1.0 186.7299737714977 244.17949907735385 1.0 165.24725263295954 260.11578204993543 1.0
0.9770578547192561 -0.2129740560054325 -296.6571734113179 342.5253467777177 178.4720064556545 1.0 344.0409977543308 185.42533551126022 1.0 341.00969580110456 171.5186774000488 1.0
9.058955575073597e-05 0.9999999958967661 -238.5225663537985 80.62497873532932 238.51526355147638 1.0 73.12503541534994 238.5159429680127 1.0 88.1249220553087 238.5145841349401 1.0
0.7401862617505893 -0.6724018872041393 12.504429449526961 331.5324410834661 383.55066006209563 1.0 334.52913672556906 386.84945054312095 1.0 328.5357454413631 380.25186958107025 1.0
-0.04870116577667305 0.9988133942093453 -111.61490465200833 606.9011148152836 141.33941061776247 1.0 600.6051343665945 141.03242475900652 1.0 613.1970952639728 141.64639647651842 1.0
-0.0985262133653572 -0.9951344558801509 346.8035316249376 484.3668815609226 300.54300214198884 1.0 489.4409030244811 300.0406337249524 1.0 479.29286009736404 301.04537055902534 1.0
0.05687610225051371 0.998381244311405 -296.2964247923196 490.7003383280362 268.8224600616595 1.0 480.697197217023 269.3923222059035 1.0 500.7034794390494 268.25259791741547 1.0
0.07881829932961122 0.9968889986807898 -353.72383493097254 24.357361349397415 352.9019074328316 1.0 16.903953781716506 353.49120564905473 1.0 31.810768917078327 352.31260921660845 1.0
0.3117817381360136 -0.9501537495399817 51.8888157325643 68.09822507378163 76.95659649340632 1.0 81.99282004318896 81.51594383309225 1.0 54.20363010437432 72.3972491537204 1.0
0.0469522475388104 -0.9988971350700003 136.94656986191671 105.64551534975006 142.06354114734643 1.0 110.6638055729751 142.29942129607258 1.0 100.62722512652502 141.82766099862025 1.0
-0.06131003037991283 0.9981187705753329 -259.6102140510756 610.6184203849923 297.6071152175515 1.0 583.1070506324098 295.91721320884403 1.0 638.1297901375749 299.2970172262589 1.0
-0.21044745293090997 0.9776051705851869 -281.7311662172604 547.5422902265832 406.05354647396666 1.0 534.3556515695448 403.2148805159779 1.0 560.7289288836216 408.8922124319555 1.0
0.16953150330815567 0.9855247685299832 -451.9977301627532 277.7548966976375 410.85677184792405 1.0 269.6545698894302 412.2502026625865 1.0 285.8552235058447 409.46334103326166 1.0
-0.29090542054618557 -0.9567518154134055 568.3662705182405 557.2000785851108 424.6385956984303 1.0 567.969643805344 421.36405276156864 1.0 546.4305133648774 427.913138635292 1.0
0.006561772625069908 -0.9999784713382669 72.35256882360957 40.62830900272153 72.62072597647087 1.0 53.13597283117035 72.70280018953193 1.0 28.12064517427271 72.5386517634098 1.0
-0.03958896665821984 0.9992160495703292 -400.45269747018943 257.48639065810545 410.96849653433776 1.0 245.5805547691046 410.4967869973957 1.0 269.3922265471063 411.4402060712798 1.0
-0.03328626929953547 0.9994458586017148 -246.08911577674587 122.46904800432594 250.3043574961353 1.0 93.08501001121529 249.32573019648862 1.0 151.85308599743658 251.282984795782 1.0
0.1527831101844703 -0.9882597438135179 62.61163488382863 196.96303418131663 93.80556115712162 1.0 209.54872419017096 95.75128532063992 1.0 184.37734417246227 91.8598369936033 1.0
-0.09879109706281693 0.9951081946909719 -238.64582015116818 85.60587532498107 248.317640039416 1.0 79.29398854253688 247.69101649928166 1.0 91.91776210742526 248.94426357955035 1.0
-0.01835404708000952 0.99983155029024 -140.65908335924874 25.013456575416768 141.1419568405325 1.0 19.39035147504048 141.03873271671063 1.0 30.636561675793057 141.24518096435432 1.0
-0.9999364331989372 0.011275174561280295 457.38105003065175 460.73673826375455 295.01988234773063 1.0 460.5606543160663 279.4039152832739 1.0 460.91282221144274 310.6358494121874 1.0
-0.08079971822370385 0.9967303574864017 -139.31029002423645 75.03244479487674 145.84976702014558 1.0 69.39383343122384 145.39267428093666 1.0 80.67105615852964 146.30685975935447 1.0
0.06011103012281613 -0.9981916970490056 262.5219487704169 604.3739232132735 299.39288090418046 1.0 638.1519789531408 301.42699292101247 1.0 570.5958674734063 297.35876888734845 1.0
0.5622133798718474 0.8269922100558589 -238.31073611116338 63.37875450994173 245.07891351524478 1.0 54.0611278925492 251.4133073453805 1.0 72.69638112733425 238.74451968510905 1.0
-0.06567976361765884 0.9978407531520892 -263.8290625413961 590.0337597724887 303.2371041710426 1.0 541.9115568286685 300.0696098548134 1.0 638.1559627163089 306.4045984872718 1.0
-0.32097393424047527 -0.9470880283997846 492.87950915644757 289.5178061033324 422.29637362701635 1.0 295.50389265113057 420.26765222801697 1.0 283.5317195555343 424.3250950260157 1.0
-0.023598265080480553 0.999721522167644 -261.4739257523403 313.74521610451154 268.95266588510935 1.0 301.86208422369566 268.67216647613213 1.0 325.6283479853275 269.2331652940865 1.0
0.24102436556648132 0.9705190648324614 -489.94983545025536 227.54891260641534 448.3219536022848 1.0 218.13373523420609 450.6601736693212 1.0 236.96408997862457 445.98373353524846 1.0
0.08393504339919147 -0.9964712281293303 141.50681356563308 105.6015843230228 150.90298935283755 1.0 110.67090743519454 151.329989996121 1.0 100.53226121085108 150.47598870955412 1.0
-0.9989965428823148 0.044787356577313274 494.5461583692286 505.3269306894854 229.38836314583858 1.0 505.04729059957555 223.150900066521 1.0 505.6065707793952 235.62582622515615 1.0
0.07289483248566125 -0.9973396329219487 132.69928024824418 26.29748501430155 134.9753148972581 1.0 31.983471827750485 135.39089956129848 1.0 20.611498200852612 134.5597302332177 1.0
0.27422416346068346 0.9616657985882041 -519.0202451736682 262.6269238439562 464.8201041739636 1.0 254.45363484217359 467.150761396594 1.0 270.80021284573877 462.4894469513332 1.0
0.06955762697799217 -0.9975779350653213 263.6928529108532 584.3694826207785 305.0791288606272 1.0 638.1630035074858 308.8299632848322 1.0 530.5759617340713 301.3282944364221 1.0
0.9993797635889459 -0.03521488504741878 -57.632717494702604 62.13959448613876 126.88769951544293 1.0 62.492299976154335 136.89729428633734 1.0 61.78688899612318 116.87810474454854 1.0
0.04147727613617259 -0.999139447506865 247.39372578913526 125.01363720345792 252.79649559475013 1.0 150.6463548432472 253.8605866085911 1.0 99.38091956366864 251.73240458090916 1.0
0.14987297514414835 -0.9887052600858568 112.99841863851543 8.566159356850413 115.58778843450423 1.0 15.286733734685326 116.60652730173368 1.0 1.8455849790155 114.5690495672748 1.0
0.7053643564939318 -0.7088449228060405 -80.58610421093776 216.750704859814 101.99990846502116 1.0 221.76298019689887 106.98757255622702 1.0 211.73842952272912 97.0122443738153 1.0
-0.3458199112083313 0.9383009053666429 -288.5765433467713 289.63322219726444 414.2993748664371 1.0 282.4217519000869 411.64151745247995 1.0 296.84469249444203 416.9572322803943 1.0
-0.8751879197597194 -0.48378311783965233 591.12022850778 514.9703495984922 290.26312478990417 1.0 516.8506615068142 286.8615462584079 1.0 513.0900376901703 293.6647033214004 1.0
-0.012953528329294932 -0.9999160995322668 327.9978626497169 308.73737974561834 324.02581017190107 1.0 318.1027114018903 323.90448590381544 1.0 299.3720480893464 324.14713443998664 1.0
-0.038298821409387895 0.9992663310042281 -254.8127175034864 231.8697621798256 263.8866615774458 1.0 219.36417797462275 263.4073607932257 1.0 244.37534638502845 264.365962361666 1.0
-0.9999797545870766 0.006363207993622563 459.08813525403326 461.1774485325227 326.87546166942445 1.0 461.1216956702741 318.1138851871245 1.0 461.23320139477136 335.6370381517244 1.0
-0.03935647868995807 0.9992252336611236 -161.29109585566783 90.6255662144622 164.98562432928148 1.0 85.60873213490214 164.78802631344692 1.0 95.64240029402224 165.18322234511604 1.0
0.5347007314678064 0.8450414947017649 -479.4063903599458 239.9239888540996 415.5048719198133 1.0 233.32016870567972 419.68344478988064 1.0 246.5278090025195 411.32629904974596 1.0
0.9999985010593464 -0.001731438436754569 -194.81007136766394 195.31681267631257 292.5016157588228 1.0 195.32655387659503 298.127681043154 1.0 195.3070714760301 286.87555047449166 1.0
-0.08916930817572565 -0.9960164830360302 352.43013970883334 106.19027565179384 344.33288217135555 1.0 125.57774825869082 342.59720053447813 1.0 86.80280304489686 346.0685638082329 1.0
-0.11346917923578076 -0.9935415166783713 353.83683738700796 61.84066020187109 349.07431909840886 1.0 85.56671375534101 346.36464287650625 1.0 38.114606648401164 351.7839953203114 1.0
-0.45362638939649547 0.8911919539824734 -304.311776654931 148.8788020918377 417.2469561062032 1.0 140.6570660897313 413.0620031333445 1.0 157.1005380939441 421.4319090790619 1.0
-0.12043121596948664 -0.9927216740960735 353.25597217853795 6.801701011868702 355.020792082464 1.0 13.110496373657714 354.25544574567255 1.0 0.4929056500796902 355.78613841925545 1.0
0.07673549857595412 -0.9970514847580839 207.45400155992394 600.6312701376414 254.29352988302512 1.0 609.4253837446377 254.9703461783543 1.0 591.8371565306453 253.61671358769593 1.0
-0.9997949928195163 -0.020247773532497026 466.6378235555412 461.50613034038605 258.1175296791997 1.0 461.6083733841863 253.06897048438097 1.0 461.4038872965858 263.16608887401844 1.0
-0.08077148447886304 -0.9967326458459563 346.0460048816066 422.485311136817 312.94373715013063 1.0 433.14162775861917 312.0801891202683 1.0 411.82899451501487 313.80728517999296 1.0
0.9995422817164696 0.03025271989480772 -158.65116421974543 150.21057578448085 281.2752900158614 1.0 150.00153950103604 288.18179642065655 1.0 150.41961206792567 274.36878361106625 1.0
-0.09596575445084611 -0.995384636194813 352.3241161426391 274.3754840427616 327.50502063190106 1.0 298.08586549507754 325.219085565546 1.0 250.6651025904457 329.7909556982562 1.0
-0.07995697043860311 -0.9967983160490793 342.85491538335054 518.7874794549756 302.3422445366706 1.0 529.4441788024193 301.48743029694157 1.0 508.1307801075319 303.19705877639956 1.0
0.048726990862348565 -0.9988121346687276 174.41204428554735 101.89498185529953 179.5904093564332 1.0 141.89126365055807 181.54162559612362 1.0 61.89870006004101 177.63919311674277 1.0
-0.9993095413803416 0.03715427978324212 145.39002999909385 156.110201912991 285.630197686025 1.0 155.8308744404958 278.11734559839 1.0 156.38952938548618 293.14304977366 1.0
-0.10128311383992901 -0.9948576435103105 353.1444385628379 182.5141176159023 336.3886708756879 1.0 211.90266308452897 333.39672181070796 1.0 153.12557214727568 339.3806199406679 1.0
-0.080515766249375 -0.9967533352767254 347.29298365593905 352.5461419430378 319.94621900171245 1.0 375.7218633527009 318.0741299886739 1.0 329.37042053337467 321.818308014751 1.0
-0.10895680737972215 -0.9940464848917369 345.9586008149423 49.387850079866936 342.6172352332038 1.0 56.86650576792209 341.79750450667603 1.0 41.90919439181177 343.4369659597316 1.0
