line_hom_a line_hom_b line_hom_c centroid_x centroid_y centroid_z point1_x point1_y point1_z point2_x point2_y point2_z
-0.9968751513426521 0.07899324424002761 47.995457985507485 68.99852187663838 263.15483245024177 1.0 68.40012394354274 255.603198942125 1.0 69.59691980973402 270.7064659583586 1.0
-0.5160381636064263 -0.8565655921771007 197.2627320922118 346.1711213036655 21.74407019286379 1.0 382.61941530682077 -0.21421400130980484 1.0 309.7228273005102 43.70235438703739 1.0
0.9999147456693802 0.013057618195477197 -58.280792785995935 54.62121996346612 280.62005361320195 1.0 54.55583087521064 285.62736142184787 1.0 54.6866090517216 275.612745804556 1.0
-0.024167001550985487 0.9997079353671424 -244.45464041444387 80.64976172944 246.47569016320173 1.0 55.58886300596242 245.86986644520059 1.0 105.7106604529176 247.08151388120288 1.0
-0.10999353299997798 0.9939323028748904 -97.3965672817975 82.47310450400403 107.118035218009 1.0 56.88481523347307 104.28630680738162 1.0 108.06139377453499 109.94976362863639 1.0
0.9988516287422092 -0.04791058086723492 -29.164857644090947 43.43891023884329 296.8899216267261 1.0 43.67962268735881 301.9083542340142 1.0 43.19819779032778 291.871489019438 1.0
0.047092010839694734 -0.9988905558243475 249.4222023223505 93.70324204125872 254.11680482131624 1.0 103.05745150233754 254.55780261709015 1.0 84.3490325801799 253.67580702554235 1.0
-0.9994460728152762 -0.03327983675022758 67.3510945020838 58.27285426343316 273.7549232928956 1.0 58.877101611709875 255.60842083927164 1.0 57.66860691515644 291.90142574651964 1.0
0.9999986589019233 -0.0016377406250862494 -102.92108457440509 103.36955571966168 273.75062306988906 1.0 103.39924140505362 291.87659804163434 1.0 103.33987003426974 255.6246480981438 1.0
-0.1092662148697305 0.994012522198811 -97.4631475894804 135.6430604588694 112.96070106922583 1.0 110.6700081370839 110.21555365910149 1.0 160.61611278065487 115.70584847935018 1.0
-0.13935806020623503 -0.9902420568000307 503.9627535347433 343.7399903182044 460.5538738098495 1.0 349.42824682060467 459.7533580302111 1.0 338.051733815804 461.3543895894879 1.0
-0.998379261719303 0.05691089323512227 115.54061303052345 131.871305670269 283.1964646897071 1.0 131.5080919485228 276.82466086183257 1.0 132.23451939201524 289.56826851758166 1.0
0.9999966327115691 0.0025951041449203552 -78.53959377757988 77.82783456610635 274.3709849310497 1.0 77.7791765272353 293.12085865794614 1.0 77.8764926049774 255.62111120415327 1.0
0.9998190334358703 0.01902367943805942 -133.0463421258409 127.93339592747748 269.9844623741057 1.0 127.65975383591065 284.36614770414496 1.0 128.2070380190443 255.60277704406647 1.0
-0.24384145870962975 -0.9698151076439054 241.4673099459691 295.3952770678143 174.71133760893292 1.0 356.55065128534176 159.33498850939856 1.0 234.23990285028685 190.08768670846726 1.0
-0.013033943849716149 -0.9999150545459963 304.28041825692833 49.38200726158048 303.6625707020269 1.0 59.38030842465771 303.53224233527254 1.0 39.38370609850326 303.7928990687813 1.0
-0.9998027625156599 -0.01986041454891608 345.40209078767055 336.12162961914254 470.6224500080664 1.0 336.27079987166417 463.11299796773005 1.0 335.9724593666209 478.13190204840265 1.0
-0.2430886314087636 -0.970004081063484 241.0427771794189 497.9586926105361 123.7053353044328 1.0 639.1162546477589 88.3304340658674 1.0 356.8011305733133 159.0802365429982 1.0
0.00646337366517495 -0.9999791121822816 253.31862850097139 119.37276694307553 254.09548679938183 1.0 126.87649315324414 254.14398719882684 1.0 111.86904073290691 254.04698639993686 1.0
-0.9999570131250549 -0.009272103430109374 112.55857043728876 110.02489840494367 273.76761681180903 1.0 110.22760948368962 251.9060870782299 1.0 109.82218732619772 295.62914654538815 1.0
-0.9997250582935047 -0.02344798115081093 138.34573134386 132.47586378109665 251.8890929173441 1.0 133.03328748103962 228.12284893516667 1.0 131.91844008115368 275.6553368995215 1.0
0.05259056713350968 -0.9986161586157998 249.56712230151132 67.44917618496308 253.4650681805639 1.0 76.83107073112491 253.95915106788001 1.0 58.067281638801255 252.97098529324776 1.0
0.9969586834815781 0.07793191535358682 -74.79888298255783 54.45057390692695 263.2286196536739 1.0 53.75556007569429 272.11971479798575 1.0 55.145587738159605 254.33752450936205 1.0
-0.9995521346162907 -0.029925410339985487 31.08632406217655 24.81382789992157 209.9757144653985 1.0 25.54405250240124 185.58515300390317 1.0 24.083603297441904 234.36627592689385 1.0
-0.9998987913189955 -0.014226985584163633 229.48881037507795 225.5460078648968 278.7399833002655 1.0 226.141829095103 236.8645681323097 1.0 224.9501866346906 320.6153984682213 1.0
-0.9986417947424806 -0.05210149511786845 52.69984210143776 37.34168996996134 295.7471714824873 1.0 37.668578639790255 289.481618312076 1.0 37.014801300132426 302.0127246528986 1.0
-0.004135906342623873 -0.9999914471027866 304.09194957010044 105.62978806314395 303.6576718125351 1.0 124.37688241151464 303.58013492294884 1.0 86.88269371477325 303.7352087021213 1.0
-0.023364794775418765 0.9997270059196673 -244.56482282493687 121.25080911755471 247.4653796800618 1.0 111.8663280476789 247.2460533309954 1.0 130.6352901874305 247.68470602912822 1.0
-0.0416401231172266 -0.9991326739461492 308.900256042544 155.606591738224 302.68330351992074 1.0 185.60657975206942 301.4330159184974 1.0 125.60660372437859 303.93359112134414 1.0
0.08506255419836099 -0.9963756128455025 138.6403757624414 131.84083393010053 150.40020240581117 1.0 164.37053273651117 153.17732704846912 1.0 99.31113512368988 147.62307776315322 1.0
0.11750703778341341 0.993072049788618 -307.0150620449232 89.35532881291459 298.58375543755363 1.0 78.0418684417189 299.92244099977665 1.0 100.6687891841103 297.2450698753306 1.0
0.8740965651510684 0.48575219483920407 -293.42392326083166 280.88497985401784 98.61680024681067 1.0 260.626859679348 135.07068238924367 1.0 301.14310002868774 62.16291810437768 1.0
0.017052488764029743 0.9998545957422772 -308.7331300298564 41.238482892890914 308.07470663772153 1.0 23.10809715824017 308.3839197976592 1.0 59.36886862754165 307.7654934777839 1.0
0.9998865218450093 0.015064641804226866 -58.27078616230708 54.708623502075284 236.87061001926168 1.0 54.44488034724164 254.3760528418749 1.0 54.97236665690893 219.36516719664843 1.0
-0.999569541590371 -0.029338226340661074 46.25642341226989 39.39775430342816 234.35732357047354 1.0 39.65489123835725 225.59652647290667 1.0 39.14061736849907 243.1181206680404 1.0
-0.9975901782159466 0.06938181553603136 243.66145677905757 264.3759140758744 289.37493642655556 1.0 263.50471405889635 276.84859110848714 1.0 265.2471140928524 301.90128174462404 1.0
0.9999999459473292 -0.00032879376289080285 -351.1747249965739 351.32927704684664 469.99997393420006 1.0 351.3319485635916 478.1251785519349 1.0 351.32660553010174 461.8747693164652 1.0
-0.8685983681317635 -0.4955167755776159 291.84967738830227 307.482489412072 49.99001058442329 1.0 310.67082062346697 44.401139684839784 1.0 304.29415820067715 55.57888148400679 1.0
-0.039989259910045864 -0.9992001096336243 348.1509601797678 135.62007648978582 343.00197766958325 1.0 149.39803489340656 342.45056624126164 1.0 121.84211808616507 343.55338909790487 1.0
0.9999446081280028 0.010525239937165776 -209.48117870746208 206.63754123852374 271.26065782983886 1.0 206.28891197790225 304.38198821995513 1.0 206.98617049914523 238.1393274397226 1.0
-0.2669910674514097 -0.963699003787571 245.84624360740074 225.39136056787584 192.6626082680737 1.0 234.06285943586133 190.26018517739107 1.0 216.71986169989034 195.06503135875639 1.0
-0.019016052675991418 0.9998191785221084 -282.80375123555086 118.75972567218338 285.1136471057563 1.0 111.86344597501002 284.98248337054605 1.0 125.65600536935672 285.2448108409666 1.0
-0.020947911686001755 -0.9997805684228892 345.5050851875021 158.74486272413571 342.25481333601454 1.0 166.8793869241361 342.0843746418338 1.0 150.6103385241353 342.4252520301952 1.0
-0.9911991850808816 -0.13237890879968883 123.01393301146564 85.19387383679074 291.35936411832313 1.0 85.78983972220264 286.8970150529585 1.0 84.59790795137886 295.8217131836877 1.0
-0.07845008625804066 0.9969180427528164 -81.84126209069962 8.727880071028956 82.78109282408064 1.0 3.0886184696907635 82.33732459029983 1.0 14.367141672367149 83.22486105786145 1.0
0.094171012334221 -0.9955560358091089 138.24641954926315 87.91880175588258 147.17988424904863 1.0 99.12763006061674 148.24014270821152 1.0 76.70997345114841 146.11962578988573 1.0
0.9850962076832692 0.172004248808108 -289.7447332584608 273.970855094346 115.44530456007134 1.0 273.1051605148096 120.40327771028505 1.0 274.8365496738824 110.48733140985762 1.0
-0.9999951613220465 0.0031108411232755205 39.91013842296002 40.734689216080376 264.9938259172953 1.0 40.71718477109866 259.36693608599626 1.0 40.752193661062094 270.6207157485943 1.0
0.03552435369004421 0.9993688109476425 -344.0941882901832 135.00488851791607 339.51252346853937 1.0 88.10028898882516 341.17983143843816 1.0 181.90948804700696 337.8452154986405 1.0
-0.9997892165507591 -0.02053101236712709 241.56105397266015 235.8106696848266 282.5038127902684 1.0 236.31153452916976 258.113429044484 1.0 235.30980484048342 306.89419653605285 1.0
-0.9997998178118848 0.020008105940394448 497.11233296465144 502.77762339246607 278.1194441695737 1.0 502.27677026754816 253.09194458839306 1.0 503.278476517384 303.1469437507543 1.0
0.02505787647749941 0.9996860021158837 -288.5693396882039 152.4959281683005 284.8375539460967 1.0 145.60958870614542 285.0101651892867 1.0 159.38226763045557 284.6649427029068 1.0
-0.999627629416599 -0.02728740564711925 98.25637551037403 90.82058699054784 273.7382780681183 1.0 91.2813558700765 256.8587949575356 1.0 90.3598181110192 290.61776117870096 1.0
-0.9995114855062515 0.031253645244781095 491.75613824576044 501.8266997880251 314.3765102954915 1.0 501.5521429979704 305.5960092392434 1.0 502.1012565780798 323.15701135173964 1.0
-0.2678400019590995 -0.9634634052991061 245.09429514294376 200.59032622259105 198.62527286658946 1.0 209.5190352655422 196.14311793013513 1.0 191.66161717963988 201.10742780304378 1.0
0.9998368197860106 0.018064711461758087 -236.36811177597136 231.3023536761189 282.51223819574807 1.0 230.8616902696982 306.9018610139411 1.0 231.74301708253964 258.122615377555 1.0
0.7291152550648303 0.684390929828667 -143.58803140551694 176.01863115334893 22.282823443902803 1.0 155.44244581756104 44.20364379013383 1.0 196.59481648913683 0.36200309767177696 1.0
0.1302849246163123 -0.9914765949923992 266.6039834809366 486.98819902414573 332.88854819851935 1.0 499.5182241045624 334.5350554194539 1.0 474.4581739437291 331.2420409775848 1.0
-0.021472059283064608 0.9997694487581347 -195.0051062934334 70.61819730459808 196.56674311915643 1.0 59.35996716651326 196.32494998850254 1.0 81.87642744268292 196.80853624981032 1.0
-0.9994272557666166 0.03384021913064537 274.2890959169784 284.58348232053953 299.3891031270294 1.0 284.07545403516605 284.38514251015386 1.0 285.091510605913 314.3930637439049 1.0
0.9999309334805575 0.011752798334906514 -189.5145914770705 186.78028821397223 233.74888679459366 1.0 186.61135340645302 248.12190120073106 1.0 186.94922302149143 219.37587238845623 1.0
0.32507323554889284 0.9456888449853756 -231.22205560571928 448.8258867554331 90.22076643121356 1.0 259.28832202854545 155.37284023491785 1.0 638.3634514823207 25.068692627509275 1.0
-0.0030591384062281825 -0.9999953208251584 344.6729062539675 106.24418608593056 344.34950185539947 1.0 124.36328060856692 344.29407277809685 1.0 88.1250915632942 344.4049309327021 1.0
-0.024836436391864808 0.9996915281362311 -195.60647874230142 96.89179396860075 198.07402588402482 1.0 85.63321553063676 197.79431663435395 1.0 108.15037240656476 198.3537351336957 1.0
0.23146772859771345 0.9728425826503563 -244.50544745895 352.9419661042581 167.35572141017298 1.0 217.85649882695367 199.4965084551375 1.0 488.0274333815625 135.21493436520845 1.0
0.030187212646205486 -0.9995442622478771 196.95568604560296 69.98764229670982 199.15918224425099 1.0 80.62181848575287 199.4803447480644 1.0 59.353466107666776 198.83801974043757 1.0
0.9995591195984832 -0.029691184339891794 -8.980895459822813 10.597845051774865 54.301545917258274 1.0 10.747337480202338 59.33423570271902 1.0 10.44835262334739 49.26885613179753 1.0
-0.10950895819623764 0.9939858087894287 -81.14719527537478 21.842542393506655 84.04460969013917 1.0 14.22838957597889 83.20574666491156 1.0 29.45669521103442 84.88347271536678 1.0
-0.9999892913062182 -0.00462787995605305 58.116373006801965 57.04678298433245 231.25079499954336 1.0 57.10173847030281 219.3760493296589 1.0 56.9918274983621 243.12554066942783 1.0
-0.9999778143196759 -0.006661146180934736 86.38913481059254 84.56332283340491 274.38041778248277 1.0 84.63828679718503 263.12675383075344 1.0 84.48835886962479 285.6340817342121 1.0
-0.9997972978980808 -0.020133631458238436 94.38688097046457 87.89885687392092 323.1330320654206 1.0 88.2262154187116 306.8770382470952 1.0 87.57149832913025 339.38902588374606 1.0
-0.03020669921311424 0.9995436735444072 -196.27253526189108 159.98271700653356 201.19689654047878 1.0 135.5922167016726 200.4598036791396 1.0 184.37321731139454 201.93398940181794 1.0
0.9997929875747154 0.020346547530851484 -191.68202064071684 186.15072987276028 273.7479797774265 1.0 185.68005462458757 296.87612040347335 1.0 186.62140512093302 250.61983915137967 1.0
-0.995838769499339 -0.09113256916186642 59.21755888788048 42.49359202720618 185.45282600210624 1.0 43.31882809499917 176.4351709765161 1.0 41.66835595941319 194.47048102769634 1.0
-0.9406218330680346 0.3394562816560192 -30.752961356236852 34.57578608573137 186.40309242556563 1.0 31.22225315807837 177.11056652422016 1.0 37.92931901338438 195.6956183269111 1.0
0.8640644009294538 0.503381278005474 -305.86610071792893 349.4414579780601 7.799608054073959 1.0 345.0707110490902 15.302085781808481 1.0 353.81220490703 0.2971303263394365 1.0
-0.1263843773277247 0.9919813451711091 -61.53866463279526 80.6490436761201 72.3112830186389 1.0 63.19350084450758 70.08734209229996 1.0 98.10458650773263 74.53522394497783 1.0
0.9993744587727713 -0.03536511208282074 -155.82347638773192 159.70417667470525 106.90758540362089 1.0 159.9250703606253 113.14976858391695 1.0 159.48328298878522 100.66540222332482 1.0
0.9998113228630356 0.01942469240081732 -244.97727223311492 239.72937713674642 272.49474224210593 1.0 239.3771351908505 290.6250414832524 1.0 240.08161908264233 254.36444300095948 1.0
-0.9995288350949928 -0.03069377483540779 122.38450276054841 119.5433546158693 94.3993625267117 1.0 119.96578398708401 80.64314193852066 1.0 119.12092524465461 108.15558311490274 1.0
-0.1523729342384967 0.9883230690981321 -18.984136686661987 77.51402696765376 31.159018121945365 1.0 0.44733100364352296 19.277398676577157 1.0 154.580722931664 43.040637567313574 1.0
0.9999691765250186 0.00785149666472394 -170.4194646302296 167.43615361230655 380.62449869484794 1.0 167.1515071023378 416.8771710615114 1.0 167.72080012227534 344.3718263281845 1.0
0.04022690675419005 -0.9991905703983548 148.20641734699407 160.5830709300775 154.79147036579602 1.0 170.59201035599807 155.1944252023637 1.0 150.57413150415692 154.38851552922833 1.0
0.9508179357428672 -0.30975030761836675 22.44366450537912 32.70234908032526 172.84129582798874 1.0 38.94829149799706 192.0140098827443 1.0 26.456406662653464 153.6685817732332 1.0
-0.07085529721240688 -0.9974866048508828 353.0439543380581 173.77412924302956 341.58968662406465 1.0 178.17133792918625 341.2773360352473 1.0 169.37692055687288 341.902037212882 1.0
-0.9999569994145899 -0.009273581927709282 173.88626836898507 170.35226797336787 381.87247068844476 1.0 170.6769368830591 346.8638891857589 1.0 170.02759906367666 416.88105219113066 1.0
0.9998344977861293 0.018192774300762608 -30.553568327075915 26.69187507786894 212.5080402642423 1.0 26.29376714380104 234.38716874366094 1.0 27.089983011936837 190.62891178482369 1.0
0.14416364809307036 -0.9895538603676391 135.55717352040773 57.970766957148115 145.43367120435093 1.0 66.71723644774144 146.70790497797313 1.0 49.224297466554795 144.15943743072873 1.0
-0.9955313603192196 -0.09443151285965977 214.3736303266865 189.08107153542826 276.787834684493 1.0 190.03788681738436 266.7007399173511 1.0 188.12425625347217 286.87492945163496 1.0
0.9991491817355429 0.04124212212283796 -38.582392885685486 36.78372536424281 44.371232434812114 1.0 36.4210376884407 53.15785823995174 1.0 37.146413040044926 35.58460662967248 1.0
-0.999992985991692 -0.003745392825828531 191.26226182543198 189.8590731657939 374.999472169944 1.0 189.96910207584463 345.62254338738967 1.0 189.74904425574314 404.37640095249833 1.0
0.9997157387929015 0.02384201354254434 -68.65846954956386 62.46242178054936 260.6241038048294 1.0 62.34289032362829 265.63615861939496 1.0 62.581953237470444 255.61204899026384 1.0
-0.11000134342724152 -0.9939314385027782 461.66005897494756 216.37800225660058 440.5315810295651 1.0 432.12722086512855 416.65397441510305 1.0 0.6287836480726128 464.4091876440271 1.0
-0.9999998252269928 0.0005912241397725522 501.8609787312708 501.99889576987096 233.12529626496917 1.0 501.98781010072145 214.37493330393357 1.0 502.0099814390205 251.87565922600476 1.0
-0.6208463770016888 0.7839322522794154 -169.6579104494689 31.674011630484635 241.5037846253643 1.0 26.47194369310454 237.383932402869 1.0 36.876079567864736 245.62363684785956 1.0
0.13223952681224926 -0.9912177901694824 265.1598498650193 625.0470368954263 350.8974291109103 1.0 638.1882877536374 352.65061878571805 1.0 611.9057860372154 349.14423943610257 1.0
-0.9999999762185982 0.0002180889803051753 76.32304919384565 76.39229425504058 317.4999689671903 1.0 76.3899770299532 306.8748331669356 1.0 76.39461148012798 328.1251047674449 1.0
-0.05974596191349234 0.9982136144308148 -192.0454031434629 120.64832859271765 199.61023443073867 1.0 110.64674987199902 199.01161111736744 1.0 130.64990731343627 200.2088577441099 1.0
-0.9590890992223323 0.2831043972687378 -62.70101289744045 41.42739841517513 361.8226354475874 1.0 38.46171218982379 351.775609128359 1.0 44.39308464052648 371.8696617668158 1.0
-0.09156077557072134 0.9957994900465093 -130.43333945262373 129.96018818951023 142.93298650908574 1.0 0.5870703489939899 131.03751646126844 1.0 259.33330603002645 154.82845655690303 1.0
-0.9904325317977445 -0.13799782591298276 200.63537960340574 162.07654842727334 290.6530819176339 1.0 163.14923844792696 282.95421357705527 1.0 161.0038584066197 298.3519502582125 1.0
-0.7443003551308133 -0.6678450279459638 136.53342501093735 170.2354521001635 14.7146675436898 1.0 183.54558435249837 -0.11921718660496294 1.0 156.9253198478287 29.548552273984562 1.0
0.9998114603639806 -0.01941761377833421 -21.402520841093665 26.346571603628227 254.36098615912283 1.0 26.662048336441355 270.6048591985941 1.0 26.031094870815103 238.11711311965158 1.0
0.9998405609554523 0.01785644612700355 -164.612823486962 160.43083991175646 235.6326944964768 1.0 160.2074706399351 248.1398673375684 1.0 160.65420918357782 223.1255216553852 1.0
-0.9999822743115844 -0.005954079494874963 84.5526217674225 83.16977093910394 232.50026657445568 1.0 83.2404743798162 220.6256875558244 1.0 83.09906749839168 244.37484559308695 1.0
0.1424766789445695 -0.9897981592006151 62.424113458701356 79.35833567695991 74.490768534132 1.0 88.10699308476845 75.75009564148392 1.0 70.60967826915136 73.23144142678008 1.0
0.9998667263692292 0.016325731214281818 -110.09582065330773 106.41626212803476 226.252714712613 1.0 106.20184888214685 239.3844187350702 1.0 106.63067537392266 213.12101069015583 1.0
-0.9992393788412233 -0.038995689159268904 53.20574736063459 44.22281378895411 231.21967001846946 1.0 44.68648578884154 219.3383741331408 1.0 43.75914178906669 243.10096590379814 1.0
0.29288132404544315 -0.9561488011943476 269.37014193253106 535.531561514097 445.7646489798508 1.0 638.386721308612 477.2705770821442 1.0 432.67640171958203 414.2587208775573 1.0
0.06090890155120438 -0.9981433292427624 193.76991036301393 120.61033912978874 201.49025469889543 1.0 130.61123757051627 202.10053152057392 1.0 110.60944068906122 200.87997787721693 1.0
-0.9999705116329926 -0.007679574496765885 65.99247518991947 63.82487307003017 282.50057501027516 1.0 63.88730463275952 274.3712545966497 1.0 63.76244150730082 290.6298954239007 1.0
-0.11985092846759604 0.9927918991135328 -274.69222825455984 510.600628587488 338.32688196471383 1.0 470.5802632352505 333.4955795040865 1.0 550.6209939397255 343.1581844253411 1.0
0.13497942216073214 -0.990848401922895 62.80419740112929 138.0814668174548 82.19456563204233 1.0 153.14253551320323 84.246276414166 1.0 123.0203981217064 80.14285484991866 1.0
-0.00035131358532071547 -0.9999999382893805 265.37438505264265 488.75007121017154 265.20269687862225 1.0 499.37528946979813 265.1989640948703 1.0 478.1248529505449 265.2064296623742 1.0
0.9999951477749593 0.003115192857153263 -159.90840736819348 159.0836438675542 265.0029863750193 1.0 159.0310752431658 281.8778226128215 1.0 159.13621249194264 248.12815013721712 1.0
0.9998195251312882 -0.01899782003929242 -626.1712288507565 631.0344219209567 249.99222047201621 1.0 631.3312092867412 265.61158114129364 1.0 630.737634555172 234.3728598027388 1.0
-0.9999846929811491 0.005532974190874199 365.9469752102345 367.47420710481094 275.0070590372148 1.0 367.1802914838816 221.88714345145618 1.0 367.76812272574034 328.12697462297336 1.0
0.09974492602836353 -0.9950130399806809 110.18595619530524 138.84704667275383 124.65690358926761 1.0 194.5389276395122 130.23972745609612 1.0 83.1551657059955 119.0740797224391 1.0
-0.04021548360550467 -0.9991910302231377 293.0872176416719 146.2475179797861 287.43833190323187 1.0 154.38449188223208 287.11083462726134 1.0 138.1105440773401 287.76582917920234 1.0
0.05494844426797408 -0.9984891929673196 194.7115162463346 174.98564388478826 204.63587045926204 1.0 184.40091943643313 205.1540080090333 1.0 165.57036833314336 204.11773290949077 1.0
0.018072584084200587 0.9998366775151427 -276.89371288583357 488.7609235429495 268.10432746299443 1.0 478.1281003420734 268.2965214439433 1.0 499.3937467438256 267.91213348204565 1.0
-0.13467662348636042 0.9908896038844657 -60.48626315776674 153.74142006197235 81.93812729836455 1.0 118.09533060402796 77.09329397902292 1.0 189.38750951991673 86.7829606177062 1.0
-0.01485259095200821 0.99988969418732 -201.84939464049455 49.373439315796915 202.60506665507643 1.0 44.365260467696295 202.53067401729072 1.0 54.38161816389753 202.67945929286213 1.0
0.07109726725887522 -0.9974693872938258 193.0725983204865 95.642491443803 200.37960126098042 1.0 105.68058991419991 201.09509326385478 1.0 85.60439297340608 199.66410925810607 1.0
-0.9999561257980756 -0.00936730905347541 472.41945036505746 469.9284646386933 268.12432987676124 1.0 470.4085730063438 216.87297257251112 1.0 469.4483562710428 319.37568718101136 1.0
-0.2152981991750569 0.9765483528386998 -252.49663186424524 180.30806450703125 298.312554214576 1.0 176.2062666822275 297.40823679650515 1.0 184.40986233183503 299.2168716326468 1.0
0.04273512851601108 0.999086437096771 -246.0193518447249 216.905641090723 236.9663450590246 1.0 208.14493608424925 237.3410772547998 1.0 225.66634609719677 236.59161286324937 1.0
0.9206239969418276 0.39045032495165627 -221.07422440388163 216.72367687459553 55.200893405149415 1.0 212.68678357756588 64.71928948485366 1.0 220.76057017162515 45.68249732544516 1.0
-0.9835366247636644 -0.1807089033459584 75.32441120466173 9.426944520995892 365.51971034981324 1.0 11.709846783794667 353.0946557750539 1.0 7.144042258197117 377.94476492457255 1.0
-0.1046971385493021 0.99450415241948 -98.06480833815822 176.90338582221068 117.23036686150618 1.0 169.29036874267555 116.42890102346502 1.0 184.5164029017458 118.03183269954734 1.0
-0.09807511581567471 0.995179014880108 -273.438685431239 487.59208289061854 322.81562475495457 1.0 475.6483009825422 321.6385623607552 1.0 499.5358647986949 323.99268714915394 1.0
-0.999380467642421 -0.03519489870443867 116.74173330594235 108.67033650913334 231.24719451341878 1.0 109.00085844399761 221.86182396285403 1.0 108.33981457426904 240.63256506398355 1.0
0.9998037003803636 0.01981314477139524 -224.78586914085415 219.29340567087118 279.38576868911616 1.0 218.82269050328804 303.13882615701664 1.0 219.76412083845432 255.63271122121566 1.0
0.9999886092476296 0.004772983866689409 -417.4891787309122 416.3096085921479 248.12826766298645 1.0 416.1604260685913 279.3835219068915 1.0 416.4587911157045 216.87301341908142 1.0
0.049511162601941536 -0.9987735703240269 267.7033140803283 488.13838380768493 292.2300125328599 1.0 499.39171258683706 292.7878620871057 1.0 476.88505502853286 291.67216297861415 1.0
-0.12412538910918106 -0.9922665406928193 305.28909165884977 28.097312189380265 304.1536618172142 1.0 33.174233466352135 303.5185755746197 1.0 23.020390912408395 304.78874805980865 1.0
0.046658932053982916 -0.9989108789374466 214.5396395286393 48.712682890877474 217.0489138334724 1.0 53.16554848644126 217.25690631573462 1.0 44.259817295313695 216.8409213512102 1.0
0.9999292609818946 0.011894243658269119 -191.1714714775059 186.67232648159847 379.3725891812501 1.0 186.2411906492692 415.61746078383277 1.0 187.1034623139277 343.1277175786674 1.0
-0.05841168625685634 0.9982925798124669 -277.05526807377856 246.8327718994596 291.9717048869925 1.0 240.5676514606778 291.6051227277819 1.0 253.0978923382414 292.33828704620305 1.0
0.9994296624120848 0.03376906707130433 -391.14374182826157 382.05312560800985 275.6521362793636 1.0 381.7571020754264 284.413251847383 1.0 382.3491491405933 266.8910207113443 1.0
-0.001994942143725314 -0.9999980101009417 250.1482727341231 174.999600323982 249.79965573240133 1.0 184.37580984977052 249.78095069964883 1.0 165.62339079819347 249.81836076515387 1.0
-0.11886342134681371 0.9929106138347651 -274.51297819392954 449.490822023892 330.28249531659776 1.0 432.0167820890193 328.19064118343664 1.0 466.96486195876474 332.37434944975894 1.0
0.07107335242204854 -0.997471091598895 212.18760803199237 69.3630341306484 217.66793366792643 1.0 79.44544544344834 218.38634122733754 1.0 59.28062281784847 216.94952610851536 1.0
0.7133267562272568 0.7008316052022051 -276.5137922513747 375.4894924394091 12.366866088539552 1.0 367.1299334977155 20.875467896884636 1.0 383.84905138110275 3.8582642801944687 1.0
-0.999992761326081 -0.0038049041301734107 339.0280430559636 338.0840210268375 248.7498440778071 1.0 338.17200879792836 225.62517886526413 1.0 337.9960332557466 271.87450929035003 1.0
-0.9832067398402906 -0.1824952238625084 81.44875693614647 15.424821680689004 363.2038521117456 1.0 17.50586113932834 351.9920955610684 1.0 13.343782222049667 374.41560866242287 1.0
0.9999589557128725 0.009060181544616592 -478.0706222825508 475.5531934736686 280.01067508491735 1.0 475.445608233767 291.8847003031031 1.0 475.6607787135702 268.1366498667316 1.0
0.09079927013095881 -0.9958692145777402 273.6975119990521 487.56501159432923 319.2869651343035 1.0 499.398623191929 320.36590530068963 1.0 475.7313999967295 318.2080249679174 1.0
0.9999196307645367 0.012678012924456243 -634.8449704514926 630.8622404394853 318.14385676901765 1.0 630.6720855294515 333.14144578884196 1.0 631.052395349519 303.1462677491933 1.0
-0.9978572030981768 -0.06542936821553302 63.28629240124594 57.35759246886001 92.4906623565349 1.0 57.983056535513704 82.95176810749496 1.0 56.73212840220632 102.02955660557483 1.0
0.9988307013811385 0.048344906437626525 -253.72164525927607 239.28666862588037 304.370724628797 1.0 238.8612237913609 313.16063433749207 1.0 239.71211346039982 295.58081492010194 1.0
-0.13095906598564186 0.9913877763197245 -268.1706831335408 588.7308847431079 348.26970653009994 1.0 554.2962694276576 343.72100705346656 1.0 623.1655000585583 352.8184060067333 1.0
0.9541243246202464 -0.29941070984177964 77.85103785883284 31.77803065059281 361.28042964212284 1.0 34.32325729417155 369.3912372134128 1.0 29.232804007014074 353.1696220708328 1.0
0.16116022508392533 -0.9869282556756083 4.137186186870612 78.21257699697269 16.963687688357616 1.0 155.98609430042134 29.663696510794377 1.0 0.4390596935240332 4.263678865920855 1.0
-0.0609467820891378 0.9981410169675321 -199.4482547324778 69.39441963181102 204.0569597297747 1.0 59.279481026642856 203.43933862360362 1.0 79.50935823697918 204.67458083594573 1.0
0.9999098770921732 0.013425263256837027 -479.153782753735 475.08498394414454 306.2595325804621 1.0 474.9255733108143 318.1323922578516 1.0 475.2443945774748 294.3866729030726 1.0
0.08099196801449822 0.9967147541383835 -250.5246469652431 355.05073436056296 222.49935432740506 1.0 343.1527234229385 223.46617388866383 1.0 366.9487452981875 221.53253476614626 1.0
-0.9999754775250215 -0.007003167041074882 554.8115852122575 552.0939086922721 389.99715600499627 1.0 552.3084060762388 359.369281116106 1.0 551.8794113083053 420.62503089388656 1.0
0.9793915609228036 0.20197071667247796 -80.70759343159656 7.644726582066973 362.5298456027883 1.0 4.673755077314008 376.93660945170666 1.0 10.615698086819938 348.12308175387005 1.0
0.980309740149641 0.1974659802794984 -84.56926908568978 13.001925464350432 363.7252088214223 1.0 11.089651332654299 373.2185957556402 1.0 14.914199596046563 354.23182188720443 1.0
0.9545100446918331 -0.2981787627957338 71.04162123226968 39.397366510504924 364.3680129405474 1.0 42.110020908731144 373.0515819734572 1.0 36.68471211227871 355.6844439076375 1.0
0.0744118094956994 0.997227598197912 -347.1134604188449 68.11535892805534 342.9957954680234 1.0 50.619501594846575 344.3013132908307 1.0 85.6112162612641 341.69027764521616 1.0
0.08711354719142188 0.9961983888240976 -431.15613238464687 113.10626789444943 422.9107865513414 1.0 60.57076644813949 427.50480510809723 1.0 165.64176934075937 418.31676799458563 1.0
0.14868410163368617 -0.9888847445083697 263.1411794879636 489.9414736077759 339.7642538326934 1.0 499.4767994379301 341.1979409865445 1.0 480.4061477776217 338.33056667884233 1.0
0.9995726914783969 -0.029230710744585223 -621.7435200993498 630.3062734627072 283.7227665777141 1.0 630.762808153532 299.3344160394229 1.0 629.8497387718822 268.11111711600523 1.0
0.5441207773410411 0.8390069008451487 -200.4347215298722 331.8359455433442 23.689779990017918 1.0 319.32755446497777 31.80184136876294 1.0 344.3443366217106 15.577718611272894 1.0
-0.028156565227682024 -0.9996035253212042 227.80199193795167 8.129601284927809 227.66335304386922 1.0 15.711609724507557 227.4497850543833 1.0 0.5475928453480594 227.8769210333551 1.0
-0.07650517456977024 -0.9970691842916664 350.0769029064574 73.11508685694167 345.49580495510895 1.0 85.63727502524524 344.53497675290936 1.0 60.59289868863809 346.45663315730854 1.0
0.07032946142716369 0.9975238176882621 -430.6460500819328 46.85115970113943 428.4118591206069 1.0 36.85677496204904 429.1165036449101 1.0 56.84554444022982 427.70721459630363 1.0
0.06442199919849388 -0.9979227455165401 212.15835357541664 95.00110529355311 218.73287855715682 1.0 104.45773755931842 219.34336184254406 1.0 85.54447302778779 218.1223952717696 1.0
-0.37239482747047814 -0.928074400289779 225.08307518885925 434.7341883777582 68.08754997732436 1.0 606.3186115048132 -0.7616194718815894 1.0 263.1497652507031 136.93671942653032 1.0
-0.13116221058688632 0.9913609204088898 -256.84239912789997 453.1696762302422 319.03732447184916 1.0 438.1026563880071 317.04387931097983 1.0 468.23669607247734 321.03076963271843 1.0
-0.9999806523878301 0.00622051846790262 385.77547988806367 387.4975075387196 275.6250155047014 1.0 387.4430548709258 266.87146633581665 1.0 387.55196020651346 284.37856467358614 1.0
-0.9861410700096733 -0.16590898119202732 127.90549672103256 112.92015960875094 99.75523675623126 1.0 114.28389533572613 91.64937172501155 1.0 111.55642388177573 107.86110178745098 1.0
-0.999732362987407 -0.02313444176148558 412.0581072657441 405.76195148525983 276.8492433505253 1.0 405.9932339865459 266.85459537448145 1.0 405.5306689839738 286.8438913265692 1.0
0.890458968383443 0.45506354020674367 -185.8844971217164 38.5595933951954 333.0276938840108 1.0 35.88638251230865 338.25857791388773 1.0 41.23280427808215 327.7968098541338 1.0
-0.9999958919648357 -0.002866365896485626 253.8939797741907 253.10856054527767 274.37495287831405 1.0 253.15155585709797 259.3750761191158 1.0 253.06556523345736 289.3748296375122 1.0
0.9999553217690459 0.009452749111443162 -419.9003093942601 417.04759852841005 303.7575398356472 1.0 416.82895762509685 326.8863812178635 1.0 417.2662394317233 280.6286984534309 1.0
-0.7707077053420118 -0.6371888518535542 200.0789345975395 248.1379063668513 13.868946619931853 1.0 255.84008617203628 4.552824238760615 1.0 240.4357265616663 23.18506900110309 1.0
0.9999815961659563 -0.006066904431938788 -474.0268406176151 475.49539919530446 240.61820252005674 1.0 475.6470690147454 265.6172823368221 1.0 475.3437293758636 215.6191227032914 1.0
0.999942202509717 0.010751355264158711 -632.8332925032919 630.5513398264851 215.63764797840736 1.0 630.4035172358715 229.38605859335712 1.0 630.6991624170987 201.88923736345757 1.0
-0.9148519451563287 -0.40378944815792517 230.65907944856573 217.95421240074853 77.42461924487445 1.0 241.24752230127802 24.649763515375263 1.0 194.660902500219 130.19947497437363 1.0
0.046334981559898646 -0.9989259579587687 214.00697262665537 147.47899436360143 221.0778560227189 1.0 159.38635608352422 221.63017662398454 1.0 135.57163264367864 220.5255354214532 1.0
0.02893523948133035 -0.9995812882983345 226.53921446033658 519.3628915089923 241.66829344625268 1.0 533.1194563003132 242.06650968072714 1.0 505.60632671767144 241.2700772117782 1.0
0.1429957455511221 -0.9897233031278383 25.990042957648583 86.25405421320016 38.721939379982345 1.0 106.89958812631993 41.70481702353947 1.0 65.6085203000804 35.73906173642523 1.0
0.9999590566953979 0.009049029387193014 -342.8623856558098 340.580142598625 253.74959406743648 1.0 340.3143382437305 283.122188697534 1.0 340.84594695351956 224.37699943733895 1.0
-0.19911971078170332 0.9799751735519685 -221.63202657640548 631.3624712958647 354.4464682715137 1.0 624.3941826283941 353.0305919701978 1.0 638.3307599633354 355.8623445728296 1.0
-0.525206397052128 -0.8509748765360363 139.07335346450307 261.00513869548604 2.340591964669534 1.0 265.11741162511726 -0.19742896710960162 1.0 256.89286576585476 4.8786128964486695 1.0
0.9996160982140527 0.027706609163038153 -110.62808159570172 101.85303498580015 318.12439119021315 1.0 101.64435562146377 325.65325373446115 1.0 102.06171435013653 310.5955286459651 1.0
-0.9996322636158785 -0.027117107850853577 170.26256291269007 164.0348955576705 231.88272838557214 1.0 164.40807826230727 218.12589731678253 1.0 163.66171285303375 245.63955945436177 1.0
0.012812579877762095 0.9999179155295079 -340.82178512451867 199.36917134121117 338.2951204673801 1.0 184.36362656915557 338.487395991216 1.0 214.37471611326677 338.10284494354426 1.0
1.0 0.0 -84.375 84.37500000000001 315.625 1.0 84.37500000000001 324.375 1.0 84.37500000000001 306.875 1.0
0.9334918793681245 0.3585985375789576 -224.4720510483861 199.69435660880953 106.13258786656424 1.0 196.57266957634016 114.25886053463752 1.0 202.8160436412789 98.00631519849095 1.0
0.2703107061656848 0.9627731415718913 -250.3670335066516 200.70850728302904 203.69635036694814 1.0 191.04258905888088 206.41017885684911 1.0 210.3744255071772 200.9825218770472 1.0
-0.9998773096246709 -0.01566415327203761 65.65969462579302 59.46983709155224 395.6264857250221 1.0 59.94001074161021 365.614268906665 1.0 58.99966344149428 425.63870254337917 1.0
0.9999921739191001 0.003956273568899719 -81.7813151796613 80.8645833486319 231.87594786468782 1.0 80.8200756193056 243.12577177855658 1.0 80.90909107795821 220.62612395081902 1.0
0.04603314287845133 -0.9989399129861276 209.04842362235806 175.63128061167453 217.3637079007135 1.0 185.6388303240803 217.82487574453035 1.0 165.6237308992688 216.9025400568967 1.0
-0.9884707816748143 -0.15141173592288568 249.62266787752836 189.70881281112014 410.14686879455434 1.0 190.37793034394028 405.77862661921927 1.0 189.0396952783 414.5151109698894 1.0
0.6367141625765789 0.7710999125757997 -240.46539774587097 313.8859918477009 52.66469447051219 1.0 302.96557321992367 61.68192438867448 1.0 324.80641047547806 43.647464552349895 1.0
-0.9989642567664002 0.04550179890019375 117.04624531496424 131.77066105645685 320.60128442206457 1.0 131.2580020022939 309.3461674070251 1.0 132.28332011061983 331.856401437104 1.0
-0.034593120341198255 -0.9994014788987755 347.5046722262896 206.26983356185747 340.57299517524496 1.0 223.14624727954828 339.988837734026 1.0 189.39341984416663 341.15715261646386 1.0
-0.004870567675906903 -0.9999881387149122 308.77704254263523 145.62473903928608 308.071421518816 1.0 158.12444250891753 308.0105401450071 1.0 133.12503556965464 308.132302892625 1.0
-0.07134058535620555 0.997452014325017 -259.6542582297184 488.81942793864266 295.2792897527563 1.0 476.87144273336787 294.42473610392904 1.0 500.7674131439175 296.13384340158365 1.0
0.17950527204002328 0.9837570113141949 -329.9423273926946 6.338229877778437 334.23353321262107 1.0 0.5633739867782878 335.28726606106204 1.0 12.113085768778586 333.17980036418004 1.0
0.9999869921459089 0.005100543008122404 -58.45545709355746 56.46697418977703 390.00110670058234 1.0 56.28525344901693 425.6283676949194 1.0 56.648694930537125 354.37384570624533 1.0
-0.9999542279831987 -0.009567755145547556 166.22282864554447 163.68291207668383 266.24935808979495 1.0 163.8324586218032 250.61980885932812 1.0 163.53336553156447 281.8789073202618 1.0
0.11487238231528192 -0.9933802573945244 96.97342684825243 8.763525100047977 98.63303918578035 1.0 16.99527024710509 99.58494070447458 1.0 0.5317799529908618 97.68113766708612 1.0
0.08242325040743746 0.9965974151041497 -430.7126957913143 17.509109997067156 430.7351509523569 1.0 0.5433948698212188 432.13829465419775 1.0 34.47482512431309 429.3320072505161 1.0
-0.029968154309729177 0.9995508539975684 -242.1053121654701 175.0011716707646 247.46092036562328 1.0 165.61586958317582 247.17953380076827 1.0 184.38647375835336 247.74230693047832 1.0
-0.1220942583323534 -0.992518509692526 184.6444638258103 428.77045371401493 133.291270634091 1.0 439.38854276904163 131.98509075389717 1.0 418.15236465898823 134.59745051428487 1.0
0.9990308104340534 0.04401635836229946 -29.749777250381303 18.434043794982472 257.4860792666236 1.0 18.020579474789262 266.87039932982043 1.0 18.847508115175682 248.1017592034268 1.0
-0.9871956406708791 0.15951415937280433 1.2204582168404554 16.184439150817948 92.51059352707222 1.0 15.054112393655151 85.5152668953036 1.0 17.314765907980743 99.50592015884085 1.0
-0.011949602977232139 0.9999286009454308 -270.6797211658098 13.769555711099121 270.86360129478 1.0 5.638247935699244 270.76642845712956 1.0 21.900863486499 270.96077413243046 1.0
0.10359536295148788 -0.99461952563528 109.77594690040387 41.77388764354909 114.72078016953486 1.0 83.03198379757684 119.01804895986342 1.0 0.5157914895213267 110.42351137920629 1.0
0.09858975170722935 0.9951281630314293 -257.06416872395795 519.3742090838183 206.86701678720755 1.0 478.0346093808624 210.96263082145927 1.0 560.7138087867742 202.7714027529558 1.0
-0.03323445236643513 -0.9994475830056838 258.53304070910445 605.0143819209254 238.55750227052116 1.0 618.1664050964719 238.1201603876828 1.0 591.8623587453791 238.9948441533595 1.0
0.09829326872672477 0.9951574917182787 -346.9574826318043 40.71139298245903 344.62467458188837 1.0 33.222718930812114 345.3643426817531 1.0 48.200067034105956 343.8850064820237 1.0
0.4358782538820323 0.9000056376449821 -182.83198737894747 348.7461292104371 34.245489407414404 1.0 325.09509323487663 45.69983128298711 1.0 372.3971651859976 22.7911475318417 1.0
0.13034197423782914 -0.9914690967205105 266.390321805196 451.7990794185672 328.07750322362256 1.0 468.0153140010256 330.2093457966011 1.0 435.58284483610873 325.94566065064396 1.0
0.06380400922512235 -0.9979624483951289 349.4230797014641 23.764012101093094 351.6558358615101 1.0 28.200794194452506 351.9394983240304 1.0 19.327230007733682 351.3721733989898 1.0
0.9997467609946986 0.022503641496632015 -136.30446479562775 131.0775199049874 233.74611758659802 1.0 130.83816275515807 244.3797981533021 1.0 131.31687705481676 223.11243701989397 1.0
-0.056732308750123916 0.9983894255969865 -199.8138837198986 95.00512704552071 205.53477296455574 1.0 85.51869865443226 204.99571779167331 1.0 104.49155543660916 206.07382813743817 1.0
-0.09152561938553544 0.9958027219264337 -137.476139988716 234.41169980337878 159.60070454213695 1.0 209.3363062131323 157.29599008499676 1.0 259.48709339362523 161.90541899927712 1.0
0.6485127711716198 0.7612037740495684 -176.54508129869373 260.20734448348264 10.2433743950334 1.0 248.69862694539103 20.04830516088268 1.0 271.7160620215742 0.43844362918412205 1.0
-0.9391420553761602 -0.3435290378175346 208.826507742311 206.7463128288693 42.681546409919505 1.0 209.33313109908812 35.60968476290418 1.0 204.1594945586505 49.75340805693483 1.0
-0.9995287533559051 -0.030696436516151514 195.98707340910366 188.90065814690712 233.75462684862907 1.0 189.3806528620954 218.125173604533 1.0 188.42066343171885 249.38408009272513 1.0
0.07975418722955763 0.99681456129982 -252.6855902045849 491.85620814154174 214.14012834252736 1.0 484.3045384504528 214.74433026916608 1.0 499.40787783263073 213.53592641588864 1.0
-0.0026359661557110504 0.9999965258351781 -346.29890440983456 8.12810640991631 346.32153300132813 1.0 3.1264936783804695 346.30834887364 1.0 13.12971914145215 346.33471712901627 1.0
0.13013764416765178 0.9914959372435641 -498.80315783855224 343.1146673877847 458.0462776357059 1.0 335.5803972541627 459.0351794848029 1.0 350.64893752140676 457.057375786609 1.0
-0.07885031506231374 0.9968864668629893 -343.85251278064356 23.75550260312064 346.80543184952205 1.0 14.242278437375257 346.0529683066194 1.0 33.268726768866024 347.5578953924247 1.0
-0.997524549849895 -0.07031907598059144 285.4953069420536 264.57937491484347 306.757231658042 1.0 264.9331904206897 301.73811489239245 1.0 264.22555940899724 311.77634842369156 1.0
0.0 1.0 -246.875 148.75 246.875 1.0 139.375 246.875 1.0 158.125 246.875 1.0
-0.9999990714514441 -0.001362753187355981 341.05393778592367 340.6394660579416 304.3750197136848 1.0 340.6633142165761 286.8750522128692 1.0 340.61561789930704 321.87498721450044 1.0
0.9999999611817574 0.00027863324193682173 -192.7910716873861 192.76304172823978 100.62489914638937 1.0 192.76095197900636 108.12489856411575 1.0 192.76513147747318 93.124899728663 1.0
0.42614083986474055 0.9046568325057704 -184.79401281725197 424.1309106763116 4.481821375096297 1.0 413.23725425159756 9.613305194399631 1.0 435.02456710102564 -0.6496624442070359 1.0
0.9986535601382762 0.05187549347376273 -142.86936142197683 126.60251136914951 316.8608454595711 1.0 126.21060518880931 324.40541951619946 1.0 126.99441754948973 309.31627140294285 1.0
0.022796662440459622 0.9997401223225842 -339.2561390778399 401.25443937433374 330.19468729911773 1.0 394.3687680167749 330.3516984284196 1.0 408.14011073189255 330.03767616981594 1.0
0.05625472226248413 0.9984164492951679 -267.5086088084381 488.77217366914203 240.39354129079837 1.0 478.14569395298497 240.9922790875187 1.0 499.3986533852991 239.79480349407802 1.0
0.018453069184951543 -0.9998297276224865 300.7951502387175 215.63974155213376 304.8262688021214 1.0 223.1602500928374 304.9650689003517 1.0 208.1192330114301 304.687468703891 1.0
0.016225435626943077 -0.9998683589546756 217.67679248910142 119.99549381492602 219.65268695883822 1.0 129.38830483240602 219.80510947441766 1.0 110.60268279744601 219.50026444325877 1.0
-0.9935031115036937 -0.11380495346196094 296.89379424962283 286.95793056544255 103.68790639801863 1.0 288.0422045234628 94.22232938888126 1.0 285.8736566074224 113.15348340715599 1.0
0.9202456681308516 0.39134116865773566 -221.08055367642012 229.89427207361638 24.33003842973283 1.0 226.71470973983227 31.806835400142774 1.0 233.07383440740048 16.85324145932289 1.0
-0.4797652824554163 -0.8773968735700365 220.43468527126282 426.96450309158183 17.770680882018258 1.0 439.96245365181437 10.663332303833785 1.0 413.9665525313493 24.87802946020273 1.0
0.057680337359195394 -0.9983351034007215 298.7618663311134 276.9321823664546 315.26028381003266 1.0 283.19737867419394 315.62226510811684 1.0 270.6669860587152 314.8983025119485 1.0
0.9999747712758852 0.007103295836509818 -300.91127471387176 298.2728145988806 372.50104999731485 1.0 298.04640275631783 404.3744416864406 1.0 298.4992264414433 340.6276583081891 1.0
0.997764789326128 0.06682383692207083 -174.05366962087652 167.9507013945909 96.94704352702958 1.0 167.35613620541395 105.82465723561721 1.0 168.54526658376787 88.06942981844195 1.0
1.0 0.0 -285.625 285.625 274.375 1.0 285.625 288.125 1.0 285.625 260.625 1.0
0.9999219603039919 0.012492930073539712 -342.17628037831196 338.4158229779017 303.12082482400126 1.0 338.2127311612406 319.37609610480234 1.0 338.6189147945628 286.8655535432002 1.0
0.9999385394722792 0.01108680648542938 -383.4971286025157 379.2658899078125 383.74879024317 1.0 379.13424217243465 395.6223306004932 1.0 379.3975376431904 371.8752498858468 1.0
0.03972576509487714 -0.9992106202336056 209.17402794618556 69.39097984393983 212.09806363109112 1.0 79.40000748380342 212.49599403014594 1.0 59.38195220407625 211.70013323203634 1.0
-0.9999618568780804 -0.008734116380137238 412.1839546567848 409.5301515806384 305.6318141946141 1.0 409.715792152347 284.3779766318581 1.0 409.34451100892977 326.8856517573701 1.0
-0.9999653581999014 -0.008323604996808887 472.3257886532665 469.2830836931171 367.5044373318089 1.0 469.5484327129044 335.62644363540585 1.0 469.01773467332976 399.38243102821195 1.0
-0.14644835250314833 0.9892183176878163 -269.27928484313105 603.6998618831379 361.5886691810906 1.0 586.7340651795238 359.07697592620315 1.0 620.6656585867521 364.1003624359781 1.0
0.04889530430057624 -0.9988039092921863 245.69578685828566 6.871260515870135 246.326387935837 1.0 13.136841336654502 246.6331122868352 1.0 0.605679695085769 246.0196635848388 1.0
0.13437095088819814 -0.9909311013170399 274.90571301868533 252.44530123634541 311.6533811307476 1.0 263.1281216560465 313.101979056532 1.0 241.76248081664428 310.20478320496323 1.0
0.9989582238015734 -0.045634056352747324 -459.11754139020906 474.49841325707916 326.2158112502255 1.0 474.64477574501205 329.4197782578136 1.0 474.3520507691463 323.0118442426374 1.0
-0.032439539138416656 -0.9994736996542165 253.35923398630192 488.7541978568751 237.629337458331 1.0 499.3882809589414 237.28419105266772 1.0 478.12011475480887 237.97448386399432 1.0
-0.9979628007739226 -0.06379849740760313 325.7876024639283 300.1265958808774 411.8031821980479 1.0 300.7658250576277 401.8040918512888 1.0 299.48736670412717 421.802272544807 1.0
-0.9986590361017053 -0.051769968248134006 416.2287386958017 395.98774802358037 401.23640499309425 1.0 396.47411572886654 391.8542183665921 1.0 395.5013803182942 410.61859161959643 1.0
0.09594912430997672 0.9953862393785383 -255.71822706308254 599.970603203339 199.07003456036134 1.0 561.7190587018755 202.75724868209863 1.0 638.2221477048025 195.38282043862404 1.0
-0.9991632044762334 -0.04090098801721574 26.578721962848785 18.08245281615759 208.097673794186 1.0 18.74758325954037 191.8493165436153 1.0 17.417322372774816 224.34603104475673 1.0
0.031079165449662622 -0.9995169260572592 210.3368994357282 120.00637252597001 214.17005731648163 1.0 129.37231707729768 214.4612837406817 1.0 110.64042797464234 213.8788308922816 1.0
0.008832201780625413 -0.9999609953451716 325.30199579172677 353.13883353688846 328.4337996730892 1.0 365.63233852873253 328.54414913426706 1.0 340.6453285450444 328.32345021191134 1.0
0.15674295351235343 -0.9876394314344806 -21.651486313977713 151.82765958144228 2.173292605954555 1.0 164.21406206485545 4.139072066403049 1.0 139.4412570980291 0.20751314550606081 1.0
0.99996804654231 0.007994116233613794 -284.4934265306548 281.51964014721295 373.1221591212561 1.0 281.2498473454168 406.8700022973216 1.0 281.78943294900904 339.3743159451907 1.0
-0.07788397785076097 0.9969624295800431 -139.29592434931254 18.706509020215098 141.18171107290198 1.0 0.5943944618419561 139.76676955931956 1.0 36.81862357858824 142.59665258648437 1.0
0.7220395500660461 0.6918517819160559 -148.20983867493547 182.8035958264087 23.44203342089218 1.0 167.81833204606704 39.08115353360401 1.0 197.78885960675035 7.802913308180354 1.0
-0.07452970062374802 0.9972187943099219 -197.4088025417185 120.04252166879616 206.93105356744928 1.0 110.58024222475684 206.22386587884327 1.0 129.50480111283545 207.63824125605527 1.0
0.9999268746400407 0.012093195301499413 -554.9122484731511 550.3116809307312 383.75376949401266 1.0 549.8656855599032 420.6309343902619 1.0 550.7576763015592 346.8766045977634 1.0
-0.999875479166896 -0.015780562752010133 172.3205507368183 170.74400030546303 101.25187812565365 1.0 170.95109440084238 88.13014659401375 1.0 170.53690621008366 114.37360965729354 1.0
0.04765238156427927 0.9988639799949002 -348.8569623808583 361.2866373509356 332.0179727428248 1.0 333.1362554656713 333.36093110917176 1.0 389.43701923619994 330.6750143764778 1.0
-0.011464803618324674 0.9999342769792389 -206.39102100163055 147.50033525219345 208.09576006089287 1.0 135.61256605999628 207.95946016360338 1.0 159.38810444439062 208.23205995818236 1.0
0.041514085628150725 0.999137918755193 -346.8185438649891 253.7634596742343 336.57393995190057 1.0 215.6263932281702 338.158531440552 1.0 291.9005261202984 334.98934846324914 1.0
0.050099761205020646 0.9987442184699744 -349.2727354439563 314.3846061332622 333.9414993170967 1.0 298.1441203776638 334.75616681970865 1.0 330.6250918888606 333.12683181448483 1.0
0.09680972286684827 -0.9953029074399633 296.2370017228862 632.5813100256362 359.16404982347535 1.0 638.2138137110511 359.71190426733915 1.0 626.9488063402214 358.6161953796116 1.0
-0.9846973645574874 -0.1742730622716517 103.66791218647226 37.1520395020345 384.938417483673 1.0 38.60328589417198 376.7384210009475 1.0 35.70079310989701 393.13841396639845 1.0
0.9999654325360176 0.008314669750227039 -37.07330032936216 33.63427637252575 413.7490377629931 1.0 33.5251068958196 426.87832687170504 1.0 33.74344584923189 400.61974865428124 1.0
0.9999955184862725 -0.002993828213306085 -319.7326290286073 320.6078839985063 291.8731800915789 1.0 320.66402362781884 310.6248831694385 1.0 320.5517443691937 273.1214770137193 1.0
0.9992819573544865 0.0378889127026096 -393.79958530770443 378.772981066991 403.77456893962653 1.0 378.4653546988551 411.88790493576704 1.0 379.0806074351269 395.661232943486 1.0
0.09323631028068276 0.9956440078889865 -255.88630598611763 448.302909355908 215.02484335098637 1.0 419.4547202294249 217.7263096292151 1.0 477.1510984823912 212.32337707275764 1.0
-0.994070175859892 0.1087404499985321 74.33262639331154 110.04599342539046 322.4266006276067 1.0 109.0030356031027 312.8922160832165 1.0 111.08895124767821 331.96098517199687 1.0
-0.998368291157602 -0.057103022783822205 306.7305171562383 283.6407375206984 412.45800286581994 1.0 284.25054309202625 401.7963860808415 1.0 283.0309319493705 423.1196196507983 1.0
-0.9999938778927092 0.003499168058474382 299.7576566898894 301.06731615498234 373.7506392453888 1.0 300.99513860300016 353.12370481489387 1.0 301.13949370696446 394.37757367588375 1.0
0.9999658612693441 0.008262947165446908 -423.062501601374 421.0678317088449 243.1389882565115 1.0 420.88183639919936 265.64778037120334 1.0 421.25382701849037 220.63019614181968 1.0
-0.2196672179603539 0.9755748630184967 60.162102572343855 308.2136767563569 7.731173305060712 1.0 274.4849750601394 0.1365843628051322 1.0 341.9423784525745 15.325762247316291 1.0
0.9997343725685874 -0.023047435972200426 -414.39280929786605 420.9282668792499 278.71419166937784 1.0 421.17374482025394 289.36234947856457 1.0 420.68278893824584 268.0660338601911 1.0
-0.9255570010107383 -0.37860829082312514 226.43622274066914 233.75830397373124 26.622734360814036 1.0 239.29334903354703 13.091599860603877 1.0 228.2232589139155 40.15386886102419 1.0
0.9994896789567221 0.031943413389753005 -266.50302022907334 261.9648904476213 146.2528728738161 1.0 261.7453915526646 153.12085774991056 1.0 262.1843893425781 139.38488799772168 1.0
0.47334937210866884 0.8808747765286102 -209.19553964564855 386.48130127517356 29.805437793065376 1.0 373.1698724758454 36.958504984820294 1.0 399.7927300745018 22.65237060131046 1.0
0.306572884934625 0.9518471863817537 -233.92285941099743 448.92433394848285 101.16627186880754 1.0 259.839477255771 162.06710851895204 1.0 638.0091906411948 40.26543521866306 1.0
0.13228485065873263 -0.991211742407341 269.6887998448385 586.8221704928424 350.395852038834 1.0 619.3271038878993 354.73388605908684 1.0 554.3172370977856 346.05781801858114 1.0
0.0 -1.0 213.125 95.0 213.125 1.0 104.375 213.125 1.0 85.625 213.125 1.0
-0.9999979049304628 0.0020469818476927097 409.4395176287644 409.9303730329397 239.37514252543627 1.0 409.88687214097416 218.1239522048239 1.0 409.97387392490526 260.6263328460487 1.0
-0.03297913632767542 0.9994560403374831 -188.17760336406675 9.339093134121685 188.5881829540682 1.0 0.5780090910298497 188.2990927156043 1.0 18.10017717721352 188.8772731925321 1.0
0.08988689547082514 -0.9959519797774474 126.87456092382993 223.17846585159887 147.53259528436854 1.0 251.91998337849967 150.12658157494323 1.0 194.43694832469808 144.93860899379385 1.0
0.9989385215087181 -0.046063328646296565 -257.90771473210157 272.24522602948196 304.9829280352071 1.0 272.62174558877575 313.14820620622567 1.0 271.86870647018816 296.8176498641885 1.0
0.13409087390171515 -0.9909690396456765 270.92223733697153 456.7637404145649 335.1972394360023 1.0 467.9775612175175 336.7146138151078 1.0 445.54991961161227 333.67986505689674 1.0
0.15933857857096803 -0.9872239955445692 24.161180820744804 126.88261906453997 44.952794085368936 1.0 143.21162281001477 47.588305639004496 1.0 110.55361531906516 42.31728253173338 1.0
0.8516546658288529 0.5241033582910387 -194.18250030228202 29.495774378546106 322.574323854411 1.0 26.856260119831283 326.8634675860716 1.0 32.13528863726093 318.28518012275043 1.0
0.10231675428836387 -0.9947518694588589 33.14876423500043 150.61823975671768 48.81572496058798 1.0 156.99364736030196 49.47147744851138 1.0 144.24283215313338 48.15997247266458 1.0
1.0 0.0 -284.375 284.375 106.25 1.0 284.375 115.625 1.0 284.375 96.875 1.0
-0.9999666223430518 -0.008170324340471016 38.27091341879957 34.67714970333168 439.99736212031655 1.0 34.74357309423435 431.86779821591875 1.0 34.61072631242901 448.1269260247143 1.0
-0.03276907587062155 0.9994629496217383 -209.1360068326801 176.24911450465322 215.02700777387435 1.0 166.8637118220127 214.71929154217193 1.0 185.6345171872937 215.33472400557676 1.0
0.9997341737373875 -0.02305605910868359 -190.14594129651326 193.40997680328204 139.33960007386298 1.0 193.52522645429534 144.33694216455487 1.0 193.29472715226873 134.34225798317112 1.0
0.1357953394901055 -0.990736910472587 278.91298261154276 603.1501513354245 364.191500651301 1.0 620.6637884242054 366.5920070511716 1.0 585.6365142466436 361.79099425143033 1.0
-0.9188074539391229 -0.3947060457934571 225.05247718277238 217.09201547108904 64.8247359014547 1.0 220.07214780847534 57.88750290363948 1.0 214.11188313370278 71.76196889926992 1.0
-0.04970769194185318 -0.9987638085963136 351.00219606541225 273.1110207019262 337.8441175763696 1.0 291.87674998211065 336.91016193831484 1.0 254.3452914217417 338.77807321442447 1.0
0.9999837160406146 0.005706807654306444 -369.0068571710073 368.6776084652951 58.74602005584245 1.0 368.59557444112494 73.1205518958219 1.0 368.7596424894653 44.371488215862996 1.0
0.9999862306772718 0.0052477095824961404 -381.29915488485597 379.4480003516784 353.7503830899199 1.0 379.3594464718175 370.6249183784772 1.0 379.53655423153924 336.8758478013626 1.0
0.14276581379215034 -0.9897564965244052 273.94347685831923 519.4887406141781 351.7114673057137 1.0 533.2234309067512 353.69260533682336 1.0 505.754050321605 349.73032927460406 1.0
-0.1551512866783581 0.9878907218119066 -25.09730123530374 43.78433163334666 32.281401090677846 1.0 34.34761993122733 30.7993363943811 1.0 53.22104333546599 33.763465786974585 1.0
-0.9999841928779012 -0.005622632331264946 366.4362636521075 366.11875372618715 57.49926203879245 1.0 366.1855411884455 45.621123365316635 1.0 366.0519662639289 69.37740071226827 1.0
0.09486956454001817 0.9954897115108661 -432.29408915636685 234.99833186679177 411.8574958673075 1.0 190.55050888561433 416.0933463861203 1.0 279.44615484796924 407.62164534849467 1.0
0.06077917888985499 -0.998151236743949 206.00748937757908 149.38350794231474 215.4852775934338 1.0 163.15854746497152 216.32406390210335 1.0 135.60846841965795 214.6464912847643 1.0
-0.999998244904463 0.0018735495707342877 22.828783138068346 22.93186929000648 55.00036184059386 1.0 22.923668137285656 50.62303526481324 1.0 22.940070442727304 59.37768841637448 1.0
0.13113887613265632 -0.9913640073992316 265.99523214000004 529.3472090899102 338.335089553978 1.0 549.3282768976652 340.97821030143535 1.0 509.3661412821551 335.6919688065206 1.0
-0.05390557562005965 0.9985460374549938 -205.30312820715474 149.3795249386269 213.66618010783378 1.0 135.6358378416846 212.92423999059002 1.0 163.12321203556922 214.40812022507757 1.0
-0.025985451839743465 -0.9996623211328336 345.6880702060968 238.7395760501796 339.59898985258866 1.0 251.87194889970974 339.2576239383104 1.0 225.6072032006495 339.9403557668669 1.0
-0.9990798945237702 0.04288781130312219 18.873643978981853 36.491928293677674 410.0164442374893 1.0 36.08792580704459 400.6051278408576 1.0 36.89593078031075 419.4277606341209 1.0
0.9999779158311861 -0.006645889700973671 -79.16781172495436 81.283773767879 318.11646799271534 1.0 81.33364444477537 325.62029032317355 1.0 81.23390309098262 310.6126456622572 1.0
0.9998973155056149 0.014330333027004509 -443.3294790222007 443.0079066920687 25.61436446365556 1.0 442.7212011125607 45.61921283321476 1.0 443.2946122715767 5.609516094096354 1.0
-0.997841545801492 -0.06566772017124667 407.3523158318369 381.74829322819676 402.4505303520891 1.0 382.3652944410384 393.07500395376564 1.0 381.1312920153552 411.82605675041265 1.0
-0.006830400591846085 0.9999766725417922 -264.53431703001723 445.6244238257326 267.5843524210558 1.0 423.12120464832316 267.43064283381403 1.0 468.12764300314205 267.7380620082976 1.0
0.010889499025798305 0.999940707647692 -299.0659959198627 118.12823759313301 297.7972956938456 1.0 110.62232141869964 297.8790362073022 1.0 125.63415376756639 297.7155551803891 1.0
-0.9998262087019579 -0.01864275711017237 291.6120375627399 284.6703742044167 375.00550754671326 1.0 285.05524868635763 354.3643764183605 1.0 284.28549972247583 395.64663867506596 1.0
0.9999996895444732 -0.0007879790334332737 -294.07261107499545 294.36523968453355 371.2500076909263 1.0 294.39134148191255 404.37498712325083 1.0 294.3391378871545 338.1250282586018 1.0
0.999860690513921 0.016691302076979598 -316.06126938256256 311.3269076740966 286.24085035078934 1.0 310.8154595095197 316.87817946013575 1.0 311.8383558386735 255.6035212414429 1.0
0.24382666356211136 0.9698188274807665 -250.94227023225167 563.783504998988 117.00826589618458 1.0 488.214098374707 136.0075220071744 1.0 639.3529116232689 98.00900978519475 1.0
-0.04893977452872259 0.9988017313106129 -205.99112506947378 120.01866905043468 212.11898721284126 1.0 110.63557242008132 211.65922966629782 1.0 129.40176568078806 212.5787447593847 1.0
0.9996362747741242 0.026968836751177963 -165.7278263314326 160.61160901661754 191.87463872935194 1.0 160.4412967993224 198.1874905596411 1.0 160.7819212339127 185.5617868990628 1.0
0.10465670574630465 -0.9945084081808115 267.1438045944134 448.1742088745375 315.7823888790907 1.0 466.913993336901 317.7544628123964 1.0 429.43442441217405 313.81031494578497 1.0
0.7375624490640464 0.6752789303174251 -224.2345385018858 14.40411645399508 316.3294358866824 1.0 10.488809440355462 320.6058664106738 1.0 18.3194234676347 312.05300536269107 1.0
-0.9999471559857609 0.010280332484322832 499.0815656398287 499.2364660965679 12.50142424985071 1.0 499.14009307253394 3.1274150489381003 1.0 499.3328391206018 21.87543345076332 1.0
-0.9999940857735296 0.003439246714440986 371.2195456870302 371.4173549035154 56.87657396370324 1.0 371.35716844197117 39.37678096101759 1.0 371.47754136505966 74.37636696638889 1.0
-0.9963866878832465 0.08493272754983179 20.08410810057867 28.086183860882848 93.02175780485621 1.0 27.548255406269863 86.71106030729246 1.0 28.624112315495836 99.33245530241994 1.0
-0.9990600944652726 -0.0433465990250741 566.45981437802 552.430974826347 335.62200517862584 1.0 552.702810764356 329.35668231559686 1.0 552.1591388883379 341.8873280416548 1.0
0.050008472869044605 0.9987487935618776 -22.497359367107453 395.6670122831034 2.714052157705064 1.0 385.62958837925805 3.216637236361733 1.0 405.7044361869487 2.2114670790483952 1.0
-0.9998203272329815 0.018955559916119715 619.1453190720351 624.0197013115601 251.23303738796224 1.0 623.083938701973 201.8757784797666 1.0 624.9554639211472 300.5902962961579 1.0
0.9982314359235916 0.05944745859937431 -35.26855619904121 22.675453088605963 212.5104487194509 1.0 21.894376362676702 225.62615391629294 1.0 23.456529814535227 199.39474352260888 1.0
-0.05346454885345675 0.9985697481978394 -268.5585981073437 444.9856356262343 292.7682867320832 1.0 423.0730617426001 291.5950628496044 1.0 466.8982095098685 293.941510614562 1.0
-0.999998629712234 -0.0016554678052467236 58.29126032965658 57.56603891139787 438.12407465664546 1.0 57.58052423484469 429.37409863666494 1.0 57.55155358795105 446.8740506766259 1.0
0.999992230791699 0.003941872174677741 -302.2167737143374 301.8520323762682 93.1249094638597 1.0 301.79783205496324 106.87469581146136 1.0 301.90623269757316 79.37512311625802 1.0
-0.02218603506417729 -0.999753859631525 311.23086425697255 181.25910026180952 307.28507876537697 1.0 204.37271767079756 306.77215298734114 1.0 158.1454828528215 307.79800454341273 1.0
-0.4699351352449012 -0.8827009508674818 210.4192679408996 385.11972625512453 33.34988737554647 1.0 396.964838950032 27.043748664806486 1.0 373.2746135602171 39.65602608628647 1.0
-0.9855878779822569 -0.16916422427461353 125.86588634521713 113.04586824192685 85.41551271821139 1.0 113.98370316661435 79.95148072631757 1.0 112.10803331723938 90.87954471010521 1.0
-0.25720533438565096 0.9663567746767059 -266.54906924180517 453.8186365887992 396.617122640126 1.0 444.4424555207244 394.12156007972345 1.0 463.194817656874 399.11268520052863 1.0
-0.23616416043943933 0.9717131723527961 -278.4860811092339 490.5770665186242 405.8222255026458 1.0 481.7413751731981 403.67480825251 1.0 499.4127578640502 407.96964275278157 1.0
-0.7245132422519238 -0.6892608808002998 145.78114941322974 178.38385569823362 23.996260656340986 1.0 195.74900329830874 5.742969717639337 1.0 161.01870809815853 42.24955159504263 1.0
0.9998061547955331 -0.01968890126366901 -200.35890689862885 206.58876245660156 314.3806367953957 1.0 206.7364005915859 321.8777293991484 1.0 206.44112432161722 306.88354419164295 1.0
-0.4760226769111576 -0.8794330054451763 210.23825836505569 427.5679838663116 7.6255974951868755 1.0 434.71663192608776 3.756151426366844 1.0 420.41933580653534 11.495043564006908 1.0
-0.15647723376770206 0.987681565744956 5.849387349910741 109.96061612768983 11.498590313950412 1.0 93.0158348591332 8.81404846193898 1.0 126.90539739624647 14.183132165961846 1.0
0.9998421543365035 0.01776700345415286 -431.62353130908815 425.0279850027582 375.0004972881354 1.0 424.6614011066757 395.63008929277436 1.0 425.3945688988407 354.3709052834965 1.0
0.0 -1.0 265.625 449.375 265.62499999999994 1.0 468.125 265.62499999999994 1.0 430.625 265.62499999999994 1.0
-0.20607881757433844 0.978535395858097 38.19625161247234 208.1659632518638 4.8054919358040795 1.0 196.76356046204236 2.404154493766885 1.0 219.5683660416852 7.206829377841275 1.0
-0.9999986004324556 0.0016730610060543593 395.7901354975659 396.40449411657596 366.8747415215561 1.0 396.37312251715855 348.123748343637 1.0 396.43586571599343 385.62573469947523 1.0
-0.07239309084012711 -0.9973761779783059 357.2570623396035 428.0977130196459 327.1240610276716 1.0 434.3600852372961 326.6695159013322 1.0 421.8353408019957 327.57860615401097 1.0
0.1826251188214473 -0.9831826208672793 -25.274612203812794 283.2357434175616 26.903800505512645 1.0 315.6617959284086 32.92690503057047 1.0 250.80969090671465 20.880695980454824 1.0
0.0 -1.0 333.125 378.75 333.1250000000001 1.0 389.375 333.1250000000001 1.0 368.125 333.1250000000001 1.0
-0.9999999910380093 -0.00013388047426170663 382.4917372502246 382.44237225381846 368.7499922847699 1.0 382.4449661991865 349.37490895675137 1.0 382.4397783084504 388.12507561278846 1.0
0.9999922989731143 0.003924537484311913 -341.8212353736435 341.5319737021688 74.3761066248859 1.0 341.4681908329254 90.62830915951417 1.0 341.59575657141215 58.12390409025763 1.0
-0.047798218929596105 -0.9988570119227067 342.9890017335191 16.878531342239686 342.573795761361 1.0 33.12124520041554 341.7965345680803 1.0 0.6358174840638364 343.35105695464176 1.0
-0.9998961008374798 -0.014414837148035736 320.3710012981231 316.4037261260147 277.50221616732983 1.0 316.7191477938763 255.6227531823871 1.0 316.0883044581532 299.38167915227257 1.0
-0.9997959700161827 -0.02019946383942967 485.12050292029 477.9970276127423 357.48478725763596 1.0 478.1361256041886 350.5999702946298 1.0 477.857929621296 364.36960422064203 1.0
-0.9299160413860296 -0.367771880345597 213.90684177243293 199.59108246988703 76.9604583131415 1.0 203.51826276582628 67.03053123123058 1.0 195.66390217394778 86.89038539505242 1.0
0.45694696113782457 0.8894939430411583 -204.5555995471697 428.1388191634681 10.026900413501341 1.0 416.9515350805101 15.773983353285534 1.0 439.3261032464261 4.279817473717149 1.0
0.9999886848054194 0.004757127402930248 -547.4129647907781 545.563859648501 389.99970914426734 1.0 545.4776376899522 408.1242989707844 1.0 545.6500816070499 371.87511931775026 1.0
-1.0 0.0 563.1249999999992 563.1249999999999 381.875 1.0 563.1249999999999 364.375 1.0 563.1249999999999 399.375 1.0
0.13024512899790663 -0.9914818235208948 266.4701537849937 566.2474918194778 343.14409334665277 1.0 578.0824663676535 344.6987842649796 1.0 554.4125172713021 341.5894024283259 1.0
0.0844812542512336 0.9964250687734318 -458.1710867608945 26.25751755367659 457.5886667581535 1.0 15.65573702858928 458.4875318551128 1.0 36.8592980787639 456.6898016611943 1.0
0.999949715468973 0.010028286669200255 -485.3027999910954 481.7795920952818 353.742775179716 1.0 481.6479145971786 366.87272260796453 1.0 481.9112695933851 340.6128277514675 1.0
0.999960144005479 0.008928068130447794 -398.2237525982646 397.79323008310786 49.99703781751762 1.0 397.7095327803571 59.371290532512546 1.0 397.8769273858586 40.622785102522705 1.0
-1.0 0.0 404.3750000000001 404.37500000000006 38.75 1.0 404.37500000000006 29.375 1.0 404.37500000000006 48.125 1.0
-0.9999998033331687 -0.0006271631556244103 444.9621319715035 444.94497226645217 27.50035746567555 1.0 444.95555564262196 10.62536410318045 1.0 444.93438889028243 44.375350828170646 1.0
-1.0 0.0 323.125 323.1249999999999 281.25 1.0 323.1249999999999 269.375 1.0 323.1249999999999 293.125 1.0
-0.25139786331836667 0.9678838330703535 -269.7491328271795 602.6050967019828 435.22037683647955 1.0 566.798388978627 425.9199530598355 1.0 638.4118044253385 444.5208006131236 1.0
0.9993270711456141 0.036679761116023606 -170.07534633715215 158.3303085948054 323.10959545335106 1.0 157.86959748258383 335.6615061641189 1.0 158.79101970702698 310.55768474258315 1.0
0.9270585297402353 0.3749166339813068 -211.62110229409208 201.66408837951582 65.79246366754465 1.0 198.61805814584972 73.32440024763144 1.0 204.71011861318195 58.26052708745787 1.0
-0.8402535467102378 -0.5421936713397402 293.64767893984737 256.0102128550841 144.8452716171791 1.0 259.49151990778904 139.4501872536994 1.0 252.5289058023792 150.24035598065876 1.0
-0.9993912729946415 -0.034886723293392374 346.5123923407725 344.0831308905159 75.636628924038 1.0 344.4761282942112 64.37853018373545 1.0 343.6901334868206 86.89472766434058 1.0
-0.9997668565654151 -0.02159241795882336 332.80569901287004 331.1825405927046 78.74854304860376 1.0 331.5201348603432 63.117335816731504 1.0 330.84494632506596 94.37975028047603 1.0
-0.9998019758034775 -0.019899979383465338 401.1854735889496 400.3566760637077 45.63209925213806 1.0 400.72997429518307 26.877089400061703 1.0 399.98337783223235 64.38710910421442 1.0
-0.9995663373653622 -0.02944719351644557 452.84149384785735 441.21717532792707 401.2490329861715 1.0 441.42007894934216 394.3615980398572 1.0 441.014271706512 408.1364679324859 1.0
0.05902914606998423 -0.9982562596419061 143.4803104885928 6.192516503178908 144.09711740891066 1.0 11.871574295903653 144.43293291594978 1.0 0.5134587104541621 143.76130190187152 1.0
0.07983090393312507 0.9968084202981133 -333.94087027461325 21.885598689230687 333.25734051161595 1.0 16.817993408793903 333.66318731434717 1.0 26.95320396966747 332.85149370888473 1.0
-0.05883984105564191 0.9982674356626818 -205.7146059782714 69.36555864957968 210.16018045773387 1.0 59.363468732755834 209.57063765597005 1.0 79.36764856640353 210.74972325949767 1.0
0.9997417665181868 0.02272444232748707 -175.74736284406853 166.07564010261234 427.49603674512247 1.0 165.919127155393 434.381685602026 1.0 166.23215304983168 420.61038788821895 1.0
0.05617955867992615 0.9984206814697544 -268.7707443343032 605.6316369948256 235.11795238432637 1.0 590.6439223662389 235.96128747251302 1.0 620.6193516234122 234.27461729613972 1.0
1.0 0.0 -76.875 76.875 233.75 1.0 76.875 243.125 1.0 76.875 224.375 1.0
-0.036420327696451135 -0.9993365597887847 347.16774244042443 332.48745868209164 335.28087905748094 1.0 364.36567360473396 334.1190932481977 1.0 300.60924375944927 336.4426648667642 1.0
-0.16341745985320524 0.9865570099163686 6.9538917898159465 65.61343164110681 3.819838593559954 1.0 48.07695929758928 0.9150234269163604 1.0 83.14990398462436 6.724653760203547 1.0
-0.3755970289705647 -0.9267830770080369 174.47943154897004 459.55251411541786 2.020831667871932 1.0 465.2542201950141 -0.2898966100691919 1.0 453.8508080358216 4.331559945813056 1.0
-0.4199618968361402 0.907541737445607 -269.2184052907364 127.73022177958084 355.7524884985693 1.0 115.8057188767367 350.23446475235386 1.0 139.65472468242498 361.27051224478475 1.0
-0.9997956281446403 -0.0202163780847192 500.1699282607578 494.59769797422575 280.6295030667457 1.0 494.79982043848594 270.63359008617437 1.0 494.3955755099655 290.62541604731706 1.0
0.9999918118956731 0.004046744569277147 -509.8522752734248 508.7537030460518 272.50001498540416 1.0 508.6398790518789 300.62708360106774 1.0 508.8675270402246 244.37294636974062 1.0
-0.2876699207216244 0.9577296156598764 -269.23876709356057 516.2675999810352 436.19140498585944 1.0 496.9462146425608 430.387907529303 1.0 535.5889853195097 441.99490244241593 1.0
-1.0 0.0 295.625 295.625 370.625 1.0 295.625 338.125 1.0 295.625 403.125 1.0
0.0434202099353985 0.9990568979638575 -261.3707043257619 449.38419901831367 242.08666048516233 1.0 430.615324592333 242.9023782580821 1.0 468.15307344429425 241.27094271224257 1.0
-0.7112010767478921 -0.7029886403297273 237.9597112053492 17.271414039910546 321.0240535854972 1.0 23.48130142382016 314.7416212095655 1.0 11.061526656000934 327.30648596142885 1.0
-0.9999445178687679 -0.010533811475316884 327.0587832371499 323.8836072058688 303.13299146867416 1.0 323.97577294244263 294.3839623790359 1.0 323.791441469295 311.8820205583124 1.0
0.9999702700509608 -0.007710967138331025 -508.56271571486377 508.75615675846564 23.124952524026334 1.0 508.79474760980787 28.129474440137585 1.0 508.7175659071234 18.120430607915083 1.0
0.9999753056505554 -0.007027665976581182 -389.58763896216055 392.16237617674057 364.9935879666439 1.0 392.3688396345139 394.3715293742978 1.0 391.9559127189672 335.61564655898997 1.0
0.4096769789554349 0.9122306577362702 -205.67476034737427 487.37121694973814 6.588237861338399 1.0 479.2084285449176 10.254094150182974 1.0 495.53400535455864 2.9223815724938245 1.0
-0.2586307306690723 0.9659762653158626 -265.0343713927968 523.2671376903936 414.46912095491535 1.0 502.03324690227464 408.78395364111725 1.0 544.5010284785127 420.15428826871346 1.0
-0.9999862240076567 -0.005248980368473594 581.9533564413921 580.4391189406024 290.0055856163763 1.0 580.7179671812135 236.88204930548088 1.0 580.1602706999914 343.1291219272718 1.0
0.015451150323206419 0.9998806238515124 -306.5169652574075 183.12459415791585 303.7237369951239 1.0 171.8676241447966 303.8976908969272 1.0 194.38156417103508 303.5497830933205 1.0
0.9983607096224781 -0.05723542156830697 -609.2577311417489 629.9652173561702 343.75199406813954 1.0 630.2927811344694 349.4657076599761 1.0 629.6376535778711 338.03828047630293 1.0
0.39203979579312814 0.9199482586072341 -215.03520062187536 528.1013349904549 8.694468432657738 1.0 508.24490635967766 17.15636849362004 1.0 547.9577636212321 0.2325683716954352 1.0
-0.9999786485009226 -0.006534718224112235 430.5028712573619 428.0982247059187 369.37890931335755 1.0 428.1881018521063 355.6254123616274 1.0 428.0083475597312 383.1324062650877 1.0
0.0 -1.0 239.375 458.125 239.37500000000006 1.0 468.125 239.37500000000006 1.0 448.125 239.37500000000006 1.0
1.0 0.0 -566.875 566.875 366.25 1.0 566.875 376.875 1.0 566.875 355.625 1.0
0.9956704826783888 -0.09295315983324198 -92.33529202519011 99.2040592554506 69.27426188514535 1.0 99.57272517094923 73.22323759172828 1.0 98.83539333995196 65.32528617856242 1.0
0.05850092056482898 -0.9982873545693481 263.74290846816393 447.5120039209388 290.4201594203506 1.0 466.89369665190515 291.55595149632586 1.0 428.1303111899725 289.2843673443753 1.0
0.03527440693137313 0.9993776644570559 -297.8894025507045 120.00314946782755 293.8392292195844 1.0 114.36311578010572 294.0383019530294 1.0 125.6431831555494 293.6401564861394 1.0
0.39517286364318593 0.9186067754159252 -216.78078089609784 470.01839779173156 33.79276694503139 1.0 451.7743828308552 41.641108400138016 1.0 488.2624127526079 25.944425489924757 1.0
0.9997331492620141 0.023100438668029542 -444.1745788771387 433.92395709949113 448.75401955792967 1.0 433.2452292730436 478.12777809028347 1.0 434.60268492593866 419.38026102557586 1.0
-1.0 0.0 184.375 184.37500000000006 268.125 1.0 184.37500000000006 251.875 1.0 184.37500000000006 284.375 1.0
0.03913236922328449 0.99923403548867 -334.99743171069395 353.1318434659117 321.4247459761683 1.0 341.87463207001247 321.8656050113126 1.0 364.3890548618109 320.98388694102397 1.0
-0.012847905407749806 -0.9999174622570772 261.27870008881655 394.9996778740956 256.22492981878634 1.0 408.13054062586434 256.0562118106259 1.0 381.8688151223269 256.3936478269468 1.0
0.39162667934393036 0.9201242003262637 -216.2691111037937 378.55664172999866 73.92070606920987 1.0 372.89349320695777 76.33107637565718 1.0 384.2197902530396 71.51033576276257 1.0
-1.0 0.0 28.125 28.125 217.5 1.0 28.125 201.875 1.0 28.125 233.125 1.0
0.30876300964201436 0.9511390034462919 -181.4615012403467 434.3088070015158 49.7960936360661 1.0 428.10400471236323 51.81032438687199 1.0 440.5136092906683 47.7818628852602 1.0
-0.9999186301387257 -0.01275668850031594 582.9088236197654 580.1495345006438 220.0019077202757 1.0 580.3011095584051 208.12086789429947 1.0 579.9979594428826 231.88294754625193 1.0
-0.9207958215115414 -0.3900449398298685 132.0209240705485 115.3611274903692 66.13822479996408 1.0 118.84974192217116 57.90250305705603 1.0 111.87251305856724 74.37394654287212 1.0
0.9999876213727287 0.004975650843064177 -510.2117684741483 508.64762757067604 315.62449062423036 1.0 508.6102951781027 323.1274146892526 1.0 508.6849599632494 308.1215665592081 1.0
0.09207104717205825 0.9957524402544242 -431.328196803647 322.46319334101236 403.3519343579737 1.0 303.0805367784205 405.14412829549315 1.0 341.8458499036042 401.5597404204542 1.0
-0.2023228821408564 -0.9793188711355546 219.93457490374556 383.80906463845474 145.2858950724875 1.0 400.6124773068892 141.81438545383003 1.0 367.0056519700202 148.75740469114496 1.0
-1.0 0.0 184.375 184.375 235.625 1.0 184.375 225.625 1.0 184.375 245.625 1.0
1.0 0.0 -29.37499999999995 29.37499999999999 221.25 1.0 29.37499999999999 230.625 1.0 29.37499999999999 211.875 1.0
0.9995571637140684 0.02975695663012139 -67.78431347596823 54.790093941217506 437.49375106725824 1.0 54.58505203663156 444.38125327852276 1.0 54.99513584580346 430.6062488559937 1.0
-0.005623312498979858 -0.9999841890532764 334.19367178014954 266.24410531617247 332.701758304721 1.0 276.87228385095386 332.6419917905598 1.0 255.61592678139107 332.7615248188822 1.0
0.3868746135955826 0.9221323296334798 -213.99514995496526 417.5111120180454 56.901485974336666 1.0 408.2014757476737 60.80728324341953 1.0 426.8207482884171 52.99568870525379 1.0
-0.22789651869814848 -0.9736853581959957 224.47124187966827 524.1652718893872 107.85393896461316 1.0 540.5421088393738 104.0208484320575 1.0 507.7884349394007 111.68702949716882 1.0
-0.06077157102580494 -0.9981516999710291 242.75941713494697 550.6058699508202 209.68579566420672 1.0 560.6068501417016 209.07689495501046 1.0 540.6048897599388 210.29469637340299 1.0
0.0 1.0 -290.625 391.25 290.625 1.0 381.875 290.625 1.0 400.625 290.625 1.0
1.0 0.0 -161.875 161.875 265.0 1.0 161.875 276.875 1.0 161.875 253.125 1.0
-1.0 0.0 478.125 478.12500000000006 379.375 1.0 478.12500000000006 365.625 1.0 478.12500000000006 393.125 1.0
0.99952610643287 0.030782504107801714 -314.91559630048874 312.29336064200527 89.99363610730587 1.0 311.96585930283635 100.62779820291314 1.0 312.6208619811742 79.35947401169861 1.0
-0.9551675242633225 -0.2960658720499125 62.724445039062125 49.747202599245355 51.36536875398879 1.0 51.0939885638446 47.020368749050775 1.0 48.40041663464611 55.71036875892681 1.0
-0.20393697020474047 -0.9789840203924223 213.35468679406 500.6044653347453 113.65142489060113 1.0 506.9688717265142 112.32562413221005 1.0 494.2400589429765 114.97722564899222 1.0
0.0441265203614863 -0.9990259507143883 316.8081398753904 316.9085805634517 331.1147348793178 1.0 323.1464108772066 331.3902569977919 1.0 310.6707502496968 330.83921276084374 1.0
