0.9999674900386453 0.008063427671397285 -95.88317744208807 93.38153500970932 310.62202881260816 1.0 93.32102063144562 318.1265806495706 1.0 93.44204938797301 303.1174769756457 1.0
0.9999989150265838 0.0014730735403102832 -143.5996750440621 143.16067295540813 298.12321120502054 1.0 143.12568749678408 321.8731596688112 1.0 143.19565841403215 274.37326274122984 1.0
-0.9999659775466229 -0.008248863511232508 88.82502259784256 86.85349238482556 239.3645111503725 1.0 88.82309670782232 0.5998244097580141 1.0 84.88388806182878 478.129197890987 1.0
0.9999498335623549 0.0100165043113223 -113.19407505975087 110.80204053969393 239.36425215775898 1.0 108.41034386656683 478.1278582914599 1.0 113.19373721282102 0.600646024058058 1.0
0.9994538701712198 0.0330448392305149 -102.80400967086427 93.93368522807472 269.9854088556525 1.0 92.79565933382729 304.4054396636807 1.0 95.07171112232216 235.5653780476243 1.0
0.9999665579334961 -0.008178203631362416 -90.1188839388761 92.95881817359768 346.8763591142677 1.0 93.20423968142595 376.8845750364978 1.0 92.7133966657694 316.8681431920376 1.0
0.9999695952451441 0.007797985974773789 -146.08484070089347 144.20305975116614 241.87853306100718 1.0 143.97883646553134 270.6316584072302 1.0 144.42728303680093 213.12540771478416 1.0
-0.0006995958913985005 0.9999997552827645 -264.17248109563843 216.249598548615 264.32383311089706 1.0 210.62416405435846 264.31989757907445 1.0 221.87503304287156 264.32776864271966 1.0
-0.6326781986167489 -0.7744148093851677 278.67476044759684 383.48668410317384 46.55269439425201 1.0 440.25609794927544 0.17345415581215384 1.0 326.7172702570722 92.93193463269186 1.0
-0.9997958560960072 -0.02020510166398577 405.90243821698346 399.3162966259084 329.99881365017234 1.0 399.91021063047225 300.6105546591921 1.0 398.7223826213446 359.38707264115266 1.0
-0.9993061701303121 -0.03724484312609935 153.58178749392397 140.3421118757426 358.0911623716787 1.0 140.85474013339967 344.3369741978833 1.0 139.82948361808553 371.84535054547416 1.0
0.004242166156132116 -0.9999910019726697 266.16965916657864 206.87425906903417 267.0496570670889 1.0 221.8739891294287 267.11328898686395 1.0 191.8745290086396 266.9860251473138 1.0
-0.9998157409820534 -0.01919593927130118 155.253579471557 149.42518071168345 305.06096180887994 1.0 149.98918783022376 275.6847907774583 1.0 148.86117359314315 334.4371328403015 1.0
-0.9997829301138759 -0.02083489027839676 145.30370681172843 141.41503973339934 188.11541469763245 1.0 141.67541932903853 175.62084085579386 1.0 141.15466013776012 200.60998853947103 1.0
0.08012634406590857 0.9967847154659986 -33.95538002701685 304.29295755060934 9.604378623530732 1.0 290.5313998332043 10.710598744524619 1.0 318.05451526801437 8.498158502536844 1.0
0.0017698282310749562 -0.9999984338527899 281.6616649137375 222.49967985019117 282.05589286959133 1.0 254.3745800083847 282.11230605610535 1.0 190.62477969199765 281.9994796830773 1.0
-0.2406727503063638 0.9706063194003893 68.44600011997572 334.3999404908323 12.39941778626798 1.0 319.5387957933239 8.71442986113296 1.0 349.2610851883407 16.084405711403 1.0
-0.9998709636837346 -0.016064120958204028 350.4035444434063 345.0260951698585 337.5205019926644 1.0 345.77981009964077 290.60740446650556 1.0 344.2723802400762 384.4335995188232 1.0
0.9998567685427681 0.016924609278016887 -149.58798819845876 143.251163767511 375.6271355783522 1.0 142.72198742883802 406.88933698480366 1.0 143.78034010618398 344.36493417190064 1.0
-0.9992998396002802 -0.03741430976049076 145.89031827608338 136.23462142423136 260.6244242180628 1.0 136.84305316665487 244.37380389381516 1.0 135.62618968180786 276.87504454231043 1.0
0.9999145825463528 0.013070103716230262 -176.21396511730023 174.11305234715047 161.87974553718337 1.0 173.94958323862787 174.38577830910722 1.0 174.2765214556731 149.3737127652595 1.0
-0.9998188430044577 -0.019033685224561763 136.54955677410595 134.45616109182657 111.26344328328446 1.0 134.58722039789274 104.37904006813832 1.0 134.32510178576038 118.1478464984306 1.0
-0.6291908644033125 -0.7772508321973111 277.4019888434871 297.34143397435867 116.20119430803273 1.0 317.37069684562374 99.98734326112478 1.0 277.3121711030936 132.41504535494067 1.0
-0.9971242550543383 0.07578403514151756 282.8178129155912 309.04872425049024 334.3997978050291 1.0 308.7581723520667 330.57687725548095 1.0 309.33927614891377 338.22271835457724 1.0
0.9991883943167348 0.040280921820947224 -152.05517655776828 144.46652165194934 191.30408162173484 1.0 143.73499429969576 209.4499831417174 1.0 145.19804900420291 173.15818010175224 1.0
-0.0018503282072209058 0.9999982881412975 -278.7787959240905 223.7503362321848 279.1932854220515 1.0 190.62544964272678 279.13199340511073 1.0 256.8752228216428 279.2545774389922 1.0
0.9998557764497056 0.016983118092872018 -377.6251711219119 372.59455977562936 299.3766061514812 1.0 370.3440803699512 431.87022842057416 1.0 374.84503918130747 166.88298388238826 1.0
-0.9997121180549678 -0.023993353539056364 142.47930397158967 134.9749048376089 314.3893978737465 1.0 135.24619156085896 303.0859081694401 1.0 134.70361811435885 325.6928875780528 1.0
-0.999914638199777 -0.013065845315522705 153.51084839492557 150.7391446955897 213.11832467379608 1.0 151.5723413256327 149.35471147006746 1.0 149.90594806554665 276.8819378775247 1.0
0.9999262579433331 0.012144079851628948 -322.00528837638586 318.4543628579727 294.3334564458967 1.0 317.33074961148014 386.8501726292237 1.0 319.57797610446517 201.8167402625696 1.0
-0.9853811347245507 -0.1703643722406681 394.3865378394918 394.8394843602049 31.222248153283196 1.0 396.0480370356883 24.23202483910388 1.0 393.6309316847215 38.212471467462514 1.0
0.891751628913701 0.452525173144833 -264.1949176557499 286.64410879170896 18.959313716413792 1.0 283.4820489389512 25.19050745271641 1.0 289.8061686444667 12.728119980111176 1.0
0.28166963995497596 0.9595114454385806 -265.95305102078356 336.5114888610565 178.39076534864918 1.0 324.73404618513655 181.84809569513652 1.0 348.2889315369764 174.93343500216184 1.0
0.9999123817287169 0.013237404035717713 -296.70831260083514 293.0937123383937 274.99958579629015 1.0 291.99301146733245 358.14311050732994 1.0 294.1944132094549 191.85606108525042 1.0
0.9998646714664834 0.016451101884705093 -177.77349795753338 171.85379986275362 361.24965118717785 1.0 171.3908369385905 389.38760056672 1.0 172.31676278691674 333.11170180763565 1.0
0.9999081354012066 0.013554363079184213 -176.36303009668114 174.94743163084695 105.62428740377564 1.0 174.47295767841587 140.62632787592443 1.0 175.42190558327803 70.62224693162686 1.0
-0.9997575452092884 -0.02201932780758007 157.25393825516684 149.1980948721412 367.4961037233279 1.0 149.8184504430233 339.3297051792061 1.0 148.57773930125916 395.66250226744967 1.0
0.9999469265628541 0.010302623816384459 -318.2434931303508 315.19517031876796 297.50201087309836 1.0 314.85384767742045 330.6299336493315 1.0 315.5364929601155 264.37408809686514 1.0
-0.05041684590815794 0.9987282621657771 -133.12737604527663 237.54853283862138 145.28859282148255 1.0 233.15318301334733 145.06671097108537 1.0 241.9438826638954 145.5104746718797 1.0
0.9995189958082322 -0.03101253002421932 -246.87733810632403 257.15736375750464 327.4912389714011 1.0 258.53408504976335 371.8623071322891 1.0 255.78064246524596 283.1201708105131 1.0
-0.9999837970321604 -0.005692598101302903 138.5007301841953 137.6668550425537 146.87594985408887 1.0 137.81630357503778 120.62324268684368 1.0 137.5174065100696 173.12865702133408 1.0
-0.9997708155546209 -0.021408324671681342 314.5172908151689 307.8839088498037 313.1466039995214 1.0 308.34102306873405 291.79932613119956 1.0 307.4267946308733 334.4938818678432 1.0
-0.03786919760702728 0.9992827046800119 -130.35696996314232 214.35798705029322 138.57393336727108 1.0 199.33219564944318 138.00451025897965 1.0 229.38377845114323 139.1433564755625 1.0
-0.9998129768766385 -0.019339370958593703 638.391409991353 634.1701183488669 224.40730508009045 1.0 635.4276436331836 159.39536127373833 1.0 632.9125930645503 289.4192488864426 1.0
0.04676887892342343 -0.9989057372766692 139.1615684769168 296.24722156204126 153.18434282970907 1.0 315.6382392082018 154.09223245597926 1.0 276.8562039158807 152.2764532034389 1.0
0.9999040983324864 0.013848976059530121 -262.16214365814085 259.1145413364262 221.85407968783642 1.0 258.3183015810473 279.3430515249073 1.0 259.91078109180506 164.36510785076553 1.0
-0.9998887638203581 -0.014915092550707118 193.01185407386134 189.6210646300724 228.7536704850217 1.0 190.35769348178627 179.3710126550044 1.0 188.8844357783585 278.136328315039 1.0
0.1794388618408093 0.9837691268083559 -238.91184443744646 298.79179444781596 188.3541370275735 1.0 294.33700401726213 189.1666879633721 1.0 303.24658487836984 187.5415860917749 1.0
-0.9999954320780692 -0.0030225523975327927 189.23195812894608 188.16736184570698 352.5020171453609 1.0 188.22970741403057 331.875316485091 1.0 188.1050162773834 373.12871780563086 1.0
-0.9999982739817113 -0.0018579649077713355 135.9422909456122 135.40255436946745 290.6245867031112 1.0 135.4281099729387 276.86998926432096 1.0 135.37699876599623 304.3791841419015 1.0
-0.9995326747671479 -0.030568481689982423 641.2813622137598 631.2589102376023 337.5193867334009 1.0 632.7304989730504 289.40116353157197 1.0 629.7873215021543 385.6376099352299 1.0
-0.999976217434312 -0.006896706878318565 138.50167378122174 136.96181851962086 223.7462882318071 1.0 137.10402998819154 203.1265795902616 1.0 136.8196070510502 244.36599687335263 1.0
-0.9997560351632105 -0.022087782929426904 155.5459569507058 153.2085520194425 107.5156541622648 1.0 153.96793924190723 73.14362320240448 1.0 152.44916479697778 141.8876851221251 1.0
0.9998758991295339 0.01575393093504165 -144.74942824927533 139.56790365704975 330.0030393680785 1.0 139.40022868062832 340.6450923580401 1.0 139.7355786334712 319.3609863781169 1.0
0.007868502931085875 0.9999690428516393 -146.06354107822236 190.00155792392002 144.57298883025115 1.0 180.61730303728646 144.64683115328043 1.0 199.38581281055357 144.49914650722187 1.0
-0.9999787495224133 0.00651924102871869 132.45804600147662 135.10525315811822 405.620239202481 1.0 134.8932760758779 373.1053227126183 1.0 135.31723024035853 438.1351556923437 1.0
0.02263002830256238 -0.9997439081179866 144.18659345972523 163.74026831508533 147.92992401861272 1.0 173.1246073527237 148.14234627625106 1.0 154.35592927744696 147.7175017609744 1.0
0.9999954218756437 0.0030259259332262632 -172.77812926473612 172.01109824656322 253.74662940036617 1.0 171.77846981011615 330.62470790545785 1.0 172.2437266830103 176.8685508952745 1.0
-0.999816273608175 -0.019168177489346978 193.95446413971797 188.10679654520638 306.8746510088287 1.0 188.5624163939866 283.10942139101337 1.0 187.65117669642615 330.63988062664407 1.0
-0.9999910016544151 -0.004242241176499741 137.05914947880404 135.1142238399214 458.75313599403114 1.0 135.19646151463678 439.36787917084536 1.0 135.03198616520606 478.13839281721687 1.0
-0.7350791726176132 -0.6779812755407078 271.5447382808386 327.09546774163664 45.87689012729623 1.0 349.2498773836145 21.85669119706934 1.0 304.94105809965873 69.89708905752312 1.0
-0.08646620423842089 -0.9962547844425139 410.74904789527113 164.36654615748344 398.0275956889375 1.0 175.74779253129796 397.0398030190165 1.0 152.98529978366892 399.0153883588585 1.0
-0.9926994977077773 -0.12061387669222277 195.85552422150067 147.04089237728465 413.6182799543777 1.0 148.49909499626781 401.61670064095773 1.0 145.58268975830146 425.61985926779766 1.0
-0.999922101015083 -0.012481662612896002 135.55063067300276 133.2597813084962 184.368880779005 1.0 134.10252001383492 116.85599543804173 1.0 132.41704260315746 251.8817661199683 1.0
-0.9999391589823462 -0.01103079025628208 108.60732843316559 105.15272095126157 313.7585793986706 1.0 106.01475320426587 235.6155102206598 1.0 104.29068869825727 391.9016485766814 1.0
0.7531825592332684 0.6578115478363269 -269.7783743516331 304.244204849441 61.76076665858241 1.0 287.3035256200039 81.15754401700006 1.0 321.18488407887816 42.36398930016476 1.0
0.27717262232190476 0.9608201379213485 -264.8252607686349 388.43387128016616 163.57070367745249 1.0 376.0619513209532 167.13969371305942 1.0 400.8057912393791 160.00171364184556 1.0
-0.999760724427538 -0.02187450324291314 316.5521115498896 308.95678895246834 350.60217481504856 1.0 309.203117289748 339.34388957807954 1.0 308.7104606151887 361.8604600520175 1.0
-0.9928088417843194 -0.11971049943458785 145.46014288757257 134.38054559906357 100.62566867498114 1.0 134.69558295938987 98.01293313130199 1.0 134.0655082387373 103.23840421866028 1.0
0.32569648362686626 0.9454743785809822 -273.98954110062857 284.1871206556713 191.8939310479607 1.0 276.8866419751321 194.40879584907057 1.0 291.48759933621056 189.37906624685084 1.0
0.9901024345868398 0.14034660318373482 -167.36025368150115 145.58197815056258 165.4417146973165 1.0 144.34147844617175 174.19306136021865 1.0 146.82247785495343 156.69036803441438 1.0
-0.8012773600332613 -0.5982930655607895 259.8851556891732 248.4425549465521 101.64543873608109 1.0 253.4522913288463 94.93603731738888 1.0 243.4328185642579 108.3548401547733 1.0
0.6742164948712049 0.7385337622909235 -277.90006390246646 297.9407662081745 104.29243558401973 1.0 277.695905511881 122.77421626181909 1.0 318.1856269044681 85.81065490622035 1.0
0.999924776160284 0.01226548086321802 -319.2195203752643 317.7792851891793 119.3707593226037 1.0 317.42667914073803 148.11643411450552 1.0 318.1318912376205 90.62508453070188 1.0
0.7588208119200243 0.6512994514023753 -270.24101859956653 267.83432039166246 102.87550833283677 1.0 263.77250634134253 107.6078768752874 1.0 271.89613444198244 98.14313979038616 1.0
0.9999263815477628 0.012133898169911691 -318.8635779237205 316.72547414147755 178.13076977957735 1.0 316.4523895117496 200.63504019922635 1.0 316.99855877120547 155.62649935992837 1.0
0.0368146438555086 -0.9993221112323055 153.16118094757124 224.98881624946904 161.55357944615528 1.0 258.1379020049371 162.7747790698866 1.0 191.83973049400103 160.33237982242397 1.0
-0.9960852616200362 -0.08839768992085739 251.8255408859929 228.7480745056618 271.1943634319397 1.0 229.25313264815523 265.5032534894817 1.0 228.24301636316835 276.88547337439763 1.0
-0.9998620591540741 0.01660911388891415 187.72323289833082 190.56253271704787 169.3656555410537 1.0 190.43780913178006 161.85734524677648 1.0 190.6872563023157 176.87396583533095 1.0
0.9999599563113369 0.008949065528269736 -229.2813403774427 228.12704668767063 130.0056117066107 1.0 228.0654742722361 136.88565405889977 1.0 228.18861910310517 123.12556935432158 1.0
0.9999155879065169 0.012992962001203144 -356.5335370126416 352.6580083720336 300.57020416258706 1.0 352.4306507303672 318.0672498640097 1.0 352.8853660137 283.07315846116444 1.0
-0.9999981169636203 0.001940636290862369 179.9547910851548 180.16252581405573 106.86983299605022 1.0 180.0946060255689 71.87117770387056 1.0 180.23044560254255 141.86848828822988 1.0
0.8509420077361541 0.5252596495733923 -254.20579102194623 269.85525719769475 46.785654835551746 1.0 256.7360830003476 68.0392509196939 1.0 282.9744313950419 25.53205875140959 1.0
0.727062591139749 0.6865711824458949 -264.5719862617556 279.4205706107159 89.45284006385054 1.0 272.1239938781786 97.17974168927175 1.0 286.71714734325315 81.72593843842934 1.0
0.9999439394335503 0.010588578285692629 -146.18972574710472 141.7835008192326 416.88064933189463 1.0 141.7040208603588 424.38642593739627 1.0 141.8629807781064 409.374872726393 1.0
-0.039262601014404604 0.9992289268038549 -135.17287403984537 163.75641861209962 141.71164701995878 1.0 154.34683025224084 141.3419170175812 1.0 173.1660069719584 142.08137702233634 1.0
0.7334321143858404 0.6797627038809317 -264.1411212398485 326.36391540254897 36.447049191529544 1.0 321.53792820892096 41.65406330279739 1.0 331.18990259617703 31.24003508026169 1.0
-0.9999094880074686 -0.013454210963188017 394.79228122087744 391.83396609281556 222.5162671572329 1.0 392.5995576203052 165.61792994745005 1.0 391.0683745653259 279.4146043670157 1.0
-0.9997099321153486 -0.024084261041708525 136.84610840760473 134.6271136556511 93.75607373288973 1.0 134.70308020447305 90.60278980051943 1.0 134.55114710682915 96.90935766526003 1.0
-0.9999615592524405 -0.008768125080528705 402.5978402002552 400.08146530242686 288.74523403657884 1.0 400.1308802101019 283.1097067516428 1.0 400.0320503947518 294.3807613215149 1.0
-0.9999511456693355 -0.009884648429930577 138.05981692691617 137.70202811609823 36.876997074466324 1.0 137.99885841386774 6.849040245447431 1.0 137.40519781832873 66.90495390348522 1.0
-0.01079749093078876 -0.9999417053956693 334.4890858261102 220.6277127174739 332.12622126561917 1.0 250.63771122003106 331.80216968849635 1.0 190.6177142149168 332.450272842742 1.0
-0.999781916176149 0.02088348838550982 272.62755262356865 276.2235817153023 169.31027668962992 1.0 275.8582003696984 151.817908791155 1.0 276.58896306090617 186.80264458810484 1.0
0.06847843133786269 -0.9976525970704961 60.77171561816669 305.6237927382216 81.89258842638499 1.0 316.90643526927295 82.66702400059285 1.0 294.34115020717024 81.11815285217713 1.0
-0.9998236888150901 -0.018777414203928134 233.3162869940252 229.20247631107796 221.2350219265538 1.0 230.01277063471633 178.09002598155473 1.0 228.39218198743959 264.38001787155287 1.0
0.949292984790132 0.3143927941735342 -216.307594908152 208.5634891446948 58.27022158029625 1.0 203.59251188989106 73.27983351476014 1.0 213.5344663994986 43.26060964583237 1.0
-0.9999791198224467 -0.006462191511011497 251.83436326974018 251.41151195477164 66.24700478894812 1.0 251.48017130592677 55.62244848808883 1.0 251.34285260361654 76.87156108980741 1.0
0.09593379380351263 0.995387717026117 -146.9128958486799 251.83378123508564 123.32232325878033 1.0 244.34312385603732 124.04426021677428 1.0 259.32443861413395 122.60038630078637 1.0
3.6752913222624234e-05 0.9999999993246117 -323.6386032503227 240.6250644925346 323.6297597967838 1.0 230.62506450604235 323.63012732591574 1.0 250.6250644790268 323.6293922676518 1.0
-0.9981813445719706 0.06028269526566302 137.78647380127694 143.0977695911163 83.78938984353448 1.0 142.07553541671479 66.86288915913774 1.0 144.12000376551782 100.71589052793124 1.0
0.27913676594222214 -0.9602513555831707 288.56927935098537 318.904878410937 393.2172066807437 1.0 327.23442962727245 395.63853519515743 1.0 310.5753271946015 390.79587816632994 1.0
0.0009006618544615342 0.9999995944040296 -390.5965720296946 160.6248442410297 390.4520617253911 1.0 151.87485133895774 390.4599425134212 1.0 169.37483714310167 390.44418093736095 1.0
-0.1326895854483646 0.9911576433209508 -90.56566568491228 236.1840839352517 122.99237633211503 1.0 229.1835357455844 122.05518955516006 1.0 243.18463212491895 123.92956310907 1.0
-0.002315118989626987 0.9999973201084411 -108.42246640398663 254.99939086167 109.0131124794336 1.0 246.87298746435866 108.99429883819259 1.0 263.1257942589814 109.0319261206746 1.0
-0.9998623917811589 -0.016589077782089106 340.67776516951545 336.4730540531452 256.2537007702936 1.0 337.728290416354 180.5976788470172 1.0 335.21781768993634 331.9097226935701 1.0
-0.013339808289499126 0.9999110207987505 -176.86715301734802 160.62132135102098 179.0257402187446 1.0 154.36409690322597 178.9422626164163 1.0 166.87854579881596 179.10921782107295 1.0
0.995932390137724 -0.09010368624290688 -128.8361083331059 138.9220831305122 105.66597615451266 1.0 140.06409456120005 118.28883567508095 1.0 137.7800716998243 93.04311663394436 1.0
-0.0674374204373893 0.9977235059497952 -127.77361363929883 298.20299502469936 148.22107879445878 1.0 278.12574138932683 146.86403128925062 1.0 318.2802486600719 149.57812629966696 1.0
-0.9997311330520365 -0.023187531272025733 143.84661498974302 136.1154613180075 334.99687954111573 1.0 136.33312201505464 325.61243180810703 1.0 135.89780062096037 344.38132727412443 1.0
0.6647000664657171 0.747110314237778 -275.9898082757814 371.8933610494487 38.53817290346012 1.0 325.86479213880864 79.48954545336034 1.0 417.9219299600887 -2.413199646440085 1.0
0.041468198479268005 -0.9991398243063301 16.3721042874909 318.0643167914489 29.587108617049836 1.0 334.28637310481577 30.26038720587157 1.0 301.84226047808204 28.913830028228105 1.0
-0.9998195339952896 -0.018997353537850172 136.34192194933294 134.87004112339116 78.75940616873052 1.0 135.07230270253237 68.11449831884414 1.0 134.66777954424992 89.4043140186169 1.0
0.06646545969135158 -0.9977887264686935 61.38526655057302 228.13545560201243 76.71803904817772 1.0 250.61895642001733 78.21572706338347 1.0 205.65195478400756 75.22035103297196 1.0
-0.8064360512791791 -0.591321312990869 250.33829873252526 274.4339376765595 49.0847819248019 1.0 287.1497982985226 31.743062282183992 1.0 261.71807705459634 66.4265015674198 1.0
0.9999266445395377 0.012112206235897063 -443.1732071705035 442.3729621026473 68.74846117790648 1.0 441.5476035087612 136.88617558376217 1.0 443.19832069653336 0.6107467720508009 1.0
0.029368003732576337 -0.9995686671543698 68.2842455770121 164.39281398532285 73.14368362493963 1.0 173.153614373662 73.40108186776126 1.0 155.6320135969837 72.88628538211799 1.0
0.031327652649285095 0.999509168632027 -329.73503867332386 160.0158777213374 324.8815789075038 1.0 151.85971142856073 325.1372179277237 1.0 168.17204401411408 324.6259398872839 1.0
0.9998700589972137 0.01612033253094544 -375.1959562057584 373.4916315066414 108.73575795551415 1.0 372.65549791875515 160.59727745236702 1.0 374.32776509452765 56.87423845866126 1.0
0.030278624627815887 0.999541497332976 -380.8719463061623 222.49792907113627 374.30663562206837 1.0 189.32763605463938 375.31144718188955 1.0 255.66822208763315 373.30182406224714 1.0
0.30503741787644956 -0.9523403665157056 251.19679736297775 296.6399596937132 358.78252851659124 1.0 301.15256191552027 360.2279282686565 1.0 292.1273574719062 357.33712876452597 1.0
0.30746369063332907 0.9515598136439624 -267.5097603604279 408.8389967594526 149.02543330292173 1.0 375.73687566528025 159.7212405170058 1.0 441.9411178536249 138.32962608883764 1.0
-0.9999400363954167 -0.010950964045811936 146.10199711854523 144.77605652738953 121.87254745601976 1.0 144.99513762737865 101.86810198617383 1.0 144.55697542740037 141.8769929258657 1.0
0.013967482421906636 -0.9999024499593917 330.828711761918 161.24143229472907 333.1133438533978 1.0 170.62333214561366 333.24439815900195 1.0 151.8595324438445 332.98228954779364 1.0
-0.026791827197964566 0.9996410345696071 -174.87482167105233 243.74409529468744 181.47031292169328 1.0 234.35908580731925 181.21878107801993 1.0 253.1291047820556 181.72184476536663 1.0
-0.007610845157417714 0.99997103709857 -148.48875250494308 265.6258391277438 150.51474898019217 1.0 259.3762011587688 150.46718257565928 1.0 271.8754770967187 150.56231538472503 1.0
0.6984011270890814 -0.7157065499775034 57.493957727492635 367.72228526405695 439.16269345524717 1.0 409.1739135890289 479.61204234376595 1.0 326.2706569390849 398.7133445667284 1.0
0.9998339168660164 0.01822467240747921 -444.60423645302546 440.8504058072051 209.99271631704346 1.0 439.88217329819895 263.1114599779348 1.0 441.8186383162112 156.87397265615212 1.0
-0.8616314267912085 -0.5075345154427888 258.59093234526847 254.49218287926362 77.45772653412914 1.0 261.0218399042755 66.37245542895157 1.0 247.9625258542517 88.54299763930669 1.0
-0.9999306907716194 -0.01177342995868275 377.7286155273168 376.5111931202987 105.62071644829368 1.0 377.1294286198101 53.1132778976366 1.0 375.89295762078723 158.12815499895075 1.0
0.7641787354665799 0.6450045428217533 -261.7966539540932 338.21733437937405 5.175403944570733 1.0 333.93270558621487 10.251681700346035 1.0 342.50196317253324 0.09912618879543145 1.0
-0.9966120636751046 -0.08224593933592794 182.2053414017358 145.43167556487546 453.1090457984175 1.0 147.51467992082362 427.86831918519636 1.0 143.3486712089273 478.3497724116387 1.0
-0.9977529507987657 0.06700036695687585 247.70608757240277 257.0376669003688 130.65604624978235 1.0 256.70061217545697 125.63671036199675 1.0 257.37472162528064 135.67538213756796 1.0
0.999683764844852 0.025146974084823696 -378.08117593191326 377.1001057309342 43.75566251866962 1.0 376.9579082708346 49.40852921285995 1.0 377.24230319103384 38.10279582447928 1.0
-0.99990728088961 -0.013617254640593907 404.0758969503122 400.58095530141054 259.38291174984454 1.0 400.8023310659145 243.12741498619562 1.0 400.35957953690666 275.6384085134934 1.0
-0.9999059127976702 -0.013717344942013774 634.5919092250806 629.0096663980235 411.2621364160217 1.0 629.172544543019 399.3893708819548 1.0 628.8467882530281 423.13490195008865 1.0
-0.9999970346001128 -0.0024353215353908253 96.6799518026933 95.92071858828103 311.87572017198204 1.0 96.03639601818125 264.3760018845536 1.0 95.80504115838083 359.3754384594105 1.0
0.034595790804787516 0.9994013864602106 -399.0003519854253 160.62254740643874 393.67914960610705 1.0 150.61290666804283 394.02564846203035 1.0 170.63218814483463 393.33265075018375 1.0
-0.01975422247746166 -0.9998048663085766 398.65076548914567 243.72852225259345 393.9129637271766 1.0 310.6391455670352 392.59093841643846 1.0 176.81789893815167 395.2349890379148 1.0
0.9998841199889192 0.015223225478997368 -279.9026135088703 275.8718260316989 266.8787579238029 1.0 274.7870072228899 338.1312728057458 1.0 276.9566448405079 195.62624304185994 1.0
-0.9999778062725716 -0.006662354110604563 312.704864031096 311.2169068596677 224.37477951688714 1.0 311.47515057733716 185.61400787496083 1.0 310.9586631419982 263.1355511588134 1.0
-0.9999203646318783 -0.012619999780170926 349.9515852853441 347.0768914197663 229.97888368847998 1.0 347.70025290785935 180.58808675274008 1.0 346.4535299316732 279.3696806242199 1.0
-0.9997314973567536 -0.02317181893644971 398.0519137279942 388.8148015443664 403.14098824937537 1.0 389.85792458673916 358.1361932465001 1.0 387.7716785019936 448.14578325225057 1.0
0.973198154923962 0.22996815269205464 -201.99753908849073 200.82548089484646 28.5019970947273 1.0 194.13433689476258 56.81813095493188 1.0 207.51662489493037 0.1858632345227207 1.0
0.9985120840315996 0.05453089072142049 -165.19624498348247 140.93428507934829 448.7668907228399 1.0 139.80754189419133 469.3986220423786 1.0 142.06102826450524 428.1351594033012 1.0
-0.9996433668526784 -0.026704664525911324 281.40400243524243 277.79803547435904 138.74126540698546 1.0 277.9490870650034 133.08690788851814 1.0 277.6469838837146 144.3956229254528 1.0
0.44534261290333643 -0.8953602387488676 -112.57455151084702 297.60275369797847 22.29341394043892 1.0 304.3603036164332 25.654547043372535 1.0 290.84520377952373 18.932280837505306 1.0
-0.8203812005665081 -0.5718170037320112 262.8663179659115 296.3912514260053 34.473454190729235 1.0 300.3449718191587 28.801083726629546 1.0 292.43753103285195 40.14582465482892 1.0
-0.014199254565406223 -0.9998991855031121 395.9111773273778 358.753288198267 390.856552068725 1.0 368.1441453005772 390.72319545386193 1.0 349.3624310959568 390.9899086835881 1.0
0.998158204339532 0.06066464464316255 -455.8229327924603 438.42761337421155 300.0563771709416 1.0 437.70164716180943 312.00121151794644 1.0 439.1535795866137 288.1115428239367 1.0
-0.6547710110708941 0.7558273103435725 -84.56511636649415 348.57591927173667 413.85448657686993 1.0 329.20387275103775 397.07253875190366 1.0 367.94796579243564 430.63643440183625 1.0
-0.8669273623281215 -0.49843449764919573 292.7343002356477 99.29887030968958 414.59688984318325 1.0 102.50583486050036 409.0190148521329 1.0 96.0919057588788 420.17476483423354 1.0
0.045341233901498086 -0.9989715574070613 173.7578626858794 161.24974872466424 181.2555361729683 1.0 168.13892403756208 181.56822146108732 1.0 154.36057341176644 180.9428508848493 1.0
0.9999867853514713 0.0051409262229933535 -148.2976607531246 147.75979270883377 105.00454871414841 1.0 147.4995367580311 155.6282107398254 1.0 148.02004865963644 54.38088668847144 1.0
-0.9998563861293059 -0.016947186092222385 328.1821118288609 325.9411400946625 134.99476494188087 1.0 326.60887822750425 95.59930231163855 1.0 325.2734019618207 174.39022757212317 1.0
0.9999950028554497 0.003161370609241461 -144.56932178797618 144.41197453549051 50.000116890793905 1.0 144.36257836656213 65.62496073041689 1.0 144.46137070441887 34.37527305117092 1.0
-0.1120343311795586 0.9937043366299398 -123.60834630093608 206.92059867856182 147.72055607504922 1.0 198.1412647270561 146.73073770433075 1.0 215.69993263006756 148.7103744457677 1.0
-0.1920718684464711 0.9813808625357849 -240.84094092275885 635.058455488947 369.70132482894724 1.0 631.6953123923644 369.0431041492161 1.0 638.4215985855294 370.3595455086784 1.0
0.3492037324067714 -0.9370468255499189 186.28609962644705 591.1227333237782 419.0915050409969 1.0 598.1819367804125 421.7222168983566 1.0 584.0635298671441 416.4607931836372 1.0
0.020007495197452728 -0.9997998300339543 322.3276797552308 359.3708223484827 329.58376252802674 1.0 370.6413233378841 329.8093021687073 1.0 348.1003213590813 329.3582228873462 1.0
-0.9995408001924707 -0.03030162950396064 114.45949370186518 102.27123560351946 403.7809593194076 1.0 102.44217786837216 398.14219430925374 1.0 102.10029333866676 409.41972432956146 1.0
-0.9999850892381282 -0.005460888335473255 312.1423425798482 310.6588630203156 272.50359803103163 1.0 310.6964247061316 265.62539004816045 1.0 310.62130133449966 279.38180601390286 1.0
0.8785109991700472 0.47772212041860207 -257.70358272147905 241.9880728719678 94.43648746254664 1.0 237.98462275069377 101.79866479502196 1.0 245.9915229932418 87.07431013007131 1.0
0.2939829586479292 0.9558106611796136 -263.0491647102254 350.58769476397066 167.3787115332173 1.0 329.2424265216421 173.94397112476548 1.0 371.93296300629925 160.81345194166917 1.0
-0.9998111268590889 0.019434778330578818 281.07180234124564 286.7004258808163 286.8297973259111 1.0 285.8007928767328 240.5486886725088 1.0 287.60005888489974 333.1109059793134 1.0
-0.0010749448107304105 -0.99999942224666 153.55988305901315 241.87317256193316 153.29997131688324 1.0 271.87515341709843 153.26772082461852 1.0 211.8711917067679 153.33222180914797 1.0
-0.9999274768640576 -0.012043297400601902 256.3460897425279 253.21060244592258 261.87603101048654 1.0 253.39142010693155 246.86315359569213 1.0 253.02978478491363 276.888908425281 1.0
-0.05654847544049218 0.9983998547302357 -62.111178308560554 225.00256751691873 74.95466883061474 1.0 208.14624296838772 73.99994167372115 1.0 241.85889206544974 75.90939598750833 1.0
-0.9974806360540032 0.07093927471648678 144.20930825419802 147.6429627554138 43.1592817406988 1.0 146.48681329547927 26.90260723594818 1.0 148.79911221534837 59.415956245449415 1.0
0.03900983484968199 -0.9992388267001041 133.66516477029373 245.01630638519362 143.332311146116 1.0 255.64950019703733 143.7474262551781 1.0 234.38311257334988 142.91719603705394 1.0
0.04913357937802898 0.9987922163180402 -403.0950815762413 295.6085524332735 389.0406522518457 1.0 276.842474174142 389.9638118246729 1.0 314.37463069240493 388.1174926790184 1.0
-0.0035124912189399 0.9999938311836913 -169.79065109749143 198.1232872667137 170.48760911102679 1.0 191.8755596701491 170.46566388732947 1.0 204.37101486327828 170.5095543347241 1.0
0.992650796503106 -0.12101403307777761 -123.45382201815198 174.4263465603641 410.6187403421462 1.0 175.81436015949896 422.0043025756833 1.0 173.03833296122926 399.23317810860914 1.0
-0.999399348492515 -0.034654613440877696 281.8384751441134 278.2367749547915 108.75387584588336 1.0 278.56296798972375 99.34684243169642 1.0 277.9105819198593 118.16090926007028 1.0
-0.11252786057418733 -0.9936485699655568 139.69319432892473 257.37979842687383 111.43859066870237 1.0 265.611565108719 110.50636661942303 1.0 249.1480317450287 112.3708147179817 1.0
0.9999058128609676 0.013724627748956143 -359.72493682060866 356.6104882818828 229.37136933317146 1.0 355.97578403510187 275.61265743310474 1.0 357.2451925286638 183.13008123323817 1.0
-0.9999068872377814 -0.0136461296509495 404.1187188834802 401.3586136866137 205.00148229446992 1.0 401.8618842485885 168.12482100408894 1.0 400.8553431246388 241.8781435848509 1.0
0.9999658639156905 0.008262626903505836 -250.12025709619263 247.96491448580161 261.87884154607355 1.0 247.84093664367788 276.8829814465545 1.0 248.08889232792538 246.87470164559264 1.0
-0.9996212619776126 -0.027519676638455077 277.1676751254276 273.79745101735125 126.23410001682645 1.0 274.3648293788438 105.62472000174859 1.0 273.2300726558587 146.8434800319043 1.0
-0.999928491836938 -0.0119587295607332 307.01722304656823 304.1613449339228 240.62991951460637 1.0 304.7595068006441 190.61464906071558 1.0 303.56318306720146 290.64518996849716 1.0
0.01685947619555398 -0.9998578689305853 143.82207422338956 99.38733656193793 145.5183753406017 1.0 108.14538511994665 145.6660524412892 1.0 90.62928800392922 145.3706982399142 1.0
-0.029981794016625776 -0.9995504449639071 47.4485444889411 286.25400785257307 38.88361611451733 1.0 289.43238935681563 38.788279675974806 1.0 283.07562634833045 38.978952553059855 1.0
-0.9997230334940238 0.02353415181193221 353.8777824538274 360.8168769560848 290.60577016768434 1.0 360.4923335129676 276.8192713787548 1.0 361.14142039920193 304.39226895661386 1.0
-0.03552629937969513 -0.9993687417827237 410.30564261667735 224.40033437568542 402.58766592903487 1.0 265.64265185173537 401.12155351575996 1.0 183.15801689963544 404.0537783423098 1.0
0.9988850676392929 -0.04720827943534211 -135.26912090712324 141.59280397446378 130.60879875088506 1.0 142.12748365076754 141.92214359247274 1.0 141.05812429815998 119.29545390929735 1.0
-0.07097996146887006 0.997477741641325 -57.93393351041574 308.1245446772672 80.0063986269054 1.0 296.88697333793874 79.20673929881181 1.0 319.3621160165957 80.80605795499899 1.0
0.9994716072059765 0.03250394420839035 -265.3572626062755 261.1885650950251 132.49800206758314 1.0 260.84141222111157 143.17268937974612 1.0 261.5357179689387 121.82331475542018 1.0
-0.25876348560552187 -0.96594071169885 264.19371794274343 426.2367982172465 159.32571893780224 1.0 438.2539787325672 156.1064659550533 1.0 414.2196177019257 162.54497192055118 1.0
-0.9999668283873164 -0.00814506752650138 277.5236287054242 274.564823424524 364.3816370119753 1.0 274.7379418318585 343.12795628379337 1.0 274.3917050171895 385.6353177401572 1.0
0.998774379039215 0.049494845942084774 -277.7417655457769 271.4231328522791 134.38357969931036 1.0 271.05084538475893 141.89610301601255 1.0 271.7954203197992 126.8710563826082 1.0
-0.2487174339919742 -0.9685760878880131 109.84239724755054 339.37718766369824 26.258519381663156 1.0 343.3469021048152 25.239149605945904 1.0 335.40747322258125 27.277889157380404 1.0
-0.06009153341073502 0.9981928709484688 -131.81340481916902 100.0031747642768 138.07226333497943 1.0 90.51207046727366 137.50089578912005 1.0 109.49427906127995 138.64363088083877 1.0
-0.9594802011843345 -0.2817760520968182 208.68568860387435 204.94635891653598 42.7421522482733 1.0 217.57793956393374 -0.2698477093277818 1.0 192.31477826913823 85.75415220587438 1.0
0.9999996951590322 -0.000780821261731664 -321.9601383772546 322.0929764270387 170.00031781275666 1.0 322.1168902140431 200.62676318066968 1.0 322.06906264003425 139.37387244484364 1.0
0.9997471837433648 0.02248485261705811 -486.22243269787157 480.51164646825157 259.3865072046391 1.0 475.59085266647327 478.1804583545546 1.0 485.4324402700299 40.59255605472352 1.0
0.03304857721474211 -0.9994537465756389 184.0286163743341 160.622835621192 189.44045505709954 1.0 166.90729747373786 189.6482610946461 1.0 154.33837376864616 189.23264901955295 1.0
0.08723060542007142 -0.996188145622125 53.92395285338993 165.4722208600546 68.61976340475948 1.0 179.2262172741964 69.82412368491701 1.0 151.7182244459128 67.41540312460194 1.0
-0.01077705688477844 0.9999419258361468 -175.08904945518088 214.99416542476604 177.41635711245215 1.0 200.62083500849556 177.2614459165941 1.0 229.36749584103652 177.57126830831018 1.0
0.9999003544503968 0.014116698267325794 -251.65555747932146 248.4597523160371 228.1385498840425 1.0 248.28318662029127 240.64488092666858 1.0 248.63631801178295 215.6322188414164 1.0
0.9968268690473107 0.0796002081990742 -330.42194104578886 323.833234600962 95.68155507836005 1.0 322.4367308990249 113.16985623120992 1.0 325.22973830289914 78.19325392551018 1.0
-0.01622542767204361 0.9998683590837643 -73.64238308580269 277.499509607357 78.15521973269861 1.0 266.87730679270294 77.98284725794116 1.0 288.12171242201117 78.32759220745608 1.0
-0.9994121395107624 -0.0342837483149144 449.4256382948652 437.21154843664965 363.7615449287053 1.0 437.79121580893167 346.863549895738 1.0 436.6318810643677 380.6595399616726 1.0
0.9973595650704667 -0.07262160809600242 -137.08857159431042 168.26345101637133 423.1604275136531 1.0 169.90301132302125 445.67757078849553 1.0 166.62389070972145 400.6432842388107 1.0
0.9999201275580198 0.01263876989083313 -254.5466870200321 253.74543497392943 64.99994229907723 1.0 253.64265333410268 73.13154302398024 1.0 253.84821661375616 56.868341574174224 1.0
-0.9999797828093998 -0.006358771301573621 177.08696366566227 175.70353100364105 218.12152505837517 1.0 176.10097144644146 155.6200780299386 1.0 175.3060905608406 280.6229720868117 1.0
0.9997358919951381 0.022981432868412977 -296.00514427446006 292.1472488547928 171.22752394158744 1.0 291.7882588034173 186.84427165632675 1.0 292.5062389061682 155.61077622684815 1.0
0.9997746691853365 -0.021227596551442154 -85.00261569941345 93.74060610969333 410.63846969269497 1.0 93.95227097932232 420.6074350674917 1.0 93.52894124006434 400.66950431789826 1.0
-0.0025983000444385717 -0.9999966244127423 192.11760389376198 207.49923117425539 191.57910532416759 1.0 220.62739042933148 191.544994312247 1.0 194.37107191917926 191.61321633608813 1.0
-0.999997184335092 -0.0023730406418840944 254.22586795419326 253.6852362346733 228.12336315794278 1.0 253.7148991591758 215.62343354946637 1.0 253.65557331017087 240.62329276641918 1.0
0.999998349995914 -0.0018165917123909912 -137.85435556964114 137.9806118272509 69.37639766648438 1.0 138.02148713584197 91.87745878430864 1.0 137.93973651865983 46.87533654866012 1.0
-1.0 0.0 145.625 145.62500000000003 61.875 1.0 145.62500000000003 51.875 1.0 145.62500000000003 71.875 1.0
-0.1941184169098881 0.9809781038414663 -225.0454212374505 426.00433487191543 313.7080298881672 1.0 417.1079872286695 311.9475982189747 1.0 434.90068251516135 315.46846155735966 1.0
0.03393879062183265 0.9994239133076253 -395.6316022901427 293.7375986311667 385.88480653427354 1.0 276.8608364322938 386.45791359226496 1.0 310.6143608300396 385.3116994762821 1.0
-0.6734075060222955 0.7392714865547244 -69.11179613687959 305.5909442235004 371.8512572837826 1.0 298.4110152937895 365.3110104030231 1.0 312.77087315321137 378.3915041645421 1.0
-0.999887165868426 -0.015021835161077255 321.3012021025324 319.60984200921814 114.99413844959275 1.0 320.10752518756516 81.86722570146138 1.0 319.11215883087107 148.1210511977241 1.0
-0.9995651084215292 -0.029488879705005924 367.723850144668 361.13596684123854 228.72819725825448 1.0 362.51983091565876 181.82026934013635 1.0 359.7521027668184 275.6361251763726 1.0
0.0047641405774242465 -0.9999886514178841 80.13411347735763 274.99907016263387 81.44517199349566 1.0 284.3708798238571 81.48982111889086 1.0 265.6272605014106 81.40052286810047 1.0
-0.9832144538991313 -0.18245365889406814 196.36756613818076 194.3140431645045 29.13172766979799 1.0 199.67959491928207 0.21760191086175773 1.0 188.94849140972696 58.04585342873422 1.0
-0.9999864398475737 -0.005207698241530208 336.7227254644086 334.8459892141567 361.2491979474254 1.0 334.96643255304537 338.12157033295773 1.0 334.72554587526804 384.37682556189304 1.0
0.6825467539658113 -0.7308419313714384 62.50896330362087 378.47768484161367 438.99736012505707 1.0 384.93370807017874 445.02675924548794 1.0 372.0216616130486 432.96796100462615 1.0
0.9998095250379472 0.019517009079123643 -483.8873670929435 483.4179823651417 28.767919683405964 1.0 482.86845682644145 56.91879390889341 1.0 483.9675079038419 0.6170454579185147 1.0
-0.9999999890345707 0.00014809071103899954 132.08987400787873 132.14179977028402 350.6250530461273 1.0 132.13828260222863 326.8749610102918 1.0 132.14531693833942 374.3751450819628 1.0
0.9999989478662833 0.0014506089502181073 -136.31052142321676 135.78844472480762 360.00023709463005 1.0 135.7730293905949 370.62702799608036 1.0 135.80386005902037 349.3734461931798 1.0
0.9999607930910878 0.00885507089992491 -138.66673945353844 137.01167672738407 187.51227960218148 1.0 136.90652688320947 199.38634845634886 1.0 137.11682657155868 175.63821074801413 1.0
-0.9974601060720742 -0.07122735987446367 267.0906606656659 254.42917426936225 186.83423805925247 1.0 254.6987692921175 183.05885904102277 1.0 254.15957924660702 190.60961707748214 1.0
0.012838271258970076 0.9999175859995069 -390.64656340297546 358.12282635121534 386.0807038695685 1.0 348.116451305051 386.2091790148808 1.0 368.1292013973797 385.95222872425614 1.0
-0.9996942667336901 -0.02472595922891088 407.79498487385234 397.9800044089168 401.8714137484901 1.0 398.6914226160597 373.10809272435824 1.0 397.2685862017738 430.6347347726219 1.0
0.6665788834383582 -0.7454344989025337 67.7937033021015 357.4989247952881 410.6262024003543 1.0 368.3718550464739 420.34894224833425 1.0 346.6259945441022 400.9034625523744 1.0
0.31573612712284094 -0.9488470361599225 235.90517460362332 282.8364288932496 342.73896727103306 1.0 289.9622689685432 345.11014519764115 1.0 275.71058881795597 340.3677893444249 1.0
-0.9999905962461387 -0.004336752159383062 229.48492143623886 228.16164644425973 305.6251589280408 1.0 228.25380156103444 284.37555858570073 1.0 228.06949132748503 326.8747592703808 1.0
-0.025559737125720638 0.9996732965514603 -65.64572794313948 316.23395142448487 73.75267986662868 1.0 303.14946522244963 73.41813454176823 1.0 329.3184376265201 74.08722519148915 1.0
0.30731066407972357 0.951609245301284 -266.7966451394962 308.19326194590735 180.83637795208705 1.0 300.6704616050409 183.2657750811144 1.0 315.71606228677376 178.40698082305968 1.0
0.09939605058315894 0.9950479511704297 -299.40589614844436 428.8061579768431 258.06219416638567 1.0 419.4619640934592 258.9955923677479 1.0 438.15035186022703 257.1287959650234 1.0
-1.0 0.0 315.625 315.6250000000001 365.625 1.0 315.6250000000001 346.875 1.0 315.6250000000001 384.375 1.0
0.999709126573442 -0.024117674966002534 -240.3522506639966 242.47279775675884 85.00065624574529 1.0 242.6087837568982 90.63745355797238 1.0 242.33681175661948 79.36385893351819 1.0
-0.999874108896679 -0.015867147130849798 529.1543774117035 528.3482998172342 54.993625361587306 1.0 529.2114393885572 0.602568001810857 1.0 527.4851602459112 109.38468272136376 1.0
0.0054898847780607924 0.9999849304690164 -184.465466329182 161.24908314222142 183.58299395177875 1.0 154.37085922043113 183.62075517763105 1.0 168.1273070640117 183.54523272592647 1.0
0.2682772749419039 0.9633417377803923 -260.9529154253828 603.8138453118 102.72925852975018 1.0 569.4900064680633 112.28797024067363 1.0 638.1376841555368 93.17054681882675 1.0
-0.4075631098787309 0.9131770427830397 -144.1665723719674 423.70388282080546 346.9783291490264 1.0 414.4904776179625 342.8662633599002 1.0 432.9172880236485 351.0903949381526 1.0
0.9998645797280807 0.01645667661432949 -225.63385882446093 221.96097202833343 225.0117018214159 1.0 221.37461305279123 260.63733781038525 1.0 222.54733100387563 189.38606583244658 1.0
-0.678214860409465 0.7348636629469236 -68.17450051684197 404.20087400768233 465.8136700985165 1.0 391.8436175820979 454.40900367629473 1.0 416.55813043326674 477.2183365207383 1.0
-0.07486237714278661 0.9971938750757203 -51.39683398512699 168.140817264845 64.16430832514453 1.0 149.40258392573455 62.75757215649778 1.0 186.87905060395542 65.57104449379128 1.0
-0.011625541987893045 -0.9999324211032903 286.12528313676785 426.87420523685785 281.181641085318 1.0 435.6302881188425 281.0798399965188 1.0 418.1181223548732 281.2834421741173 1.0
0.29231753083557177 0.9563213169046241 -260.29914990406553 584.3226662060201 93.57878918471172 1.0 530.4481813413619 110.04653502734247 1.0 638.1971510706784 77.11104334208098 1.0
0.996885416047754 -0.07886359915256612 -134.18441674652527 171.18849670030585 462.455421779493 1.0 172.12985945014017 474.35483807046165 1.0 170.2471339504715 450.5560054885244 1.0
-0.9967162176255663 0.08097395582645607 135.48030777445314 172.43464694580274 449.38030933000795 1.0 170.5055366747324 425.634705288077 1.0 174.36375721687304 473.1259133719389 1.0
0.11676021209402279 -0.993160134556235 128.14754506273215 195.6796623401873 152.03504317813463 1.0 209.60458927953056 153.67211797227944 1.0 181.754735400844 150.3979683839898 1.0
-0.3145702795794685 -0.9492341856493027 282.1075383674898 365.55902035464953 176.05090256775878 1.0 372.12368267207665 173.87541448298725 1.0 358.9943580372224 178.22639065253028 1.0
0.9883533765538679 0.15217622368349218 -197.66747213544585 185.09356727515006 96.79317559677747 1.0 182.96761985551768 110.60076826604914 1.0 187.21951469478242 82.98558292750579 1.0
-0.9998284279738798 -0.018523353240713903 193.4921310692478 185.871262076659 413.141141464635 1.0 186.033956949138 404.3594183891097 1.0 185.70856720418 421.9228645401603 1.0
-0.3508029730115461 0.9364492907393653 -163.14260493574693 408.59864316534953 327.27903876637697 1.0 401.7484264175667 324.7128812342394 1.0 415.44885991313237 329.8451962985145 1.0
-0.037170611427155685 -0.9993089340369832 397.9669529963316 327.51617182036415 386.0597694038122 1.0 333.13340001462365 385.8508292058466 1.0 321.89894362610465 386.2687096017778 1.0
-0.29033578511869035 0.9569248308407059 -83.17227859727167 161.58886489467727 135.94307970733468 1.0 155.34477746656464 134.0485923167231 1.0 167.83295232278994 137.83756709794625 1.0
-0.9999098365058092 -0.013428285777625266 275.3585471702012 270.68304240986924 350.00077948034755 1.0 271.22874273179906 309.36632109019587 1.0 270.1373420879395 390.6352378704993 1.0
-0.9997202323925611 0.02365284221744528 294.18649033606215 302.47605614052134 346.89035366217354 1.0 302.2684523513044 338.115691129294 1.0 302.68365992973827 355.66501619505306 1.0
0.0005988038845594053 0.9999998207169378 -330.48023730479144 206.2498393967736 330.3567933271483 1.0 190.6248449993688 330.3661496361671 1.0 221.87483379417844 330.3474370181295 1.0
0.6611594307544941 -0.7502454312585937 71.85207862149788 411.21845851402014 458.16079145157835 1.0 432.1282123282812 476.5876693145485 1.0 390.30870469975906 439.73391358860823 1.0
-1.0 0.0 438.1249999999996 438.12499999999983 230.0 1.0 438.12499999999983 210.625 1.0 438.12499999999983 249.375 1.0
-0.044172734520439204 0.9990239083850732 -118.34796936695001 206.8701120438971 127.61054749186164 1.0 188.1291166041257 126.78189763747729 1.0 225.61110748366852 128.439197346246 1.0
-0.07168466549585678 0.9974273450897299 -115.54173292917855 100.00702813560244 123.02720984381553 1.0 90.59082805924646 122.35047167733292 1.0 109.4232282119584 123.70394801029813 1.0
-0.951405470270392 -0.30794095398237314 216.7566489479262 194.9271147265431 101.64911580698869 1.0 200.6468798135999 83.97749492606178 1.0 189.20734963948627 119.3207366879156 1.0
0.9996860513363891 0.025055912744463518 -296.1816115664158 292.92208066767347 133.76057893762368 1.0 292.65555279965855 144.39456360480827 1.0 293.1886085356884 123.12659427043907 1.0
-0.998804855641267 -0.048875969017787235 648.5866647753875 627.2205762312826 452.4863265507916 1.0 628.4760051958995 426.8310081812335 1.0 625.9651472666658 478.1416449203497 1.0
-1.0 0.0 318.12499999999966 318.1249999999997 220.625 1.0 318.1249999999997 190.625 1.0 318.1249999999997 250.625 1.0
-0.9996820850227378 -0.02521366464025851 295.1061260923511 289.7774543112092 214.99438702318628 1.0 290.2985128101647 194.33523833985853 1.0 289.2563958122537 235.65353570651402 1.0
-1.0 0.0 354.375 354.375 202.5 1.0 354.375 185.625 1.0 354.375 219.375 1.0
0.05487614494108028 0.9984931690885049 -484.27308060058937 211.2647295451473 473.39300990173723 1.0 175.6100267199514 475.3525552453 1.0 246.91943237034323 471.4334645581745 1.0
0.07008954998954188 -0.9975407034213006 56.79073549153396 224.36130609489976 72.6948967817356 1.0 241.90643126771258 73.92765843612722 1.0 206.81618092208694 71.46213512734396 1.0
0.9996389182785863 0.026870672913378302 -325.59678016398175 322.3204199966338 126.26197305829112 1.0 322.0005434317513 138.16197512867583 1.0 322.6402965615163 114.36197098790639 1.0
0.9986689965440058 0.05157746932322896 -391.8567135925988 368.9117928593897 454.3833559880909 1.0 368.4594280413846 463.1422719410586 1.0 369.36415767739476 445.62444003512326 1.0
-1.0 0.0 294.3749999999997 294.3749999999999 169.375 1.0 294.3749999999999 155.625 1.0 294.3749999999999 183.125 1.0
-0.999794606642729 -0.020266833203800558 444.1882630879205 441.30244777343944 146.86339379568653 1.0 441.4290894642575 140.61596094898724 1.0 441.1758060826214 153.11082664238586 1.0
-0.6336883916697093 0.7735884062361957 -81.48018297621759 359.14255031857806 399.5207859583537 1.0 350.910012061076 392.7770655435948 1.0 367.3750885760802 406.2645063731127 1.0
-0.030772639936350616 -0.9995264101720112 444.12295499186547 380.0041290548756 432.6341158706489 1.0 385.64302622238137 432.46050990045353 1.0 374.3652318873698 432.8077218408442 1.0
-0.04987167564085524 -0.9987556337607179 485.30224014325313 207.4960461306822 475.54581779475933 1.0 239.3540291609511 473.9550272724822 1.0 175.63806310041332 477.13660831703646 1.0
-0.7510594767966496 -0.6602345509846806 273.47805638609776 286.16848357429916 88.67834128004081 1.0 293.81419453169775 79.98085087630785 1.0 278.52277261690057 97.37583168377377 1.0
0.41387205547864 -0.9103350601256033 142.85478942286665 414.4915185354778 345.3687108724886 1.0 422.11970135758867 348.8367654849499 1.0 406.86333571336695 341.90065626002723 1.0
-0.03738115443675251 0.9993010804021858 -164.51955107987885 218.7381411187003 172.81702051672005 1.0 206.85638776583664 172.37255621484616 1.0 230.61989447156398 173.26148481859397 1.0
-1.0 0.0 174.37500000000009 174.37500000000003 353.75 1.0 174.37500000000003 316.875 1.0 174.37500000000003 390.625 1.0
-0.06307511720830743 0.9980087823206559 -53.09874217785796 221.89216015319857 67.22848273049391 1.0 208.07883376962303 66.35546718582638 1.0 235.70548653677412 68.10149827516142 1.0
-0.7739397808361277 0.633259200990658 -23.987589285108697 356.1781189967607 473.18381504970387 1.0 351.9731462422028 468.04469399628164 1.0 360.3830917513186 478.3229361031261 1.0
-0.00918141853934611 -0.9999578498884867 479.5201444137046 158.75535020446378 478.08269633707994 1.0 170.6350873051263 477.9736189009953 1.0 146.87561310380127 478.19177377316464 1.0
-0.9953442577080613 0.096383653425197 128.9624910084345 169.87425112911276 416.26217682776223 1.0 169.08897380642176 408.15269720054033 1.0 170.65952845180377 424.3716564549841 1.0
-0.7714517777922513 0.6362877922301944 -26.29178050119008 340.66027330789404 454.34590683325814 1.0 331.08941659181806 442.74195258681146 1.0 350.2311300239701 465.9498610797048 1.0
0.001302938087651008 -0.9999991511758096 289.0830190811335 205.6250310342212 289.3511813741245 1.0 219.37500769156586 289.3690967576227 1.0 191.8750543768765 289.33326599062633 1.0
-0.9998920617403565 -0.014692340474516839 275.8016736063217 272.1854488274993 248.12956171225682 1.0 273.04880049185533 189.3738803300271 1.0 271.3220971631432 306.8852430944865 1.0
0.7073438463532228 -0.7068696365145614 49.75678025538886 291.89443627169305 362.48057675856273 1.0 300.32900133461794 370.92080022514665 1.0 283.4598712087681 354.0403532919789 1.0
-0.025668238248837814 -0.9996705164929097 197.47559084188381 243.73478328869135 191.28237274191616 1.0 253.1036064906776 191.0418122951567 1.0 234.3659600867051 191.52293318867567 1.0
-0.026669196429649846 -0.9996443137245351 192.94814083527223 216.25993150154258 187.24726352394896 1.0 220.66514443832858 187.12973823269027 1.0 211.85471856475658 187.36478881520767 1.0
-0.9137886536758558 0.40618997576659455 49.852389934188444 257.61866166223575 456.8222534732029 1.0 252.0509438562563 444.2967908534741 1.0 263.1863794682152 469.34771609293176 1.0
0.016232185477611964 0.9998682493981996 -478.12368030268743 161.259233223076 475.56874698764597 1.0 151.87655960482806 475.721068354525 1.0 170.64190684132393 475.4164256207669 1.0
-0.9139007423608135 0.4059377207310917 50.14026429771715 243.4271906843527 424.5183858971228 1.0 235.59604031456777 406.8878633539207 1.0 251.2583410541376 442.1489084403249 1.0
0.9998011680233865 0.019940522036099695 -565.3038951599948 560.978528877027 222.50705095231754 1.0 558.8468152628044 329.38939623558593 1.0 563.1102424912494 115.62470566904915 1.0
-0.041807969061267415 -0.9991256646303167 454.35420802014596 346.8848991368385 440.2365692927723 1.0 361.88478767698007 439.6089056282214 1.0 331.88501059669693 440.86423295732317 1.0
-0.9999909796856632 -0.0042474165450987035 284.75235735928624 283.83374637939164 216.87801036825255 1.0 283.9187164947171 196.87306195640863 1.0 283.7487762640662 236.8829587800965 1.0
0.7713724738479751 -0.6363839301786736 28.653563164522584 342.41358501212926 460.0712925486349 1.0 357.6388318961124 478.5260897188696 1.0 327.1883381281462 441.61649537840026 1.0
0.2811515172400103 0.9596633911709044 -267.630545842366 543.8047095611001 119.56174188014442 1.0 530.7054000472059 123.3994320312028 1.0 556.9040190749944 115.72405172908604 1.0
-0.9953787751425457 -0.09602652756257272 375.07492444378136 343.0516381715677 349.99292261215936 1.0 343.3618606871449 346.77726007166297 1.0 342.7414156559904 353.20858515265576 1.0
0.059898356622766366 0.9982044814935926 -458.45358763977066 343.12133109197987 438.6888577477859 1.0 328.13777903386216 439.5879622512139 1.0 358.10488315009763 437.7897532443579 1.0
0.999840723352593 0.017847350665113677 -229.78375481372723 225.85977327861872 221.87919074851868 1.0 225.19020606875145 259.3895515863012 1.0 226.52934048848596 184.36882991073617 1.0
-0.49561333775767796 0.868543274360405 -199.84771495941374 390.20902716024233 452.7586879572117 1.0 384.88955634792904 449.7232598303442 1.0 395.5284979725556 455.7941160840791 1.0
0.06591874903665564 -0.9978249939370342 139.87142435338254 426.23615943415615 168.33450735156634 1.0 435.65264163952946 168.95658309738928 1.0 416.81967722878284 167.71243160574343 1.0
-0.9998011130919108 -0.019943276064281555 568.0083904854771 563.6828987704581 222.51112854251656 1.0 565.8149068204388 115.6287881175535 1.0 561.5508907204775 329.39346896747963 1.0
0.9164817476026916 -0.40007650057347327 -51.14747805127143 255.21040919002957 456.7831489918858 1.0 260.69403860578393 469.3448622216113 1.0 249.72677977427523 444.22143576216035 1.0
1.0 0.0 -135.625 135.625 132.5 1.0 135.625 143.125 1.0 135.625 121.875 1.0
0.11831079788579289 0.9929766135733646 -294.4538632376712 430.10903052312847 245.2900877313558 1.0 423.18341313749875 246.11525854358365 1.0 437.03464790875813 244.464916919128 1.0
0.7049794578772374 -0.7092277236340361 52.3977987851463 306.16279691224213 378.2089622781415 1.0 312.1190209277312 384.1295085815479 1.0 300.20657289675313 372.2884159747351 1.0
-0.661239728409914 0.7501746607106796 -69.38113376683073 357.44831589352054 407.5586354772354 1.0 348.1420539688993 399.35565231899545 1.0 366.7545778181418 415.7616186354754 1.0
0.05703066791737879 -0.9983724269614509 117.85198486844857 204.39101352039228 129.71966912185866 1.0 216.88594346081595 130.4334250117844 1.0 191.89608357996863 129.00591323193288 1.0
0.056025832296997126 -0.9984293195391594 59.04227914140187 312.47646264475185 76.66945625117259 1.0 323.10307304323885 77.26575754203007 1.0 301.84985224626485 76.07315496031511 1.0
0.9152126474710086 -0.4029712271479285 -49.56280236620416 241.37942589381734 425.2182029567259 1.0 248.8208931047749 442.11897514190497 1.0 233.93795868285977 408.31743077154687 1.0
-0.6320619878240741 0.7749178301909694 -83.4218005790896 410.2110608394868 442.24123612727215 1.0 397.1254456613184 431.5679497229888 1.0 423.2966760176552 452.91452253155546 1.0
0.9999616797758591 -0.008754369185844803 -309.5543932105084 313.12832606572266 406.87497088127685 1.0 313.2269047437576 418.1350512348992 1.0 313.02974738768773 395.6148905276545 1.0
0.999524595841372 0.03083151485318036 -448.48295731823566 436.4353314755564 397.4864379058822 1.0 436.2234655807746 404.3549026525137 1.0 436.6471973703381 390.61797315925065 1.0
-1.0 0.0 316.875 316.8749999999999 288.75 1.0 316.8749999999999 278.125 1.0 316.8749999999999 299.375 1.0
0.033939410734424504 -0.9994238922494298 172.86931766551083 213.1179964677405 180.2062350912642 1.0 225.62479783396356 180.63095324322546 1.0 200.61119510151747 179.78151693930295 1.0
0.2534509294422153 0.9673482446176647 -259.7380276247124 421.9905909190626 157.94117681041848 1.0 405.711806251978 162.2063141350776 1.0 438.26937558614713 153.6760394857594 1.0
0.9997485248535211 0.02242514332638281 -574.4026745153172 568.5186875364114 268.7588307201365 1.0 565.0557907861091 423.1402706711481 1.0 571.9815842867138 114.3773907691249 1.0
0.9998188636462033 -0.019032600905145938 -347.87522462651907 352.2809269619991 228.1291702850916 1.0 352.49523133778854 239.3869883071287 1.0 352.0666225862097 216.8713522630545 1.0
0.9995616619216366 0.029605472745013305 -419.26862510546147 414.15837818874047 178.74358399649213 1.0 413.9179391624863 186.86146256385842 1.0 414.3988172149947 170.62570542912584 1.0
0.9993786586987853 0.03524622727919692 -570.1651966468551 555.5961105331444 423.1460237102342 1.0 553.6564432233005 478.1437430144434 1.0 557.5357778429882 368.148304406025 1.0
-0.047769325263330456 0.9988583941499847 -117.92084448079466 163.76733074792918 125.8876134067096 1.0 155.63104950927126 125.4985045328195 1.0 171.9036119865871 126.27672228059971 1.0
-0.29084958960689167 -0.9567687893245174 264.4193333160755 341.85828013636075 172.4449989126221 1.0 353.02621534928426 169.05004141643496 1.0 330.69034492343724 175.83995640880923 1.0
-0.9994146873285288 -0.034209395668718647 572.4020424208135 558.2324257264954 423.75367712144845 1.0 560.0943985617553 369.3568378148996 1.0 556.3704528912356 478.1505164279973 1.0
-0.6641089437712 0.7476358142860072 -67.01634541742553 416.2456892193346 459.379852959809 1.0 399.3655763852673 444.3856088495574 1.0 433.12580205340197 474.37409707006066 1.0
-0.16187403436432596 -0.9868114293007642 254.59645096197278 419.24814842197793 189.22669137450873 1.0 434.35428521201266 186.74871915686327 1.0 404.14201163194326 191.70466359215416 1.0
-0.918154539029454 0.3962224658693786 131.4700486126343 288.4650014548846 336.6427028099913 1.0 287.1319066033619 333.55356174829836 1.0 289.7980963064073 339.7318438716843 1.0
0.07118056049796265 -0.9974634468526633 125.52402097603375 99.9659635687618 132.97695741342739 1.0 108.09417186170977 133.5569991422364 1.0 91.83775527581383 132.39691568461836 1.0
0.9997669104930574 0.021589920869861678 -397.54794622793713 390.7436881673582 319.37756306556514 1.0 390.50085817189233 330.6223191628795 1.0 390.986518162824 308.13280696825075 1.0
0.5936601281641368 0.8047158829227498 -275.9016643461287 454.85214117378814 7.299574975245615 1.0 445.4968162615818 14.201244874223745 1.0 464.20746608599444 0.39790507626748406 1.0
0.996334828829998 -0.08553893183982693 -225.4171273365029 261.71580089142356 413.13866781658476 1.0 262.26675201990514 419.5560006787402 1.0 261.16484976294197 406.7213349544293 1.0
0.9999979394106906 0.0020300675783478327 -480.3154253628476 479.4625158023697 420.62517766335907 1.0 479.4396775891736 431.87513130014736 1.0 479.48535401556586 409.3752240265707 1.0
-0.04173841253088104 -0.9991285727669897 455.32144305350823 227.49853200182554 446.2148592547745 1.0 249.36148744727592 445.301538308503 1.0 205.63557655637516 447.12818020104606 1.0
0.04544953829546047 0.9989666358135938 -454.4741421377746 228.75735198380835 444.53659430451967 1.0 210.61303886547478 445.36209800439536 1.0 246.90166510214192 443.7110906046439 1.0
0.9999508104675132 0.00991850015695918 -521.1529253790569 520.1307944344098 105.63249671597627 1.0 519.2752429052662 191.88640924565186 1.0 520.9863459635535 19.378584186300696 1.0
0.9992829962220174 0.03786150368840991 -579.9133895112702 563.2320718983115 451.25405681182224 1.0 562.2134816912154 478.13782462110214 1.0 564.2506621054076 424.37028900254234 1.0
0.9999678314305261 0.00802097900076412 -334.17150939336227 331.75083007224725 303.12400400357717 1.0 331.3798717270451 349.3710284587611 1.0 332.1217884174494 256.8769795483932 1.0
0.002431794794994549 0.9999970431826661 -315.8620827060666 408.7481616113552 314.8690220643787 1.0 403.1201551409953 314.8827082616871 1.0 414.37616808171515 314.8553358670703 1.0
-0.9998238347165014 -0.018769643917505255 556.9878882279969 554.3524446617214 145.61284347532603 1.0 554.7045336743894 126.85772013071715 1.0 554.0003556490535 164.36796681993488 1.0
0.998470262648151 0.05529136105516147 -532.7119686842294 516.4992202420522 307.51380083804304 1.0 516.1867713965762 313.1561086932486 1.0 516.8116690875282 301.8714929828374 1.0
-0.9989950381148887 -0.04482090831110045 205.4712225242695 186.19188675650105 434.3163101952358 1.0 186.53147245746644 426.7474223020122 1.0 185.8523010555357 441.8851980884594 1.0
-0.9998555894404532 -0.01699412441651083 237.84934564903963 234.96242242382755 171.8743613097616 1.0 235.0900404511342 164.3659075178183 1.0 234.83480439652092 179.38281510170492 1.0
0.9998052270720622 0.019735954990381235 -522.8257212939185 518.0173401866509 248.74787481684132 1.0 516.9932500456684 300.62733423222414 1.0 519.0414303276335 196.8684154014585 1.0
-0.9982512702434971 -0.0591134625719428 583.3507086320244 563.5341956075818 351.89923134330445 1.0 563.9811392776603 344.35167674285765 1.0 563.0872519375032 359.44678594375125 1.0
-0.7406764760455816 -0.6718618591888507 257.9078140079719 343.6773787600041 4.992193209894207 1.0 348.4225319204347 -0.23897637220945067 1.0 338.9322255995734 10.223362791997864 1.0
0.9995654285383984 0.0294780269157881 -525.5524033909433 514.9246417980554 368.12277762311317 1.0 513.3392571165707 421.8813186229424 1.0 516.5100264795401 314.36423662328394 1.0
0.9999686021399325 0.007924312860376691 -270.45783859685025 267.6580541918029 354.37625251019085 1.0 267.41038794340926 385.6292427147774 1.0 267.90572044019655 323.1232623056043 1.0
-0.6731792493561265 -0.7394793426704508 274.05018314861184 384.4053925182044 20.658385817232762 1.0 406.66510370478676 0.39443143366094446 1.0 362.14568133162203 40.922340200804584 1.0
-0.9999662850994546 -0.008211495868358586 488.7842462077495 486.93254389974845 227.50047253742656 1.0 487.07110822068717 210.62661039613823 1.0 486.7939795788097 244.3743346787149 1.0
-0.9997184533604249 -0.023727916272616077 558.3916066218279 550.849827082178 324.38033618056545 1.0 552.0365926375675 274.3788353364005 1.0 549.6630615267884 374.3818370247303 1.0
0.9999731228874678 0.0073316780265803745 -158.745793852618 158.58975163821438 21.864660235170856 1.0 158.433924071615 43.11810014884644 1.0 158.74557920481377 0.6112203214952716 1.0
0.9998921155665929 0.014688676855431557 -389.89902706875773 385.0290331195249 334.37542650412394 1.0 384.092596145047 398.1208514134639 1.0 385.9654700940028 270.63000159478395 1.0
0.9999980007561606 0.001999620884511772 -387.30671858104563 386.89382292944833 206.87378787324667 1.0 386.836331444901 235.62492267739506 1.0 386.9513144139956 178.12265306909828 1.0
0.999950792210214 0.009920340627489357 -271.7215969426227 269.7384273666273 201.247404982683 1.0 269.29817240507145 245.62423780658284 1.0 270.17868232818313 156.8705721587832 1.0
-0.9999841871412278 -0.005623652505094111 485.3428372176401 483.19591381765224 383.1253988009745 1.0 483.3154145437075 361.8760708421588 1.0 483.076413091597 404.3747267597901 1.0
-0.9991646405450607 -0.040865891455581 561.0588896412759 553.5272661418446 195.6158901723485 1.0 553.8345480581231 188.1028954843902 1.0 553.219984225566 203.12888486030675 1.0
-1.0 0.0 234.375 234.375 202.5 1.0 234.375 193.125 1.0 234.375 211.875 1.0
1.0 0.0 -279.375 279.37499999999994 318.125 1.0 279.37499999999994 331.875 1.0 279.37499999999994 304.375 1.0
-0.9997366696295793 -0.022947579348540942 491.6670103705158 484.52333694702185 316.86405885563363 1.0 484.83911219426267 303.10696102700933 1.0 484.207561699781 330.6211566842579 1.0
-0.9994751825652818 -0.032393817868486205 494.70227860109503 485.887392478227 279.98824759011234 1.0 486.27252303008316 268.1054732227734 1.0 485.50226192637086 291.87102195745126 1.0
-0.9998079182031138 -0.019599150449848154 557.173033005976 552.9182668667779 222.5081992501769 1.0 553.2736733137673 204.37791443045344 1.0 552.5628604197886 240.63848406990033 1.0
0.99900346695497 -0.0446326451372768 -254.80025372780534 268.48602425101797 300.63679368872965 1.0 269.04462138704434 313.1397603806 1.0 267.92742711499164 288.13382699685934 1.0
-0.9983859944422891 -0.05679265886962314 302.21294106129005 294.8802756543888 137.49318954396742 1.0 295.2721108752199 130.6049260889135 1.0 294.4884404335577 144.38145299902135 1.0
1.0 0.0 -333.12499999999983 333.1249999999999 218.125 1.0 333.1249999999999 240.625 1.0 333.1249999999999 195.625 1.0
-0.9970018151648213 -0.07737816590002272 451.4027643482796 434.61722618411153 233.76879938188117 1.0 435.25152305614273 225.59601413409476 1.0 433.98292931208033 241.94158462966757 1.0
1.0 0.0 -455.6249999999996 455.62499999999983 152.5 1.0 455.62499999999983 161.875 1.0 455.62499999999983 143.125 1.0
1.0 0.0 -330.625 330.625 364.375 1.0 330.625 375.625 1.0 330.625 353.125 1.0
-0.9902710682516811 -0.13915175666758361 573.601096917534 554.5663868118453 175.56406917128004 1.0 556.1529198688381 164.2735341267383 1.0 552.9798537548525 186.8546042158218 1.0
0.999766325834683 0.021616977749418752 -420.4447006918581 415.52940714397346 231.8729330883744 1.0 415.3132878797716 241.8682601511042 1.0 415.74552640817535 221.87760602564458 1.0
-0.9996928253581444 -0.02478416687021645 492.7546046449067 486.56841781837636 255.63289414522632 1.0 486.7855965734791 246.87278352971484 1.0 486.3512390632737 264.39300476073777 1.0
-0.9979826426940972 -0.0634873600120998 567.1880918455831 552.5076612220653 248.79024718372108 1.0 552.9482946010095 241.86375876312687 1.0 552.0670278431212 255.71673560431526 1.0
-0.08292397207387704 -0.996555876434177 113.26674531677104 163.70103420909274 100.03654354461693 1.0 171.87346154437796 99.35651129338798 1.0 155.52860687380752 100.7165757958459 1.0
0.9985032378743287 0.05469263162878266 -269.6624938956205 250.48334408417196 357.52647498670296 1.0 250.03776202732558 365.66130253567854 1.0 250.9289261410183 349.39164743772733 1.0
0.9981005451048196 -0.06160602130848918 -338.8745312071582 368.67918188409476 472.427217047787 1.0 369.027429592163 478.0692991019724 1.0 368.3309341760266 466.7851349936016 1.0
0.9994780328945967 0.032305754303955644 -631.633482311812 620.4277624554029 356.88882640571364 1.0 619.9831379050624 370.6446566138497 1.0 620.8723870057435 343.1329961975776 1.0
1.0 0.0 -621.875 621.875 308.125 1.0 621.875 316.875 1.0 621.875 299.375 1.0
0.9904868071173584 -0.13760772117312592 -201.04323019898044 263.39124205061114 434.8761802916333 1.0 263.99938349535034 439.2535224403173 1.0 262.78310060587194 430.4988381429494 1.0
