0.7729076117847465 -0.6345185762806314 -133.15139456645585 199.1785266943915 32.77320097010604 1.0 226.44082820076164 65.9814333792467 1.0 171.91622518802134 -0.4350314390346188 1.0
-0.021533819607714336 -0.999768120422482 75.70474499865941 264.3756023657576 70.0279665239264 1.0 300.6222485619543 69.24725675270093 1.0 228.12895616956092 70.80867629515186 1.0
-0.9986656485256052 -0.05164225454927602 179.60751952439554 163.7184645227678 311.9056887955904 1.0 164.23753163214423 301.86789133810123 1.0 163.19939741339135 321.9434862530795 1.0
-0.013894563240378745 0.999903465896763 -178.93194578777894 28.125485668011308 179.34004955791806 1.0 21.859325758632597 179.25297559717615 1.0 34.39164557739002 179.42712351865995 1.0
-0.020559032129582586 0.9997886407625839 -278.98077316318773 24.957784059683327 279.55296714950816 1.0 0.5545466958817125 279.0511541456661 1.0 49.36102142348494 280.0547801533502 1.0
-0.9795503236304064 -0.20119931281086917 224.03895690216206 161.09549795665183 329.21489053785916 1.0 162.42848119020388 322.7251856796362 1.0 159.76251472309977 335.70459539608214 1.0
0.029636086735023437 0.9995607547133062 -81.51797940998199 275.59557734856344 73.38263795373743 1.0 249.33160382500427 74.16134139290337 1.0 301.8595508721226 72.60393451457148 1.0
-0.07804869272163793 -0.9969495481539893 270.94969514478134 38.84688216778726 268.73751763202705 1.0 48.21340506304319 268.00423592416564 1.0 29.480359272531327 269.47079933988846 1.0
0.019845052115593047 0.9998030675620722 -101.55405642963622 329.4129225396192 95.03555539790193 1.0 313.1445207836618 95.35846627021162 1.0 345.6813242955767 94.71264452559222 1.0
-0.16557839536196264 -0.986196630996759 288.56902237429426 14.406759584051038 290.18916232836125 1.0 24.43877163832927 288.50482838724815 1.0 4.374747529772806 291.8734962694744 1.0
0.7742882787299539 -0.6328330438760332 -132.92421603770248 251.06590913705645 97.13964084315744 1.0 269.29351046953116 119.44160215455564 1.0 232.83830780458175 74.83767953175924 1.0
0.02457403477961837 0.9996980128091935 -214.1976704912845 24.388221799261924 213.6628769325609 1.0 0.5911474905742642 214.24784371675162 1.0 48.18529610794958 213.07791014837017 1.0
0.001148014322005316 0.9999993410313412 -257.8755739965424 24.374681725937183 257.8477614264203 1.0 0.623278009981294 257.875028396022 1.0 48.126085441893075 257.82049445681855 1.0
-0.07071367889434378 -0.9974966544391152 230.02449811584006 39.22055541988078 227.82138400414215 1.0 47.97088711785664 227.20106298035125 1.0 30.470223721904922 228.44170502793304 1.0
-0.9999918469180283 -0.004038080914307056 399.8434991811192 398.6530850649715 295.6018942561245 1.0 398.8701097618929 241.85781826885295 1.0 398.43606036805005 349.3459702433961 1.0
-0.000752815461237019 -0.9999997166344006 290.2894497300599 41.25019458643678 290.25847819506384 1.0 49.37566049127638 290.2523612169676 1.0 33.12472868159717 290.2645951731601 1.0
0.9996943055100114 -0.0247243914152857 -62.306570680311566 73.37794183356462 446.8842017246527 1.0 74.15148905346815 478.1614428017605 1.0 72.60439461366109 415.606960647545 1.0
0.003342144986822575 0.9999944150178475 -236.10398919053236 24.374244153385483 236.0238451215901 1.0 0.6224206103462926 236.10322760292212 1.0 48.12606769642468 235.9444626402581 1.0
0.0031421949106007104 0.9999950632933863 -192.16761823080913 23.123730255657343 192.09590728442163 1.0 0.6219885447825391 192.16661249175604 1.0 45.625471966532146 192.0252020770872 1.0
0.004584747695896278 -0.9999894899890523 353.17270910134135 12.496636064128339 353.23371551496 1.0 24.374251889873893 353.28817195908766 1.0 0.6190202383827859 353.17925907083236 1.0
-0.8120919604537287 0.583529474633818 159.08704661105432 221.83800126641876 36.100679839262376 1.0 198.13706488838017 3.1163307626219128 1.0 245.53893764445738 69.08502891590284 1.0
0.0006446086129629733 -0.9999997922398465 228.29281620259536 15.000691321473843 228.3025332095909 1.0 29.37649110896885 228.31179997587742 1.0 0.6248915339788375 228.2932664433044 1.0
-0.0695825233020746 -0.9975761988193765 183.62253762831415 23.743897363277668 182.41250899140564 1.0 30.62899415456518 181.93226256162535 1.0 16.85880057199015 182.89275542118594 1.0
0.03437862304077687 0.9994088804277358 -299.4890335793953 36.8843698723004 298.39738826797657 1.0 28.144711407369474 298.6980234031601 1.0 45.62402833723132 298.0967531327931 1.0
0.9999993180903374 -0.0011678265540166638 -225.59400057518087 225.72626644569178 113.126341522463 1.0 225.77589904039252 155.62628356016143 1.0 225.67663385099104 70.62639948476456 1.0
-0.9575755742165758 0.28818226812868825 277.2138120413775 313.0169855349484 78.15750694187217 1.0 308.46239592339396 63.02346073241728 1.0 317.5715751465028 93.29155315132707 1.0
-0.9997237027013353 0.02350570690560398 137.57815561720628 145.85966961925135 350.60478727317235 1.0 145.6243321719178 340.59562544802975 1.0 146.09500706658488 360.61394909831495 1.0
0.0 -1.0 255.62500000000009 24.375 255.62500000000009 1.0 48.125 255.62500000000009 1.0 0.625 255.62500000000009 1.0
-0.0848523226454566 -0.9963935383881567 268.77934529156505 13.788574576501412 268.5779688472131 1.0 23.20175824033103 267.7763473326293 1.0 4.3753909126717945 269.3795903617969 1.0
0.01642988394118527 -0.9998650203470864 273.2673692154411 13.743343491055409 273.530091750809 1.0 26.885335097098892 273.746042296582 1.0 0.6013518850119248 273.3141412050359 1.0
-0.9313474733267456 0.3641316848722268 248.04809180314993 427.17049146160906 411.3788289308774 1.0 400.76181701423496 343.83279203738095 1.0 453.57916590898316 478.92486582437385 1.0
0.0020950071640247676 -0.9999978054700833 206.04248507085615 29.37268611531808 206.10447336112713 1.0 48.12915070355672 206.14376837504537 1.0 10.61622152707944 206.06517834720893 1.0
-0.9999870172801355 -0.00509561293446875 403.04364821329 401.8641357776202 232.49994463940916 1.0 401.90556955179306 224.36878617376303 1.0 401.8227020034474 240.6311031050553 1.0
-0.015538796691466624 -0.9998792656102943 252.4535013849219 38.1349668837311 251.89134183510834 1.0 45.64286655260167 251.77466402154923 1.0 30.62706721486054 252.00801964866747 1.0
0.999997930891704 0.0020342596469523693 -150.54181945727495 149.83013929854684 349.99965445851444 1.0 149.81106556743433 359.3758870724227 1.0 149.84921302965938 340.62342184460624 1.0
-0.9999757016157061 0.006971095909260569 150.42613557660036 152.8740724938114 350.62239224140427 1.0 152.81304651412475 341.8684606288865 1.0 152.9350984734981 359.37632385392203 1.0
0.9900829704867562 -0.14048384801150993 -321.52255628107287 331.31674015405997 46.32921203948131 1.0 337.8107696061753 92.09695019150064 1.0 324.8227107019446 0.5614738874619896 1.0
-0.9972915359519924 0.07354993078525492 97.56679227733254 119.40677381317377 292.5437502409357 1.0 118.34221417809796 278.10898052406066 1.0 120.4713334482496 306.97851995781076 1.0
0.9443444030684297 -0.32895842958241917 -261.64076835630345 285.2978237345836 23.64625434565753 1.0 293.4961091365701 47.181157962358654 1.0 277.09953833259704 0.11135072895640308 1.0
-0.9999951920569282 0.00310094550536844 228.85794715255494 229.22146169875734 116.871599915676 1.0 229.08579598517363 73.12202060968346 1.0 229.35712741234104 160.62117922166854 1.0
-0.02074395428409737 0.9997848210293351 -330.1161654098821 186.2696691716266 334.0520158806179 1.0 161.89219583619717 333.54622185194745 1.0 210.647142507056 334.55780990928827 1.0
0.9995405911015874 -0.03030852586796736 -44.29071903080534 51.75970991645815 245.64744741368844 1.0 53.46550365880477 301.90257816303745 1.0 50.05391617411153 189.3923166643394 1.0
-0.9600854231705044 0.2797069541779633 278.72538373295464 299.4140298624369 31.238629216025206 1.0 291.17670526932886 2.9642686767617965 1.0 307.651354455545 59.512989755288615 1.0
0.9998134811294177 0.019313284336833807 -70.13648314181938 67.60188161693895 131.88904109027547 1.0 67.09453620957174 158.1533868653448 1.0 68.10922702430616 105.62469531520613 1.0
0.9995668774675978 -0.029428854372471794 -241.05909978516863 247.2544982386628 206.8822279661776 1.0 248.10183520350398 235.6624840165604 1.0 246.40716127382163 178.10197191579476 1.0
0.05476109432444925 -0.9984994855023155 186.71995828171376 40.66718107492234 189.23088130126928 1.0 48.17886457185307 189.64284747099032 1.0 33.1554975779916 188.8189151315482 1.0
0.9999910402838991 -0.004233125550407643 -97.73270380607285 97.92936678775536 46.250828147369226 1.0 98.12252380973571 91.88030193646613 1.0 97.73620976577499 0.6213543582723258 1.0
0.9997770452328437 -0.02111539309329781 -108.15381557517162 115.6884635117463 355.61045958046327 1.0 116.34845109025434 386.8597206392392 1.0 115.02847593323828 324.3611985216873 1.0
0.11936069276793006 0.9928509581110146 -363.0104459873019 9.241352779227503 364.51331265875075 1.0 0.4678795875660602 365.56806093650835 1.0 18.014825970888946 363.45856438099315 1.0
0.6415675829094809 0.7670665137780988 -248.2009269873465 24.464473180123758 303.1097171962863 1.0 20.35237174150195 306.5490421221797 1.0 28.576574618745564 299.6703922703928 1.0
0.1527406404823603 0.988266308615769 -319.0416748145353 154.92433983177557 298.8854616890156 1.0 149.24188387640334 299.76370873090053 1.0 160.60679578714777 298.00721464713064 1.0
-0.9999998299761784 -0.0005831360168829149 114.87253977590187 114.84340255442248 49.99990868237381 1.0 114.87219510289046 0.6245610122761747 1.0 114.81461000595452 99.37525635247144 1.0
-0.007735003803883821 0.9999700844106056 -360.20692788175313 159.37344912307668 361.45049512155686 1.0 154.36891404174176 361.411783865596 1.0 164.37798420441163 361.4892063775177 1.0
-0.5439258303806888 0.8391332975425765 -225.39817675404302 61.6054084907185 308.5409081983927 1.0 54.92237279335961 304.208967430704 1.0 68.28844418807739 312.87284896608134 1.0
0.11992871524479508 0.992782505516557 -204.32050053788996 41.42238901282728 200.80205436082474 1.0 36.96148527306081 201.34093417726805 1.0 45.883292752593746 200.26317454438143 1.0
-0.9999956357459671 0.002954401634713111 276.97589238099573 277.7249353935972 253.12433544760518 1.0 277.52182662296224 184.37678202418832 1.0 277.9280441642321 321.871888871022 1.0
-0.015075206499526903 0.999886362617771 -301.12604564138036 11.873653829587337 301.3392868324837 1.0 0.6167895920407984 301.1695679931609 1.0 23.130518067133874 301.50900567180645 1.0
-0.9992866811293522 0.03776412209339099 99.42585990746902 115.74682294141209 429.99539617957475 1.0 114.16301302938376 388.08577236741326 1.0 117.3306328534404 471.90501999173625 1.0
-0.9996293077086471 0.0272258548062429 154.63200707244266 164.80130702987816 371.27243406134306 1.0 164.61327210447254 364.36851043264664 1.0 164.9893419552838 378.1763576900395 1.0
0.9998804522550315 -0.015462250750575602 -237.73891312505822 241.63327088152786 249.99407306097223 1.0 242.14554613258204 283.12081624770025 1.0 241.1209956304737 216.8673298742442 1.0
0.939009921888053 -0.3438900501552682 -253.25607881017152 420.2985148896173 411.20235017601135 1.0 445.0518654710826 478.79267965915477 1.0 395.54516430815204 343.61202069286793 1.0
1.0 0.0 -101.875 101.87500000000001 28.75 1.0 101.87500000000001 33.125 1.0 101.87500000000001 24.375 1.0
1.0 0.0 -101.875 101.875 11.875 1.0 101.875 23.125 1.0 101.875 0.625 1.0
0.9999632702220866 -0.008570776321318876 -208.8599174311963 211.25133188609442 278.11427472036337 1.0 212.26912010280836 396.8609080967609 1.0 210.2335436693805 159.36764134396586 1.0
0.9999989514557287 -0.001448132398339436 -287.5448749511625 287.91445104532727 255.0003049030824 1.0 288.0094872556806 320.6269774453188 1.0 287.819414834974 189.37363236084596 1.0
-0.4426486759546824 0.896695126381072 -42.298830272967955 165.55283954280787 128.89617897623225 1.0 116.18371141641681 104.52537717832324 1.0 214.92196766919892 153.26698077414125 1.0
0.02811439827558566 -0.99960471217857 273.024083158535 38.736737703624605 274.221539665235 1.0 48.12189207496233 274.48550197419473 1.0 29.351583332286875 273.95757735627535 1.0
-0.06492658689823623 0.9978900431980198 -269.22941445357014 138.08219838090423 278.7828400554976 1.0 133.02228869607978 278.4536227553669 1.0 143.14210806572868 279.11205735562834 1.0
0.7087964119479623 0.7054131033725519 -317.79748235164817 145.53207078171783 304.28251436215334 1.0 141.7880802826359 308.0444618216337 1.0 149.27606128079978 300.52056690267295 1.0
0.0031462925118169315 -0.9999950504094659 414.0920663288093 31.87753462655848 414.1944124700434 1.0 36.879451553862474 414.210150041711 1.0 26.875617699254484 414.17867489837573 1.0
-0.8270559378782475 0.5621196274996387 164.40437380501248 259.57243795028523 89.44101904951928 1.0 250.32211243487367 75.8308615838245 1.0 268.82276346569677 103.05117651521407 1.0
0.13307229928053138 0.9911063329250765 -332.4706970035664 144.4336113569414 316.06153027234086 1.0 135.6736974310624 317.23769255573166 1.0 153.1935252828204 314.88536798895 1.0
0.44463661603536986 0.8957110469792227 -347.4390096815826 128.59249837376427 324.05771630934396 1.0 119.07962235738681 328.7799679941378 1.0 138.10537439014175 319.33546462455007 1.0
0.4216765211050974 0.9067463325256421 -356.9696470597818 26.335852962453338 381.4346127421015 1.0 7.849113574781064 390.03175140364635 1.0 44.82259235012561 372.8374740805566 1.0
-0.4207217812606156 0.9071897170784591 -55.81971520713486 49.11595556126529 84.30856972838998 1.0 0.1688156965298937 61.608656486623204 1.0 98.06309542600069 107.00848297015675 1.0
-0.999923317847252 0.012383796887201017 109.80455648189346 112.23549620531321 195.6050544126352 1.0 110.88866986656066 86.85625358230259 1.0 113.58232254406576 304.3538552429678 1.0
0.004816481381546664 0.9999884006862785 -189.69468636893654 341.8806604224478 188.05020578663328 1.0 288.1319073414411 188.30908865799296 1.0 395.62941350345454 187.79132291527364 1.0
-0.40732236631508234 0.9132844517999208 -52.596421567683024 218.22834031684215 154.91964772170257 1.0 213.4166994734509 152.77366907252505 1.0 223.03998116023337 157.06562637088007 1.0
-0.9969329737185858 0.07826011699849152 339.65039636702585 342.55169225767435 23.647816010637456 1.0 340.72833813105603 0.42063566248276896 1.0 344.37504638429266 46.874996358792146 1.0
-0.9944320630265688 0.10537965659804553 374.03784753073876 397.8727830438075 205.15918946388103 1.0 396.8487062489164 195.49532422919347 1.0 398.89685983869856 214.8230546985686 1.0
0.9891485545095359 0.14691881129282125 -378.23820616193433 377.37746126357865 33.73179925006181 1.0 372.44216981701953 66.9592420634775 1.0 382.3127527101378 0.5043564366461206 1.0
0.004880667646385045 -0.9999880894707324 339.0861240518609 338.74942160554247 340.74350582962165 1.0 396.87913777665455 341.0272210338298 1.0 280.6197054344304 340.4597906254135 1.0
-0.0007609515071148936 -0.9999997104763599 192.97559483739664 142.50027943279315 192.86721487461608 1.0 169.37573946545402 192.84676394687878 1.0 115.62481940013231 192.88766580235335 1.0
0.13105644331951968 -0.9913749082281826 403.452878167769 18.451889384731615 409.40224913342126 1.0 24.7569482757201 410.2357568067695 1.0 12.14683049374313 408.56874146007306 1.0
0.9817107969645292 0.1903783368014043 -386.7644384568197 384.4393701975555 49.14507665541676 1.0 374.965728234951 97.99715067561829 1.0 393.91301216015995 0.29300263521523373 1.0
0.9997209406584014 0.023622887399326435 -68.1673783113938 61.26035780875094 293.11047632375767 1.0 60.96515411860191 305.6035008136442 1.0 61.55556149889996 280.6174518338712 1.0
0.0983915261503373 0.9951477817800769 -320.11037086208864 127.5920493084324 309.0560015677663 1.0 114.47171838517811 310.35322536384143 1.0 140.7123802316867 307.75877777169126 1.0
0.040324616146272245 -0.9991866318824807 333.3639553240427 181.21171834340896 340.94856499993205 1.0 210.6144995576604 342.13518602573953 1.0 151.80893712915756 339.76194397412456 1.0
0.9997646015459093 -0.02169657797324873 -60.18552517762684 64.91955644436305 217.48818220675378 1.0 65.42176012960549 240.62941064795498 1.0 64.41735275912063 194.34695376555257 1.0
0.0 -1.0 299.3749999999999 12.5 299.3749999999999 1.0 24.375 299.3749999999999 1.0 0.625 299.3749999999999 1.0
-0.7996416792493173 0.6004774640295271 148.93581016200915 205.01695441600816 24.987268366578597 1.0 186.3267830229725 0.09800784730343182 1.0 223.70712580904382 49.876528885853766 1.0
0.1706156966195242 0.9853376497764786 -225.41670431231825 32.60818179944407 223.1247701830771 1.0 28.25546551319951 223.8784628096942 1.0 36.960898085688626 222.37107755646 1.0
-0.9998826535040206 0.015319243511307076 96.7856410015542 101.28826448124894 293.1435650500266 1.0 98.45380362610535 108.13911368776523 1.0 104.12272533639253 478.148016412288 1.0
0.9998632885390292 -0.01653493973131 -61.41846726791232 65.76784110632096 262.49763780797707 1.0 66.02650597435371 278.1390317158728 1.0 65.50917623828822 246.85624390008138 1.0
-0.9999819912779484 0.00600142647950617 228.07210358221818 229.5653123396172 248.120106874817 1.0 229.07768270879671 166.86928244179896 1.0 230.05294197043773 329.37093130783506 1.0
-0.4748758990034581 0.8800527714550175 -32.03253771208862 245.2854360925651 168.75428895412736 1.0 230.97939528867943 161.03475870744305 1.0 259.5914768964508 176.47381920081168 1.0
0.011210642892852382 -0.9999371587684543 117.89909670374435 283.74481287086775 121.0876677717067 1.0 298.118006242228 121.248810636239 1.0 269.3716194995075 120.92652490717441 1.0
-0.9769313866223173 -0.21355342617761053 389.89294493399547 391.88787281029977 32.99119136163807 1.0 399.0387929246797 0.2782612625611369 1.0 384.7369526959199 65.70412146071502 1.0
0.9999973650040888 -0.002295644763311234 -107.89812429623098 108.12941174159636 100.62642465393952 1.0 108.35897890676658 200.62733242964802 1.0 107.89984457642615 0.625516878231025 1.0
0.999998468870238 0.0017499306213885244 -248.48977818121605 247.95096290046035 308.12360173837095 1.0 247.87440163908636 351.8745614695831 1.0 248.02752416183438 264.3726420071588 1.0
0.9999988856556586 -0.0014928789104198042 -267.5955913080799 267.8170231234551 148.12545977269622 1.0 267.8599433443017 176.8753956979323 1.0 267.7741029026085 119.37552384746016 1.0
-0.9914604969220027 -0.13040737342334294 382.6747670652873 381.5480771031657 33.62479303001675 1.0 385.90533449185455 0.4974593340742972 1.0 377.19081971447696 66.7521267259592 1.0
-0.999966987750602 -0.008125479000499565 104.49106905329415 104.42345643185496 8.745315152686816 1.0 104.48951503391189 0.6157733361597406 1.0 104.35739782979805 16.87485696921389 1.0
-0.9982369120418446 -0.059355433088830616 144.96344981486507 117.12362945567811 472.5147835737613 1.0 117.46572278561821 466.76147386749653 1.0 116.78153612573801 478.268093280026 1.0
0.9998978139358252 -0.014295512804999185 -100.05429290794011 104.05892750889676 279.38845448870825 1.0 106.90050897472517 478.1425065160534 1.0 101.21734604306835 80.6344024613631 1.0
1.0 0.0 -101.875 101.87500000000001 65.625 1.0 101.87500000000001 78.125 1.0 101.87500000000001 53.125 1.0
-0.9999743509627115 0.007162221492234838 104.12963887267145 104.35610383554385 31.245658838735935 1.0 104.30683276486488 24.36653523485818 1.0 104.4053749062228 38.124782442613686 1.0
0.999986582746701 -0.005180185959510114 -257.7020085897257 259.05879974263894 261.2484003384458 1.0 259.47646340332926 341.8744743936504 1.0 258.6411360819486 180.62232628324114 1.0
0.9982730132567835 -0.05874513599628012 -56.41925364884722 67.65825101240607 189.32890821285162 1.0 68.83975216841785 209.40649760260015 1.0 66.47674985639429 169.25131882310305 1.0
0.315909161506064 0.9487894401164757 -301.14574377706987 33.9117550749164 306.10870798741166 1.0 23.973080819172907 309.4178913719025 1.0 43.85042933065989 302.79952460292077 1.0
0.0020849009559080417 -0.9999978265916402 1.7992755840517243 308.12772768876073 2.441696684855783 1.0 323.12896554684613 2.472972847981784 1.0 293.1264898306753 2.4104205217297827 1.0
-0.03678121133249238 -0.9993233423136451 124.88147701017239 38.76524649433989 123.53923806150867 1.0 66.89814278075703 122.50377540403676 1.0 10.632350207922755 124.57470071898058 1.0
0.4360272715184685 0.8999334522575321 -354.5577790051517 123.85753063176341 333.9719366057752 1.0 116.5728736957846 337.5014299030574 1.0 131.1421875677422 330.4424433084931 1.0
0.9999582575729374 -0.009136909307586675 -168.83087591208334 171.00805036325627 237.50221076417057 1.0 171.41353596624356 281.87921653103336 1.0 170.602564760269 193.1252049973078 1.0
0.9998167874844507 0.01914135481810974 -594.4202397361664 588.2352509973563 328.75211074017346 1.0 585.3751610019403 478.1441479447565 1.0 591.0953409927722 179.3600735355904 1.0
0.018673402704733298 0.9998256368144531 -192.9242750856507 146.8790100771659 190.2147106244895 1.0 115.62823798446459 190.79837064543088 1.0 178.1297821698672 189.63105060354812 1.0
-0.03239818609256059 0.9994750409779685 -330.8260269368114 11.22605543673939 331.3636831249663 1.0 0.5717314149334862 331.0183210516812 1.0 21.880379458545296 331.7090451982515 1.0
-0.004983599267044535 0.9999875817920667 -280.56793309343766 157.49947003110168 281.3563412783939 1.0 145.62165025084653 281.2971462493468 1.0 169.3772898113568 281.4155363074411 1.0
0.16051233644413268 0.9870338341968049 -313.06591166053295 8.260808068122667 315.8351205967314 1.0 0.6569813188601903 317.0716617923366 1.0 15.864634817385145 314.5985794011262 1.0
-0.4476340646028272 0.8942168328806788 -39.94151862668936 48.12209005397656 68.75581305785842 1.0 0.38309051288236695 44.858250834822094 1.0 95.86108959507075 92.65337528089475 1.0
0.998090716841061 -0.06176504639111846 -341.3947843230293 346.461007302138 71.3142961918197 1.0 347.58551431856665 89.48573909842563 1.0 345.33650028570935 53.14285328521377 1.0
0.9997530222809413 -0.022223735962336892 -47.225337082003556 54.739496098394035 337.50579080012506 1.0 55.420855970807565 368.15732449638637 1.0 54.058136225980505 306.85425710386374 1.0
-0.8068278903648989 -0.5907865564900125 420.2222858768901 229.25427455138586 398.2039547093811 1.0 239.37845077863702 384.37752677634535 1.0 219.1300983241347 412.03038264241684 1.0
-0.9999757008198686 0.0069712100680241725 103.59950055520585 104.7610214500526 166.2516660101561 1.0 103.90262094632983 43.11957890930179 1.0 105.61942195377537 289.38375311101044 1.0
-0.9977075963388172 -0.06767238881419503 281.0157848326164 269.4127578806714 180.58516861335613 1.0 270.5127755170139 164.36738805149426 1.0 268.31274024432884 196.802949175218 1.0
0.37171904778194664 -0.928345274946818 74.14810738582578 33.22888590985435 93.1764501306339 1.0 66.52173715979598 106.50725204082109 1.0 -0.06396534008727528 79.8456482204467 1.0
-0.9981219603523307 0.06125807916038801 47.47424088851554 70.95854277524131 381.1911710276531 1.0 69.99614683257764 365.51016146789283 1.0 71.92093871790499 396.8721805874134 1.0
-0.20334635869019901 -0.9791068677153874 413.2034797522269 46.10871209050233 412.44470277999875 1.0 54.39548998085898 410.7236586684296 1.0 37.82193420014568 414.1657468915679 1.0
-0.9998264081483788 0.018632057565164305 106.2108710871289 112.70522155200807 347.50782269416356 1.0 111.92470563889039 305.62407372088035 1.0 113.48573746512575 389.3915716674468 1.0
0.9998001182571764 -0.019993087128709678 -109.05005766154729 114.90879447878129 291.8893220220985 1.0 115.1841441327371 305.65881218711513 1.0 114.63344482482549 278.11983185708186 1.0
-0.07309357016403946 -0.9973250874216865 368.16256096130553 10.642954994844589 368.36998689505583 1.0 18.10288496984965 367.82325151065226 1.0 3.183025019839525 368.91672227945946 1.0
-0.20775798023503947 -0.9781802603041307 404.0189422035527 43.40377475491061 403.8125462714654 1.0 53.353187387372 401.6993673851909 1.0 33.45436212244921 405.92572515773986 1.0
-0.8101335208699371 -0.5862454079674135 419.63292321821086 174.07863486128815 475.2378134879807 1.0 176.63682465757987 471.70264668145694 1.0 171.5204450649964 478.7729802945044 1.0
-0.8178658035420846 -0.5754090087898002 415.93468977769123 190.63814729959734 451.88424977495913 1.0 193.23066368561058 448.1993396243478 1.0 188.04563091358406 455.5691599255705 1.0
0.9998940868497467 -0.01455386831433986 -29.342497632964278 31.60188453138453 155.01307243880447 1.0 31.920349066055376 176.89253418815846 1.0 31.283419996713686 133.13361068945048 1.0
-0.9997825403018206 0.02085358740453327 99.70338023951575 107.7425739083497 384.38297669053674 1.0 105.78688804779526 290.62162331915357 1.0 109.69825976890414 478.1443300619199 1.0
0.0 1.0 -254.37499999999986 28.125 254.3749999999999 1.0 6.875 254.3749999999999 1.0 49.375 254.3749999999999 1.0
-0.8017967307306658 -0.5975968562414097 423.0248311923027 185.1374120610065 459.47741625155084 1.0 187.60383283697186 456.16821525070696 1.0 182.67099128504117 462.78661725239465 1.0
-0.7816968223052367 0.6236586229644349 142.2685315225051 272.5926399603467 113.54973107191657 1.0 268.2103297514844 108.05692164303326 1.0 276.9749501692089 119.04254050079989 1.0
-0.640490031460992 -0.7679664833826392 387.456182395403 126.85410363160779 398.72494463651054 1.0 137.48552785355733 389.85825399084746 1.0 116.22267940965823 407.5916352821736 1.0
0.04819197440008301 -0.9988380917863624 316.56039323154073 283.1267396393521 330.5889438293924 1.0 288.1151273073692 330.8296237281384 1.0 278.138351971335 330.34826393064645 1.0
-0.7538733578388482 -0.6570197564310982 443.5420131558969 180.4789479054712 467.99771189441066 1.0 183.875596932043 464.10035084552675 1.0 177.08229887889937 471.89507294329456 1.0
-0.8286270415333143 -0.5598010593413939 412.11490469197776 206.47298865119535 430.55617514008156 1.0 218.79003115607236 412.3242795033281 1.0 194.15594614631834 448.788070776835 1.0
-0.04314187619887509 -0.9990689558374042 319.67931759894543 8.108896172453115 319.62707152331325 1.0 15.621875579592718 319.3026454408355 1.0 0.59591676531351 319.9514976057911 1.0
-0.9999999466966452 0.000326506825351644 109.98202999255984 109.99611646297917 43.125001268001405 1.0 109.9822398570122 0.6248017320314947 1.0 110.00999306894614 85.62520080397131 1.0
0.9998219869008895 -0.018867816767113563 -70.83342296564274 77.6631887330393 361.2469204366839 1.0 79.86908475030916 478.13926500978124 1.0 75.45729271576946 244.35457586358666 1.0
0.9999674906707222 -0.008063349285458111 -73.46945956588573 74.89814661906188 176.88086106322908 1.0 75.432407414843 243.13663250605572 1.0 74.36388582328075 110.6250896204024 1.0
-0.9999919079377482 0.004022941588218934 269.4557188436986 270.03368694272154 143.12486447830048 1.0 269.95321864699815 123.12267384133449 1.0 270.11415523844494 163.1270551152665 1.0
-0.9999775149340425 0.0067059396311552775 172.18574183124719 173.7823647594135 237.50816557201955 1.0 173.4763288251896 191.8726439571318 1.0 174.08840069363737 283.1436871869073 1.0
-0.9992644136991174 -0.03834881373079533 145.61153400544947 132.5744756639132 342.5028581557831 1.0 132.93465047925443 333.11769494818907 1.0 132.21430084857198 351.8880213633771 1.0
-0.9463176248912631 0.3232382292058883 263.38361135180537 306.54335742664455 82.61328073716582 1.0 303.41446848206755 73.45309333651437 1.0 309.6722463712216 91.77346813781728 1.0
-0.015631008711849952 -0.9998778283203654 132.62173820951318 15.623338290065377 132.39370443383672 1.0 30.629441550468417 132.15911524288697 1.0 0.6172350296623352 132.6282936247865 1.0
0.7721423856884663 0.6354495544284563 -413.3553582252909 157.42556715300879 459.20309991854737 1.0 141.86213537017588 478.1144128033364 1.0 172.98899893584172 440.29178703375834 1.0
0.9981709633217559 0.06045434625663891 -40.848620083807944 21.506131403067954 320.60265942839294 1.0 20.973554978991515 329.39611027485637 1.0 22.038707827144393 311.8092085819295 1.0
-0.9996231532644219 0.027450891746794975 61.32697465365337 70.68686932422139 339.9983009916126 1.0 70.0513647362677 316.85642618536195 1.0 71.32237391217507 363.1401757978632 1.0
-0.9753757204022936 -0.22054977680720242 419.9687290599868 418.97138110544324 51.300058200520624 1.0 421.4090262783762 40.51963506405535 1.0 416.53373593251035 62.080481336985905 1.0
0.8053438797937083 -0.5928079244399631 -153.4822307244333 207.64483127303572 23.183332653804747 1.0 224.83490704798663 46.53646568019847 1.0 190.45475549808478 -0.16980037258897296 1.0
-0.3998356987374267 -0.916586828410246 378.1347659431421 25.439334092446813 401.44937786099274 1.0 34.164799471295396 397.6431344823789 1.0 16.71386871359823 405.25562123960657 1.0
0.03136871186010992 -0.9995078808674985 279.0631734460128 148.16107659579666 283.85048382048797 1.0 174.44403408869198 284.6753522744621 1.0 121.87811910290137 283.0256153665138 1.0
-0.9999902425982112 0.004417545514286594 214.2924904311608 215.89595197603742 362.49880304563453 1.0 215.7772315987547 335.62432750342197 1.0 216.01467235332015 389.37327858784704 1.0
-0.946508975887014 -0.32267748382140954 411.55569599350133 425.9705093605635 25.941647125269057 1.0 430.7513335172664 11.918068774319469 1.0 421.1896852038605 39.96522547621865 1.0
0.9999980106433214 -0.001994670248374169 -590.0629677493656 590.2436588207361 89.99826730864734 1.0 590.4219321195346 179.37291171149474 1.0 590.0653855219375 0.623622905799941 1.0
-0.04480710806234881 -0.9989956571812958 366.43132977047367 273.1048336685299 354.5503821060749 1.0 285.6636666563032 353.98709138226144 1.0 260.54600068075666 355.11367282988834 1.0
-0.9999977079750955 0.002141038195826535 250.09132756391563 250.69406883692568 281.249852120643 1.0 250.58835531830533 231.875078457843 1.0 250.79978235554606 330.6246257834431 1.0
-0.9999931460350527 -0.00370241582181495 397.12678975457675 396.27332181954483 231.2500863476655 1.0 396.30804029739903 221.87290086503936 1.0 396.23860334169063 240.62727183029162 1.0
0.9922132537359623 0.12455062870453505 -104.66326653150472 57.074734047140495 385.65007223225587 1.0 55.97401110833649 394.4188106957395 1.0 58.17545698594449 376.8813337687722 1.0
0.7692921303367908 0.638897189070262 -414.34143551831437 189.0067378877713 420.9441582799749 1.0 172.85087161134848 440.3973363465617 1.0 205.16260416419408 401.490980213388 1.0
0.649638899430517 0.7602429219313435 -428.87569389777343 242.622367026883 356.8053823060779 1.0 236.9018728369162 361.69362978930053 1.0 248.34286121684985 351.91713482285525 1.0
0.8033634248061446 0.5954890491719741 -123.27297059691419 4.085955825636146 201.49902554559304 1.0 0.8848340179735364 205.8176006431559 1.0 7.287077633298756 197.1804504480302 1.0
0.3750050586538399 -0.9270227645446633 73.29228755364406 149.01583996400836 139.34283633600535 1.0 183.55402467121243 153.31443927531828 1.0 114.47765525680427 125.3712333966924 1.0
-0.99980310568343 0.01984313145065767 73.0743763181461 80.69288343308853 383.13605711435355 1.0 78.80741882925926 288.1362648057562 1.0 82.57834803691779 478.1358494229509 1.0
-0.03179280775561958 0.9994944809127333 -277.13696095701516 126.24863353941726 281.2929584521544 1.0 121.8581952534738 281.1533034935193 1.0 130.63907182536073 281.43261341078954 1.0
0.4351201627769275 -0.9003723918162864 57.879151773384486 188.29222585115613 155.27896790942054 1.0 192.31166547016718 157.22142998088418 1.0 184.27278623214508 153.33650583795693 1.0
-0.9960935291289056 -0.08830448022338394 380.1696832374369 372.18852385745095 106.84738739328643 1.0 373.52253732990664 91.79942850917999 1.0 370.8545103849953 121.89534627739285 1.0
0.9999971788318262 -0.002375358581073331 -225.58713297716153 226.1860648894409 251.87515186924196 1.0 226.34937385763152 320.6262485540901 1.0 226.02275592125028 183.1240551843938 1.0
-0.0015231686487619787 0.9999988399779608 -232.24015138180422 26.874381052012673 232.2813550479687 1.0 5.624430352920742 232.24898775172935 1.0 48.124331751104606 232.3137223442081 1.0
0.9998727495437606 -0.015952577214986646 -105.14427288583254 110.59235980860869 340.6354923910944 1.0 112.78603721326877 478.1304080182011 1.0 108.39868240394861 203.14057676398767 1.0
-0.38294182873504506 0.9237724588907483 -69.71672284147995 33.186459327840105 89.22674136085323 1.0 0.5883259364636606 75.71346902403529 1.0 65.78459271921655 102.74001369767116 1.0
-0.9999699248257193 0.00775560726476462 213.2072983922802 215.1817444320247 253.74859041916926 1.0 214.56612402629864 174.3735176725319 1.0 215.7973648377507 333.12366316580665 1.0
0.3469050380919468 -0.9379002583145102 82.97540090959102 237.07233468802195 176.1562455500287 1.0 244.1367331031444 178.76918373782578 1.0 230.00793627289954 173.54330736223162 1.0
-0.8339479167978163 -0.551843158939732 413.21629007213244 250.8371183649495 369.7267864081616 1.0 260.8828523655443 354.5456270392621 1.0 240.79138436435474 384.9079457770611 1.0
-0.9998434832712337 0.01769205923701664 265.33104546511396 269.8291278282958 251.85590501785333 1.0 269.60781607102354 239.3487618235203 1.0 270.0504395855681 264.36304821218636 1.0
0.037042939319613326 0.9993136748021432 -109.53775859322187 14.988227061994102 109.05739944891036 1.0 0.5866802454285591 109.59124146297088 1.0 29.389773878559645 108.52355743484982 1.0
-0.9674877529983104 -0.25291786769281516 420.34857166275765 415.18931840398136 73.77094825839302 1.0 418.9936500258192 59.21822295650707 1.0 411.3849867821436 88.32367356027898 1.0
0.03391335100730073 0.9994247768709036 -104.2934835107708 41.24419666825265 102.95397610043159 1.0 31.879978999907753 103.27173088102612 1.0 50.60841433659755 102.63622131983706 1.0
-0.9986387461051036 0.052159896257816564 259.91528661933023 278.38649292979903 346.8613419638546 1.0 278.12264764434764 341.8098341209979 1.0 278.6503382152505 351.91284980671134 1.0
0.9924444516389613 0.12269478559026636 -378.7900289918489 367.6187375822212 113.68741134962345 1.0 366.76276672467924 120.61112472705265 1.0 368.4747084397631 106.76369797219424 1.0
-0.999926243731487 0.012145249978448687 75.30409166572596 77.72375190416545 198.75487361788714 1.0 76.6685267500266 111.87750785420474 1.0 78.7789770583043 285.63223938156955 1.0
-0.804906671439839 0.5934014242244783 150.58663666139415 255.99827731664828 93.47480872728566 1.0 245.61105381417923 79.38528154793862 1.0 266.38550081911734 107.5643359066327 1.0
0.0 1.0 -298.12500000000006 11.25 298.12500000000006 1.0 0.625 298.12500000000006 1.0 21.875 298.12500000000006 1.0
0.9915004068780155 0.13010358627159227 -378.34775074512 370.3600640233223 85.59023539429836 1.0 368.06028588774046 103.11650828579701 1.0 372.65984215890415 68.0639625027997 1.0
0.265773197375307 -0.9640355841756602 101.6294337902624 196.2116615393089 159.51406458858054 1.0 201.4393374568165 160.95527294877394 1.0 190.98398562180128 158.07285622838714 1.0
0.0 1.0 -323.12499999999966 371.25 323.12499999999983 1.0 348.125 323.12499999999983 1.0 394.375 323.12499999999983 1.0
-0.9354281794907388 0.3535167902867445 -97.83661405612435 23.754890415445324 339.60935166351 1.0 21.375645315675364 333.3137160009582 1.0 26.134135515215284 345.9049873260618 1.0
0.9999710597957545 -0.007607862443275038 -67.90974287346687 69.97540208739164 271.25018714295146 1.0 70.11332677827053 289.37889285214675 1.0 69.83747739651274 253.12148143375617 1.0
0.027681104693182815 0.9996168048022027 -173.3096777175679 337.4904581182131 164.0304246844792 1.0 328.1226416515603 164.2898355978554 1.0 346.8582745848659 163.771013771103 1.0
1.0 0.0 -69.375 69.37500000000001 225.0 1.0 69.37500000000001 239.375 1.0 69.37500000000001 210.625 1.0
-0.002067874214714214 0.9999978619458305 -322.4171592940097 318.750099288859 323.0769851613621 1.0 293.125208864018 323.02399599790397 1.0 344.37498971369996 323.1299743248202 1.0
0.9999365346283616 0.011266175723076123 -112.59880500126465 112.34542435280139 23.123258413065688 1.0 112.09187215760569 45.62744347491307 1.0 112.59897654799708 0.6190733512183066 1.0
-0.9896914963719045 0.14321571844298633 308.7760649610205 330.4589998485802 127.61446360344549 1.0 329.471722406332 120.7918878430772 1.0 331.4462772908284 134.43703936381377 1.0
0.02467954618924432 0.999695413613513 -130.02480093809467 33.76187287930615 129.23093522051562 1.0 16.881731086098302 129.6476563871764 1.0 50.64201467251401 128.8142140538548 1.0
0.013246706891164287 0.9999122585289869 -127.40472248826019 13.129861430944217 127.24195945906041 1.0 0.632054871487473 127.4075287666306 1.0 25.627667990400962 127.07639015149022 1.0
-0.03667306308654713 0.999327316970696 -306.0941698308438 9.984710646491664 306.66662919139435 1.0 0.5994139649934582 306.3222099291151 1.0 19.370007327989867 307.0110484536736 1.0
0.11722663005133785 0.9931051893967763 -134.05831001322514 58.81451378259415 128.04653940195846 1.0 51.81570614934832 128.8726821328421 1.0 65.81332141583997 127.22039667107478 1.0
-0.9981237406357043 -0.06122906482536831 371.4824449908972 365.2402900066252 113.13974038918577 1.0 365.7009895047557 105.62966151251925 1.0 364.7795905084946 120.6498192658523 1.0
-0.15146344568415696 -0.9884628595053445 424.9192065547634 124.92137909264582 410.7369135153424 1.0 130.51090747528633 409.88042283342867 1.0 119.33185071000531 411.5934041972561 1.0
-0.41169101148948856 0.9113234941878552 -56.749249282698095 130.89788147890704 121.40445321140167 1.0 115.10727706024139 114.27103687064968 1.0 146.6884858975727 128.53786955215367 1.0
-0.8333000654682464 -0.5528209483102245 418.58735727556484 230.51436821766944 409.716237853753 1.0 238.1799470896209 398.16145253786704 1.0 222.848789345718 421.271023169639 1.0
0.02941353485398257 0.9995673283813319 -132.78601404971874 302.50564630654384 123.941879812314 1.0 283.12903319939295 124.51206119859665 1.0 321.8822594136947 123.37169842603134 1.0
-0.8363512773243048 -0.5481938898948109 417.6615332139903 210.11475664512778 441.325218264609 1.0 222.94213778285288 421.7551413319372 1.0 197.28737550740271 460.8952951972808 1.0
-1.0 0.0 250.62500000000023 250.62500000000009 198.125 1.0 250.62500000000009 181.875 1.0 250.62500000000009 214.375 1.0
-0.9999992829219232 0.0011975623739495925 268.8599274063441 269.1213381476164 218.1245552990875 1.0 269.0973860209651 198.1238355062533 1.0 269.1452902742678 238.1252750919217 1.0
-0.05278702458022144 -0.9986057931115596 78.44851872455179 320.6439544554772 61.60857351679522 1.0 330.64903564867876 61.07969768759838 1.0 310.63887326227575 62.13744934599205 1.0
-0.030290482371911502 -0.9995411380616992 129.7738501006235 309.38886684801935 120.45758548445636 1.0 319.3986145793101 120.15424620640532 1.0 299.37911911672853 120.76092476250739 1.0
-0.00836622026705197 0.9999650025668114 -276.02066919390626 36.24930047757149 276.3336097932747 1.0 24.36990294739572 276.23422065853276 1.0 48.12869800774726 276.4329989280166 1.0
0.05631935546131612 -0.9984128055070317 338.3688108343437 163.1259322105401 348.1084740484328 1.0 170.67243064415635 348.5341636283609 1.0 155.57943377692382 347.68278446850474 1.0
-1.0 0.0 99.375 99.375 18.125 1.0 99.375 0.625 1.0 99.375 35.625 1.0
-0.03350530248708641 -0.9994385397338091 362.8479703703318 312.481599859515 352.5761373373117 1.0 333.1253042385495 351.8840752122532 1.0 291.8378954804804 353.2681994623702 1.0
0.9426513876651044 0.3337789108572515 -407.13253667195784 410.1899531525445 61.3172596011631 1.0 397.51876981686235 97.10294936826787 1.0 422.86113648822663 25.53156983405833 1.0
0.04289514266566415 -0.9990795797811565 341.35341704836793 187.45850955102685 349.716362570422 1.0 201.83384443604558 350.33356269465503 1.0 173.08317466600812 349.09916244618904 1.0
-0.934825334744155 -0.35510786181170145 408.4681464365649 401.60931834438327 93.02407671396767 1.0 404.9868827957336 84.13260131056533 1.0 398.23175389303293 101.91555211737 1.0
-1.0 0.0 173.125 173.125 315.0 1.0 173.125 299.375 1.0 173.125 330.625 1.0
0.8029223604066178 0.5960836209451366 -417.26518866663093 191.5003810877713 442.0608810674288 1.0 185.9121638605341 449.5881883258364 1.0 197.08859831500848 434.5335738090212 1.0
0.9963929399150411 -0.08485935002968968 -196.74593072017433 226.30792319813784 338.7450668809977 1.0 227.21080224978073 349.346400880603 1.0 225.40504414649496 328.1437328813924 1.0
0.8163916600349993 0.5774986211457983 -411.3391806247784 173.93972744977293 466.38420928458856 1.0 168.23311015562638 474.4514748941744 1.0 179.6463447439195 458.3169436750027 1.0
0.8012843666969587 0.5982836816152133 -418.1284504292258 204.4514371592316 425.05707225416836 1.0 198.3192038286461 433.27000343001214 1.0 210.58367048981708 416.8441410783246 1.0
0.0 -1.0 190.625 335.0 190.625 1.0 344.375 190.625 1.0 325.625 190.625 1.0
-0.9999805831347864 0.006231641309690199 405.0035411220954 406.93935413973406 309.3745989602974 1.0 406.884828337015 300.62493875213977 1.0 406.99387994245313 318.12425916845507 1.0
-1.0 0.0 348.125 348.12500000000006 294.375 1.0 348.12500000000006 268.125 1.0 348.12500000000006 320.625 1.0
-0.999643564871482 -0.026697251001466128 425.84469661748545 421.3232454968829 174.9852644192605 1.0 422.07561990638044 146.8135909841624 1.0 420.57087108738546 203.15693785435855 1.0
-0.9956338044219444 0.09334520604875875 406.6865072260873 420.02427085064875 123.23991769312974 1.0 418.73004077553617 109.43546786623077 1.0 421.3185009257613 137.04436752002871 1.0
0.0 -1.0 190.625 373.75 190.62500000000003 1.0 384.375 190.62500000000003 1.0 363.125 190.62500000000003 1.0
1.0 0.0 -170.625 170.62500000000003 311.875 1.0 170.62500000000003 330.625 1.0 170.62500000000003 293.125 1.0
0.0 -1.0 111.875 11.875 111.875 1.0 20.625 111.875 1.0 3.125 111.875 1.0
0.9999237728128134 0.012347006268285837 -349.3700082211785 345.8234241773949 289.37745013132866 1.0 345.62280061967056 305.6249728421671 1.0 346.0240477351192 273.1299274204902 1.0
0.0 -1.0 325.625 365.0 325.62500000000006 1.0 380.625 325.62500000000006 1.0 349.375 325.62500000000006 1.0
0.0 -1.0 325.62499999999966 318.125 325.6249999999999 1.0 338.125 325.6249999999999 1.0 298.125 325.6249999999999 1.0
-0.9957875987261957 -0.09169001157769177 427.63346292235553 420.06149140566123 101.88066199830588 1.0 420.7725417860294 94.15839063355386 1.0 419.35044102529304 109.6029333630579 1.0
0.11741009660634126 0.993083515730117 -84.33234373375932 354.979457086804 42.951242980376776 1.0 346.82071373503294 43.91583339995848 1.0 363.13820043857504 41.98665256079508 1.0
