line_hom_a line_hom_b line_hom_c centroid_x centroid_y centroid_z point1_x point1_y point1_z point2_x point2_y point2_z
0.08195939431046592 0.9966356694822143 -149.89972850072675 410.50350042320713 116.64755115990688 1.0 394.26055266606414 117.98330724485979 1.0 426.7464481803501 115.31179507495398 1.0
0.9998283603000715 0.018527005685498928 -282.4062134651887 280.7524039053445 91.8657794517131 1.0 280.1728907580888 123.13978506431553 1.0 281.3319170526002 60.591773839110665 1.0
-0.9999763489094149 -0.006877617450557632 593.9343923259024 591.9581487345697 289.37987049128685 1.0 592.2504701265481 246.8775824009711 1.0 591.6658273425915 331.88215858160265 1.0
0.9968080082077102 -0.07983604933222599 -542.2506035753814 579.3775100809034 441.8747989633498 1.0 580.2807659741975 453.15257028880137 1.0 578.4742541876094 430.5970276378983 1.0
-0.0718605788882815 0.9974146866784352 -346.38361225396744 376.82596745913406 374.43056474274806 1.0 321.79640707713605 370.46585867030484 1.0 431.855527841132 378.3952708151912 1.0
0.9995660052893995 0.029458463466246698 -599.2838784927176 593.6136488920661 201.22756202824087 1.0 592.5267547405499 238.10736896210344 1.0 594.7005430435822 164.34775509437833 1.0
-0.3853482576734969 0.9227712177500986 -168.4137697047263 584.0485490529474 426.40673322948476 1.0 578.9020447489293 424.25755862529854 1.0 589.1950533569654 428.55590783367103 1.0
0.1193723687220975 0.9928495543563867 -81.31492837187463 382.3858406248619 35.92550820432865 1.0 282.94542572618286 47.881436291397655 1.0 481.82625552354085 23.969580117259646 1.0
0.07450734802572982 0.9972204646366684 -147.25735686625688 478.7981457026551 111.89439120763512 1.0 435.58748384844176 115.12287671847652 1.0 522.0088075568684 108.66590569679374 1.0
-0.12490083007613466 -0.9921692308504091 87.68923172227629 359.29950894708395 43.15032504297933 1.0 411.9873699651517 36.51762835024661 1.0 306.61164792901627 49.78302173571205 1.0
0.54417279119457 0.8389731660330448 -261.39185595620796 276.0649190448686 132.5010654801801 1.0 271.9986767402256 135.13850194915992 1.0 280.1311613495116 129.86362901120026 1.0
-0.45826106802017064 0.8888176379533725 5.060327723408315 259.4418101995079 128.07098829611232 1.0 246.03366353810105 121.15794860511807 1.0 272.84995686091486 134.98402798710654 1.0
-0.14225657374496328 -0.9898298173051485 95.46099097717173 425.05091412989225 35.354263585596186 1.0 429.6013959210083 34.700276468643686 1.0 420.5004323387762 36.008250702548686 1.0
0.9999160953292914 -0.01295385276368781 -589.3892413848615 594.8069336034175 414.37750116353425 1.0 595.0660937973547 434.38224059617755 1.0 594.5477734094804 394.3727617308909 1.0
0.021232609660262768 0.9997745627325266 -119.44415007296385 533.1387746460492 108.14860330176305 1.0 523.1034807149814 108.3617268266125 1.0 543.174068577117 107.93547977691361 1.0
0.9998509826494174 0.01726303840563648 -600.7097900465802 595.5119461293632 306.23725704876495 1.0 594.702303016245 353.1306510866497 1.0 596.3215892424815 259.34386301088017 1.0
-0.5793161059751586 -0.8151029685615055 558.6497570607972 404.3031285078609 398.02387616450966 1.0 424.67401966075414 383.54572335055946 1.0 383.93223735496764 412.50202897845986 1.0
-0.015633704284650423 -0.9998777861770608 241.84142388262964 155.6357498476844 239.43752316845251 1.0 169.39215904394524 239.22243324809807 1.0 141.87934065142355 239.65261308880693 1.0
0.1349998098310845 0.9908456243762551 -96.79673914040067 424.3577699564896 39.87353824245068 1.0 416.9108545896086 40.88815861683037 1.0 431.8046853233706 38.85891786807098 1.0
0.9967127586617439 0.08101652128360215 -619.0071424963987 588.885780956946 395.6868391066583 1.0 587.8599942598217 408.3066686487115 1.0 589.9115676540702 383.0670095646051 1.0
-0.9997093873470703 -0.02410686313366377 595.087094688571 589.8639584373016 223.7768618499781 1.0 590.2710067435228 206.89660619096543 1.0 589.4569101310803 240.65711750899078 1.0
-0.016118014499357347 -0.9998700963668222 225.26375287049117 344.4010539138828 219.74123687494227 1.0 354.45889071263394 219.5791034538674 1.0 334.3432171151316 219.9033702960172 1.0
-0.9999974142803625 0.0022740784043511833 438.54381405722035 439.2726490475224 319.99739014933687 1.0 439.22859535665634 300.6253329364986 1.0 439.31670273838847 339.36944736217515 1.0
-0.9999976769164022 0.002155495719967924 440.26982693599143 440.69925805039543 198.75118712467295 1.0 440.679047421114 189.37488350074446 1.0 440.71946867967694 208.12749074860145 1.0
-0.9996202435830396 -0.02755664382657566 602.8926003855704 591.80194959547 410.6229862112717 1.0 592.3184404519872 391.8872243728777 1.0 591.2854587389527 429.3587480496658 1.0
0.993682462533913 0.11222817673177493 -603.9252386729721 588.4434068686734 171.07419574096485 1.0 586.9561018171805 184.2429826636888 1.0 589.9307119201662 157.90540881824094 1.0
-0.9997797871530433 -0.020985166194613044 281.8246188241546 277.7935558222333 195.00616167459685 1.0 278.17465390745326 176.84980498949187 1.0 277.4124577370134 213.16251835970186 1.0
-0.9994583820825608 -0.032908091480820675 514.481803484065 504.30737682762197 317.4771947415451 1.0 504.65751276278155 306.8431445880292 1.0 503.95724089246244 328.1112448950609 1.0
0.06962597809557428 -0.9975731668274939 344.5827962994712 384.39245683503094 372.24988544964185 1.0 435.61106142103006 375.8247063846634 1.0 333.1738522490318 368.6750645146203 1.0
-0.12446335606185058 -0.9922242050050085 87.99895510846727 456.3527672307946 31.444262288131334 1.0 479.5826432483219 28.5303358635814 1.0 433.1228912132673 34.35818871268127 1.0
0.01666063546050149 0.999861201980581 -222.8378464672363 457.4832664045472 215.24576022159766 1.0 441.8521920897668 215.50622000391417 1.0 473.1143407193276 214.9853004392812 1.0
0.05647034482072644 0.9984042769118271 -139.1079382264511 567.5553727374374 107.22899841159915 1.0 544.398403107982 108.53877050514751 1.0 590.7123423668929 105.91922631805079 1.0
0.99821297803221 -0.05975659367857696 -553.1501134214258 581.992193525708 465.2548875010099 1.0 582.7728654653979 478.2957389587709 1.0 581.211521586018 452.2140360432489 1.0
-0.9999850059524501 0.005476118176069387 392.0729056240916 392.5408001616921 84.36793131978476 1.0 392.3695803225071 53.101755828021915 1.0 392.71202000087715 115.6341068115476 1.0
-0.6211800838496125 -0.7836678527466776 565.1004054796559 418.34671920304663 389.49122934810816 1.0 423.16330617889423 385.67332627726074 1.0 413.5301322271991 393.3091324189556 1.0
0.21860271607862417 -0.9758139435994181 129.44568164554966 577.9295726447331 262.12236216297356 1.0 589.0419339452264 264.6117633221479 1.0 566.8172113442396 259.63296100379927 1.0
-0.999701718710197 -0.024422809172538508 446.0330186841462 439.5237075049322 271.89390174878633 1.0 440.34959543026804 238.08773421959748 1.0 438.69781957959634 305.70006927797516 1.0
-0.9992623681495522 0.03840207807070867 266.86840688589166 276.5026568451333 245.56725225794582 1.0 275.72872991738666 225.42886148724656 1.0 277.27658377288 265.7056430286451 1.0
-0.9999871032990595 0.005078704121739986 415.124733097014 415.5236941643051 77.50051450900077 1.0 415.38717350976185 50.61985940392732 1.0 415.6602148188484 104.38116961407421 1.0
-0.9788406342407024 -0.20462407668517255 315.18644071423154 276.3631229914393 218.30757576626118 1.0 277.8186548722615 211.34488705209966 1.0 274.9075911106171 225.2702644804227 1.0
0.06114760315632922 -0.9981287344968263 180.07484912472196 494.9168570596627 210.7321645254698 1.0 509.3143999871385 211.61419027117617 1.0 480.5193141321868 209.85013877976345 1.0
-0.9995195678326232 -0.030994088463544685 284.56359185336544 275.5521891856861 295.01712282682655 1.0 276.07676433820683 278.1002475213967 1.0 275.0276140331654 311.9339981322564 1.0
0.9999917159584186 -0.0040703826033096045 -585.5768668679457 586.8460914004839 310.62511767003537 1.0 587.0292778102862 355.62946004548627 1.0 586.6629049906817 265.6207752945844 1.0
0.02968916228782184 0.9995591796600377 -211.68967192456716 407.49048469356126 199.6796436421508 1.0 379.3717278256735 200.51483414709566 1.0 435.609241561449 198.84445313720596 1.0
0.9999999050820481 0.0004357016123171942 -412.9326359240694 412.897818910979 80.00017333035738 1.0 412.88719856653944 104.37544101658929 1.0 412.90843925541867 55.62490564412547 1.0
0.97006670189002 0.24283861695418046 -611.8214202033921 569.5166343914823 244.41045560287108 1.0 566.350873961413 257.0567093902194 1.0 572.6823948215515 231.7642018155228 1.0
0.10770586104934989 0.9941828038623572 -86.10912009577423 441.8741393326885 38.74205557958852 1.0 435.62971821400936 39.41855164321908 1.0 448.1185604513676 38.06555951595796 1.0
-0.04401185904433022 0.999031008659622 -328.4055240802187 551.2825757267029 353.0105592716937 1.0 515.5891791225232 351.43810283486675 1.0 586.9759723308827 354.58301570852063 1.0
0.06432819141272217 -0.9979287969537546 351.7852092441744 511.84215303504425 385.5095578082015 1.0 586.8928909392621 390.3474563118884 1.0 436.7914151308264 380.6716593045147 1.0
-0.9999605222320638 -0.008885605065395324 303.655860147447 302.8736364686119 89.37832011716893 1.0 303.08471060403434 65.62464199020569 1.0 302.66256233318944 113.13199824413215 1.0
-0.9999999194843986 0.00040128692509768936 434.3198418246989 434.3286549538812 21.875018597662546 1.0 434.32664831812826 16.87451779420255 1.0 434.33066158963413 26.875519401122542 1.0
0.34205038831823903 0.9396816119576578 -451.45055277399575 349.0148302167604 353.38554074472165 1.0 342.2907514166934 355.8331503769393 1.0 355.73890901682734 350.93793111250403 1.0
-0.9997353692808565 0.02300416068604647 301.7345403218077 303.0940403095842 55.61133098402281 1.0 302.9787191995614 50.59960314539312 1.0 303.2093614196071 60.623058822652496 1.0
0.9852113289700144 0.17134362336876777 -604.9216930573712 577.1454182997268 211.92202996193603 1.0 576.2279733121055 217.19726097281455 1.0 578.062863287348 206.64679895105752 1.0
-0.033162991968339835 -0.9994499567080424 244.4792324729071 456.91905269523187 229.4526384828133 1.0 471.98541781190517 228.9527177594166 1.0 441.8526875785586 229.95255920621005 1.0
-0.12262964282275846 0.9924525029950616 39.370253195453486 361.1779274228237 4.958289716657637 1.0 355.4853862176786 4.254906640254381 1.0 366.87046862796876 5.661672793060892 1.0
0.999996451922172 0.002663858680038924 -311.16931542268804 310.61600198850635 208.12497603048394 1.0 310.59935293082845 214.37493167958976 1.0 310.6326510461842 201.8750203813781 1.0
-0.02102579473521261 0.9997789335426871 -285.23978391033774 405.6232483374316 293.83329175455947 1.0 390.61674138144707 293.51769825247294 1.0 420.62975529341617 294.148885256646 1.0
0.9999997587917288 -0.0006945620809250513 -426.97794355423713 427.0349140533315 81.87532303114085 1.0 427.05661881161467 113.12487385442985 1.0 427.01320929504834 50.625772207851846 1.0
0.9999998978249782 0.0004520509185583022 -509.3269280290606 509.19984089923344 281.24963828730654 1.0 509.16904480583446 349.37490689775575 1.0 509.2306369926324 213.1243696768573 1.0
-0.040797025149778295 0.9991674548037122 -329.6452194419718 491.1999376365556 349.9760865609817 1.0 480.56714494509043 349.54193880250483 1.0 501.8327303280208 350.4102343194586 1.0
-0.06566258169123132 -0.9978418839503794 77.84422132206154 400.8149853356442 51.63711348776404 1.0 410.8947212284628 50.97382054312638 1.0 390.7352494428256 52.3004064324017 1.0
-0.12440384149441956 -0.9922316686245363 68.57894216190276 405.8730450054061 18.228380302823115 1.0 429.48692768922007 15.267723219042177 1.0 382.2591623215921 21.189037386604053 1.0
0.9999513752519513 0.009861396033586803 -173.26856489688953 170.42951446055017 288.7357448014792 1.0 169.9548362938367 336.86839092892177 1.0 170.90419262726363 240.60309867403666 1.0
0.9999176875724337 0.012830357742355311 -314.67605958758463 311.3498430462436 261.2432614937496 1.0 310.7318155868046 309.4084491298261 1.0 311.96787050568264 213.07807385767308 1.0
0.999998367013427 -0.001807199623563993 -616.7918921072878 617.161115911957 203.7494829305872 1.0 617.5010947859582 391.8738685198907 1.0 616.821137037956 15.625097341283691 1.0
0.9998625421921333 0.016580009682873806 -431.5776091806841 431.2638357403699 22.50022942824601 1.0 431.1704141951194 28.134044215834336 1.0 431.3572572856205 16.866414640657677 1.0
-0.9999008170061563 -0.014083896847857602 391.0831619770439 387.6441231172988 246.9122432511342 1.0 387.8733356595089 230.63906185114453 1.0 387.4149105750887 263.18542465112387 1.0
0.1343880508511341 0.9909287823998418 -95.12614226584915 402.27169459873244 41.44155871291758 1.0 395.3543968831882 42.379670687925184 1.0 409.18899231427673 40.503446737909975 1.0
-0.14978417326447863 -0.9887187170472079 102.32246808552397 520.753666604428 24.59932257717388 1.0 530.8069906481178 23.076312236132576 1.0 510.70034256073814 26.12233291821518 1.0
-0.03190973478484351 -0.9994907547476168 202.80077208214192 409.3896517607544 189.83392889782925 1.0 434.40406283753333 189.0353189862642 1.0 384.3752406839755 190.63253880939428 1.0
0.11090005119981475 0.9938315645238274 -76.12542307213889 606.8890763561517 8.876145361573332 1.0 601.7439155165766 9.450285508564482 1.0 612.0342371957267 8.30200521458218 1.0
0.3307882977941227 -0.9437049867635895 54.55203603854493 351.32222419937307 180.9520124973966 1.0 357.66876000261686 183.1766057809864 1.0 344.9756883961292 178.7274192138068 1.0
-0.10610512132914383 -0.9943549181392566 87.85432019256906 440.6339776321619 41.33413309915272 1.0 445.6436274915714 40.79956591750307 1.0 435.62432777275234 41.86870028080238 1.0
-0.03957592873429705 -0.9992165660480304 206.10375219769637 475.02281909538215 187.4511385482868 1.0 508.19479923617433 186.1372973184323 1.0 441.8508389545899 188.76497977814125 1.0
-0.002785078779619141 -0.9999961216605748 231.4536954911284 405.0113536968804 230.32660024917666 1.0 424.3879440790055 230.27263470918535 1.0 385.6347633147554 230.38056578916797 1.0
-0.9998102705586613 -0.01947878038832275 281.4358002621464 278.46952960731846 154.9945357420849 1.0 278.603657953867 148.1099723464908 1.0 278.33540126076997 161.87909913767905 1.0
-0.4374560339684811 -0.8992398002449441 539.6793344826575 383.1331034868167 413.76665762339644 1.0 386.9030578242371 411.93267599553593 1.0 379.3631491493963 415.600639251257 1.0
0.9998665372976405 0.016337306767825965 -590.1994659965018 589.0630800210879 74.3699033874098 1.0 588.5931115041293 103.13264870206095 1.0 589.5330485380465 45.607158072758665 1.0
-0.9999889898758915 0.004692560814125159 386.2482852387962 387.7570873795912 320.6208607057537 1.0 387.6632371966222 300.6213011082936 1.0 387.85093756256015 340.62042030321385 1.0
0.9998755869986956 0.015773728919116922 -596.5322584190085 595.2359121007516 86.87872167655094 1.0 594.979465389164 103.13453585957457 1.0 595.4923588123393 70.62290749352731 1.0
0.9999624486642457 0.008666098395812925 -312.35825475014246 310.734188961256 188.75094627781596 1.0 310.6203568144186 201.8857927899753 1.0 310.84802110809346 175.61609976565663 1.0
0.9431006593119461 0.3325073629340746 -613.836710692858 579.5337190545616 202.33560413618284 1.0 578.2082532432661 206.0950627824448 1.0 580.8591848658572 198.5761454899209 1.0
0.9999406645230974 0.010893458271200293 -357.30253864683993 354.5662960233487 253.1134663680552 1.0 354.2258956513906 284.35975801077063 1.0 354.90669639530677 221.8671747253398 1.0
-0.9999873882246141 -0.005022289489350979 533.129293172914 531.7894007711869 268.1245700904709 1.0 532.1974881750624 186.870341708361 1.0 531.3813133673115 349.3787984725808 1.0
-0.9998703860881251 -0.016100031800705492 611.3391049184888 606.3966289549928 311.8672972125744 1.0 607.2424190957145 259.34066092880204 1.0 605.5508388142713 364.39393349634673 1.0
0.8423567449204796 0.5389203227629982 -603.9955109012498 575.522054061822 221.18413757465044 1.0 573.0142874805766 225.10388972570667 1.0 578.0298206430673 217.2643854235942 1.0
0.9994599052744669 0.032861797710314555 -596.1120394670647 595.0586269700481 41.83582818400098 1.0 594.8526767262882 48.099606353837956 1.0 595.2645772138079 35.572050014164006 1.0
0.9999785719747073 0.006546418213429908 -470.8000445713692 469.09576506468034 261.87317197216254 1.0 468.8911403096718 293.1300155823513 1.0 469.3003898196888 230.6163283619738 1.0
0.1146135510760788 0.993410153919181 -161.05981067574328 379.33039687107635 118.36340346971829 1.0 368.0146956169374 119.66893945456431 1.0 390.6460981252153 117.05786748487229 1.0
-0.9999978516433425 -0.0020728503804321972 434.4507643868008 434.29234469835285 76.8761242018295 1.0 434.3648916203623 41.877570115338486 1.0 434.21979777634346 111.8746782883205 1.0
0.1152325059528045 0.9933385473099475 -79.47405780360046 508.64862301342424 21.001100159471598 1.0 484.3111249674456 23.82437818090182 1.0 532.9861210594029 18.177822138041375 1.0
0.9998803735620206 0.015467338668115416 -427.36820047335345 422.4116509457225 323.71962858202926 1.0 422.07364243593435 345.57006337795264 1.0 422.74965945551065 301.8691937861058 1.0
0.9999994837490118 -0.0010161209129694816 -280.25367534365495 280.2982763205164 43.75096706683334 1.0 280.31415513752574 59.377856159722356 1.0 280.28239750350696 28.124077973944317 1.0
-0.15495540395877053 -0.9879214658989722 81.3833883858942 457.30781247983145 10.649704387186743 1.0 478.0116460866056 7.402309719925881 1.0 436.6039788730573 13.897099054447605 1.0
-0.9568670616317302 -0.29052611993460903 341.9058806731129 275.1685779208335 270.5647674030704 1.0 277.1698128451537 263.9735673343811 1.0 273.16734299651336 277.15596747175965 1.0
-0.0010173025725941835 -0.999999482547604 168.0748533674248 400.0027141812883 167.66801633746033 1.0 414.37960674587237 167.6533906801004 1.0 385.6258216167042 167.68264199482027 1.0
0.9999876264011206 0.0049746401531038775 -530.0066639861561 528.6140906652116 281.24932389160006 1.0 528.2751820312585 349.3757471108074 1.0 528.9529992991647 213.12290067239275 1.0
-0.5662184306521253 -0.8242552327949423 557.9493293442358 333.5519225922301 447.7813042709371 1.0 379.42573009505907 416.2684982142342 1.0 287.67811508940116 479.29411032764 1.0
-0.026002141535074044 0.9996618871576479 -283.0920609066149 455.62398513818334 295.0390167355058 1.0 443.11619068656523 294.7136772924394 1.0 468.1317795898014 295.3643561785722 1.0
0.9958987126175409 -0.0904751579535763 -590.8047894885743 595.2130478617813 21.742085392609454 1.0 596.0270391603134 30.702035334956353 1.0 594.3990565632492 12.782135450262558 1.0
-0.09894477448657724 0.995092926113838 -254.16265816329428 500.4827758329099 305.1803561085276 1.0 495.4701891466712 304.68194108994106 1.0 505.4953625191486 305.67877112711403 1.0
-0.9999923906976053 -0.0039010956009865962 535.7974398700262 535.682044115772 30.625222536242447 1.0 535.7064257777492 24.375317652160494 1.0 535.6576624537946 36.8751274203244 1.0
0.999991650770077 0.004086366373213079 -615.8300151690659 615.7994084383643 8.74815870242106 1.0 615.7661756793092 16.88068490097971 1.0 615.8326411974192 0.61563250386241 1.0
-0.9997895844593371 -0.020513088666169736 166.14832605307927 160.19469380992194 291.8789946119141 1.0 160.50258838757898 276.8724884312675 1.0 159.88679923226488 306.88550079256066 1.0
-0.9982894260319183 0.058465561426048585 322.9012932630593 342.3747838426697 323.0591261991464 1.0 340.9821928223903 299.28087355907945 1.0 343.7673748629491 346.8373788392134 1.0
0.9999973988863917 0.0022808376643119656 -306.04627242275546 305.8432169542457 89.37549771874285 1.0 305.7890472006203 113.12537416600715 1.0 305.897386707871 65.62562127147856 1.0
0.1180505191352711 0.9930075905711361 -81.2842064330896 555.6458528138924 15.800407974751703 1.0 534.2523972406939 18.34370025216609 1.0 577.0393083870908 13.257115697337314 1.0
0.9990722826467584 0.043064765725541666 -507.8594096547623 494.64241811441036 317.5654079356817 1.0 494.131498450594 329.41838486887366 1.0 495.1533377782268 305.7124310024898 1.0
0.9910933187854407 0.13316919110237493 -602.7974803115271 593.3575077362614 110.5722624057843 1.0 592.4993620762159 116.95889300085946 1.0 594.215653396307 104.18563181070913 1.0
0.10516543055991956 0.9944547411597708 -84.96189986241427 463.21225677579315 36.450108725593935 1.0 448.2474254662829 38.03266735072131 1.0 478.1770880853034 34.86755010046655 1.0
0.9999803086546635 0.006275532082953591 -424.3492845227425 422.7221130365087 260.61462705057374 1.0 422.51806380419964 293.12903564700196 1.0 422.92616226881773 228.1002184541456 1.0
0.31666508804628896 -0.9485374120258178 65.54370058370523 145.9347093397821 117.81942045608538 1.0 230.48445583606096 146.04598545930827 1.0 61.384962843503246 89.5928554528625 1.0
-0.039719664370230806 0.9992108627623683 -301.49581979087293 293.1146432958385 313.3855392433354 1.0 278.08869767177373 312.7882423771032 1.0 308.1405889199033 313.9828361095677 1.0
-0.03210591212232505 -0.999484472319002 184.02453910620085 295.00861049001367 174.6430519100328 1.0 309.4089045904062 174.1804788639002 1.0 280.6083163896211 175.1056249561654 1.0
-0.999647721661572 -0.026541148747338053 349.1931172460389 342.4628516477156 258.1240136926016 1.0 343.42506962731505 221.88296699921437 1.0 341.5006336681161 294.3650603859888 1.0
-0.11348269655442583 -0.9935399728157576 82.89661345188917 495.0024162608678 26.89615434184948 1.0 506.86542317622497 25.541154995237203 1.0 483.1394093455106 28.251153688461763 1.0
-0.999996724759054 0.0025593888264091743 535.4889584564665 535.5163110957037 10.00187780133397 1.0 535.5019104866628 4.375315034956899 1.0 535.5307117047445 15.62844056771104 1.0
0.9971656966328691 -0.0752367826178446 -554.2265237118572 587.3434059401876 418.04250183012437 1.0 588.017551196322 426.9774203709594 1.0 586.6692606840533 409.1075832892893 1.0
-0.9997800896191541 -0.02097075108612427 165.84885177774075 160.4714084605699 258.1086687592194 1.0 160.81238308357493 241.85271122361243 1.0 160.13043383756488 274.36462629482645 1.0
0.030247025380582174 -0.9995424540536667 283.7321065845665 453.7660883856538 297.5933436048374 1.0 466.91687203472986 297.99129777396246 1.0 440.6153047365778 297.19538943571234 1.0
0.0024774092888527766 0.999996931216899 -350.9907487628321 460.62308166296134 349.8506704774857 1.0 440.623204414097 349.90021851121014 1.0 480.6229589118256 349.8011224437613 1.0
-0.9999711728105318 -0.007592993344483809 442.18485628528 440.8545409506229 176.8767429531548 1.0 440.9304686952212 166.87731948863407 1.0 440.77861320602466 186.8761664176755 1.0
0.9991470127957546 0.04129463429212329 -481.50215298323945 468.71354802779376 319.3734934440656 1.0 467.8872940385811 339.3651756392001 1.0 469.5398020170065 299.38181124893106 1.0
-0.9996600250150768 -0.0260736339403647 483.28761787047273 478.10423043390824 205.03206140443757 1.0 478.47976128927456 190.63425306180227 1.0 477.728699578542 219.42986974707284 1.0
-0.9981417747371905 -0.06093437063342592 402.4693012718339 386.11636601169715 280.1444614655559 1.0 387.0736582077828 264.4634374127888 1.0 385.1590738156115 295.8254855183229 1.0
0.9965492735706842 0.08300328515029827 -377.3282965456092 354.47983203113944 290.00873153310556 1.0 354.109333821555 294.45698585161864 1.0 354.85033024072385 285.56047721459254 1.0
-0.009918619965273087 -0.9999508092791287 167.0811731460819 551.8910206072201 161.6151258149747 1.0 588.1560508652867 161.2554090670897 1.0 515.6259903491533 161.97484256285975 1.0
0.019562625870233122 -0.9998086335239665 274.2888168929979 298.1215861781206 280.17447394899534 1.0 308.12998351621087 280.37030195659673 1.0 288.1131888400303 279.9786459413939 1.0
-0.9997431426594677 0.022663819302386437 469.5952314005964 476.53144030406565 300.64695690172357 1.0 476.2478942994494 288.13921626183196 1.0 476.81498630868197 313.15469754161523 1.0
-0.9990985380149281 -0.042451281917432346 616.6195808209781 606.9539992443864 240.57524466425417 1.0 607.7029849016579 222.94773281126467 1.0 606.2050135871149 258.2027565172437 1.0
-0.1864846824856369 -0.982457868408733 101.59650822701765 525.6047253832636 3.6431871697120597 1.0 530.7743677185905 2.661914444980148 1.0 520.4350830479367 4.624459894443971 1.0
0.9997124802926454 0.023978255714852542 -361.1947467651718 353.72868548307076 315.6094980481241 1.0 353.5481815759335 323.1351500743879 1.0 353.9091893902081 308.0838460218604 1.0
-0.10469577869748167 -0.9945042955779164 78.3532467973215 562.3900924846708 19.580989463272168 1.0 577.973974141771 17.940406679995817 1.0 546.8062108275707 21.221572246548515 1.0
-0.11398290765523378 -0.993482710852312 91.44340427278571 463.07219039954776 38.91470796064459 1.0 478.160408971205 37.183626981228485 1.0 447.9839718278905 40.645788940060704 1.0
-0.9999977119669787 0.0021391729260428678 476.83233982814 477.36154099682403 246.87529618842865 1.0 477.305379255882 220.6214053699657 1.0 477.4177027377661 273.1291870068916 1.0
0.9999995526403079 -0.0009458959689251465 -480.6936402998415 480.7098172686252 16.874919771651623 1.0 480.71572911578625 23.124914179656724 1.0 480.7039054214641 10.62492536364652 1.0
-0.9998153085171471 -0.019218450893917785 235.04360182865454 233.34517613184215 90.61721847518777 1.0 233.75418531590145 69.33903919820823 1.0 232.93616694778282 111.8953977521673 1.0
0.036135487198233895 0.9993469000126763 -213.88242788411037 352.47837338814145 201.27690407839077 1.0 344.3188429384112 201.5719453779696 1.0 360.63790383787165 200.98186277881192 1.0
-0.9996257542748361 -0.02735601196199481 386.59888176292446 386.0064609514544 26.936750882783663 1.0 386.17877519838316 20.640154752552586 1.0 385.83414670452566 33.23334701301474 1.0
0.02507355701473197 -0.9996856089484478 287.45353656854496 405.5882136697785 297.71667522708674 1.0 420.5944494671784 298.09305326581676 1.0 390.58197787237856 297.3402971883568 1.0
-0.9999819583322876 -0.006006913510506932 277.5888424578753 275.3712166678322 370.00598429532806 1.0 275.45756449165884 355.6315029885957 1.0 275.2848688440055 384.3804656020604 1.0
0.9997894690029763 -0.020518715133912974 -469.60688177879774 473.8236989261118 200.64914126913231 1.0 474.08039200351044 213.1567000453157 1.0 473.56700584871305 188.1415824929489 1.0
0.9999939833611167 -0.0034688963038376672 -508.9853110193662 509.62362340537265 183.1263056192334 1.0 509.69300843480346 203.12823300154753 1.0 509.55423837594185 163.12437823691926 1.0
0.999924979469332 -0.012248895185119176 -532.2081873942002 533.0367119660667 64.37608151200935 1.0 533.5266310167268 104.37008009467911 1.0 532.5467929154066 24.382082929339592 1.0
0.9994776977126977 0.03231612252305907 -442.1200198538302 436.0860581113467 193.76490739658385 1.0 435.9838175599457 196.92701791446015 1.0 436.1882986627477 190.60279687870755 1.0
-0.999970255379756 -0.007712869488432363 526.6528324518945 524.5906947900812 269.3863050488901 1.0 525.0439611152041 210.62051838961003 1.0 524.1374284649585 328.15209170817025 1.0
-0.011906632274415936 0.9999291135414959 -273.1744575503239 293.12727159702786 276.6842293479749 1.0 278.1145158800904 276.5054653142784 1.0 308.1400273139654 276.86299338167134 1.0
-0.9999250585549534 0.012242437415528029 472.98523521831737 477.06077598305035 329.98242128501045 1.0 476.85401298730886 313.0946485640701 1.0 477.2675389787918 346.8701940059508 1.0
-0.049988298428806935 0.9987498035144701 -316.4798689657349 453.7706388595833 339.5876423562811 1.0 440.64723237604716 338.9308044201002 1.0 466.89404534311944 340.244480292462 1.0
-0.9999780054370631 0.006632393392492563 483.4148319532018 483.8814734704973 68.75327333408883 1.0 483.6285640481511 30.62166009167452 1.0 484.13438289284363 106.88488657650315 1.0
0.9998830589449901 0.015292757593366067 -374.9636462324939 370.0561699523872 323.73174091123707 1.0 369.7024201208905 346.8608895594585 1.0 370.4099197838839 300.60259226301565 1.0
-0.07324959713592637 -0.9973136399946732 165.23520140192562 296.30819633071906 143.91735923053673 1.0 313.18396948741906 142.67788597406732 1.0 279.432423174019 145.15683248700614 1.0
-0.9999407497993094 -0.010885627717089872 441.79992637513635 437.30825013229264 415.0047164791008 1.0 437.65550519940376 383.10628111064125 1.0 436.9609950651815 446.9031518475604 1.0
0.998349582452264 -0.05742918436988333 -603.4911608065061 616.1715985772506 203.0935573961055 1.0 616.8882786052037 215.55233100588813 1.0 615.4549185492975 190.63478378632288 1.0
0.9993580422280018 -0.03582601616444942 -343.13328290589504 354.22063699937974 303.1305337637981 1.0 354.3565026938285 306.92047439763843 1.0 354.08477130493094 299.3405931299577 1.0
0.026446122901735515 -0.9996502401257483 152.26370916059219 453.14338484270195 164.30506212611965 1.0 458.1564109013125 164.43768361505056 1.0 448.1303587840914 164.17244063718874 1.0
-0.06719569040945708 -0.9977398153779353 38.12330918020947 547.5058120181202 1.3362984195999361 1.0 558.1247397568577 0.621135839321112 1.0 536.8868842793827 2.0514609998787603 1.0
-0.9999896629662801 0.004546862719019734 592.7121943700989 593.0934420237625 82.50014349126891 1.0 593.0394485871119 70.62538899455087 1.0 593.1474354604131 94.37489798798696 1.0
-0.9997418610689598 0.02272028226877453 539.807190574369 541.5233799802751 69.38299096887965 1.0 540.8696952194595 40.61943902003863 1.0 542.1770647410907 98.1465429177207 1.0
0.49870957959406004 0.8667691475941653 -483.7210133716614 362.55551626467377 349.4714885925152 1.0 356.70851922704827 352.83565244469605 1.0 368.4025133022992 346.1073247403343 1.0
0.046781820916094716 -0.9989051312470941 323.83485535620946 558.7332800903497 350.35701054846965 1.0 584.3314054100152 351.5558500348554 1.0 533.1351547706842 349.1581710620839 1.0
-0.9412206019045685 0.33779250813243605 497.8414161617718 607.3893391093106 218.6133244736182 1.0 605.8405000470034 214.2976596812345 1.0 608.9381781716179 222.9289892660019 1.0
0.05956067470262664 0.9982246871466203 -142.17784296630532 321.1838745926538 123.2667517407227 1.0 306.7855508611483 124.125850786336 1.0 335.5821983241593 122.40765269510938 1.0
0.9907832005650049 0.13545718688266506 -636.6589526451073 592.7717405494626 364.3267033278499 1.0 592.413282974717 366.9485925856034 1.0 593.1301981242082 361.70481407009635 1.0
0.34853370744798623 0.9372962470705629 -457.08927247718026 295.49912767519095 377.7864971374865 1.0 276.576702878441 384.8228027761033 1.0 314.42155247194086 370.7501914988697 1.0
-0.9999593347860303 -0.009018246740901294 322.55754289504034 321.7984985772214 85.61867342980896 1.0 322.1254475581391 49.36598542286912 1.0 321.4715495963036 121.8713614367488 1.0
-0.0647001813030372 0.9979047482296866 -318.44909489953983 10.597133285117968 319.80480292386034 1.0 0.5582886470573989 319.1539241006983 1.0 20.635977923178537 320.45568174702237 1.0
-0.03575476634465288 0.9993605939217532 -321.7952046769922 404.41185108367347 336.4699968806509 1.0 389.36402981242566 335.9316213064868 1.0 419.45967235492134 337.00837245481495 1.0
0.03179580697782372 0.9994943855063063 -366.69424680892644 503.6977066493651 350.85616971774397 1.0 499.3072673261355 350.9958378972691 1.0 508.0881459725947 350.71650153821884 1.0
0.999723473961838 0.023515433435813384 -29.50708729163566 23.472858773828072 256.8831823124635 1.0 22.00285937893037 319.37800750036655 1.0 24.94285816872577 194.3883571245604 1.0
-0.04395061751769605 -0.9990337047466482 208.02855296233318 549.3886571804455 184.0604389505226 1.0 583.155791542073 182.57491709080426 1.0 515.6215228188182 185.54596081024093 1.0
-0.9999615112301452 -0.008773600077739419 234.27876303146374 233.87639618897578 46.88707641451694 1.0 233.99717287698428 33.121684968332644 1.0 233.75561950096727 60.65246786070123 1.0
-0.03365589293614366 -0.9994334799628593 174.5547259181571 290.0172533131274 164.88734827768621 1.0 299.423680104038 164.5705871331643 1.0 280.6108265222168 165.20410942220815 1.0
-0.011384442725512438 -0.9999351951320793 11.913772782419317 505.61683689307233 6.158005930516355 1.0 519.3935140793454 6.001155973500607 1.0 491.8401597067992 6.314855887532103 1.0
-0.06337202635851022 0.997989973033405 -335.3918751261962 406.2902161661473 361.8666711816691 1.0 384.3844827534833 360.4756645055095 1.0 428.1959495788113 363.25767785782875 1.0
-0.9999967383060617 -0.0025540902955718016 514.2636151906679 513.6108057016991 256.24964448403387 1.0 513.8486586617921 163.12365567231112 1.0 513.3729527416059 349.37563329575664 1.0
-0.9999866170843289 0.005173553154223099 535.7482221366462 536.12078264602 70.62566852179603 1.0 535.9849619646661 44.373137692719204 1.0 536.2566033273738 96.87819935087286 1.0
0.9989113825781459 0.046648148471477136 -607.5587063448256 590.8222976617146 372.5675873329542 1.0 590.5629075374349 378.1221003449723 1.0 591.0816877859943 367.01307432093614 1.0
-0.9999752397807593 0.007037032429459047 342.06679019548517 343.4211421157778 191.25231424089708 1.0 343.3639366930851 183.1233185531092 1.0 343.47834753847053 199.38130992868494 1.0
-0.9749243724706437 -0.2225364418757561 417.4761740413909 383.4770326416433 195.99068030701363 1.0 384.14322931391905 193.0720959745515 1.0 382.8108359693676 198.90926463947574 1.0
-0.9994115454401412 -0.0343010618049772 602.3990632435178 590.5912003420698 354.37383995320954 1.0 591.278288589396 334.35452011354255 1.0 589.9041120947436 374.3931597928765 1.0
-0.9999053553958768 -0.01375791592668022 280.40678557560113 275.81547174424543 335.61902123093137 1.0 276.09072232068553 315.6142089523104 1.0 275.54022116780527 355.6238335095523 1.0
-0.996058655561869 -0.08869698236288596 605.4124130534524 591.7248977988937 180.61163370654947 1.0 593.2906451331779 163.0284404209425 1.0 590.1591504646095 198.19482699215646 1.0
-0.9998785348361808 -0.015585749062917612 57.36886625814013 53.497863198144984 248.78503888773827 1.0 54.65736795018669 174.39888600366103 1.0 52.33835844610327 323.17119177181553 1.0
0.31712347731858403 -0.9483842576368344 65.74824051882213 21.007224559136368 76.35104024212501 1.0 41.81368585150709 83.30836508445468 1.0 0.2007632667656445 69.39371539979535 1.0
0.009100504766220076 0.9999585895490872 -214.39585256321175 129.99519164299105 213.2216603071767 1.0 99.36704040064903 213.5004034864189 1.0 160.62334288533307 212.94291712793452 1.0
0.9998102409924876 0.019480297906956205 -623.2899093832048 614.956565756748 433.7735087213774 1.0 614.0920543958113 478.1438420831776 1.0 615.8210771176846 389.4031753595772 1.0
0.9985686605986409 -0.05348485832678708 -487.86502876797084 510.59160230863324 411.2517888312158 1.0 511.8970054901747 435.62382135243087 1.0 509.28619912709183 386.8797563100007 1.0
0.08298795343806659 0.9965505504409505 -169.97963136046403 297.5139454039681 145.7924616546714 1.0 280.65178642263703 147.1966614353938 1.0 314.37610438529913 144.38826187394898 1.0
0.9745051466921846 -0.2243651467372854 -564.5150957471958 588.0647537220432 38.13887079897938 1.0 589.5571342086807 44.62086003037369 1.0 586.5723732354056 31.65688156758508 1.0
-0.9991907664630139 -0.04022203643595191 621.526472759631 605.1970485257674 418.1580912443002 1.0 605.9526236800701 399.3881883640635 1.0 604.4414733714647 436.92799412453684 1.0
-0.04967074785640558 -0.9987656465895217 186.71159380958505 489.38019327569714 162.6044249499647 1.0 508.17695128445945 161.66962204524003 1.0 470.5834352669348 163.5392278546894 1.0
0.9999917266441117 -0.004067756547308015 -480.7251982278989 481.0240836574641 72.49837661140856 1.0 481.1639116319216 106.87280782054415 1.0 480.88425568300653 38.12394540227295 1.0
-0.18864787401232708 0.9820447951242495 -101.87370668739594 296.130496826851 160.62209802154518 1.0 287.94728574963017 159.05012759822398 1.0 304.31370790407186 162.19406844486636 1.0
-0.14984364745559217 -0.9887097052811832 397.0499526491141 348.7469238421044 348.729702661955 1.0 352.0795425996846 348.22462847531824 1.0 345.41430508452424 349.2347768485917 1.0
-0.99999986545173 0.0005187451414436549 605.8298820624531 605.8776230559438 91.87454473724245 1.0 605.8445525530703 28.123589245136376 1.0 605.9106935588173 155.62550022934852 1.0
-0.997455121419019 -0.07129713006124438 237.9322596414382 233.89244811769225 65.01018205406538 1.0 234.12421579261428 61.76772539232079 1.0 233.66068044277023 68.25263871580998 1.0
0.06141001584671131 -0.998112623882549 137.8555252956722 445.0079477446224 165.49582328298374 1.0 448.19778041578957 165.6920813706961 1.0 441.81811507345526 165.2995651952714 1.0
-0.02388707537904432 -0.9997146631063466 175.21493432580527 463.79021796089813 164.18318995072096 1.0 469.397083216619 164.04922011117955 1.0 458.18335270517724 164.31715979026237 1.0
-0.9999997343857471 0.0007288541934514746 604.2276420343092 604.5617088427061 458.12486391644086 1.0 604.5471310986735 438.1239634735097 1.0 604.5762865867389 478.125764359372 1.0
0.9999929653709907 -0.0037508943644042397 -527.8580212640352 528.6119118750928 199.9981736321439 1.0 528.6611420173074 213.12298897378193 1.0 528.5626817328782 186.8733582905059 1.0
-0.5699359160530012 -0.8216891453541456 558.4898336585707 427.77714469949854 382.9724131162705 1.0 431.90180218963775 380.1114888137666 1.0 423.6524872093594 385.8333374187744 1.0
-0.17497706403824953 0.984572509803394 -307.3041941288817 62.374781825132025 323.204585903189 1.0 57.81071056843304 322.39346454787307 1.0 66.93885308183101 324.01570725850496 1.0
-0.9965220610682374 0.0833293573976915 600.5260830463689 604.0960098600148 17.627854435752077 1.0 603.6115529762334 11.834314350947734 1.0 604.5804667437961 23.421394520556422 1.0
0.16555888045711814 0.9861999072712314 -359.1827438818977 161.19104542704144 337.14881983845015 1.0 154.19834837342654 338.32272290519813 1.0 168.18374248065638 335.97491677170217 1.0
0.5516681990632103 -0.8340636655210165 -103.55649448984474 207.66509980816483 13.195320195050588 1.0 220.09940428707333 21.419644838419444 1.0 195.23079532925635 4.970995551681732 1.0
-0.05924546308107558 -0.998243444809085 165.05776556005938 434.34946136991675 139.5696924499503 1.0 588.1142456217858 130.44379646141624 1.0 280.58467711804775 148.69558843848438 1.0
0.9999797511938542 0.006363741217040787 -321.6012704549497 319.949201046864 260.62467672206213 1.0 319.65485866451445 306.8767809841811 1.0 320.24354342921356 214.37257245994317 1.0
-0.9954242762321717 -0.09555370368362076 501.985243291711 477.18341815078173 282.4096147892287 1.0 477.848757063414 275.47849145204316 1.0 476.5180792381495 289.3407381264143 1.0
-0.9998553590701957 -0.017007672933416897 108.68217612552718 104.42408809687944 251.2508349950711 1.0 104.86020825432733 225.61199079046324 1.0 103.98796793943157 276.88967919967894 1.0
-0.8053929376082908 0.5927412724373828 292.2469741199904 371.39966897729545 11.59982714904794 1.0 367.396818972199 6.160915984395492 1.0 375.4025189823919 17.038738313700385 1.0
-0.9999393307035975 0.01101521275515656 604.0660461707573 606.0718070231842 178.75196295264203 1.0 605.8306363599439 156.8589648829618 1.0 606.3129776864243 200.6449610223223 1.0
-0.1235133991510149 -0.9923429045597908 56.77980735852256 287.59913589256007 21.421486860902892 1.0 295.75339402601213 20.40655529340783 1.0 279.44487775910807 22.436418428397953 1.0
0.0549216104864437 -0.9984906693112237 319.48984074376455 493.11282887695563 347.09627451630035 1.0 506.88990200112016 347.8540773351195 1.0 479.3357557527911 346.3384716974813 1.0
-0.056201159263457305 -0.9984194658045503 188.65987587664603 426.2480284567489 164.96497532817173 1.0 436.94467926867685 164.36285948762938 1.0 415.5513776448209 165.5670911687141 1.0
0.9999997601174153 0.0006926507861228355 -204.8387860991157 204.6730320715513 239.374773525353 1.0 204.6600445725737 258.1251974363946 1.0 204.68601957052888 220.62434961431137 1.0
-0.9996271985908505 -0.027303183649685835 280.7019584920833 280.60181065839663 7.499366621022913 1.0 280.79038189746075 0.5953754286746671 1.0 280.41323941933246 14.40335781337116 1.0
-0.833828033836671 0.5520242838753304 246.84937517088312 480.21702504759486 278.19254899686575 1.0 477.441414733389 274.0000129824289 1.0 482.9926353618007 282.38508501130264 1.0
-0.9999967286535157 -0.002557866741474823 322.6039794751063 322.5522742226072 20.62673238287609 1.0 322.60343956843616 0.6236659135541789 1.0 322.50110887677823 40.629798852198 1.0
0.9995355667948607 0.03047377088705295 -43.34697662709231 39.23290520857181 135.60161286731636 1.0 37.670108573368346 186.86113130180237 1.0 40.79570184377527 84.34209443283038 1.0
0.13755264787972324 -0.9904944568554015 189.79340546089523 126.72386556493468 209.2132947182743 1.0 145.45971469796024 211.81519283157078 1.0 107.98801643190913 206.61139660497784 1.0
0.9999533843724163 -0.009655520811984484 -586.2955063832542 586.473691879589 15.622840037713159 1.0 586.6185762084726 30.62747602067704 1.0 586.3288075507053 0.6182040547492784 1.0
-0.9998244073885776 0.01873911390860674 598.122260152551 605.4199939041873 383.7655563103474 1.0 605.0797486895177 365.61179131468265 1.0 605.7602391188569 401.9193213060122 1.0
-0.9988349519906691 -0.04825700655653698 523.3172005020443 523.3834734329613 11.262487702922535 1.0 523.6604246943183 5.53008489593988 1.0 523.1065221716043 16.99489050990519 1.0
0.10381976030857713 0.9945961277671805 -252.77458840990644 503.0996864803759 201.63249579344642 1.0 498.0245057790428 202.1622626296777 1.0 508.1748671817091 201.1027289572151 1.0
0.9998770853330505 0.015678463760311807 -232.74862660684738 229.94513486087618 180.61433944871624 1.0 229.41574448125215 214.3756388894016 1.0 230.47452524050018 146.85304000803086 1.0
0.13026250782310286 -0.9914795404120228 190.75440468644402 74.87119183852367 202.23040993434037 1.0 94.32103253081839 204.7857677829605 1.0 55.42135114622895 199.67505208572024 1.0
-0.9999755805255246 -0.006988444221736501 385.47336554719226 383.1590321988391 332.5046057222312 1.0 383.346811526998 305.63528592393817 1.0 382.97125287068025 359.37392552052427 1.0
-0.9999800624180326 -0.00631464697569477 106.30017646086678 104.33290268200113 311.87078743194996 1.0 104.54604269007562 278.11818662964384 1.0 104.11976267392663 345.6233882342561 1.0
-0.02450128156650451 -0.9996997985403412 229.76821926953278 423.1272534123142 219.4669435920292 1.0 429.40411886513175 219.3131061619936 1.0 416.8503879594967 219.6207810220648 1.0
-0.9999645897757102 0.008415414113148851 436.6056295707596 439.69275857349214 364.9920660152511 1.0 439.6033922266985 354.3730779167707 1.0 439.78212492028587 375.6110541137316 1.0
0.9988311880909903 0.04833484971261161 -227.78067627194807 214.95140898912067 270.62264861246194 1.0 214.70855705123697 275.6411412960812 1.0 215.19426092700436 265.6041559288428 1.0
-0.9994228310981015 -0.03397064438387786 63.34940693280159 58.60483423395707 140.6625536056382 1.0 60.3045498719499 90.65659564416033 1.0 56.90511859596424 190.6685115671161 1.0
0.12022490112082655 0.9927466812588636 -60.96491829771827 288.1569219088668 26.513592390524025 1.0 280.6907315654929 27.417772694247788 1.0 295.6231122522407 25.609412086800265 1.0
0.9999788954899964 -0.006496812649800152 -19.63389950067405 21.875840651017192 345.0121763191414 1.0 22.02610265318685 368.14026066806474 1.0 21.725578648847534 321.8840919702181 1.0
0.9998725907523033 0.015962526813671798 -438.93879419921575 436.21091585070633 174.37437603872047 1.0 436.07110228519116 183.13212182707562 1.0 436.35072941622144 165.6166302503653 1.0
0.045577955053301415 -0.998960785022695 332.1215609850589 551.2161684614643 357.61650716622717 1.0 586.8809893425827 359.2437278013863 1.0 515.5513475803461 355.9892865310681 1.0
0.3931836558044163 -0.9194599571532598 10.106506227424221 183.15192147126805 89.3120441409422 1.0 203.22332421647735 97.89506882525562 1.0 163.08051872605878 80.72901945662879 1.0
-0.14222989879036232 0.9898336506151341 -180.93465614885878 143.7044517540675 203.44198810822428 1.0 58.051790094150526 191.13449644894962 1.0 229.35711341398445 215.7494797674989 1.0
-0.34009693864670965 0.9403903829384561 -49.40983717129315 145.75841334141734 105.25610334446473 1.0 62.1007180732494 75.00087469565659 1.0 229.41610860958525 135.51133199327288 1.0
-0.06212488271793973 0.9980683839032686 -336.4157274171679 292.48304119135645 355.2724520352435 1.0 276.87959284449613 354.30121357685937 1.0 308.08648953821677 356.2436904936276 1.0
-0.9994461115080826 -0.033278674723810096 162.6426819595916 161.00580056183423 51.866868862586095 1.0 162.71246447344686 0.6112637560523826 1.0 159.29913665022164 103.12247396911981 1.0
0.007939442829850485 0.9999684821270877 -278.9489605365107 209.99833608136032 277.2904303573734 1.0 206.86857106958954 277.3152797309546 1.0 213.1281010931311 277.2655809837922 1.0
-0.05676839449765046 -0.9983873744124367 159.20289192598125 511.27212216451926 130.389063138851 1.0 588.1473421100333 126.0179313268838 1.0 434.3969022190053 134.76019495081815 1.0
0.9999184537668507 0.012770505726493082 -323.11365384595035 320.7692627164331 185.62684245809186 1.0 320.56175892091045 201.87419231357356 1.0 320.97676651195576 169.37949260261013 1.0
0.10339955533262055 0.9946399006459656 -149.17147581111558 401.26416211767213 108.26123083067455 1.0 395.5707449711103 108.85310011009445 1.0 406.95757926423397 107.66936155125464 1.0
-0.9999725480758561 0.007409662251399057 589.272840499497 590.1642989777414 118.12378256664579 1.0 590.0809082513357 106.86976931468475 1.0 590.2476897041471 129.37779581860684 1.0
-0.9999298784556451 -0.01184221987968926 331.41366797980737 328.37988573086966 258.1280186245397 1.0 328.79450966055725 223.11812522369232 1.0 327.96526180118207 293.13791202538715 1.0
0.10629423179228285 0.9943347204476412 -77.33619824257474 253.7527468239283 50.65069530215172 1.0 236.80417828593764 52.46249472510009 1.0 270.701315361919 48.838895879203335 1.0
-0.03987476626650892 -0.9992046852448158 163.6831101863927 403.10910595936946 147.72671804495764 1.0 428.11915985134493 146.72865421681317 1.0 378.099052067394 148.72478187310207 1.0
-0.0274279954127118 -0.9996237817637396 175.7115861653082 334.367543195248 166.60323389920205 1.0 350.60531840259716 166.15769665606643 1.0 318.1297679878989 167.04877114233767 1.0
-0.9998100071118214 -0.0194922979419985 145.30345718957628 139.67687616628763 290.01807037963226 1.0 140.63936299044778 240.6496500234458 1.0 138.71438934212745 339.3864907358187 1.0
0.9999741999020082 0.0071832813072263725 -372.45442443896917 370.6053453196868 258.74536914460873 1.0 370.3404364057966 295.62295584691367 1.0 370.87025423357704 221.86778244230382 1.0
-0.014039014079986978 -0.9999014481856008 181.6399338420607 376.24298310627523 176.3752354041995 1.0 384.38392875634213 176.26093328891295 1.0 368.1020374562084 176.48953751948605 1.0
0.01795686105191924 0.9998387625718268 -192.50681747559716 387.5103855793991 185.57826948846912 1.0 375.62799343101415 185.79167436209508 1.0 399.392777727784 185.36486461484319 1.0
0.9999688856027186 0.00788846160268302 -431.9987294008878 429.9709700553018 258.74977099127045 1.0 429.6701929218882 296.87732869048546 1.0 430.2717471887153 220.62221329205542 1.0
-0.05565347733178037 -0.9984501442039462 169.5948968772135 329.388827021305 151.49806341090996 1.0 376.9153523884074 148.84894125140028 1.0 281.86230165420267 154.14718557041965 1.0
0.9997271056146824 0.02336052866031888 -100.13824246092118 94.54316492039581 240.61432517793082 1.0 93.98748055563341 264.39515350151623 1.0 95.0988492851582 216.83349685434544 1.0
0.007799464399380046 0.9999695837149662 -188.1275373806665 416.8740778121688 184.8817662682465 1.0 399.37026784897444 185.0182907634759 1.0 434.37788777536315 184.74524177301709 1.0
-0.9675753544271897 0.2525825281073466 397.4476907196662 486.6886906464261 290.8367897760264 1.0 485.3471063753261 285.69754326388517 1.0 488.03027491752607 295.9760362881677 1.0
0.999753911424167 -0.022183701045559747 -507.86565193627365 508.30954097179523 14.370905190565217 1.0 508.39332452462344 18.146782555707613 1.0 508.225757418967 10.59502782542282 1.0
0.38720320913670253 -0.9219944006523245 10.745784146516726 126.14282224540173 64.63020782700744 1.0 146.79933470782112 73.30517148119252 1.0 105.48630978298236 55.955244172822354 1.0
0.14776964661070682 -0.9890218053918463 190.06979708135677 11.753869457193296 193.93572636283952 1.0 23.30626869704833 195.66176914963413 1.0 0.20147021733825987 192.2096835760449 1.0
0.9998629685832128 0.01655427606285825 -98.43476302308055 93.38825867341336 305.6190108135096 1.0 92.70497452702152 346.8887415104641 1.0 94.07154281980522 264.3492801165551 1.0
0.9975076399177882 0.07055854523474929 -379.49199493969564 378.6251063147739 25.66037494112433 1.0 378.36117123502464 29.391705534978165 1.0 378.88904139452325 21.929044347270494 1.0
-0.9999151900793782 -0.013023542088117542 157.1146987275616 152.97633779827157 318.7562041315358 1.0 153.21247548699804 300.6261393373137 1.0 152.74020010954507 336.886268925758 1.0
0.9999983645088241 -0.0018085849930433565 -204.35102800185825 204.90072113155628 303.75017955456525 1.0 204.94480736302458 328.12623018820756 1.0 204.85663490008795 279.37412892092294 1.0
0.10573212448288306 0.9943946489459484 -234.8469132868395 550.7694412226916 177.60844786657134 1.0 515.4378823185585 181.36518648959785 1.0 586.1010001268247 173.85170924354486 1.0
-1.0 0.0 323.125 323.1249999999999 186.25 1.0 323.1249999999999 171.875 1.0 323.1249999999999 200.625 1.0
0.026481910924219625 0.9996492926990954 -172.00547978435756 386.89001106061846 161.81664325217608 1.0 375.63135520148523 162.114898574083 1.0 398.1486669197517 161.51838793026914 1.0
0.3144949957771808 -0.9492591309179549 50.75050872904507 201.20863418416937 120.12485692590448 1.0 230.85019629475912 129.94527650067778 1.0 171.56707207357962 110.3044373511312 1.0
-0.15291760946224497 -0.9882389411050104 94.28666707356018 254.86032305005475 55.97232959077723 1.0 272.9392896016668 53.17483575438869 1.0 236.78135649844268 58.76982342716577 1.0
0.9999606850893035 -0.008867258636736918 -538.6338991764271 539.25364938544 67.5010760895914 1.0 539.4919475922612 94.37396295468113 1.0 539.0153511786187 40.62818922450166 1.0
0.043661339507916126 0.9990463890292455 -174.27620651681798 369.35536047359506 158.30061392622883 1.0 309.33342765397896 160.92375336753648 1.0 429.3772932932112 155.6774744849212 1.0
-0.056859352207082596 -0.9983821983922746 241.88220490202784 396.8918334797413 219.67057576473115 1.0 406.9304628267268 219.0988608817577 1.0 386.8532041327558 220.24229064770458 1.0
0.3974014621212824 -0.9176448539080176 9.110462793312532 76.31402536733532 42.977158196547094 1.0 99.43367623537341 52.9895099463155 1.0 53.194374499297226 32.96480644677869 1.0
0.9999965971101336 0.0026087867205466936 -430.54836419957024 429.70197277219245 324.99922250787995 1.0 429.64164053096493 348.1256956106434 1.0 429.76230501342 301.87274940511656 1.0
-0.9668920323304309 -0.2551858103734009 643.5199279664777 541.843053244166 468.7415684910996 1.0 544.010591894068 460.52882403131946 1.0 539.6755145942637 476.95431295087974 1.0
-0.11910109456380395 -0.9928821326188241 157.51211914908976 401.2363294613627 110.51103603009722 1.0 406.92935512448696 109.82812960487078 1.0 395.5433037982384 111.19394245532366 1.0
-0.9999849240621165 0.005491051673688904 201.12042433374143 202.79481161971336 304.3733811497565 1.0 202.6575185526597 279.37070308541166 1.0 202.93210468676705 329.37605921410125 1.0
0.736870816769689 -0.6760335785988528 -256.8551739668067 363.3199054845072 16.07118622534464 1.0 368.40710294211857 21.616187929887403 1.0 358.2327080268958 10.526184520801873 1.0
0.9999999472422831 -0.0003248313884197611 -386.26297420291644 386.28674787392396 73.12498806313646 1.0 386.29486872415316 98.12518844485773 1.0 386.27862702369475 48.124787681415185 1.0
-0.15642470750382567 -0.9876898859876732 358.52593226129346 130.4985873614279 342.32681097621276 1.0 138.0081960699456 341.1374818534149 1.0 122.98897865291019 343.51614009901067 1.0
-0.9993172666415004 0.036945914417705845 193.03237596894544 201.92173431451224 236.87327217837418 1.0 201.3200668478681 220.59930257523496 1.0 202.52340178115637 253.14724178151343 1.0
-0.9999873987751887 -0.005020188326326875 329.2287360211527 327.5950095319325 326.2536146289958 1.0 327.7424757057405 296.87935494628897 1.0 327.44754335812445 355.6278743117026 1.0
-0.9996414732970231 -0.026775452648963617 209.8793045703962 202.68899691197504 271.2550622928345 1.0 202.80654559660252 266.8664701810331 1.0 202.57144822734753 275.643654404636 1.0
0.16845964975441755 0.9857085504370037 -62.88858549684901 290.5846437009231 14.138863043036986 1.0 280.45329994396053 15.87033084869096 1.0 300.71598745788566 12.407395237383012 1.0
0.04052800091431315 0.9991784030601791 -202.01478003632764 474.96615701339033 182.91563411585628 1.0 441.81963788200375 184.26010088330122 1.0 508.11267614477686 181.5711673484113 1.0
-0.9989705277515122 -0.04536391389491342 67.5168851529649 51.66221099582194 350.67210043890003 1.0 52.40376041885433 334.34224803250163 1.0 50.92066157278954 367.00195284529843 1.0
0.01011358393899508 0.9999488564021207 -215.6778098278255 333.13581674363775 212.31947156377873 1.0 318.13103034565546 212.47123149205018 1.0 348.1406031416201 212.16771163550732 1.0
0.01983833373031007 0.9998032008924581 -231.6780642589621 406.8854201447693 223.65014965398615 1.0 385.6189902468748 224.07212323157628 1.0 428.1518500426638 223.22817607639598 1.0
0.9999999676309278 -0.0002544369144328102 -95.06994588197173 95.12369879166509 211.25012754953678 1.0 95.12481203405238 215.62544531244015 1.0 95.1225855492778 206.8748097866334 1.0
-0.13020510572773844 0.9914870803204793 -181.33459873397427 18.08991539886559 185.2671625551743 1.0 0.4831722407455441 182.95499137319263 1.0 35.69665855698563 187.57933373715596 1.0
0.9998823561931668 0.015338636627844944 -126.9224546160977 122.60368893527226 282.50159063402873 1.0 121.69262338909498 341.8913778139691 1.0 123.51475448144953 223.11180345408832 1.0
0.9999963615993986 -0.002697552217257326 -508.4714514428 508.65538305001735 67.49856925882182 1.0 508.7616078781 106.87665466329882 1.0 508.54915822193465 28.120483854344826 1.0
0.17130327279357707 0.9852183457133802 -369.18317882017266 135.50105643763072 351.16216206358524 1.0 54.10375544774659 365.31498830438636 1.0 216.89835742751487 337.00933582278407 1.0
-0.05204802598387501 0.9986445829178576 -352.35081260478205 472.5348189860781 377.45692871060226 1.0 438.1879689092558 375.66681661682867 1.0 506.88166906290047 379.2470408043758 1.0
0.022320517234691646 0.999750866221368 -230.73237882353794 63.1111768354245 229.38085123149432 1.0 56.85034377195972 229.52063108767464 1.0 69.37200989888929 229.24107137531396 1.0
0.9981492019060587 0.060812586972584376 -382.1166707079324 371.02176397642984 193.73609464095432 1.0 370.7492672525107 198.20872770990277 1.0 371.29426070034896 189.2634615720059 1.0
-0.37027430101806313 0.9289224628598367 -27.101257724245563 191.10953303973008 105.35239527648991 1.0 161.6774564951456 93.62058556601625 1.0 220.54160958431453 117.08420498696357 1.0
0.9673459849444956 0.2534595537985567 -640.7615718962105 539.4057163330202 469.3830481525564 1.0 537.0997600045033 478.1838905844856 1.0 541.7116726615371 460.58220572062714 1.0
-0.5596935995624903 0.8286996287007631 110.21189242355612 215.1323753028177 12.304001038461108 1.0 197.17731977257793 0.17737600808711562 1.0 233.0874308330575 24.4306260688351 1.0
0.999881644662874 -0.015384949342333797 -301.23219016314215 301.3543726939743 5.623394041316699 1.0 301.43143627164807 10.631825013267534 1.0 301.27730911630056 0.6149630693658636 1.0
0.0970829343610647 -0.9952762952345671 310.4242945520951 403.68662636872585 351.2746947518655 1.0 420.6441387293967 352.9287932844242 1.0 386.72911400805503 349.62059621930683 1.0
0.016549451454011932 -0.9998630484504223 346.75912480548817 474.37031149002047 354.65826424557565 1.0 508.131751874656 355.21707409411334 1.0 440.60887110538494 354.0994543970379 1.0
-0.9999076585269573 -0.013589496647696476 157.46084448375646 153.9588558719766 258.74434428851055 1.0 154.18838829492933 241.85547536711653 1.0 153.7293234490239 275.6332132099045 1.0
-0.5480083346534346 0.8364728717360588 98.28309559405913 207.35337322057546 18.348809229719457 1.0 204.593859135202 16.540936231711 1.0 210.11288730594893 20.15668222772791 1.0
-0.13487551484046262 0.9908625512635546 -187.71895809938687 216.8454754407329 218.96690208304256 1.0 205.54954793501366 217.4293083612982 1.0 228.14140294645213 220.5044958047869 1.0
-0.9999382745092711 -0.011110678261093068 517.740408247591 513.6958929714037 366.87439879710405 1.0 513.8070700503761 356.8686895235376 1.0 513.5847158924313 376.8801080706705 1.0
-0.9989407017372873 0.04601602343332151 74.2429207456979 87.85376591111444 293.7624943494327 1.0 87.65001222361273 289.33929920156334 1.0 88.05751959861614 298.18568949730206 1.0
0.9999553315438507 0.009451715031010055 -322.1443101112513 318.9331422462699 341.25173108564684 1.0 318.690897032986 366.8803489364214 1.0 319.17538745955375 315.6231132348722 1.0
-0.7057883756466283 0.7084227331206233 241.6426239078355 360.5952531218618 18.15485790846035 1.0 355.5859566274496 13.164189102069077 1.0 365.604549616274 23.145526714851623 1.0
0.010269338154893157 -0.9999472689566486 215.76388439016236 404.3693198659978 219.92808671280517 1.0 411.88136491700425 220.0052345117527 1.0 396.8572748149914 219.85093891385768 1.0
-0.9999265015056332 0.012124008689569197 234.7640483243474 235.03895279199492 21.24952770129812 1.0 234.7888216218938 0.6199824542781673 1.0 235.28908396209604 41.879072948318075 1.0
0.35142891106308716 -0.9362145696735406 20.810401516981724 213.5561968056707 102.39129609422706 1.0 223.00716118534936 105.93892526817235 1.0 204.10523242599206 98.84366692028176 1.0
0.9998904636163466 0.014800701641732262 -196.45871853998582 192.60413299976727 261.85803850650774 1.0 192.4745041330556 270.6153711500447 1.0 192.73376186647894 253.10070586297078 1.0
0.02031683808948025 0.9997935917428387 -218.8272805663439 391.88077189950417 210.90903573976777 1.0 349.37292398501927 211.77283909952465 1.0 434.38861981398907 210.04523238001093 1.0
0.9993293255224834 0.03661828983962326 -156.03128781515875 153.06891795732412 83.70214141167324 1.0 152.86140209714503 89.36534101755913 1.0 153.27643381750318 78.03894180578735 1.0
0.04829389634817802 0.9988331690405117 -180.7035740069849 456.2550572505218 158.85459602449458 1.0 399.3619645073685 161.60539486561083 1.0 513.1481499936751 156.1037971833783 1.0
-0.3404852243929266 0.9402498667748368 -49.532641234380165 21.682365883838617 60.53195906630005 1.0 0.29473523612075336 52.787026067479296 1.0 43.069996531556484 68.2768920651208 1.0
0.06359445725066015 -0.997975823858972 344.07310465912406 291.1972958274424 363.3270766400543 1.0 305.6331579072947 364.2469794993878 1.0 276.7614337475901 362.40717378072077 1.0
-0.9999763625268803 -0.006875637243872925 319.1562507182438 316.81313382218434 341.87457462054874 1.0 316.9850206902139 316.8757564802365 1.0 316.6412469541548 366.87339276086107 1.0
-0.05733965821645205 -0.9983547283383901 234.57897489763445 11.211040143946777 234.32166047521082 1.0 21.836885206463812 233.7113740641275 1.0 0.5851950814297413 234.93194688629416 1.0
-0.00524409188289191 0.9999862496556258 -230.16684921985157 13.748730310634016 230.24211473324067 1.0 5.620676239834624 230.19948988475795 1.0 21.87678438143341 230.28473958172341 1.0
-0.9991181719954544 -0.04198664535851465 24.210779241647334 9.734439258591692 344.98884015426484 1.0 10.340770448228103 330.56052599292616 1.0 9.12810806895528 359.41715431560345 1.0
-0.9998663822654659 -0.016346792204255285 306.2136637951149 305.8868299341665 22.494062541049196 1.0 306.2445352448023 0.6146925463960784 1.0 305.5291246235306 44.373432535702314 1.0
-0.05297990390007298 0.9985955786917641 -300.2936358404379 558.7640135056588 330.36086541758687 1.0 534.1929034782339 329.0572595577687 1.0 583.3351235330838 331.664471277405 1.0
0.07286601531926055 0.9973417387292549 -192.55592683177937 334.3669799691496 168.64022713156606 1.0 323.13129115226235 169.4611091238277 1.0 345.6026687860369 167.81934513930443 1.0
0.9999097321425697 0.013436054725045336 -319.7310663513988 315.2670215019973 334.36179145480014 1.0 314.9310376252389 359.3656750418115 1.0 315.60300537875577 309.3579078677888 1.0
1.0 0.0 -446.875 446.875 74.375 1.0 446.875 88.125 1.0 446.875 60.625 1.0
-0.15511127162555516 -0.9878970054690434 358.1809123719323 6.205985326223996 361.59467243924746 1.0 11.887193052623427 360.70265702677807 1.0 0.5247775998245657 362.48668785171685 1.0
-0.9715800600715916 -0.23671118873277294 637.5497505130211 546.5804851614287 449.92824579218666 1.0 548.5891845802267 441.6835476330943 1.0 544.5717857426305 458.172943951279 1.0
0.6854910649054157 0.7280810394007244 -600.887676614457 411.55437272583094 437.8232835873926 1.0 405.10252308670005 443.8977245361333 1.0 418.0062223649618 431.7488426386519 1.0
-0.9999715558556187 0.007542378914714652 523.2707356881117 523.7852793526256 66.24501978127488 1.0 523.4882355208844 26.86283202031504 1.0 524.0823231843668 105.62720754223471 1.0
-0.9999518542953229 -0.009812700512384394 231.51852857420582 228.60419776756504 298.11743598436396 1.0 229.35250051949575 221.8625127424878 1.0 227.85589501563436 374.3723592262401 1.0
0.15790904260791094 0.987453661830596 -369.626485220036 12.375089939075494 372.34389908885305 1.0 0.4063765638081285 374.2578806187136 1.0 24.34380331434286 370.42991755899243 1.0
0.9707460598303945 0.24010849073650845 -636.4576309660065 551.2509489436704 422.0298248943385 1.0 546.3010010807659 442.0422050044347 1.0 556.2008968065751 402.01744478424234 1.0
0.35580561274617384 -0.934559985200693 11.093965648423195 21.055112739400837 19.886891406028177 1.0 41.97860130847457 27.852880522829626 1.0 0.1316241703271026 11.920902289226726 1.0
0.050600089099621055 0.998718995004656 -177.03293752292151 511.22384960093586 151.35885663470154 1.0 434.3561707061116 155.2533569099677 1.0 588.0915284957601 147.46435635943539 1.0
-0.009570236406138249 -0.9999542042389393 225.32450050566197 114.99865249868273 224.2342051909448 1.0 121.8849850690491 224.1682983420208 1.0 108.11231992831637 224.3001120398688 1.0
0.03425901193300841 0.9994129877590014 -187.15288607823035 294.3637659257221 177.1722766038676 1.0 280.60850471090714 177.6437950490668 1.0 308.11902714053696 176.70075815866844 1.0
-0.9999114950358131 0.013304213439552204 588.5772644208301 588.8039847415488 13.124281711903892 1.0 588.6375861658565 0.6181798406253236 1.0 588.970383317241 25.63038358318246 1.0
-0.07832160762319063 0.9969281447422973 -313.8845077476947 405.6371978359649 346.7197380442335 1.0 385.56468078292596 345.1427820590614 1.0 425.7097148890038 348.29669402940567 1.0
-0.37438569249463666 0.9272730737249472 -26.530106353443625 99.06031931614292 68.60640560153698 1.0 52.24632891033499 49.70529792016103 1.0 145.87430972195085 87.50751328291291 1.0
-0.9995783381208004 -0.029036975731961154 80.51043339713199 71.42952275176879 313.7733707621784 1.0 71.88408812087785 298.1252640028653 1.0 70.97495738265971 329.4214775214915 1.0
-0.06119272381992278 0.9981259692801799 -348.06118908731577 553.7399964183262 382.6631702926594 1.0 524.2841236622021 380.857300951598 1.0 583.1958691744504 384.46903963372085 1.0
0.9906716044613245 0.13627095110119772 -607.3364813315058 593.8084480612063 139.92206845214903 1.0 592.6883627816915 148.0649387559337 1.0 594.9285333407211 131.77919814836437 1.0
-0.07235876692391105 -0.9973786687358273 195.52569928622498 351.19997009089445 170.56039780994232 1.0 366.96868926237005 169.41639392156597 1.0 335.43125091941886 171.70440169831866 1.0
0.05620721297666268 0.9984191250218497 -167.34521001434476 352.51491438720143 147.764927019707 1.0 291.9060741026316 151.17697503518224 1.0 413.12375467177134 144.3528790042317 1.0
-0.9994408514981922 -0.03343627306636421 51.89001730934237 50.915772465448015 29.98881842472736 1.0 51.89951001708254 0.5840012579058618 1.0 49.93203491381349 59.39363559154886 1.0
-0.688119868152163 -0.7255970280081431 603.2022737994315 400.0517256315119 451.9295427711565 1.0 408.0741983731619 444.32143155770126 1.0 392.0292528898618 459.5376539846117 1.0
0.9996735014407906 0.025551722390273438 -76.68910473684278 70.26047285050376 252.49068266137468 1.0 69.82861220340571 269.3865943586356 1.0 70.6923334976018 235.59477096411376 1.0
0.19934817473878572 0.9799287245653708 -91.55333162072412 387.17746903330453 14.66454601106397 1.0 382.8542383212955 15.544026456742206 1.0 391.5006997453135 13.785065565385736 1.0
0.07570443325299869 0.9971303018090677 -227.99756814112013 544.9830967466231 187.27736117401656 1.0 534.3718108442874 188.08299448379003 1.0 555.5943826489588 186.4717278642431 1.0
-0.9999873877600687 -0.005022381984102615 597.3087102746264 596.2646846749542 209.37193472464688 1.0 596.4467437256766 173.12284910627568 1.0 596.0826256242319 245.62102034301807 1.0
0.9999207099583144 0.012592608802806625 -72.7511627009251 68.98668286286855 299.3779806910415 1.0 68.70327252172333 321.8822825370801 1.0 69.27009320401375 276.8736788450029 1.0
0.03536573386363701 0.9993744367694656 -176.3738753923734 337.4837727211213 164.5414451810264 1.0 323.1046622821641 165.05029128942184 1.0 351.86288316007847 164.032599072631 1.0
0.9463162300691565 0.3232423126815228 -672.8384914712622 586.1318344566835 365.58463706181163 1.0 584.0241149282589 371.7551448200178 1.0 588.2395539851079 359.4141293036055 1.0
-0.9998385820898471 0.01796690748470695 174.35251380519273 179.07516934038327 261.2441567693424 1.0 178.95146503406508 254.36014858190873 1.0 179.19887364670146 268.12816495677606 1.0
-0.10936257694985209 0.9940019249291662 -317.9282800755034 335.6360830217044 356.77426586209407 1.0 329.3249508394321 356.07989932052664 1.0 341.9472152039766 357.4686324036615 1.0
-0.1561680864630911 -0.9877304939964426 358.48876015097204 188.0398238195275 333.21127846783395 1.0 202.9632192158131 330.85177036644853 1.0 173.1164284232419 335.57078656921936 1.0
0.9989244325774078 -0.04636785524373312 -179.91605432932477 193.51476218871807 288.7899303300709 1.0 194.29906563259783 305.68654693068396 1.0 192.73045874483833 271.89331372945776 1.0
0.9999250724504974 0.01224130241712415 -365.55775840934103 362.3485430057143 264.38079721751177 1.0 361.9811441376683 294.39160221447366 1.0 362.71594187376036 234.36999222054985 1.0
-0.36275178915777817 0.931885797435947 -27.0920086120866 17.412310780752765 35.850267911688235 1.0 0.22254849998790016 29.15887177741788 1.0 34.60207306151763 42.54166404595859 1.0
-0.9997745411334337 -0.021233626666961044 603.6085635454968 594.001728602168 458.7420723071243 1.0 594.4136009483475 439.34927180414263 1.0 593.5898562559885 478.134872810106 1.0
0.01263169809873525 0.9999202169189012 -231.64675609515106 161.25319828306482 229.62817482027782 1.0 151.87969415616035 229.7465875418679 1.0 170.62670240996928 229.50976209868776 1.0
0.9999877157695587 0.004956643015193882 -376.9522859987427 376.5448833673485 83.1264616495383 1.0 376.38371767226374 115.64115249860973 1.0 376.7060490624333 50.61177080046688 1.0
0.06974226885974269 0.9975650434604729 -154.11584213469587 494.37006243928874 119.92937514012611 1.0 450.6154478375817 122.98836975447337 1.0 538.1246770409957 116.87038052577886 1.0
0.013975497134523519 0.9999023379709856 -229.73712818896044 456.8697441623243 223.37396154288274 1.0 441.8639400474647 223.58369559834458 1.0 471.8755482771839 223.16422748742087 1.0
-0.5171774648135502 0.8558781863612538 88.0368935160021 187.8593082472391 10.655379948056064 1.0 170.79484751761422 0.34391894905738685 1.0 204.923768976864 20.96684094705474 1.0
-0.9999954691146612 0.003010274098593065 449.13268191718953 449.35860719414563 74.37504934706246 1.0 449.3172161128291 60.62517394612699 1.0 449.3999982754622 88.12492474799791 1.0
0.835936177139905 0.5488266645751838 -641.4860188376981 464.3136865216661 461.6200835087799 1.0 458.891755771413 469.8784068677445 1.0 469.73561727191924 453.3617601498152 1.0
-0.9719955157168509 -0.2349993987786628 637.1385609649609 553.6552765110137 421.22709869788275 1.0 558.3224904098035 401.9227472651035 1.0 548.9880626122238 440.531450130662 1.0
-0.027678139333179218 -0.9996168869137081 222.55571423133338 129.9907721512841 219.04172928063394 1.0 149.385513782313 218.5047131815442 1.0 110.5960305202552 219.57874537972367 1.0
-0.1723704538449592 -0.985032195738435 360.80490377227056 211.84723704814027 329.2163451910084 1.0 218.12377777293747 328.1180154328642 1.0 205.57069632334307 330.3146749491526 1.0
0.07241457300563871 0.99737461849418 -155.5830943548336 361.2780960279935 129.76196997079643 1.0 310.6477252519443 133.43799762668385 1.0 411.90846680404275 126.085942314909 1.0
0.051312611706145275 0.9986826402215544 -65.0429699212806 368.15520359239554 46.21284385348727 1.0 359.3641859352773 46.66452896082178 1.0 376.9462212495138 45.76115874615277 1.0
-0.9998570018807563 -0.01691081872723134 601.4607449318192 595.2044213144442 374.99288665289276 1.0 595.4686150724435 359.3723550246119 1.0 594.9402275564448 390.6134182811736 1.0
-0.39773755714933345 0.9174992292274041 -6.986149568874924 186.16641544748353 88.31781247428282 1.0 163.0504396022801 78.29699559410273 1.0 209.28239129268692 98.33862935446292 1.0
-0.9859135557540503 0.1672556742846275 441.9399243756543 516.4079349477872 401.74217870765756 1.0 514.4828778851037 390.39464229780214 1.0 518.3329920104707 413.089715117513 1.0
-0.059483752026431504 -0.9982292738869452 230.3963456627378 160.0754554418241 221.2662589083053 1.0 170.84841839690515 220.62430592839044 1.0 149.30249248674306 221.90821188822017 1.0
0.08929493122050952 0.9960052285296118 -162.56662336656743 435.66177807504425 124.16022658888556 1.0 419.37458966763995 125.62042310889952 1.0 451.94896648244855 122.7000300688716 1.0
0.9989038147561776 0.04680992272537986 -526.6368240369011 510.11287481578347 364.94671284540516 1.0 509.4977985740204 378.0721778855315 1.0 510.7279510575465 351.82124780527886 1.0
0.9926793169035246 0.12077985673096159 -470.1676500047716 423.516126122538 411.922588537647 1.0 421.1951435221646 430.9985461074249 1.0 425.83710872291147 392.84663096786915 1.0
0.3823798365529329 -0.9240052275813988 26.39695609455911 196.86069464187938 110.03456831250577 1.0 208.01156255815187 114.6491169362277 1.0 185.70982672560692 105.42001968878384 1.0
0.999332583830221 0.03652926080848448 -156.83427318523547 155.77367034712466 31.88043444492102 1.0 154.6768559458311 61.88603393880103 1.0 156.8704847484182 1.8748349510410067 1.0
0.025816651340380557 0.9996666947105768 -176.55233295881908 294.9740047674628 168.99341832346653 1.0 280.59245566850905 169.36482555428336 1.0 309.3555538664165 168.62201109264973 1.0
-0.9994295200651039 -0.03377327971097775 81.25828871218357 72.85612530141415 250.01203438479186 1.0 73.46862967870595 231.88661212574067 1.0 72.24362092412235 268.13745664384305 1.0
0.018196349510045246 0.9998344327259929 -365.45016367299337 358.7542146484053 358.9815821970317 1.0 349.37094794230677 359.15235167139815 1.0 368.13748135450385 358.81081272266516 1.0
0.0 1.0 -190.625 452.5 190.625 1.0 443.125 190.625 1.0 461.875 190.625 1.0
0.9997529667187747 0.022226235331442343 -320.68911915129826 316.6552897453744 185.00901029109986 1.0 316.2800059249055 201.8895619131076 1.0 317.0305735658432 168.12845866909214 1.0
-0.999952599611238 -0.009736453703846222 380.62034606739167 377.7781432539212 293.7527082572873 1.0 378.51448691253466 218.1287924010534 1.0 377.04179959530774 369.37662411352113 1.0
-0.8404829464270672 -0.5418379986354552 642.6024829394204 467.29318119660024 461.11666917277654 1.0 471.7085440033058 454.2676900486285 1.0 462.8778183898946 467.9656482969246 1.0
0.0 1.0 -189.375 491.25 189.375 1.0 480.625 189.375 1.0 501.875 189.375 1.0
-0.04039363002871147 -0.9991838442714651 275.2428662117395 407.4846161816204 258.99446319810545 1.0 414.3483986198605 258.71698364316927 1.0 400.62083374338033 259.27194275304157 1.0
0.9999195048845034 0.012687937244869931 -607.3520176977983 602.2935372614604 402.50531080200165 1.0 601.3338880147238 478.1339950507021 1.0 603.2531865081969 326.8766265533012 1.0
-0.9995271136127519 -0.030749782974206285 57.97747317860592 54.29403211137596 120.62250907707337 1.0 55.90881424338958 68.1337313553283 1.0 52.679249979362346 173.11128679881847 1.0
-0.9999958515820452 -0.0028804198825779065 332.8575035235877 331.8957397955216 334.3750597395672 1.0 331.95334795418944 314.3752256759412 1.0 331.83813163685375 354.3748938031932 1.0
0.11284600317620136 -0.9936124896392742 378.4933699476868 530.6316839444055 441.19114766624955 1.0 544.4168231600071 442.7567458042851 1.0 516.8465447288038 439.6255495282139 1.0
-0.999653224749149 -0.02633306379112105 323.2175034184118 318.4565230341153 184.99226917147612 1.0 318.86826786765073 169.36165156152572 1.0 318.04477820057997 200.62288678142653 1.0
0.9994549171358801 0.03301315817838666 -151.36145431315978 150.3089025004848 34.364558932001465 1.0 149.19395340430307 68.11901982040517 1.0 151.42385159666654 0.6100980435977554 1.0
1.0 0.0 -603.1249999999998 603.1249999999998 218.125 1.0 603.1249999999998 323.125 1.0 603.1249999999998 113.125 1.0
0.027130656482220766 -0.9996318959891404 231.78427840371486 63.73712183697232 233.59949727332042 1.0 70.60706133838937 233.78595187667435 1.0 56.86718233555528 233.4130426699665 1.0
-0.9999761401430484 0.0069079045021333205 529.1743411567007 531.7083909115809 364.99683340380363 1.0 531.6695050514126 359.36778448669173 1.0 531.7472767717492 370.6258823209155 1.0
-0.9981099247593134 0.061453869666262706 339.9473749381412 360.98725649118876 331.2661771814362 1.0 360.63987147046635 325.62408435996366 1.0 361.3346415119111 336.9082700029088 1.0
0.3346792327403009 -0.9423321129900877 55.29602189203084 190.5832248802772 126.36762318359715 1.0 218.35384644098923 136.23065362534768 1.0 162.81260331956523 116.5045927418466 1.0
1.0 0.0 -515.625 515.6249999999999 260.625 1.0 515.6249999999999 271.875 1.0 515.6249999999999 249.375 1.0
0.5195123543451788 -0.8544629387414817 -82.97059833367632 194.82774663355553 21.352386609722917 1.0 224.04295815059575 39.11519717733485 1.0 165.61253511651535 3.589576042110987 1.0
0.09927108408780799 -0.9950604262375382 423.0766268033734 480.5631799056539 473.11966412470764 1.0 498.07593567685973 474.8668045042584 1.0 463.05042413444806 471.37252374515685 1.0
0.02491598339888264 -0.9996895486956272 213.4556639310748 177.4888930988514 217.9456357519133 1.0 183.12596871893936 218.08613265192753 1.0 171.85181747876345 217.80513885189907 1.0
0.8461985863415741 0.532867668819869 -639.7120444195356 502.0559594884412 403.2389537010731 1.0 497.2543807156048 410.86390339783424 1.0 506.85753826127757 395.614004004312 1.0
-0.10535732699290594 0.9944344290343683 -190.55583000108788 31.875065201721434 194.99938458160926 1.0 26.865084187656397 194.46859221107596 1.0 36.88504621578647 195.5301769521426 1.0
0.9993140607892099 0.037032525014899204 -595.8183276459961 596.0662854253051 4.345030700164816 1.0 595.9257944543416 8.136146824198546 1.0 596.2067763962684 0.5539145761310866 1.0
-0.11498631934636856 -0.9933670753367937 79.07464867603255 293.13039412384626 45.67159984822243 1.0 303.1409551171691 44.51283629364795 1.0 283.1198331305235 46.830363402796905 1.0
-0.9999311299276112 0.011736072668939427 41.638386491547685 42.53618651829106 76.24957528314141 1.0 42.45542049088224 69.36818767377505 1.0 42.616952545699874 83.13096289250777 1.0
0.6063168678376577 -0.7952231484152938 -123.78747241145277 220.60020333776885 12.532522400176589 1.0 233.02517536539264 22.005926359520494 1.0 208.17523131014505 3.0591184408326844 1.0
0.051978265303393174 0.9986482163084506 -352.93487383220355 486.24890826682326 328.1040247446066 1.0 480.50933554985284 328.4027616056342 1.0 491.98848098379364 327.805287883579 1.0
-0.36928680371043343 0.9293154774377385 -31.13537018191553 97.58661199906642 72.28203967632874 1.0 51.96340946223135 54.15251633478907 1.0 143.2098145359015 90.41156301786842 1.0
-0.999994783340728 -0.0032300605768898053 382.6486199670851 382.4245049718671 70.00177494360571 1.0 382.5113123970239 43.127055338310214 1.0 382.33769754671033 96.8764945489012 1.0
-1.0 0.0 318.125 318.12500000000017 247.5 1.0 318.12500000000017 215.625 1.0 318.12500000000017 279.375 1.0
-0.34247987709089595 0.9395251639992431 -42.15878907135266 179.29165786965876 110.2286324946798 1.0 160.52873343014184 103.3890881140285 1.0 198.05458230917566 117.0681768753311 1.0
-1.0 0.0 275.625 275.625 103.125 1.0 275.625 94.375 1.0 275.625 111.875 1.0
-0.9997768631272997 -0.0211240137127523 617.3618910206834 612.8382802824005 220.61894197698538 1.0 612.9444345631767 215.59477397155408 1.0 612.7321260016245 225.6431099824167 1.0
0.37125494938671055 -0.9285309701651695 28.943862587828065 76.8634045782161 61.904000847682326 1.0 101.86486582543951 71.9003461804402 1.0 51.861943330992695 51.90765551492445 1.0
-0.9999886164588586 -0.0047714728017542885 324.83139088761044 323.62430228700384 253.75238243440282 1.0 323.81217688987033 214.37827888316528 1.0 323.4364276841374 293.12648598564033 1.0
-1.0 0.0 333.125 333.1249999999999 238.75 1.0 333.1249999999999 223.125 1.0 333.1249999999999 254.375 1.0
-0.8430044557359445 -0.5379065788864679 642.242375663274 495.03623382959097 418.14812018066175 1.0 504.55069366749314 403.237107093824 1.0 485.5217739916888 433.0591332674994 1.0
0.07770094804123562 -0.9969767111991599 321.10152172962154 10.593756064885397 322.9008892614662 1.0 20.581797963892335 323.67932301614735 1.0 0.6057141658784615 322.12245550678506 1.0
0.31893445872066983 0.947776772790172 -450.1849694212863 156.2231373441012 422.4201723093251 1.0 132.99437937864334 430.23683501003353 1.0 179.45189530955906 414.60350960861666 1.0
0.9998414152735549 0.017808545807417024 -223.43243000892963 222.24341828269905 68.74542992799047 1.0 221.76469129832532 95.62303525085406 1.0 222.72214526707282 41.8678246051269 1.0
0.32719295230281287 0.9449575503499451 -450.2365600586023 200.27577837851868 407.1164220167591 1.0 180.09800705900255 414.1030052410305 1.0 220.45354969803483 400.1298387924877 1.0
-0.9984456163392758 -0.055734650020284084 281.0822213076038 277.22744138137057 76.89467377764187 1.0 278.1356045964897 60.62559196361253 1.0 276.3192781662514 93.1637555916712 1.0
-0.042541996166515085 -0.9990946794784609 176.5009625565272 339.986548154645 162.18408470841916 1.0 356.8575720941468 161.46570731085947 1.0 323.1155242151431 162.90246210597886 1.0
-1.0 0.0 428.125 428.12500000000006 273.75 1.0 428.12500000000006 259.375 1.0 428.12500000000006 288.125 1.0
0.8456497868978124 0.5337381735642338 -639.6416760209667 488.1420398657608 425.010754838433 1.0 480.64561915514906 436.8880139336404 1.0 495.6384605763726 413.1334957432256 1.0
-0.10543156541013937 0.9944265608958599 -397.95830599988864 501.22824496024657 453.3301927170009 1.0 483.042609234345 451.40210660390164 1.0 519.4138806861481 455.25827883010015 1.0
-0.9999437031595406 -0.010610867616950848 534.9507177605277 530.7561312188083 398.12639149433994 1.0 530.8093233082409 393.1136916090746 1.0 530.7029391293756 403.13909137960525 1.0
0.9996774088842668 0.025398389052032042 -213.87408636778534 211.84707727416873 82.49929057889298 1.0 211.48128686244848 96.89675532494715 1.0 212.21286768588897 68.10182583283883 1.0
0.0564581583509308 -0.9984049661112575 322.2733556959916 61.24989850510165 326.25179483379384 1.0 68.13821434609346 326.6413177625876 1.0 54.36158266410983 325.862271905 1.0
0.3325599409955487 -0.9430821203082144 55.8423784338621 103.69571139953098 95.77895302358309 1.0 146.75572398222806 110.96324602989021 1.0 60.63569881683391 80.59466001727594 1.0
0.3236665010702472 0.9461712297913859 -450.21460473445217 92.44193848492145 444.2052693206008 1.0 52.98100958287802 457.7040741717293 1.0 131.90286738696489 430.7064644694723 1.0
0.09028093279520275 -0.9959163384409495 391.47728447497644 563.1469913644448 444.13240659209913 1.0 576.8973102906077 445.37888842091303 1.0 549.3966724382819 442.88592476328523 1.0
0.9992304791785143 0.03922307332013261 -45.04192473023469 44.85603424973495 5.619348872161229 1.0 44.65910826706687 10.636152181225677 1.0 45.05296023240302 0.6025455630967802 1.0
0.05180895199720783 -0.9986570144413701 327.6183057262597 61.218363970288074 331.23480857097024 1.0 68.1395845353307 331.5938719719488 1.0 54.29714340524545 330.8757451699917 1.0
0.9999562486399801 0.009354186541769647 -150.44123278312517 148.07409084579604 253.74952376543897 1.0 147.96301474055582 265.6234846933694 1.0 148.18516695103625 241.87556283750854 1.0
-0.5300653994493887 0.8479567632294468 90.26381456565089 215.07873466870657 27.999046495206578 1.0 206.98924775413064 22.942235465851038 1.0 223.1682215832825 33.05585752456212 1.0
-0.11140992416403782 0.9937745361991136 -414.5699993094502 482.49899312893695 471.25898127192113 1.0 464.3913705837636 469.22897468484894 1.0 500.60661567411034 473.28898785899327 1.0
0.04066407384214113 0.9991728744809685 -178.10989750530933 560.6429249499643 155.44044096147854 1.0 549.3861335528873 155.8985668857177 1.0 571.8997163470411 154.98231503723935 1.0
-0.08632332497784619 0.9962671747903619 -287.2628624105227 404.9736732701115 323.42883974220433 1.0 390.49078895613246 322.1739447091373 1.0 419.4565575840905 324.6837347752714 1.0
0.09087893283616959 -0.9958619480462938 407.91564747320933 501.27461796885007 455.3552334253834 1.0 516.8836999884408 456.77966451171574 1.0 485.6655359492594 453.930802339051 1.0
0.09866170131459652 0.9951210321833769 -162.9928598135288 289.38499350794126 135.10079645703604 1.0 281.8966367839577 135.84323279447108 1.0 296.8733502319248 134.35836011960097 1.0
0.9999642580353149 0.008454741384718861 -377.8908820730052 375.75367288782036 254.37080353263428 1.0 375.4154506433369 294.3732282510563 1.0 376.0918951323038 214.36837881421232 1.0
0.9995398457216926 0.03033309767654609 -55.69738211893174 52.55607265984818 104.35773472673094 1.0 51.49375264681421 139.36343026293287 1.0 53.61839267288216 69.35203919052903 1.0
0.3517874586907764 -0.9360799025232222 42.41021986158162 102.47476187379824 83.81715675084814 1.0 148.0104238840231 100.92987840548462 1.0 56.93909986357338 66.70443509621168 1.0
-0.9998791637086707 0.015545352400287434 469.85590322667895 476.0925970573328 397.492730160502 1.0 475.9465749165041 388.10056636162926 1.0 476.2386191981614 406.8848939593747 1.0
0.9997123295818862 0.02398453839368889 -124.97405180453717 118.80219833708287 258.7512523132733 1.0 118.57704843748633 268.13584529297464 1.0 119.02734823667942 249.366659333572 1.0
0.998644565238806 0.05204836519042875 -189.67680394865374 176.05808257797736 266.2399974541338 1.0 175.50412512686626 276.8687001213863 1.0 176.61204002908846 255.61129478688125 1.0
0.34417850513682996 -0.9389042318584879 43.43411955283065 20.602043720872807 53.81262374697594 1.0 40.858465924683394 61.238114949340456 1.0 0.3456215170622201 46.38713254461142 1.0
-0.999999897753749 -0.00045220846045325767 115.49426483679487 115.36652741194399 282.500731007447 1.0 115.37076699363507 273.1254502943052 1.0 115.3622878302529 291.87601172058874 1.0
-0.999896167580571 -0.014410206719088253 153.4446619947297 153.19049295423702 18.741936550562304 1.0 153.41575883915525 3.111175701168376 1.0 152.96522706931876 34.37269739995623 1.0
1.0 0.0 -158.125 158.125 253.125 1.0 158.125 264.375 1.0 158.125 241.875 1.0
0.9992243956709891 0.039377748741471444 -484.57012325736434 469.4783259560036 392.5040719017186 1.0 469.3042436656814 396.92147200466013 1.0 469.6524082463257 388.086671798777 1.0
0.9994663060022921 0.03266654505962657 -214.22521635429595 212.66437812004233 51.25537253255355 1.0 212.15356881930407 66.8841047400331 1.0 213.17518742078056 35.626640325074 1.0
0.05842031921526486 0.9982920746468874 -153.78226031654899 366.25654999933374 132.61192702319426 1.0 350.6484267498084 133.52531857036345 1.0 381.8646732488591 131.69853547602506 1.0
0.010734299064241 -0.999942385752099 204.31665939233773 554.3652902960156 210.27949730429623 1.0 574.3764028932571 210.4943149480802 1.0 534.354177698774 210.06467966051224 1.0
1.0 0.0 -45.62499999999998 45.624999999999986 95.625 1.0 45.624999999999986 114.375 1.0 45.624999999999986 76.875 1.0
0.9997831062918358 0.020826434487157423 -53.721130875079425 48.759391172215544 238.7501956270632 1.0 47.80912010472438 284.36841992087744 1.0 49.70966223970671 193.1319713332489 1.0
0.9999977952975349 0.0020998571545473954 -194.0020543105572 193.5063880001102 236.25080086208635 1.0 193.4735722926572 251.87835678086648 1.0 193.53920370756322 220.6232449433062 1.0
-1.0 0.0 336.875 336.875 266.875 1.0 336.875 240.625 1.0 336.875 293.125 1.0
-0.9999872791913372 -0.005043952369588077 48.562076939165536 48.156020073678945 80.62515646576452 1.0 48.23167839677547 65.6255380875971 1.0 48.08036175058242 95.62477484393192 1.0
-1.0 0.0 151.875 151.875 48.75 1.0 151.875 36.875 1.0 151.875 60.625 1.0
-0.9999150142621631 -0.013037033907237231 326.9705707562771 322.6631510158851 332.5021271861065 1.0 323.0950722904811 299.3746097982746 1.0 322.23122974128916 365.62964457393844 1.0
-0.9998344684331117 -0.01819438740593066 349.7223581690464 348.4039871093768 75.63007683992652 1.0 348.67685774428395 60.63504237592268 1.0 348.1311164744697 90.62511130393037 1.0
-1.0 0.0 428.125 428.125 238.75 1.0 428.125 225.625 1.0 428.125 251.875 1.0
1.0 0.0 -41.875 41.875 215.0 1.0 41.875 238.125 1.0 41.875 191.875 1.0
1.0 0.0 -309.375 309.37499999999994 334.375 1.0 309.37499999999994 344.375 1.0 309.37499999999994 324.375 1.0
-1.0 0.0 149.375 149.37499999999994 253.75 1.0 149.37499999999994 241.875 1.0 149.37499999999994 265.625 1.0
-0.13603896509702648 -0.9907034874145392 69.06260634638868 290.68273047093584 29.79542203750541 1.0 298.21239881718316 28.76148170888041 1.0 283.1530621246885 30.829362366130415 1.0
1.0 0.0 -339.375 339.3749999999999 341.875 1.0 339.3749999999999 351.875 1.0 339.3749999999999 331.875 1.0
-0.04534935271959513 -0.9989711888777943 225.05747282611568 555.0042784525378 200.09424722872475 1.0 564.3883123524878 199.66824909384408 1.0 545.6202445525879 200.52024536360543 1.0
1.0 0.0 -46.875 46.87500000000001 325.0 1.0 46.87500000000001 348.125 1.0 46.87500000000001 301.875 1.0
-1.0 0.0 48.12500000000009 48.125000000000014 387.5 1.0 48.125000000000014 368.125 1.0 48.125000000000014 406.875 1.0
-0.9999226959865088 -0.012433907313141918 56.60165838164376 51.39113942139906 419.3767550501563 1.0 51.76422443134708 389.37362252036206 1.0 51.01805441145105 449.37988757995055 1.0
0.999906278898983 0.013690632505085745 -101.89857553403354 98.6477582105966 238.12360011403575 1.0 98.47652419716094 250.62981303968334 1.0 98.81899222403227 225.61738718838816 1.0
-0.9998771611228993 -0.015673629599169327 340.4932102156835 337.5076976746755 193.125120665324 1.0 337.6057993655167 186.86686124181153 1.0 337.4095959838343 199.3833800888365 1.0
0.9999637553735314 0.008513984922715143 -51.97339025868453 50.55973220858641 166.25476572431654 1.0 50.352166042921894 190.6333198785073 1.0 50.76729837425093 141.8762115701258 1.0
0.11966186296963538 0.9928147050435122 -92.34917476358055 341.2514719846356 51.8872128133023 1.0 328.16590578217205 53.46438851572167 1.0 354.33703818709915 50.310037110882924 1.0
-1.0 0.0 45.625 45.625 150.0 1.0 45.625 135.625 1.0 45.625 164.375 1.0
0.9999944979312454 0.0033172439217383173 -376.62824280345694 375.5252531854207 333.12466911366505 1.0 375.4174433511446 365.6243114801798 1.0 375.6330630196968 300.62502674715023 1.0
0.3382423050395932 -0.9410590539820033 56.14321251969863 12.371898627852971 64.10640413481798 1.0 24.280894005183793 68.38682206405377 1.0 0.46290325052215087 59.8259862055822 1.0
1.0 0.0 -43.125 43.12500000000001 175.625 1.0 43.12500000000001 186.875 1.0 43.12500000000001 164.375 1.0
1.0 0.0 -44.375 44.37500000000001 131.25 1.0 44.37500000000001 143.125 1.0 44.37500000000001 119.375 1.0
0.9979145749945978 0.06454843927897423 -129.17596757340652 111.17059344636 282.53529080176384 1.0 110.56150567931542 291.9517471402007 1.0 111.77968121340459 273.11883446332695 1.0
-0.02668066634454146 -0.9996440076564312 195.04992242940872 298.13266468427923 187.16217257700174 1.0 308.1255461047133 186.89546089468573 1.0 288.1397832638451 187.42888425931775 1.0
-0.11091579891847672 0.9938298071351432 -273.75961739115877 449.78711632965985 325.6574842276692 1.0 441.69317799265923 324.7541649363781 1.0 457.88105466666053 326.56080351896037 1.0
-1.0 0.0 41.87500000000005 41.875000000000036 315.0 1.0 41.875000000000036 295.625 1.0 41.875000000000036 334.375 1.0
0.9998190722924736 -0.019021637159234613 -188.65218916548426 194.73854952183171 318.1180834415092 1.0 194.95295650088482 329.3877856808793 1.0 194.5241425427786 306.84838120213914 1.0
-0.40015089494251016 0.916449268250408 -7.036924124222333 12.49583296254374 13.134543595868022 1.0 0.6886767605837862 7.979163713291327 1.0 24.302989164503696 18.289923478444717 1.0
-1.0 0.0 221.875 221.875 271.875 1.0 221.875 260.625 1.0 221.875 283.125 1.0
-1.0 0.0 46.875 46.875 113.125 1.0 46.875 101.875 1.0 46.875 124.375 1.0
1.0 0.0 -330.625 330.625 251.25 1.0 330.625 265.625 1.0 330.625 236.875 1.0
0.9979569561532902 -0.06388985573046942 -568.6603635116852 584.2170261126946 224.81004905159506 1.0 584.7376218321104 232.941733081786 1.0 583.6964303932788 216.67836502140412 1.0
-1.0 0.0 221.875 221.8749999999999 245.0 1.0 221.8749999999999 235.625 1.0 221.8749999999999 254.375 1.0
-0.9711352227160068 0.23852961912586826 265.1725985767387 383.12511092400916 448.1359243362541 1.0 381.7509900542916 442.54141082576325 1.0 384.4992317937268 453.7304378467449 1.0
-0.9435191608045487 0.3313179638876831 262.4977574379926 437.86333408517953 454.6529452179187 1.0 436.2212588954882 449.97668382002854 1.0 439.5054092748709 459.32920661580897 1.0
-1.0 0.0 28.125 28.125 243.125 1.0 28.125 229.375 1.0 28.125 256.875 1.0
0.999967356854774 0.008079927281673853 -221.30769978782976 218.25454338710648 378.7510467353163 1.0 218.1383982238996 393.1251082602087 1.0 218.37068855031333 364.376985210424 1.0
1.0 0.0 -39.375 39.375000000000014 347.5 1.0 39.375000000000014 360.625 1.0 39.375000000000014 334.375 1.0
1.0 0.0 -40.625 40.625 265.0 1.0 40.625 280.625 1.0 40.625 249.375 1.0
-1.0 0.0 43.125 43.125 253.75 1.0 43.125 235.625 1.0 43.125 271.875 1.0
-1.0 0.0 44.375 44.37500000000001 210.625 1.0 44.37500000000001 199.375 1.0 44.37500000000001 221.875 1.0
