0.18770141407616642 -0.9822261344282218 358.5852803584293 200.08413501938858 403.3097283309194 1.0 219.5831163908831 407.0359439631322 1.0 180.58515364789406 399.58351269870667 1.0
-0.17923661709668068 0.9838059946410868 -364.5450498613655 198.77110270276978 406.7591700662266 1.0 173.0876551367495 402.07998099623836 1.0 224.4545502687901 411.4383591362148 1.0
0.10227984731335385 0.994755664891413 -330.202945310045 170.62757072336223 314.40000239973574 1.0 128.0634530403401 318.7764051801334 1.0 213.19168840638432 310.02359961933803 1.0
0.12682763909094594 0.9919247703140681 -406.13810205781283 191.78521354667956 384.9227760389964 1.0 180.24440957169477 386.39838484035266 1.0 203.32601752166434 383.44716723764014 1.0
0.023194557663590083 0.9997309700588405 -327.43547512102083 33.13671154488843 326.75479057639353 1.0 23.127598721419833 326.98700999491535 1.0 43.14582436835702 326.5225711578717 1.0
0.5888985724088236 0.8082069483831783 -403.070237535789 152.84635603582086 387.3503405219168 1.0 147.3872949411858 391.3280757935009 1.0 158.3054171304559 383.37260525033264 1.0
0.22512470849273156 -0.97432995726605 379.4499075291331 86.98028314932873 409.5443391039877 1.0 102.17970377949267 413.0562552809525 1.0 71.7808625191648 406.0324229270229 1.0
-0.09257947978087147 -0.9957052977279488 405.1350797216667 241.76145706475816 384.40382979675974 1.0 249.31240221228282 383.7017520080738 1.0 234.2105119172335 385.1059075854457 1.0
0.16726480755066891 -0.9859120062941914 340.7749902505912 186.8999527671226 377.35292044957527 1.0 206.85574114395678 380.7385178264846 1.0 166.94416439028842 373.9673230726659 1.0
0.17267762644841758 0.9849783943438255 -374.27486693723847 200.09279818167016 344.9043343779359 1.0 188.14667241035033 346.99862259308 1.0 212.03892395299 342.8100461627919 1.0
-0.03710028378546578 -0.9993115474880884 276.73807875150686 37.519891040766616 275.5357734416421 1.0 59.48064018015151 274.7204621132975 1.0 15.559141901381723 276.3510847699867 1.0
-0.16170717930515122 -0.9868387852943215 390.58852855394537 136.40499274978993 373.4458631186899 1.0 149.68546845815175 371.2696735539584 1.0 123.12451704142809 375.6220526834213 1.0
0.9974175963755203 -0.07182018128965956 -217.67899867293724 239.93155019567905 301.2099249741575 1.0 240.3409431270663 306.8954538361713 1.0 239.52215726429176 295.52439611214373 1.0
-0.023498140517623646 0.9997238805751386 -376.2044237886366 169.97817350583887 380.30360400701693 1.0 159.35904023354658 380.0540052021308 1.0 180.59730677813113 380.5532028119031 1.0
-0.08364021119166481 0.9964960185930568 -365.95942515776414 241.87101086084516 387.54752691592665 1.0 236.85389732458185 387.12641892561265 1.0 246.88812439710847 387.96863490624065 1.0
-0.4883838873828581 -0.8726288893595076 403.82471054530305 144.88957139743394 381.6776896642165 1.0 150.7710701113534 378.38599345685213 1.0 139.00807268351446 384.96938587158087 1.0
0.09168193998237942 0.9957883419085942 -328.8817896081083 231.89089665918266 308.9226589543419 1.0 229.35485072510622 309.1561519581613 1.0 234.4269425932591 308.6891659505225 1.0
0.2433419072275565 -0.9699405735336857 376.4060303175087 55.441698139235 401.980625949249 1.0 71.46703474308727 406.0011155334076 1.0 39.41636153538273 397.9601363650904 1.0
0.08391590895249475 0.9964728396823852 -173.7334101670225 467.55049093523706 134.97456266030977 1.0 296.8727128105753 149.34784040452644 1.0 638.2282690598988 120.60128491609309 1.0
0.18334463473839427 -0.9830486991561734 105.96771596119173 119.85568088011722 130.14880351634804 1.0 158.0508745649881 137.27244229530783 1.0 81.66048719524633 123.02516473738828 1.0
-0.2347914164321226 -0.9720457760670521 65.88612183346758 141.5353712729767 33.5939236001438 1.0 282.84401887732344 -0.5382729918442619 1.0 0.22672366862998672 67.72612019213187 1.0
-0.08504870339618821 -0.9963767952188706 170.75615144914244 467.62475787777703 131.46158435665694 1.0 638.2337246164968 116.89874881239466 1.0 297.0157911390572 146.02441990091924 1.0
-0.032838218141252803 0.9994606802817745 -330.0206967198245 12.52102223574617 330.61016936273666 1.0 0.5972891728180851 330.21840392853454 1.0 24.444755298674256 331.0019347969387 1.0
0.1866223005631944 -0.9824317365254955 105.47161897630863 37.48053055714339 114.47749256652111 1.0 74.44632990015447 121.49949955089251 1.0 0.5147312141323157 107.45548558214972 1.0
0.22537166725874924 -0.9742728630096456 379.6777005143839 177.1951260210051 430.692958233106 1.0 200.2434195366932 436.02455735109174 1.0 154.146832505317 425.3613591151203 1.0
0.16033976206415695 -0.9870618829137359 341.9679618053527 158.5936406723185 372.2125580729668 1.0 166.80650372948267 373.546667444675 1.0 150.38077761515433 370.8784487012585 1.0
-0.2962446999521191 0.955112076015312 -340.5951349147165 95.79843647759446 386.31582957703944 1.0 87.10897732133002 383.62064198059187 1.0 104.48789563385891 389.011017173487 1.0
0.1839810520292385 -0.9829297902160737 105.76728155999264 189.38845507462207 143.05311545792478 1.0 215.65412038696937 147.96942258841804 1.0 163.12278976227478 138.1368083274315 1.0
0.22366049093253135 0.9746671148632333 -331.07789989853296 88.41617089353181 319.3938637744984 1.0 79.83138786981077 321.36384589080706 1.0 97.00095391725287 317.42388165818977 1.0
0.012075942297815931 0.9999270831503764 -263.8635440612042 36.24631711500767 263.44504520996065 1.0 0.6038715103334358 263.87549271331164 1.0 71.8887627196819 263.0145977066097 1.0
0.999926795861553 0.012099707353822169 -76.8875768759018 74.56390544693772 192.4947229972309 1.0 73.72445819625528 261.86712805829455 1.0 75.40335269762016 123.12231793616726 1.0
0.09974139520752877 0.9950133939209338 -330.1482206915526 117.93512551904887 319.9808250557147 1.0 111.74730268103602 320.6011002067138 1.0 124.12294835706172 319.36054990471564 1.0
0.2939961070219367 -0.9558066169764394 365.88498030625846 125.70222741775837 421.46699829866907 1.0 152.88872854042017 429.82928137104824 1.0 98.51572629509657 413.1047152262899 1.0
-0.010705858296163372 -0.9999426906568908 326.98680885729124 8.11877553442606 326.9186258885811 1.0 15.624606696881163 326.8382649183265 1.0 0.6129443719709571 326.9989868588357 1.0
0.09742708229634058 0.9952426657028034 -322.6174378883463 126.18218448774911 311.80724712679705 1.0 96.78300184003866 314.68521517013954 1.0 155.58136713545957 308.9292790834546 1.0
-0.9998869118081337 -0.015038736475964813 81.86723965817747 78.97176428960725 193.12833543190914 1.0 80.00598455570334 124.36568973697784 1.0 77.93754402351115 261.8909811268404 1.0
-0.0655911892187083 -0.9978465793381643 276.40999638701214 7.476340655503065 276.5150675722324 1.0 14.48538786178561 276.0543436983729 1.0 0.4672934492205194 276.97579144609193 1.0
0.01790511538318892 0.999839690572001 -391.78110414098 138.1361061915735 389.37018093202045 1.0 125.58416909033336 389.5949608484405 1.0 150.68804329281363 389.1454010156004 1.0
-0.04906616099740101 0.9987955305491595 -315.79963475954486 47.511569700453464 318.51448605581095 1.0 31.893557288934815 317.74724602719203 1.0 63.129582111972105 319.28172608442986 1.0
-0.02054533153531706 -0.9997889223991753 269.40090487088435 117.50345489781884 267.0431242554481 1.0 155.63803817296284 266.2594711874897 1.0 79.36887162267485 267.8267773234066 1.0
0.02602798780302184 0.9996612145376682 -264.79089913605566 116.84150252593005 261.8384569961337 1.0 78.08522998933277 262.8475466499117 1.0 155.59777506252735 260.8293673423556 1.0
0.5839632729941294 -0.8117800784658267 231.1388444965749 136.0188126649088 382.57755242785834 1.0 138.85140428332463 384.61520956730425 1.0 133.18622104649302 380.5398952884125 1.0
0.10356221934178916 0.9946229771752727 -324.31961807244 231.81624686082927 301.93572837110094 1.0 225.5689005919701 302.58621509767664 1.0 238.0635931296884 301.2852416445253 1.0
-0.9999619064387127 0.00872844037930933 75.16027376130491 77.69987376548937 290.61779986423863 1.0 77.60158731972832 279.3577468181901 1.0 77.7981602112504 301.8778529102872 1.0
0.9999860718438824 0.005277889563223921 -157.99717716820922 156.47869314751318 288.1196095801438 1.0 156.37311941640021 308.1223510928114 1.0 156.58426687862618 268.11686806747616 1.0
-0.2056108333500823 0.9786338361251795 -85.45659890968905 122.73445897995296 113.10883521011813 1.0 0.005520104726155495 87.32350216030224 1.0 245.46339785517978 138.89416825993402 1.0
-0.1003321372452425 -0.9949540000602047 428.01656351322504 231.24928242463136 406.8678840897546 1.0 241.89210778749518 405.79465114137776 1.0 220.60645706176751 407.94111703813155 1.0
-0.6580058007516482 0.7530128592375978 -64.21432961984641 384.42195376083873 421.19626675682684 1.0 375.96455668358544 413.80593302238424 1.0 392.879350838092 428.58660049126945 1.0
0.3640816345741431 0.9313670400898995 -391.8026789173681 108.22082269821212 378.3701266263722 1.0 98.27477593576236 382.2581458571945 1.0 118.16686946066186 374.4821073955499 1.0
-0.12612773278036446 -0.9920140094896266 364.6133632870929 193.95827905416712 342.8881467823324 1.0 205.72256941876293 341.3923984791207 1.0 182.1939886895713 344.3838950855441 1.0
-0.9999006798328671 -0.014093632241905941 163.71138564584302 160.91739197615425 199.37912127430803 1.0 161.76317421184123 139.37342381191925 1.0 160.07160974046727 259.38481873669684 1.0
0.2572351107428313 0.9663488489159199 -336.36189804713837 103.863729727221 320.4272456845808 1.0 96.6668388886911 322.34300624447604 1.0 111.06062056575088 318.5114851246855 1.0
-0.012306362924649929 0.9999242738485584 -307.81406341711715 386.87378472209866 312.5987445178081 1.0 369.33798056513643 312.3829262045867 1.0 404.40958887906095 312.81456283102955 1.0
-0.04451180672373248 0.9990088583502096 -295.6470742968799 268.8149312952984 307.91770262292704 1.0 243.18511752030707 306.7757414605389 1.0 294.44474507028974 309.0596637853152 1.0
0.9999572657789982 0.009244815616874857 -216.75953768142622 213.72943986577684 328.74980991722697 1.0 213.63116448083136 339.379679597276 1.0 213.82771525072232 318.11994023717796 1.0
-0.030589281363261594 -0.9995320384388282 316.49896922386887 46.27619453083007 315.2309296469115 1.0 60.67596249234346 314.7902448696347 1.0 31.876426569316685 315.67161442418825 1.0
-0.9999426518598683 -0.01070948138120082 162.9869025670121 159.92380016837032 286.8741838925197 1.0 160.07111877565995 273.11906787914444 1.0 159.7764815610807 300.62929990589487 1.0
0.999931832930915 0.01167602207177138 -159.77529463479124 157.4508298858289 199.9994258495235 1.0 156.74293409445795 260.6234578904509 1.0 158.15872567719987 139.37539380859613 1.0
0.05911117837486609 0.998251405504212 -310.230599521898 201.18255729153032 298.86104827594727 1.0 189.16465067421774 299.57268526221293 1.0 213.20046390884292 298.14941128968167 1.0
0.10081845191643467 0.9949048395465637 -403.5883610168857 165.5118229697041 388.88313723305123 1.0 151.71351148735937 390.2813859372638 1.0 179.31013445204886 387.4848885288387 1.0
-0.9999680344346777 0.007995630609720871 301.9237074074921 304.53197189914476 324.9937474416806 1.0 304.49695217709296 320.61403002651633 1.0 304.5669916211966 329.373464856845 1.0
-0.17601185283020754 0.9843880472980547 -234.46144892455268 445.6710652421075 317.8673692041338 1.0 442.0372408883702 317.21762933872566 1.0 449.30488959584477 318.51710906954196 1.0
-0.06961161332173955 0.9975741693181238 -284.18196985816866 467.8618673553484 317.52084105486165 1.0 444.09674940094135 315.8624899743415 1.0 491.62698530975547 319.1791921353818 1.0
0.10760978462836006 0.9941932077077564 -389.9680578363575 151.14298344190672 375.8862875373178 1.0 140.37355722307566 377.05195194439153 1.0 161.91240966073778 374.720623130244 1.0
-0.9990102953538317 -0.04447954335477843 256.9770615758898 243.8200080354577 301.2252897550073 1.0 244.07243088248936 295.55587402032313 1.0 243.56758518842605 306.89470548969143 1.0
0.9999987591337767 0.001575351042425512 -63.24614649598731 62.789376541996006 289.99750208333296 1.0 62.76672779669775 304.3744355948107 1.0 62.812025287294254 275.6205685718552 1.0
0.08257626662600816 -0.9965847481223613 173.9106557092215 236.22266694601078 194.07987328972632 1.0 245.58517422771578 194.85564363844844 1.0 226.86015966430577 193.30410294100423 1.0
-0.9998045427219526 -0.019770593125834603 248.52963631169897 245.29084972332114 166.2433923593254 1.0 245.79786074476195 140.60370015483505 1.0 244.78383870188034 191.8830845638158 1.0
-0.9972884920788754 -0.07359119218386519 96.25512432120877 73.6744523831586 309.55390343936256 1.0 74.13653497965883 303.2918815559795 1.0 73.21236978665836 315.81592532274567 1.0
0.21453987255511808 0.9767152313156755 -77.27295845398744 56.56011512398435 66.69145363469015 1.0 0.017918983332227967 79.111200112547 1.0 113.10231126463648 54.2717071568333 1.0
0.5804496296591756 0.8142961546197586 -466.8604121178902 223.1996776299915 414.227968514749 1.0 215.15346633686138 419.96349893419176 1.0 231.2458889231216 408.49243809530634 1.0
0.06445042523076466 -0.997920910036248 292.75005069596597 368.14846159520636 317.1367313891971 1.0 393.245603996766 318.75762286826114 1.0 343.0513191936467 315.5158399101331 1.0
-0.9999732824669719 0.0073098804524755106 222.77850429131996 224.9089187789201 290.62109701327654 1.0 224.82668482097696 279.37169814973913 1.0 224.99115273686328 301.870495876814 1.0
-0.46983258020863405 -0.8827555417976697 376.06325599857246 102.0986717857563 371.6702507802513 1.0 108.26511555777275 368.3882592764449 1.0 95.93222801373985 374.95224228405766 1.0
0.9997871359260704 -0.020632082704990413 -208.02863329949403 214.05763758922868 290.0065492416047 1.0 214.27787101187604 300.6785955886538 1.0 213.8374041665813 279.3345028945556 1.0
-0.09248826490629129 -0.9957137745630638 324.77972733353727 232.51903645355986 304.57994339522526 1.0 238.21103455755792 304.051234199935 1.0 226.8270383495618 305.10865259051553 1.0
-0.9998185081288173 -0.01905126775481982 299.48598047103275 295.2048661996512 227.5277220768486 1.0 296.69320320832395 149.41917272702275 1.0 293.71652919097846 305.6362714266744 1.0
0.13361823743810228 -0.9910328786795799 315.14460820380464 33.04723358533708 322.4517855890457 1.0 43.034220334691895 323.7983035456895 1.0 23.060246835982262 321.1052676324019 1.0
-0.04230197529739315 0.9991048708148405 -302.9277089459327 240.01645420782773 313.36137797772983 1.0 231.87957847840153 313.0168636768202 1.0 248.15332993725394 313.7058922786394 1.0
0.9999447764527748 0.010509236166827075 -69.04030427295578 66.93564752369059 200.61906875900095 1.0 66.30505914759095 260.6190100261933 1.0 67.56623589979024 140.61912749180863 1.0
-0.08975514032081108 -0.9959638621887802 324.49464952781676 136.34216100218455 313.5226603997369 1.0 155.7286879315479 311.7755684509846 1.0 116.95563407282118 315.2697523484891 1.0
0.07258691505388282 -0.9973620905984749 289.9461738447747 489.4145118136339 326.3320979491276 1.0 535.6923099177267 329.7001451523724 1.0 443.1367137095411 322.9640507458829 1.0
0.9734579507389712 0.22886593923754314 -400.1641642611725 345.43709159086706 279.1838802434362 1.0 343.94643375557297 285.5242414454247 1.0 346.92774942616114 272.84351904144773 1.0
0.036439410365469396 0.9993358641478935 -381.24920735564496 132.46981711856344 376.67224687226417 1.0 125.53566743604205 376.92509112101175 1.0 139.40396680108483 376.4194026235166 1.0
-0.12734863471330501 -0.9918580166720725 330.1022042761795 175.57924412913715 310.26862925894505 1.0 181.88577336718205 309.4589086389119 1.0 169.27271489109225 311.0783498789782 1.0
0.10255183316852728 -0.9947276619828035 253.17254266231402 230.60808631097052 278.28905864063034 1.0 235.68301585008913 278.812260464937 1.0 225.5331567718519 277.76585681632366 1.0
0.01818218301149352 0.9998346904468441 -303.2452931037747 174.91115877175264 300.11463822097414 1.0 160.52954904274984 300.37617051485336 1.0 189.29276850075544 299.8531059270949 1.0
-0.08016450313093798 0.9967816473219047 -282.30974728807854 113.76043519954933 292.3702466180082 1.0 80.59860013289946 289.7032612875995 1.0 146.9222702661992 295.03723194841683 1.0
-0.0789724289055413 -0.9968768005489741 322.7645404459783 206.81691222849173 307.3917523005854 1.0 218.09515720538394 306.4982914445133 1.0 195.53866725159952 308.2852131566575 1.0
-0.9995781982675719 -0.029041789685808832 231.80789733283413 225.82288549299196 209.3625905960076 1.0 226.0411341825241 201.85077282523838 1.0 225.6046368034598 216.87440836677683 1.0
-0.08748949795083004 0.9961654419564613 -278.1885689496625 341.09921301181225 309.21687791389195 1.0 313.13502209739556 306.7608872514389 1.0 369.063403926229 311.67286857634497 1.0
0.212922538687802 0.9770690827770273 -75.31542036692342 259.3614979563615 20.563041179319285 1.0 218.4213080431266 29.484712455531405 1.0 300.3016878695965 11.641369903107162 1.0
0.03607949251480011 0.9993489231594109 -268.5456887314759 235.58764156640711 260.21522628840614 1.0 226.82649670073772 260.53152988695575 1.0 244.34878643207654 259.89892268985653 1.0
-0.4335594709016381 -0.9011249553705034 383.6289794497433 104.83532268606947 375.2827289919245 1.0 111.8830949300111 371.8918247816841 1.0 97.78755044212787 378.673633202165 1.0
0.0654323049364787 -0.9978570105334229 277.63383100255396 444.3835532605397 307.3695608996078 1.0 495.69978506927157 310.73451128073003 1.0 393.06732145180786 304.0046105184855 1.0
0.048965665540933116 -0.9988004623537844 269.87986209108504 95.00678305841726 274.86163933833046 1.0 109.4390175277312 275.56917201644654 1.0 80.5745485891033 274.1541066602144 1.0
-0.09023663185907298 0.9959203533770811 -292.60030231374947 523.7496464835558 341.25390167734236 1.0 513.1549943254989 340.2939597269447 1.0 534.3442986416127 342.21384362774 1.0
0.9998493575415025 0.01735690709328274 -230.7686853284419 227.83072463660517 171.24489152030378 1.0 227.4727923557288 191.86367798693698 1.0 228.18865691748152 150.62610505367056 1.0
-0.034033873610969774 0.9994206799176373 -273.4849374954137 326.8826621768102 284.77499658002995 1.0 311.87877789691436 284.26406028311675 1.0 341.886546456706 285.28593287694315 1.0
-0.03016871458648216 -0.9995448207360185 275.51286926789606 185.60723015982825 270.03625261873196 1.0 210.5844763763332 269.28237805840246 1.0 160.62998394332325 270.7901271790615 1.0
0.9999958052732805 0.0028964522857206094 -300.50148258828233 299.9053481194088 206.24972584419407 1.0 299.7478489436221 260.626079943705 1.0 300.06284729519547 151.87337174468317 1.0
-0.09191874551123544 -0.995766510896827 284.86611636401864 233.14170967879915 264.55601790296953 1.0 239.45331509082655 263.97339653010073 1.0 226.8301042667717 265.13863927583833 1.0
-0.023967420398602477 0.9997127401205991 -305.7881797398244 418.1184035956393 315.90014473267195 1.0 405.59563339174593 315.5999199921174 1.0 430.64117379953257 316.20036947322654 1.0
0.7770384555073185 -0.6294531266605963 115.94955865005782 217.77977155188444 453.04853355861866 1.0 229.5157259879776 467.5361697664268 1.0 206.04381711579128 438.56089735081054 1.0
0.09134758257698757 0.9958190694887001 -313.3253133000254 27.914493384575675 312.08017734592056 1.0 0.4165496960441706 314.6025940767783 1.0 55.41243707310718 309.5577606150628 1.0
0.2539989738935345 0.9672044878209735 -433.9598814855376 194.4067618163295 397.620946044877 1.0 189.26870993355232 398.9702573047713 1.0 199.54481369910667 396.27163478498267 1.0
0.9999401233331939 0.010943022818067761 -152.2725780965621 150.10670227020762 198.74432791649085 1.0 149.44317154810045 259.3757460474772 1.0 150.77023299231476 138.11290978550448 1.0
-0.020594679424963284 -0.999787907097992 311.92445106953164 188.73666883770488 308.1028263016311 1.0 194.39788987953824 307.98621053574453 1.0 183.07544779587155 308.2194420675178 1.0
-0.9987666505707318 -0.0496505559658885 22.465063754221447 7.390008048973582 303.8066719297293 1.0 7.85644865517552 294.42378964606354 1.0 6.923567442771645 313.18955421339507 1.0
0.13094295302573622 0.9913899046555293 -331.065997305885 56.121710268543005 326.5286980574477 1.0 44.206915591573264 328.10240623459504 1.0 68.03650494551275 324.95498988030033 1.0
0.047055264386599356 0.9988922875332991 -320.9804596846375 303.8159229078659 307.0244158804011 1.0 294.4029270873848 307.46783807169305 1.0 313.2289187283471 306.58099368910905 1.0
-0.15131028553469975 0.9884863162894101 -316.26342831506196 139.46373743307805 341.2952922951976 1.0 129.50572527470786 339.77099232441293 1.0 149.42174959144825 342.8195922659823 1.0
0.20642429425905967 0.9784625750327139 -74.34550422511631 168.22860781120588 40.49110675712802 1.0 118.21313628005434 51.042770843520756 1.0 218.2440793423574 29.939442670735286 1.0
0.999948419120774 0.01015672672984808 -224.96805835401418 222.8975145703384 204.99134109181563 1.0 222.3452065666429 259.3670794426423 1.0 223.4498225740339 150.61560274098895 1.0
0.9999940995610919 -0.0034352355088270426 -307.0390279015481 308.1573194506674 325.00633007900467 1.0 308.1766351608623 330.62911668973817 1.0 308.13800374047247 319.3835434682712 1.0
-0.9998824053572073 -0.015335431428081326 75.1901303794874 70.80849967178288 286.26240014946734 1.0 71.06769559933649 269.3626181826866 1.0 70.54930374422928 303.1621821162481 1.0
0.09769203023428966 -0.9952166936043138 282.52011358577556 113.80650048089657 295.0494134178591 1.0 146.97995710530208 298.3057719057683 1.0 80.63304385649107 291.79305492994996 1.0
-0.061631969946782474 0.998098943131631 -283.5067305544567 573.121197099906 319.4365860659311 1.0 540.5908613306229 317.4278586844547 1.0 605.651532869189 321.44531344740756 1.0
0.9535041356125181 0.30137993192949075 -450.8343338414215 335.05938297987313 435.8413171486984 1.0 331.8451008773824 446.01064480807037 1.0 338.27366508236383 425.67198948932645 1.0
-0.9994025314518885 -0.03456269849935302 245.71294727132482 236.4579882794833 271.8605783331407 1.0 236.63219174651306 266.8233736733109 1.0 236.28378481245355 276.8977829929705 1.0
0.03611771520378129 -0.9993475424738175 269.0101567513249 131.28864477452498 273.93073079974454 1.0 146.91582097211256 274.4955171982247 1.0 115.66146857693741 273.3659444012644 1.0
-0.02925747106389553 0.9995719085623331 -255.70316676936946 191.30013853782083 261.4120332903137 1.0 160.6647973432318 260.5153368136966 1.0 221.93547973240982 262.30872976693075 1.0
-0.9999998264437717 -0.000589162478982608 211.54122376473583 211.34720502010364 329.37505726956056 1.0 211.3530968608162 319.37469251419935 1.0 211.34131317939108 339.3754220249217 1.0
-0.8789462632619996 0.47692081763933053 229.17188996367344 454.0922638544531 356.3501575976593 1.0 450.6193897899868 349.94978762251054 1.0 457.56513791891945 362.7505275728081 1.0
0.08241403067158187 0.9965981775763306 -30.485333918892813 333.1181423817882 3.042073709940685 1.0 321.73921901493287 3.9830577097772335 1.0 344.4970657486434 2.101089710104137 1.0
-0.9999849891906101 -0.0054791781733504715 221.4256471733611 219.88791360905256 281.2528103872377 1.0 219.93928013336304 271.8780918378013 1.0 219.83654708474208 290.6275289366741 1.0
0.19924285422242588 -0.9799501441610695 343.05538300272747 18.123147790901637 353.75910985028816 1.0 35.78264805789209 357.34962846830325 1.0 0.46364752391118147 350.1685912322731 1.0
-0.1378532233831625 0.9904526686333234 -246.0534915075764 517.4382857799441 320.4434064902284 1.0 499.2310460048309 317.9092857074829 1.0 535.6455255550572 322.977527272974 1.0
0.9999245883883909 -0.012280779140884565 -534.6385596820596 538.785382008494 334.35921331694277 1.0 539.0310733300049 354.36387187435884 1.0 538.539690686983 314.3545547595267 1.0
0.9998586791925173 0.0168113545972608 -303.635416706253 298.9706024936197 279.9932005692209 1.0 298.6445752522563 299.383735998384 1.0 299.2966297349831 260.60266514005787 1.0
0.011199538303215475 -0.9999372832041993 321.50256622616735 14.384141222690186 321.6838369462639 1.0 24.389886198548172 321.79590369884085 1.0 4.378396246832199 321.5717701936869 1.0
-0.9846700050474976 -0.17442758141922757 426.8856336586778 371.64935230608063 349.3350280486849 1.0 373.22825882439935 340.4218626151416 1.0 370.0704457877619 358.2481934822282 1.0
-0.04702798132839177 0.9988935723950657 -274.5090057110162 566.8631816828827 301.50102589291544 1.0 513.0852570122793 298.96915732635256 1.0 620.6411063534861 304.03289445947837 1.0
-0.9999656495836841 -0.00828852536224203 344.5302570043661 341.85332500562146 324.3851813526959 1.0 341.925847111291 315.6357824746568 1.0 341.78080289995194 333.1345802307349 1.0
-0.17078708724442906 -0.9853079573567666 448.60115352684664 155.94826182505682 428.2592066554522 1.0 160.30082449498786 427.50476080439006 1.0 151.5956991551258 429.0136525065144 1.0
0.034751168912157064 -0.9993959957190337 259.01948442350675 328.1263667502211 270.5856941366026 1.0 345.64864570857947 271.1949818247825 1.0 310.60408779186275 269.9764064484228 1.0
0.9999988717104669 0.0015021909976864456 -149.67514410366752 149.24249259985226 288.1257398187846 1.0 149.21244740343553 308.12663355554304 1.0 149.27253779626898 268.12484608202624 1.0
-0.11418977137441495 0.9934589554246611 -292.7897235227096 357.62091769791647 335.8230076155809 1.0 340.8241523872646 333.8923603752697 1.0 374.41768300856836 337.753654855892 1.0
-0.044217801332610183 0.9990219146972251 -275.7073810750814 349.3941704480927 291.44187810831806 1.0 311.8570545900161 289.7804443527686 1.0 386.9312863061693 293.1033118638675 1.0
0.03937548382638607 0.9992244849249032 -219.47136462127594 7.498865084846712 219.3461994647614 1.0 0.5853430979104635 219.6186340150421 1.0 14.41238707178296 219.0737649144807 1.0
-0.9992431858566622 0.038898014332714156 -0.2281242791790164 10.987132975774234 288.1109030775677 1.0 10.79089877754885 283.06988263545617 1.0 11.183367173999615 293.1519235196792 1.0
-0.34150300457550853 0.9398806827815434 -143.59834640294392 507.45108122891594 337.1645157977622 1.0 500.9269453762779 334.7939893716408 1.0 513.975217081554 339.53504222388364 1.0
0.9998337072587477 0.018236168161893523 -51.313299324496754 47.03536022430872 235.01432434315245 1.0 46.75025963161076 250.64552383683292 1.0 47.32046081700667 219.38312484947195 1.0
0.9999643665773026 0.008441894079773079 -217.67813304194664 215.96053698197696 204.3725562967843 1.0 215.49620481135156 259.3739126859147 1.0 216.42486915260235 149.3711999076539 1.0
-0.020902069354064755 0.9997815278833261 -253.97334568798482 94.97878956939024 256.01453097120987 1.0 80.59700901735322 255.7138563076461 1.0 109.36057012142727 256.3152056347737 1.0
0.9999989240172118 0.0014669575381399795 -74.15306264131515 73.728642525406 289.3740518200101 1.0 73.70113710116128 308.1240114706772 1.0 73.75614794965074 270.62409216934293 1.0
-0.28937586783728797 -0.9572155489300289 99.61830633694149 97.04176567864465 74.73422392394734 1.0 111.42487975668303 70.3860641774958 1.0 82.65865160060628 79.08238367039888 1.0
0.06513403707344871 -0.9978765240321643 279.3556992698116 342.55322847170964 302.30952095531393 1.0 385.739007101002 305.1283708215479 1.0 299.36744984241733 299.49067108907997 1.0
-0.9998181709543069 -0.019068954601248463 115.18628980527609 110.72540935847881 234.989994785634 1.0 111.0473667225027 218.1092150284386 1.0 110.40345199445493 251.87077454282942 1.0
-0.016458925675854264 0.9998645427084595 -254.06165362583832 31.23583927788158 254.61025079790747 1.0 19.353770735543645 254.41465822045294 1.0 43.117907820219514 254.805843375362 1.0
0.1433984233289628 0.9896650403984004 -403.88007115304816 117.56350399267029 391.0632731693453 1.0 110.6524798508651 392.0646523482282 1.0 124.47452813447548 390.0618939904624 1.0
0.04455044032736367 -0.9990071362441001 267.85484500105866 204.3867897868635 277.2356236857614 1.0 210.65220153091113 277.51502794815633 1.0 198.12137804281585 276.95621942336646 1.0
-1.0 0.0 225.625 225.62500000000006 170.625 1.0 225.62500000000006 150.625 1.0 225.62500000000006 190.625 1.0
-0.8458177780244299 -0.5334719171407397 511.34270967635297 338.26792816928946 422.19594894974966 1.0 343.53492253686926 413.84514859885087 1.0 333.0009338017096 430.5467493006485 1.0
-0.9999669967713285 -0.008124368783480803 390.3203930190153 388.43923980794045 233.12247518626947 1.0 388.6322284518062 209.36896525085436 1.0 388.24625116407475 256.87598512168455 1.0
0.273537651278932 -0.9618612963067001 28.385449338964072 204.91853927723406 87.78644654961158 1.0 279.15513645322324 108.89812295080584 1.0 130.68194210124489 66.67477014841734 1.0
0.04496854818283918 -0.9989884031730937 266.9520372338432 326.24850839622115 281.9081363794786 1.0 340.65059352046734 282.5564330531796 1.0 311.84642327197497 281.25983970577755 1.0
0.9766843792745163 0.21468028153780894 -326.6153725019822 247.90494562278323 393.5642526741849 1.0 245.79521982331494 403.1624151981623 1.0 250.01467142225152 383.96609015020744 1.0
-0.1267341639297066 0.991936717584866 -300.8926075746306 464.8901348977357 362.73490411375997 1.0 457.9684177041282 361.85055531817795 1.0 471.81185209134327 363.6192529093419 1.0
0.5156039903615705 -0.8568270100336621 58.524858443301206 469.77634979811796 350.996660300064 1.0 477.95025619185884 355.91538800600915 1.0 461.60244340437714 346.0779325941188 1.0
0.9997035477404278 0.024347826087809152 -66.90916624046669 63.655983200954395 134.38793212038868 1.0 63.502372358617954 140.69507853671803 1.0 63.809594043290836 128.08078570405934 1.0
-0.08511353922223557 -0.9963712588393269 318.22315971513854 115.6360263346682 309.5040784410345 1.0 129.28641700948285 308.33801403302147 1.0 101.98563565985354 310.6701428490475 1.0
0.2161664533240321 -0.9763565252802426 326.7442245853251 212.86797862412453 381.7858854825238 1.0 217.89815835547307 382.8995730382002 1.0 207.83779889277596 380.6721979268474 1.0
-0.9998236927129417 -0.018777206657459845 612.9577001548929 606.5044754014832 349.3680413561823 1.0 606.7395898320842 336.84898127968165 1.0 606.2693609708822 361.887101432683 1.0
0.028057339829886906 0.999606315347032 -219.10533234765032 131.26423766049209 215.50724892060214 1.0 114.38499296831029 215.98102214224886 1.0 148.1434823526739 215.03347569895544 1.0
0.01758563569536168 -0.9998453607519464 250.94134434606775 31.256069766181756 251.52989859662662 1.0 43.149376013343236 251.73908229551247 1.0 19.362763519020277 251.32071489774077 1.0
-0.9683650996309962 -0.2495376400799103 401.20665320981624 342.93660918280466 276.9875096569009 1.0 343.9595269025771 273.0179368930302 1.0 341.9136914630322 280.95708242077154 1.0
0.18205401333914642 -0.9832885315242468 375.4233078307949 70.64650011095185 394.88387615226 1.0 91.9753731083032 398.83287667924617 1.0 49.31762711360051 390.9348756252737 1.0
-0.06025394369878609 -0.9981830805362027 315.21277443034626 138.12192109530383 307.44899403448767 1.0 146.87774418211518 306.9204608609682 1.0 129.36609800849251 307.9775272080072 1.0
-0.18437792959794533 0.9828554212483008 -103.2591915044591 122.51527810233841 128.04355768343618 1.0 83.11971356869556 120.65318014974977 1.0 161.91084263598128 135.43393521712255 1.0
-0.99948878400296 -0.0319714036645952 394.6226148696157 388.66689738814426 192.4973417339026 1.0 389.0869463990541 179.3657858116066 1.0 388.2468483772344 205.62889765619863 1.0
0.03916782946911363 0.9992326461513747 -220.38206803194046 95.62218243104388 216.80311940508622 1.0 81.84435434808653 217.34318144457876 1.0 109.40001051400125 216.26305736559368 1.0
0.020924933556058067 -0.9997810496082004 250.91300740422108 56.257421657721196 252.14539754802766 1.0 64.39193932338209 252.31564906632883 1.0 48.12290399206031 251.9751460297265 1.0
-0.10434308515368028 -0.9945413619254917 319.359301039565 91.27994600841456 311.53542901476396 1.0 103.22023252908978 310.2827045119096 1.0 79.33965948773933 312.78815351761824 1.0
0.2565853546439213 -0.966521575435465 382.49749652874004 16.317746555326757 400.0783853597971 1.0 33.941727918183105 404.75707606174956 1.0 -1.3062348075295938 395.39969465784463 1.0
0.021466854623166495 0.9997695605251181 -219.35742619567495 31.24972083694732 218.73699862055304 1.0 19.366779451502556 218.99214679198062 1.0 43.132662222392085 218.48185044912543 1.0
-0.9998436725469744 -0.017681359330622617 72.92942003269337 69.5476274375568 191.87805276498474 1.0 70.76342164899324 123.12744786558358 1.0 68.33183322612034 260.6286576643859 1.0
0.04822572220278108 0.9988364629497763 -142.16598123369408 269.99616937517584 129.29566126590794 1.0 248.05162048187358 130.3551857807303 1.0 291.94071826847807 128.23613675108558 1.0
0.9989787105622591 0.045183358035522314 -252.15481629876152 241.7581858960886 235.56317961246612 1.0 241.0760238652422 250.6453996066886 1.0 242.440347926935 220.48095961824365 1.0
0.9999371863772283 0.011208180048180649 -275.0325276264194 272.60501050809967 218.112165945468 1.0 271.6239637833808 305.63619726928675 1.0 273.5860572328185 130.5881346216493 1.0
0.025646332651810735 0.999671078716151 -217.5528933726639 539.375946873121 203.78690826626888 1.0 506.84925218349593 204.62137317161088 1.0 571.9026415627461 202.95244336092688 1.0
0.9999696438864251 -0.007791745995359802 -169.00872389042138 172.22319410485744 411.87715686669907 1.0 172.28166837043523 419.3815712253243 1.0 172.16471983927966 404.3727425080738 1.0
0.9998882442353392 0.014949884279510044 -248.32816211283446 245.2536923374533 207.48510365098525 1.0 245.07604261472116 219.36679223335048 1.0 245.43134206018544 195.60341506862005 1.0
-0.9999853787201791 -0.005407619241396727 498.7162769329545 497.71637877217415 186.25117011112036 1.0 497.78737101343825 173.12317420430034 1.0 497.64538653091 199.37916601794035 1.0
0.9998756015414457 0.015772807046677804 -615.35629436343 610.0398440569093 341.8756285308098 1.0 609.7045581136648 363.13019870324814 1.0 610.3751300001537 320.6210583583715 1.0
-0.050701236930041804 0.9987138652155401 -290.0327745090353 628.8221192968355 322.32939281050346 1.0 619.4395712987654 321.85307341049696 1.0 638.2046672949056 322.80571221050997 1.0
-0.18415195782145227 0.9828977853421615 -102.86688247405775 40.5538499399869 112.25475831069704 1.0 0.5528085464473964 104.76031667356085 1.0 80.5548913335264 119.74919994783325 1.0
0.9999721162994886 0.007467705371942989 -502.3812602713526 500.7336869280971 222.49614421858587 1.0 500.08491325951303 309.37096667888284 1.0 501.3824605966811 135.62132175828893 1.0
0.9999926518965904 0.0038335561590285843 -392.524029237174 391.66915209721776 223.7492108647058 1.0 391.36484744284735 303.12783626756243 1.0 391.9734567515882 144.37058546184917 1.0
-0.9999356033836231 -0.011348527914647003 610.3604851596069 606.6830158264133 327.49072783520415 1.0 606.7469276783236 321.85935990061955 1.0 606.619103974503 333.12209576978876 1.0
0.0436675848024799 -0.9990461160714845 270.7667671011265 176.27817999179797 278.73028581477433 1.0 190.68030132233122 279.3597921452826 1.0 161.87605866126475 278.1007794842661 1.0
0.06224541077456312 0.9980608743145409 -334.9345048408799 334.3583194875222 314.73253985056124 1.0 329.3388640001473 315.04558495303644 1.0 339.377774974897 314.41949474808604 1.0
-0.021259552905607215 0.999773990164904 -255.6638470985964 7.521124554281647 255.8815745964465 1.0 1.8986668775989701 255.76201663873522 1.0 13.143582230964324 256.0011325541578 1.0
0.9997780252247733 0.021068941066228572 -118.8983004510073 113.98518730278099 234.3931272593825 1.0 113.6165626776575 251.8853590045236 1.0 114.35381192790449 216.90089551424143 1.0
-0.9999883492621691 -0.00482714614676761 498.5978148076759 497.48129978849715 232.49990973029438 1.0 497.61104239308395 205.62251902261295 1.0 497.3515571839103 259.3773004379758 1.0
0.12284139372861984 -0.9924263156460584 319.00692485863726 144.92205559719082 339.37970692660826 1.0 155.4629186569175 340.6844428943525 1.0 134.38119253746416 338.07497095886396 1.0
0.02706311570066526 0.99963372680626 -219.3828955042495 56.26191479827186 217.9400984104117 1.0 48.12595739564793 218.16036344411197 1.0 64.39787220089579 217.71983337671145 1.0
0.04963383650471609 -0.9987674815860913 268.13407632456244 566.23241126602 296.60393305814296 1.0 619.3814514552146 299.24517921379856 1.0 513.0833710768254 293.9626869024874 1.0
-0.9990497516370712 -0.04358432922400342 550.1989805258685 535.5092209872014 348.71768293438527 1.0 535.7553371205341 343.0761538284469 1.0 535.2631048538685 354.3592120403236 1.0
0.019198566992405745 -0.9998156905277282 250.8476809651308 95.00781001228998 252.71827314200976 1.0 109.40150538892397 252.99466240812612 1.0 80.61411463565598 252.44188387589338 1.0
-0.9999980020217212 -0.0019989878853696325 389.3169679468943 388.99165927931836 163.1254830749369 1.0 389.00665415597445 155.624263679649 1.0 388.9766644026622 170.6267024702248 1.0
-0.04415049064096647 0.9990248916699532 -275.83479962322286 461.8632699505903 296.5154242607665 1.0 426.8487928060563 294.968009017805 1.0 496.8777470951242 298.06283950372807 1.0
0.09661325918822081 0.9953219972195078 -345.94561751240263 316.86907114747567 316.8139202125534 1.0 305.60387839068267 317.9074025134146 1.0 328.1342639042686 315.7204379116923 1.0
0.9993145241652883 0.03702001880474156 -623.178032704528 609.1812076503033 389.36782088245843 1.0 608.7633048202028 400.64864626539054 1.0 609.5991104804037 378.08699549952627 1.0
-0.9999914580408426 -0.004133260861591803 152.36919291122382 151.17957902084402 288.1272922393417 1.0 151.25707700000865 269.377612561442 1.0 151.1020810416794 306.8769719172414 1.0
0.05443325904668848 0.9985174111198843 -198.30844010753142 567.4750600880225 167.6675051378991 1.0 508.07216491875965 170.9057993778015 1.0 626.8779552572854 164.4292108979967 1.0
-0.9999835249698751 -0.005740190660885891 16.60272465661829 15.25402279165989 235.0014581632796 1.0 15.336557266587063 220.62334425643704 1.0 15.171488316732718 249.3795720701222 1.0
0.999750344079948 0.022343892051872642 -23.18883393443253 17.94227783599011 235.00988467599217 1.0 17.620852544645263 249.39166941036112 1.0 18.26370312733496 220.62809994162322 1.0
0.041591259595277784 -0.9991347091985535 290.9374471897898 521.1819478397075 312.8847972157073 1.0 540.5494043721728 313.6910117380595 1.0 501.81449130724224 312.0785826933551 1.0
-0.02793853563228934 -0.9996096429240382 216.27316600802155 95.62318350243672 213.68500774326532 1.0 109.37990554657117 213.30051498478284 1.0 81.86646145830227 214.0695005017478 1.0
-0.10934742827287496 -0.9940035915076507 335.71085049716703 167.56085309787355 319.3031743983016 1.0 205.7055241545699 315.10699068427886 1.0 129.4161820411772 323.49935811232433 1.0
-0.9999851012042448 -0.005458696688407216 498.8119487208639 497.9596279189569 157.49909727051926 1.0 498.01080243796065 148.12437662085867 1.0 497.90845339995315 166.87381792017987 1.0
-0.15899457753729299 -0.9872794560375181 428.6123043154493 485.57448048825285 355.93629825715107 1.0 493.17920857065076 354.7116090150598 1.0 477.96975240585493 357.1609874992423 1.0
-0.11230572550600582 -0.9936737009796373 394.43790881209736 43.83419535679097 391.994955000387 1.0 48.223762365562685 391.4988429395653 1.0 39.44462834801926 392.4910670612087 1.0
-0.9999980155443072 0.0019922116974118304 415.1717748758309 415.5498749045081 189.375149665391 1.0 415.52497230770865 176.8751992767341 1.0 415.57477750130755 201.87510005404792 1.0
0.02640481743322512 0.99965133202348 -217.89772631637786 454.36765814487774 205.97204711238652 1.0 420.591697359854 206.86420625787085 1.0 488.14361892990155 205.07988796690222 1.0
-0.051016099508147 0.9986978309734004 12.895006790888232 313.0315876301805 3.0786527591128694 1.0 303.089457596723 2.570782731383415 1.0 322.97371766363807 3.586522786842324 1.0
0.1369720439288562 0.9905749134628594 -377.7328902720378 433.3198977181677 321.4094904680574 1.0 425.7062057669999 322.4622760113037 1.0 440.9335896693354 320.35670492481114 1.0
0.19298872517562188 -0.9812009742937927 94.75766709031717 174.0918469436658 130.81461806316176 1.0 229.17369945935855 141.64846023801906 1.0 119.00999442797301 119.98077588830445 1.0
0.011857363429818258 -0.999929698995131 283.61326439232886 349.3643153494801 287.7760349932745 1.0 386.8590429594486 288.2206548624715 1.0 311.8695877395116 287.33141512407747 1.0
0.9999947197153221 0.0032496986744254643 -425.5219259437663 424.4213066328032 339.37311941100165 1.0 424.3684927078445 355.62497885314957 1.0 424.4741205577618 323.1212599688537 1.0
-0.025404593264272 -0.9996772512371565 213.60404661322087 539.9828599711209 199.95053547393036 1.0 571.8690335502592 199.14021867465388 1.0 508.09668639198253 200.7608522732068 1.0
0.9999124705603277 0.013230692269932218 -495.53395422612 493.1046333459524 186.87473051147953 1.0 492.9225084367508 200.63886047497638 1.0 493.28675825515404 173.11060054798267 1.0
-0.044668531578384296 -0.9990018630045846 215.6988553496675 131.2241522497711 210.0469207634389 1.0 146.8737559683303 209.3471775059146 1.0 115.57454853121189 210.74666402096318 1.0
-0.052691955311357286 -0.998610814003867 193.61587063935315 568.1004245234808 163.9092488911951 1.0 628.1311583306522 160.74171185001978 1.0 508.06969071630937 167.07678593237037 1.0
-0.8768650927684989 -0.48073652771980185 225.94924707666664 35.37261550711622 405.4866315716524 1.0 38.34697444106272 400.061390567162 1.0 32.39825657316973 410.9118725761428 1.0
-0.02194359426812724 0.999759210345469 -253.82981499820235 346.272141266601 261.4912347565921 1.0 305.6255687384625 260.5990880409452 1.0 386.9187137947396 262.3833814722391 1.0
-0.9999604826103772 -0.008890062858131655 491.3189309467075 489.27138364726136 232.49352229884283 1.0 489.49923190139003 206.86499145532812 1.0 489.04353539313274 258.1220531423576 1.0
0.9998766980578352 0.015703142391271734 -268.958981404124 265.1150830861657 246.86699171465716 1.0 264.95807102453256 256.86452582784756 1.0 265.2720951477989 236.8694576014668 1.0
0.04894281921210611 0.9988015821210794 -200.2355859250262 605.6335195299018 170.79886248037835 1.0 583.1263108132533 171.90175044822553 1.0 628.1407282465503 169.69597451253117 1.0
0.07847306431237104 0.9969162342832152 -311.577350791224 113.78616087524239 303.58438519020405 1.0 79.42726519597596 306.2889733367495 1.0 148.1450565545088 300.8797970436586 1.0
0.9996823121271597 0.025204658698263292 -245.2177713699445 235.33648090437447 395.0084835814842 1.0 235.13136106430557 403.14406988074836 1.0 235.54160074444334 386.87289728222004 1.0
-0.9999914477607974 -0.004135747243762548 416.15736764834173 415.2510502869226 220.0010382894119 1.0 415.300172555678 208.12365658430323 1.0 415.20192801816717 231.87841999452053 1.0
0.9999838104558917 0.0056902395481620745 -417.26506304284624 415.3548967472484 336.8734630229061 1.0 415.28376990442615 349.3730582875797 1.0 415.4260235900706 324.37386775823256 1.0
-0.37044724671137513 -0.9288535069664977 491.643350345423 455.331103105133 347.70520263505955 1.0 459.96594482941026 345.85672562245844 1.0 450.69626138085584 349.55367964766066 1.0
-0.04645578641400102 0.9989203471291677 -315.5478548889063 488.1034378598855 338.58864214558923 1.0 481.8089191975928 338.2959092811573 1.0 494.39795652217816 338.8813750100211 1.0
-0.9998761540143805 -0.01573774549963397 229.29844834234478 225.61803085563702 235.63472761704324 1.0 225.89356209128596 218.12922708535103 1.0 225.3424996199881 253.14022814873545 1.0
0.050554129214164294 0.9987213225016264 -200.82954607604475 453.7812209765148 178.11678552156604 1.0 423.13982211319575 179.667818029372 1.0 484.4226198398339 176.5657530137601 1.0
0.058875723897543676 0.998265320010437 -199.9238955909454 448.0936602544963 173.84362001852116 1.0 399.2922438840484 176.72183151043748 1.0 496.89507662494424 170.96540852660485 1.0
0.014630858490642704 -0.9998929632614817 251.69242425471873 130.62674486568656 253.63075348258263 1.0 146.88240966564078 253.86861327367833 1.0 114.37108006573234 253.3928936914869 1.0
-0.009148722354715935 0.9999581495639087 -256.97044059449155 56.874985813389955 257.50155060081363 1.0 49.36989584462245 257.43288574278796 1.0 64.38007578215746 257.5702154588393 1.0
-0.17276780600819067 -0.9849625806126425 376.62130795951714 201.88967005503773 346.9586351146752 1.0 213.2292965737493 344.9696028071011 1.0 190.55004353632614 348.9476674222493 1.0
-0.13549658002047274 0.9907778140444787 -300.24599335386836 496.8257023848016 370.98547392057066 1.0 476.6894625786345 368.23168635131725 1.0 516.9619421909687 373.73926148982406 1.0
-0.27707674834475904 0.9608477899889738 -23.963296791251086 208.7137013225307 85.12587669024637 1.0 136.86569015464642 64.40728471673123 1.0 280.561712490415 105.8444686637615 1.0
-0.9999874569055541 0.0050085957675262225 571.9961392637343 572.9236600224798 183.75100844320824 1.0 572.8516310038669 169.37010838873167 1.0 572.9956890410926 198.1319084976848 1.0
-0.9996638493335704 -0.025926595140675083 615.8229753006933 605.8993083402665 390.6159047019284 1.0 606.1913046068338 379.35726814576725 1.0 605.6073120736994 401.87454125808955 1.0
-0.9999471148151802 -0.010284336283719277 391.9242127294529 389.02657679695756 283.7528445592232 1.0 389.2130366388444 265.62333422623345 1.0 388.84011695507076 301.88235489221296 1.0
-0.9999998247091533 -0.0005920993691545646 44.265408663912744 44.12590307225143 235.62485250984034 1.0 44.1347845612319 220.62485776856528 1.0 44.117021583270954 250.6248472511154 1.0
0.26697729851952556 -0.9637028183393551 30.36456448112241 112.03547755915112 62.54572724200987 1.0 124.60934199140092 66.02910022192648 1.0 99.46161312690131 59.06235426209325 1.0
-0.23647670466019227 -0.9716371586930258 435.25486794541536 216.18209090307207 395.3459746216513 1.0 225.3200412962734 393.1219835185946 1.0 207.04414050987074 397.56996572470797 1.0
0.030404528630909346 -0.99953767544737 248.33251944877094 232.50319995291557 255.51980272700132 1.0 238.16098809384698 255.69190467547622 1.0 226.84541181198418 255.34770077852642 1.0
0.7196407654204804 0.6943465768224288 -539.0597488508623 344.38317380928373 419.426821956225 1.0 338.8495873279862 425.1619901616265 1.0 349.91676029058124 413.6916537508235 1.0
-0.056839836028064784 -0.99838330967635 195.71290019163314 448.1188838323184 170.51757041963438 1.0 496.85325380207104 167.74303125099607 1.0 399.38451386256565 173.2921095882727 1.0
0.07046532944686587 -0.9975142291445995 344.76895410646546 139.96360121280557 355.51526486053575 1.0 155.64281148780708 356.62285880277165 1.0 124.28439093780405 354.40767091829986 1.0
-0.32414270961998265 -0.9460081943620867 434.98065509939306 193.2653315574068 393.58549859480286 1.0 197.75560999798878 392.0469379043641 1.0 188.77505311682478 395.1240592852416 1.0
-0.05796284044747965 -0.9983187412481347 196.14528710079617 347.5390362987032 176.29733883438945 1.0 386.9264119453758 174.0104898793165 1.0 308.15166065203056 178.5841877894624 1.0
0.999980922952071 0.006176870722647996 -494.29850364623525 492.8717457108413 232.50615688685446 1.0 492.70574547702495 259.38013150530895 1.0 493.0377459446576 205.63218226839993 1.0
0.038714492664529684 -0.9992503130135753 274.4412296235295 462.4732677446328 292.5649797131447 1.0 498.0932294053308 293.945023058105 1.0 426.85330608393474 291.1849363681843 1.0
0.09867270789226733 -0.9951199408700478 297.93426375029077 264.99540179300993 325.6713731822688 1.0 301.8795925316191 329.3286840541738 1.0 228.11121105440074 322.01406231036384 1.0
-0.032641345872164315 -0.9994671292942323 213.5573593976925 453.75333779830254 198.85220227133703 1.0 484.40687807405783 197.85109600078485 1.0 423.09979752254725 199.85330854188922 1.0
0.020644482551429925 -0.9997868799600161 250.02506260470986 456.24743211995224 259.4993592700684 1.0 488.13464726866874 260.1577946525948 1.0 424.3602169712358 258.840923887542 1.0
0.13012314415940926 -0.9914978403174005 368.9849521971634 107.57970521153095 386.2676711070079 1.0 115.72840346679446 387.3370977811414 1.0 99.43100695626742 385.1982444328744 1.0
-0.1437465294455964 -0.9896145387333122 356.88491777869433 325.0422964485887 313.41618741594397 1.0 335.6255684551471 311.87891349607133 1.0 314.4590244420303 314.9534613358166 1.0
-0.2549688699276489 -0.9669492620441972 58.623840020689286 18.302170418345984 55.80164175091339 1.0 36.327501112103604 51.0486537943959 1.0 0.2768397245883625 60.55462970743088 1.0
-0.03967987354205516 -0.9992124436953768 217.14072386169545 31.242898765409947 216.07117780792674 1.0 43.1239820582134 215.59936634723522 1.0 19.361815472606494 216.54298926861827 1.0
0.9999878662125034 0.004926198104458231 -419.69467403228685 418.5944260765108 224.37731251390784 1.0 418.5143763286318 240.62691816820666 1.0 418.67447582438984 208.12770685960902 1.0
0.24241394754396975 0.9701729114112337 -432.60780661201966 214.92629165417634 392.20500938090595 1.0 208.0143287828239 393.9320790457192 1.0 221.8382545255288 390.4779397160927 1.0
0.024445295285231292 -0.9997011691192613 248.92565524640457 370.0171670265903 258.0479468502042 1.0 386.8973567352237 258.46071141890206 1.0 353.13697731795696 257.63518228150633 1.0
-0.0864473245034872 -0.996256422858186 307.9817483880546 43.72569176487306 305.34486136629846 1.0 55.61960285624093 304.31280097688455 1.0 31.831780673505186 306.3769217557123 1.0
0.999962459446056 0.008664854216590969 -578.565310221553 576.5777206644409 231.88325549558238 1.0 576.3286154576124 260.63109695424777 1.0 576.8268258712693 203.13541403691696 1.0
0.169061681702623 -0.9856054726815802 325.43136065344 93.14032800340713 346.16063992803566 1.0 104.38120988850615 348.0887972364005 1.0 81.89944611830812 344.2324826196708 1.0
0.05660534731482289 0.9983966319331051 -202.54311733990298 131.89712951726688 195.39031710878257 1.0 116.90987037986852 196.2400385337508 1.0 146.88438865466523 194.54059568381433 1.0
0.039198422096871535 0.9992314465153284 -223.184510124986 406.89536932819726 207.39424726022963 1.0 399.3579328303927 207.68993012569555 1.0 414.43280582600187 207.0985643947637 1.0
0.9988507223447822 0.04792947393104633 -125.22867844053759 115.62445248360734 203.15496411612332 1.0 115.32380177670258 209.4205278942137 1.0 115.9251031905121 196.88940033803297 1.0
-0.18304911112963185 0.9831037701660246 -103.6409662545863 196.23416498491804 141.96004528064435 1.0 166.94365108041472 136.50629492645336 1.0 225.52467888942132 147.41379563483534 1.0
0.048272508909064156 0.9988342029003734 -195.99070297724006 348.1259630687996 179.39492740958661 1.0 309.3457190971637 181.2691320245073 1.0 386.9062070404355 177.52072279466597 1.0
-0.032934599850344845 0.999457508918062 -297.0957959527591 419.3601380952565 311.0760102554806 1.0 405.5839066370274 310.6220493151964 1.0 433.1363695534857 311.52997119576474 1.0
0.12121010194285643 0.992626874100738 -376.3131207813176 146.86577940082873 361.1744896721807 1.0 114.3168815171219 365.14904983526907 1.0 179.41467728453554 357.1999295090923 1.0
0.03489241921065254 -0.999391074145466 274.653076902046 406.8653781603782 289.0255893931221 1.0 414.37804153618697 289.2878841110546 1.0 399.3527147845695 288.7632946751896 1.0
0.12663446533062725 0.9919494504209507 -360.26391583663576 96.12756165400367 350.91591947082173 1.0 86.7458831168571 352.1136053457937 1.0 105.50924019115025 349.71823359584977 1.0
-0.9998207437307923 -0.018933578784934218 156.45757944033298 152.7099961012742 199.3789766905747 1.0 153.84647934136905 139.36499141836933 1.0 151.5735128611794 259.3929619627801 1.0
-0.9999799878453083 -0.006326445202235983 487.1192582778605 485.94676582484624 186.86912745983386 1.0 486.01002901081057 176.8695276989228 1.0 485.88350263888185 196.8687272207449 1.0
0.9999998235921664 -0.0005939828583625512 -195.56657670546386 195.70545425317624 233.74920973284037 1.0 195.71696266902683 253.1242028970374 1.0 195.69394583732563 214.3742165686433 1.0
0.11783498406875816 -0.9930331900442783 328.3848157572395 579.3675965012275 399.43739165780573 1.0 604.4592721024477 402.41481197403544 1.0 554.2759209000072 396.459971341576 1.0
-0.09200154047354464 -0.9957588646607646 166.18387565616607 468.17218246660116 123.635669268502 1.0 638.2219387093811 107.92419524932124 1.0 298.12242622382115 139.34714328768274 1.0
-0.03342588070596894 -0.9994411991203036 214.28741552476131 604.9723809926213 194.17418559301967 1.0 628.0924231743454 193.40094573402297 1.0 581.8523388108972 194.94742545201638 1.0
-0.9999335507070237 -0.011527973388416865 113.62892583930243 111.29469575842495 203.12551528575403 1.0 111.39564188170542 194.36947360514372 1.0 111.19374963514448 211.88155696636437 1.0
0.03860852336745053 -0.9992544130117139 250.5271806039927 7.485382532439087 251.00332498353492 1.0 14.398359204855845 251.27042395044487 1.0 0.5724058600223281 250.73622601662495 1.0
0.15596242957884016 -0.9877629880491906 344.8578519602312 229.32150740608085 385.33878674851854 1.0 233.26914244967574 385.9620969554596 1.0 225.37387236248597 384.7154765415775 1.0
0.9984801022552381 0.05511338676192368 -256.9985044850878 242.31451827123453 273.1147619128998 1.0 241.89230397898578 280.76394833505225 1.0 242.73673256348326 265.4655754907473 1.0
0.25629026875427724 -0.9665998645467835 31.191750604832976 304.2577173710358 112.94233194581079 1.0 317.87870940505684 116.55388605122745 1.0 290.6367253370148 109.33077784039415 1.0
0.025017110334189494 0.9996870231179992 -217.5148481567234 370.0206005905786 208.32320231213401 1.0 353.14053110701536 208.74562508141432 1.0 386.9006700741419 207.9007795428537 1.0
0.02676333984843106 0.9996417976656224 -218.2081246696435 603.1320600999975 202.1387029269594 1.0 578.1165248175465 202.80844210134975 1.0 628.1475953824485 201.46896375256907 1.0
0.09467091346837804 -0.9955086228371218 337.04362819407646 304.3740846659068 367.50962516309505 1.0 309.38817532580316 367.9864553302038 1.0 299.3599940060105 367.03279499598625 1.0
-0.027328338548880633 0.9996265112091405 -262.7886425850355 230.61293137458097 269.19145083687226 1.0 226.84865818508487 269.0885410691145 1.0 234.37720456407703 269.29436060463 1.0
-0.9999535765658032 -0.009635596154790841 574.8849374180157 572.6713468345065 232.48960605118342 1.0 572.942393423502 204.36119534072049 1.0 572.4003002455108 260.61801676164635 1.0
-0.8319266171219998 -0.5548856672540257 300.41231371564277 92.98272430599705 401.9882357690303 1.0 96.92641438756 396.075556919767 1.0 89.0390342244341 407.90091461829365 1.0
0.9994217157696876 0.03400344170776968 -193.97329933543523 181.77281537335736 361.892787808481 1.0 181.3472955014067 374.39957474416485 1.0 182.19833524530802 349.3860008727971 1.0
-0.9997675196628805 -0.021561693512613018 190.68060070813152 181.8149317707672 413.1371837181717 1.0 181.92300574162334 408.12603532578055 1.0 181.70685779991106 418.1483321105628 1.0
-0.9999187363792613 -0.012748358235517543 352.514008919521 349.5704235012497 233.12749153127243 1.0 349.85744140284663 210.61521409279848 1.0 349.2834055996528 255.63976896974637 1.0
0.040495961301570425 -0.9991797021148205 269.2777304878609 599.9973163418543 293.81621541161996 1.0 620.6137821465123 294.65178442851806 1.0 579.3808505371964 292.98064639472193 1.0
0.061293244771229514 0.9981198014995065 -200.00373982860552 96.25580622344489 194.46955049433103 1.0 81.85833861097416 195.35368034039885 1.0 110.65327383591561 193.58542064826318 1.0
-0.052367235183589204 0.9986278950035526 -273.90586604003187 113.73707427697123 280.246489766633 1.0 80.60486002852457 278.50906337950477 1.0 146.8692885254179 281.9839161537612 1.0
-0.016766807200075708 -0.999859427207803 211.2430782796628 370.6259674076124 205.05768967279693 1.0 386.8818768943795 204.7850916527056 1.0 354.37005792084534 205.33028769288828 1.0
-0.9999841438047283 -0.005631353223189732 377.3264376160085 375.1502319331046 387.5008460224954 1.0 375.3015919713466 360.6231787462773 1.0 374.9988718948625 414.37851329871353 1.0
-0.0019850534639402942 0.9999980297794318 -438.4793681165457 508.12477392409994 439.4888888491864 1.0 491.87483795620534 439.45663179395103 1.0 524.3747098919946 439.5211459044218 1.0
0.01743018676499132 -0.9998480827552442 251.5726940380706 328.1170518729623 257.3309285386487 1.0 348.13276006827283 257.6798590792929 1.0 308.10134367765176 256.98199799800454 1.0
0.9999878114031888 0.0049373115215197326 -353.6433095875683 352.49350957889897 233.74996795437852 1.0 352.3793204059477 256.87749001730066 1.0 352.6076987518502 210.6224458914564 1.0
0.6927516771664873 -0.721176201619978 286.89756016351976 6.2137228518289565 403.7877656479023 1.0 11.324990468379411 408.69757715562855 1.0 1.1024552352785015 398.87795414017603 1.0
-0.9879119763837233 -0.15501589246785544 379.69840345722923 313.079086451378 454.171654762668 1.0 314.25768928526605 446.6604516436766 1.0 311.90048361748995 461.6828578816595 1.0
0.06644091190465261 0.997790361361182 -318.01507723227564 208.73800586447226 304.8198755483726 1.0 195.62951098245392 305.6927446272747 1.0 221.8465007464906 303.9470064694704 1.0
-0.28265501007030897 0.9592216351199309 -25.22320489770451 302.5519113215348 115.44883307937312 1.0 288.3086524795995 111.25175461074801 1.0 316.79517016347006 119.64591154799822 1.0
0.0205690998337302 -0.9997884336858623 249.86825028306228 539.3669194707518 261.0177648631042 1.0 571.8788750501741 261.6866480363547 1.0 506.8549638913295 260.3488816898537 1.0
-0.019622349608018452 0.9998074631627135 -255.01327269302394 564.401703273493 266.1394018727315 1.0 503.1385019437787 264.93704241964707 1.0 625.6649046032074 267.341761325816 1.0
0.036715169128312644 0.9993257708854903 -221.3952978516987 328.75335403062445 209.46629112895167 1.0 309.3586085828639 210.17885291817095 1.0 348.148099478385 208.7537293397324 1.0
-0.020725956604866612 0.9997851942906603 -254.33040500291463 447.52772730710024 263.6624814649135 1.0 399.3845473150316 262.66445362349924 1.0 495.6709072991689 264.66050930632787 1.0
0.9999908734805492 0.0042723477864358185 -582.1485304944958 581.3741192719135 182.50320052727278 1.0 581.328725990969 193.12800658961947 1.0 581.4195125528579 171.87839446492612 1.0
0.9991064660589608 0.04226428136351881 -26.723044290271826 17.943148669827018 208.1173073105361 1.0 17.624216957025848 215.65669343543433 1.0 18.262080382628188 200.57792118563788 1.0
0.09961591716708083 0.9950259640064479 -174.61438930342533 189.4025754903048 156.52544121063966 1.0 164.46480796911283 159.02205805641563 1.0 214.34034301149674 154.02882436486368 1.0
-0.9999396844677382 -0.010983051787198208 241.231616166836 238.66500445703258 234.9990664332413 1.0 238.87786364260924 215.6195395962943 1.0 238.45214527145592 254.37859327018833 1.0
0.04713002707249998 0.998888762850071 -52.8801822596037 117.524483734235 47.39391603971154 1.0 109.3586842367369 47.779198531315124 1.0 125.6902832317331 47.008633548107966 1.0
-0.999906849339691 -0.013648906314157862 220.97511983000334 218.2058191170227 204.38463455646826 1.0 218.93949592631176 150.63611801424187 1.0 217.47214230773366 258.13315109869467 1.0
-0.9999901051012923 -0.004448561509820596 628.5103677543924 627.485066751006 231.87493356786598 1.0 627.6129739974562 203.12272219829444 1.0 627.3571595045559 260.6271449374375 1.0
-0.022687462297806136 -0.9997426064015106 215.00544820587484 7.497518714499726 214.89066001297505 1.0 14.383156022180716 214.73440215638868 1.0 0.6118814068187373 215.04691786956144 1.0
0.020124606490743675 -0.99979747959954 249.80008005459706 601.2610049134043 261.9532720582674 1.0 625.6387083753903 262.4439631225387 1.0 576.8833014514183 261.462580993996 1.0
-0.09065828091710099 -0.9958820593329092 373.0361425464934 96.15445093060835 365.8253925837717 1.0 106.80498105855226 364.85584127676054 1.0 85.50392080266444 366.79494389078286 1.0
0.0330854785891324 -0.9994525256892035 378.0485082333211 471.8914888554938 393.8769014694137 1.0 509.43310793483744 395.1196642843803 1.0 434.3498697761501 392.6341386544471 1.0
-0.1817689122461126 0.9833412747062258 -348.34279233102114 9.916433444664268 356.07708194311783 1.0 0.40433067366851816 354.3187864069382 1.0 19.428536215660017 357.83537747929745 1.0
0.10379718808774477 -0.9945984836832787 295.640924032535 572.6168515275443 357.00531309659914 1.0 604.5355718314786 360.33637932006485 1.0 540.6981312236101 353.6742468731334 1.0
-0.14228816415569928 0.9898252766732121 -183.27853005567607 205.0519111015076 214.63888127507235 1.0 195.60264082683497 213.28054122084268 1.0 214.50118137618026 215.99722132930202 1.0
0.22852196737278205 -0.9735387565105321 85.62361002034208 236.0121210371649 143.35080479363376 1.0 243.53759447528438 145.1172840262169 1.0 228.4866475990454 141.5843255610506 1.0
-0.9585989910327839 -0.2847595027227868 504.3976880411762 393.35859917279276 447.1300537563358 1.0 396.0004880977387 438.23654174476565 1.0 390.71671024784683 456.023565767906 1.0
0.9999885810339335 0.004778891266832566 -423.37338564639026 422.47320793183826 189.37487196215736 1.0 422.43137883711483 198.12765890432766 1.0 422.51503702656163 180.62208501998705 1.0
0.09277212289380868 -0.9956873672060804 380.39037805061554 260.7338671173653 406.3315712728823 1.0 274.538723006794 407.61782419652747 1.0 246.9290112279367 405.0453183492371 1.0
-0.061274311571594235 -0.9981209639825361 197.0765501606478 189.34881735584662 185.82350078113174 1.0 214.36962727738205 184.28748164294177 1.0 164.3280074343112 187.3595199193217 1.0
-0.9999981654299834 0.0019154990648797452 306.7276677298379 307.1005554304497 194.37456794799124 1.0 307.07182299718824 179.37462298504124 1.0 307.1292878637111 209.37451291094123 1.0
0.9999390087759233 0.01104439804714995 -354.725815129096 352.62126051522824 192.501339331085 1.0 352.49004005084805 204.3817931614597 1.0 352.75248097960844 180.6208855007103 1.0
0.05346796730457003 0.9985695651642491 -199.8426759849496 31.89086872748342 198.42136489101156 1.0 19.359864665502528 199.09233198119043 1.0 44.42187278946431 197.7503978008327 1.0
0.19270648268180166 -0.9812564453456641 93.93982106707988 59.52396040044783 107.42398137727227 1.0 118.93951988870757 119.09245350793992 1.0 0.10840091218808467 95.75550924660463 1.0
-0.09972945788017054 0.9950145904613296 -274.0483574312531 596.2938535589315 335.18746697908483 1.0 589.363191734607 334.4928126965077 1.0 603.2245153832561 335.88212126166195 1.0
0.12834390493521797 -0.9917297222862586 327.374693800965 255.53765168319882 363.17495158423856 1.0 295.43562615108164 368.3383158831414 1.0 215.63967721531603 358.0115872853357 1.0
0.16033737678676016 -0.9870622703786933 34.21766218327159 103.09846211062111 51.41337144754591 1.0 115.57385425910607 53.43986127650757 1.0 90.62306996213617 49.38688161858426 1.0
0.25688219562202896 -0.966442723379097 316.40230493610113 415.2246929177619 437.7560361260511 1.0 436.4689114402512 443.4027872126031 1.0 393.98047439527267 432.109285039499 1.0
-0.06273259977476965 -0.9980303707430445 216.156275136057 56.24512841427895 213.04749658836505 1.0 64.41641475906223 212.53387891605846 1.0 48.073842069495676 213.56111426067164 1.0
-0.32903528979241004 -0.9443176256277463 515.0843472920981 327.16591964613076 431.459927310247 1.0 333.5160528180872 429.2473053578969 1.0 320.81578647417433 433.6725492625971 1.0
0.9999563303776349 0.009345444756371439 -633.8014693472115 631.7964868723409 217.49342506980534 1.0 631.358383693802 264.3701717800036 1.0 632.2345900508799 170.61667835960708 1.0
-0.0657338179456306 -0.9978371937236509 197.44365215528728 32.506928479156926 195.7301740856501 1.0 64.40817780279397 193.62863795483827 1.0 0.605679155519887 197.83171021646191 1.0
0.18732649122966208 -0.9822977072576232 366.201297726437 191.75691305348093 409.3692212113797 1.0 199.33874841393938 410.8150951095493 1.0 184.17507769302247 407.92334731321006 1.0
0.9999975057740473 0.0022334828596063112 -368.487063905176 367.5848188080904 404.37379351155755 1.0 367.5680677284244 411.8737560982149 1.0 367.60156988775634 396.8738309249001 1.0
0.09037628261904375 0.9959076902705204 -168.3317853508456 463.1358886483886 126.99498821319688 1.0 288.10266176212156 142.87884224438682 1.0 638.1691155346556 111.11113418200692 1.0
-0.9994021193563998 -0.034574612448101935 506.83401317823336 497.4282535273126 280.6441399697098 1.0 497.8169853630739 269.4075882627516 1.0 497.03952169155133 291.880691676668 1.0
-0.02616092906091311 -0.9996577443258616 367.5943491978162 515.6047676846227 354.226885608482 1.0 534.3582802777819 353.7361083245793 1.0 496.85125509146366 354.71766289238474 1.0
-0.999713198791775 -0.02394828097206343 367.182625438875 357.6010417655252 404.3774204707846 1.0 357.7510340442271 398.116041588934 1.0 357.45104948682336 410.63879935263526 1.0
0.999653296052196 0.026330356852511283 -229.90393883134314 222.55962389800567 281.8601082824613 1.0 222.32931315288454 290.6040420151565 1.0 222.7899346431268 273.11617454976613 1.0
-0.1368933911196042 -0.9905857860214707 411.76316246699326 438.0578777930141 355.13929135020425 1.0 450.4931360956654 353.420808506497 1.0 425.6226194903627 356.8577741939115 1.0
-0.9837957481030863 -0.1792928498693933 279.2625636375324 223.41144890557308 331.69939665748944 1.0 224.7745378883419 324.2200066733881 1.0 222.04835992280428 339.17878664159076 1.0
0.04485467020014334 0.9989935227824234 -222.0374386368926 176.8725120190396 214.31958822563732 1.0 163.094164307577 214.93823412113744 1.0 190.6508597305022 213.7009423301372 1.0
0.017820197843172486 -0.9998412076669126 251.09015653705677 204.9927170652211 254.7836249978144 1.0 214.36473994536635 254.95066282405548 1.0 195.6206941850758 254.61658717157334 1.0
-0.1491851596589511 0.9888092779386393 -266.2735619345152 384.2231920532047 327.2561932875843 1.0 378.0200960835941 326.32031021766073 1.0 390.4262880228152 328.1920763575079 1.0
-0.13558242569131615 0.9907660701919797 -358.87242837610444 362.5908329396891 411.8362399718037 1.0 358.21230024719233 411.2370550569404 1.0 366.9693656321859 412.435424886667 1.0
-0.0630191810804331 -0.9980123159640624 197.24518885057293 114.98436401451934 190.37737846931063 1.0 148.13504561744836 188.284088864105 1.0 81.83368241159035 192.47066807451625 1.0
-0.07789542486436937 -0.9969615352586073 234.79377789460676 407.4452689992633 203.674513384571 1.0 414.27855358091153 203.14060953082947 1.0 400.6119844176151 204.2084172383125 1.0
0.030843381034774256 0.9995242297445038 -393.72560553791243 582.5096554367665 375.937898348789 1.0 555.6216861213065 376.7676089832776 1.0 609.3976247522263 375.1081877143004 1.0
-0.28932938978938866 0.9572295984789124 -290.57986921637183 417.9672398301114 429.89694042294957 1.0 413.0396039895706 428.40752777512347 1.0 422.8948756706522 431.38635307077567 1.0
0.04535018056951147 -0.9989711512963287 266.85078928820803 453.1161166315296 287.69568232621685 1.0 484.38679077053007 289.11527358958193 1.0 421.84544249252923 286.2760910628518 1.0
0.07543328801412087 -0.9971508507038335 308.8946635239934 624.3177965114196 357.00617156301723 1.0 630.5792443601124 357.4798427218218 1.0 618.0563486627268 356.53250040421267 1.0
-0.25875721291151665 -0.9659423920536172 426.9805689971726 169.47821649502026 396.6353078605131 1.0 179.58974029643565 393.9266269508989 1.0 159.36669269360488 399.3439887701273 1.0
-0.1163588001398066 0.9932072440483027 -333.67559632098863 401.81268773563784 383.0318806337225 1.0 379.25617230893846 380.3892810291448 1.0 424.3692031623372 385.67448023830025 1.0
0.18859525351603287 -0.9820549019027517 292.5612306808959 530.776094595541 399.83821886189725 1.0 550.9907856685205 403.72027757396137 1.0 510.56140352256153 395.9561601498331 1.0
-0.08310303886818796 -0.9965409599865288 308.52807885108035 88.77674936035652 302.19576845337724 1.0 96.94915665308423 301.5142592047224 1.0 80.60434206762879 302.87727770203213 1.0
0.1113055519023939 0.9937862315989809 -495.21599824153066 541.81931489926 437.62781827388824 1.0 524.2595862897823 439.59453427576864 1.0 559.3790435087376 435.6611022720078 1.0
0.9999944474135999 -0.0033324378417123723 -375.0899625807318 376.23132903217345 341.8750622201852 1.0 376.27715673878555 355.6269922865694 1.0 376.18550132556135 328.123132153801 1.0
0.9982868213981093 -0.058510018140991785 -448.96127979116636 469.8794992635776 343.75706259976886 1.0 470.2144731929137 349.4723241873214 1.0 469.5445253342414 338.0418010122163 1.0
-0.4439501070922113 0.8960515065624376 -88.37904093226479 545.7891315164254 369.04372337630286 1.0 540.7800845986151 366.5619833208423 1.0 550.7981784342359 371.5254634317635 1.0
0.25136944864383826 0.9678912130443652 -52.72581592344859 106.68488871812656 26.76798168902925 1.0 0.6098236471506624 54.3165638668574 1.0 212.75995378910244 -0.780600488798906 1.0
0.07756547537489775 0.9969872602144253 -184.05844709758634 349.9910828582962 157.38538358550332 1.0 313.0962758716285 160.25579462984354 1.0 386.8858898449639 154.5149725411631 1.0
-0.9999091532674774 -0.013479065691519562 423.0706014213352 418.60136727685153 334.38984675065393 1.0 418.76995384463953 321.8836941650764 1.0 418.43278070906354 346.89599933623145 1.0
0.08907284586471914 0.9960251142062432 -407.46613283827674 79.9501367270413 401.94242185526633 1.0 70.59406846865474 402.77911925776425 1.0 89.30620498542784 401.1057244527684 1.0
0.060046307879402315 0.9981955925118343 -203.8812708665981 327.51043560797325 184.54847907393506 1.0 309.3758639166388 185.63936154547437 1.0 345.64500729930774 183.45759660239574 1.0
0.2275753624010895 -0.9737604707668169 355.71387255400606 321.16628626913644 440.35819836170003 1.0 330.7482620669822 442.597580304362 1.0 311.5843104712906 438.11881641903807 1.0
-0.04150452254503473 -0.9991383160545434 216.62217358194803 327.5032984474103 203.20440352012355 1.0 345.64891181064127 202.45062898578112 1.0 309.3576850841793 203.958178054466 1.0
-0.9999995742079859 0.0009228130074788898 627.4833830479449 627.6509105580233 181.25043749609006 1.0 627.6411056739937 170.62544654416843 1.0 627.660715442053 191.87542844801166 1.0
0.9982979007475408 0.05832067697698128 -596.0784471300033 580.4456413767134 284.98952184881495 1.0 580.1138943221555 290.6681662903931 1.0 580.7773884312714 279.3108774072368 1.0
-0.045577326486492 -0.9989608137010899 304.81789488561924 114.34274918979693 299.91812888476454 1.0 123.13148533270403 299.51714509131136 1.0 105.55401304688985 300.31911267821766 1.0
-0.9726927646388934 -0.23209650066113943 329.8434936418746 244.29519391614653 397.33182456819463 1.0 245.94828817405872 390.4038751189055 1.0 242.64209965823434 404.25977401748383 1.0
0.06988263859023164 0.9975552199370554 -180.92700743363093 567.4818628839614 141.6160977154865 1.0 508.13540641914875 145.77354873759944 1.0 626.8283193487741 137.45864669337354 1.0
0.06048801535363184 -0.9981689235788594 275.9035637066098 113.73926343989066 283.30217395065154 1.0 146.89400883278097 285.31131759457554 1.0 80.58451804700034 281.2930303067276 1.0
-0.9965017860337037 0.08357146900490972 100.9712250261039 129.0601092626663 330.7038237921135 1.0 128.42242051967057 323.10005687386666 1.0 129.697798005662 338.30759071036033 1.0
0.07252914555658159 0.99736629331697 -182.26490587740884 448.71294876726216 150.11549929686964 1.0 400.56984125175006 153.61649835402247 1.0 496.85605628277426 146.6145002397168 1.0
0.9999098262899319 0.013429046460501562 -496.2039920515406 492.47148585819014 281.2496170477326 1.0 492.32870239380304 291.88109333998466 1.0 492.61426932257723 270.61814075548057 1.0
-0.10893479985704346 0.9940488968758558 -289.3767306225276 623.8080394637334 359.4703798512942 1.0 618.182111087452 358.853851445492 1.0 629.4339678400148 360.08690825709635 1.0
0.9999625844601675 -0.008650415004042943 -630.4605355352568 631.9007287440104 163.75518413903166 1.0 631.9494322763708 169.38516952917317 1.0 631.85202521165 158.12519874889014 1.0
0.9974997153554377 -0.07067048794101417 -299.0071070373089 331.8154341020368 452.50422010253124 1.0 332.2182045771483 458.1892443040425 1.0 331.41266362692534 446.81919590101995 1.0
0.18808294204666864 -0.9821531483995097 100.77884620611495 32.36905051447517 108.80880709111621 1.0 64.27100532033663 114.9180513843347 1.0 0.4670957086137095 102.69956279789771 1.0
0.06659508807951482 -0.9977800831063335 349.0581480345072 622.4912006013058 391.38183952470956 1.0 626.8883274214459 391.6753180705755 1.0 618.0940737811657 391.08836097884364 1.0
-0.9999939072017181 -0.0034907820673413287 573.1187959136915 572.1208606291517 286.87585825110443 1.0 572.147041335142 279.37594964280026 1.0 572.0946799231614 294.37576685940866 1.0
0.17546184990086858 0.9844862311019719 -383.6087669180093 201.86191084725644 353.6765590174725 1.0 190.6343759522178 355.6776068536672 1.0 213.08944574229508 351.6755111812779 1.0
-0.999996930249995 -0.0024777995452947652 192.03014425989952 191.45000030440008 234.37394693271483 1.0 191.49645890325763 215.62406204816332 1.0 191.40354170554252 253.12383181726634 1.0
-0.3819826673976722 0.9241694875983297 -238.20967534364027 402.462325151204 424.10327660840824 1.0 392.3769845568749 419.9347497813137 1.0 412.54766574553315 428.2718034355028 1.0
1.0 0.0 -418.1249999999994 418.1249999999999 190.625 1.0 418.1249999999999 201.875 1.0 418.1249999999999 179.375 1.0
-0.12283674564567809 0.9924268909693948 -377.46263526402817 456.1811292103263 436.8064232698871 1.0 420.8650953964969 432.4352129547715 1.0 491.49716302415567 441.1776335850027 1.0
0.31575144428976754 0.9488419391178522 -407.69868543977617 106.79707573001957 394.1408353848582 1.0 100.42119878939087 396.2625716505307 1.0 113.17295267064826 392.01909911918574 1.0
0.38845966134943205 -0.9214657299673626 97.41150213519147 614.7011122518517 364.85142865115006 1.0 618.332674176753 366.38237578205053 1.0 611.0695503269503 363.32048152024953 1.0
0.17384982182091777 0.9847721764209402 -381.19689141774467 73.80508711869878 374.06204093973497 1.0 43.142675906302706 379.47512515709025 1.0 104.46749833109486 368.64895672237975 1.0
0.2519082376922784 0.9677511249194033 -490.546914351745 528.8498685350614 369.2326123568628 1.0 517.5519418362453 372.1734932620773 1.0 540.1477952338774 366.29173145164833 1.0
-0.12257535879491394 0.9924592089432684 -328.9348696635543 578.851743314325 402.9262121665978 1.0 554.4628113184729 399.91401573265125 1.0 603.2406753101769 405.93840860054434 1.0
-0.08557638825351141 0.996331612352777 -292.8943559437008 398.1745968264811 328.17256401439704 1.0 390.676232675125 327.52851848384586 1.0 405.67296097783714 328.8166095449482 1.0
-0.05364673117430063 -0.9985599772844455 200.2049838483298 603.1231976269039 168.09145130842927 1.0 628.1182101810901 166.7486168771523 1.0 578.1281850727175 169.43428573970624 1.0
0.18743661536690906 -0.9822766999271627 100.93470707885132 101.93105919365179 122.20621727439391 1.0 118.18551450343638 125.30786886413907 1.0 85.6766038838672 119.10456568464876 1.0
-1.0 0.0 280.625 280.625 245.625 1.0 280.625 236.875 1.0 280.625 254.375 1.0
-0.0747358352300279 -0.997203366887853 181.07833338583353 350.0264766036395 155.3532784267656 1.0 386.9284096496448 152.5876471830577 1.0 313.1245435576342 158.11890967047353 1.0
0.9997601613734143 0.021900222158799377 -453.95266189084356 445.84690343548345 375.00486090036657 1.0 445.5589324343005 388.15093460345184 1.0 446.1348744366664 361.85878719728123 1.0
-0.03976196413483858 0.999209180406255 -275.04299212595276 46.88985957753363 277.1265821718914 1.0 35.63281440794548 276.6786256928332 1.0 58.14690474712177 277.5745386509496 1.0
0.2068175148826909 -0.9783795355268569 360.3743439331593 212.47310953889914 413.2522091334086 1.0 216.91390807456395 414.19093984464155 1.0 208.03231100323433 412.31347842217565 1.0
-0.1107487199851978 -0.9938484396635336 166.0893675120214 306.2352148782468 132.992319728963 1.0 314.3981437897377 132.08269015950486 1.0 298.07228596675594 133.90194929842113 1.0
0.3501913511557201 0.9366781825022569 -603.361582780433 568.6984393632692 431.53381326748854 1.0 556.2962915258853 436.17054441970157 1.0 581.1005872006533 426.8970821152755 1.0
0.8793878372699877 -0.4761061138670808 -324.49421139111956 605.2658600994957 436.39268273110656 1.0 607.9259623075727 441.3060023872599 1.0 602.6057578914188 431.47936307495314 1.0
-0.146011204939273 0.9892829362887958 -329.0415380712112 233.80691835954374 367.1143558853473 1.0 189.56545008937786 360.58462626659673 1.0 278.0483866297096 373.644085504098 1.0
0.019696270902645124 -0.9998060096401349 375.478256841143 595.6292343149157 387.28506116613005 1.0 603.1386325230196 387.43299700567945 1.0 588.1198361068117 387.13712532658064 1.0
-0.15119060596057038 -0.9885046285522772 86.89743052037292 115.6583666641814 70.21815576287378 1.0 119.41605480030721 69.64342183659589 1.0 111.9006785280556 70.79288968915165 1.0
-0.23424829020819204 -0.9721768041537191 95.67096768802325 125.32223373631318 68.2123338336047 1.0 130.9232407082613 66.86275801466185 1.0 119.72122676436507 69.56190965254757 1.0
0.999820231675213 0.01896059948745006 -245.0663489519403 241.27019303336604 202.50038294085869 1.0 241.1633341439391 208.13520897334365 1.0 241.377051922793 196.86555690837375 1.0
0.07291771873928271 0.9973379599182309 -201.95165868783587 181.2401157120517 189.23980685698888 1.0 164.36393546978118 190.47366399845396 1.0 198.11629595432225 188.0059497155238 1.0
-0.9999406910259054 -0.01089102523341032 349.60799324696205 347.5321529893709 192.49354290528402 1.0 347.6342502952885 183.1196549155712 1.0 347.4300556834533 201.8674308949968 1.0
-0.510943494244737 -0.8596143005377344 671.0738202824864 575.3386511349197 438.69474863512175 1.0 583.5385838657401 433.82081589640825 1.0 567.1387184040992 443.56868137383526 1.0
0.13544444426556165 -0.9907849426175153 329.4945432285553 391.2775632205196 386.04837324440314 1.0 403.1863320928026 387.6763517414644 1.0 379.3687943482366 384.42039474734185 1.0
0.13128891253306338 -0.9913441488433196 331.242161181509 409.34570787078343 388.346180755829 1.0 414.4222145970724 389.0184892052599 1.0 404.26920114449445 387.6738723063981 1.0
-0.121746651878535 0.9925612085692079 -239.00075811755178 601.7701828253462 314.60454063785664 1.0 590.6114074793821 313.23581543914145 1.0 612.9289581713101 315.9732658365718 1.0
0.9999986195907283 -0.0016615705334778043 -631.9789258173197 632.2144927071296 141.24839742512586 1.0 632.2425299456663 158.1223123561952 1.0 632.1864554685928 124.37448249405652 1.0
-0.012859093890489377 0.999917318434037 -267.3317560702002 62.49958055650453 268.1576157362864 1.0 54.375924076406974 268.0531442370076 1.0 70.62323703660209 268.2620872355652 1.0
-0.49848700847737304 -0.8668971694378056 588.7018052197002 376.8929230593329 462.3680796506701 1.0 390.26761396334666 454.6773062889632 1.0 363.5182321553191 470.05885301237697 1.0
0.22672174480038995 0.9739595733061341 -84.77340738862762 144.30474537423464 53.44819760608565 1.0 125.55246899310023 57.81341864465292 1.0 163.05702175536908 49.08297656751838 1.0
0.162233290416375 0.9867524306940805 -445.19559535073074 189.98949527765467 419.9361070697547 1.0 182.9952851306165 421.0860345396262 1.0 196.9837054246928 418.7861795998832 1.0
0.900924724130009 -0.4339753926794318 -355.5535041417654 611.142752661903 449.4266610371742 1.0 614.6636421234052 456.7359611041926 1.0 607.6218632004009 442.1173609701558 1.0
0.4310026618178551 -0.9023506555136555 272.243737230044 341.12315164054894 464.64057075034907 1.0 347.6933178269509 467.77877328571816 1.0 334.55298545414706 461.50236821498004 1.0
-0.9999994743608631 -0.0010253184858579729 626.9395948080627 626.6316880761797 300.6247505276555 1.0 626.6457861979497 286.874764982728 1.0 626.6175899544097 314.37473607258306 1.0
-0.11967356638750888 -0.9928132943852507 343.73836556430933 178.17020060852872 324.7499847724629 1.0 209.41819618451675 320.98335604761775 1.0 146.92220503254072 328.51661349730796 1.0
0.36701953508477647 -0.9302132340846128 278.92293219609377 282.4795355998857 411.30186714600774 1.0 289.49534523303873 414.06998427813716 1.0 275.4637259667326 408.5337500138783 1.0
0.9998232269423978 0.018801991024630524 -357.5615120437446 352.37104110453237 279.3725748873103 1.0 352.2533284868709 285.6321145864817 1.0 352.48875372219385 273.11303518813884 1.0
0.9999298113869026 0.011847881656797687 -441.71858697541103 436.28445666388757 461.24300282131827 1.0 436.0843622285746 478.13044285134794 1.0 436.48455109920053 444.3555627912886 1.0
-0.9999847228928221 -0.005527565555074948 486.79601417501965 485.2591750820761 279.3729778478919 1.0 485.30754054178743 270.6232451952253 1.0 485.2108096223648 288.1227105005584 1.0
-0.28849517814737924 0.9574813482181843 -29.72490214202537 12.379504067809929 34.77491173630368 1.0 0.4569961776283571 31.182584800491995 1.0 24.3020119579915 38.367238672115356 1.0
0.35967759706892083 0.9330766453870373 -342.8816522253367 9.536699534809996 363.7981046153873 1.0 0.3257531467033692 367.3486929619969 1.0 18.74764592291662 360.2475162687776 1.0
-0.05257869666262041 0.9986167836849429 -273.9052016560535 234.38813710984007 286.62548947181756 1.0 226.84323854372116 286.22823905550234 1.0 241.933035675959 287.0227398881328 1.0
0.9971135329039218 -0.07592497941955333 -567.694579259559 601.4675152381112 421.95361831347236 1.0 602.2281763593205 431.9432884287642 1.0 600.7068541169019 411.96394819818056 1.0
0.04979984776522827 -0.9987592178110598 277.97031823192634 234.3749011778447 290.0019819245028 1.0 241.8873872771896 290.3765673675345 1.0 226.8624150784998 289.62739648147107 1.0
0.20717301337580502 0.9783043199990423 -491.9665245598788 612.762308975851 373.113665210628 1.0 607.1253898566606 374.3073812110639 1.0 618.3992280950414 371.9199492101922 1.0
-0.33447890407695413 -0.9424032378591871 368.78785970936764 48.8365641390438 373.9938967717336 1.0 58.14776910898179 370.68915257215343 1.0 39.52535916910581 377.29864097131383 1.0
-0.05116965063873382 -0.9986899753444558 198.5189076646111 454.9919044344322 175.46699696350555 1.0 488.15792869179165 173.7676769380497 1.0 421.82588017707275 177.16631698896143 1.0
0.020079487881198805 -0.9997983867592649 250.82602035134002 176.26171755649557 254.4165591199158 1.0 189.39397289217405 254.68030125568808 1.0 163.1294622208171 254.15281698414353 1.0
0.9962275526175005 0.08677939505288707 -30.79989046504961 4.78574551056272 299.9813367187728 1.0 3.970551117641959 309.3397692645634 1.0 5.60093990348348 290.6229041729822 1.0
0.13889524966215883 0.9903070784465223 -355.9173388553957 179.44278310634243 334.2332857147619 1.0 149.41976316625306 338.44415620225976 1.0 209.4658030464318 330.02241522726405 1.0
0.25808312591362004 0.9661227148342257 -435.42448692514154 279.9116169076585 375.9191418208141 1.0 261.90300459811795 380.7298339687678 1.0 297.92022921719916 371.1084496728604 1.0
-0.05398222804477741 0.9985418964947449 -273.7291743501337 186.2258644814355 284.19644927327266 1.0 163.06718351008962 282.9444665554719 1.0 209.38454545278142 285.44843199107345 1.0
0.2075999810548754 0.9782138047819686 -83.07043752260303 96.7453106408098 64.38890205650051 1.0 87.99164628321901 66.24663555597984 1.0 105.4989749984006 62.531168557021196 1.0
0.18799999051067617 0.9821690300391199 -537.8120913145252 372.99203487391236 476.1803498111158 1.0 365.5263051367434 477.60938806911 1.0 380.4577646110813 474.75131155312147 1.0
-0.0726705745955558 -0.9973559984218031 180.25680493782087 448.7436433102164 148.03775859973473 1.0 496.8862887134427 144.5299301918858 1.0 400.60099790699 151.5455870075837 1.0
0.1165877840334655 0.9931803907720722 -341.2105887591993 178.06926823646313 322.6502358971667 1.0 146.8098178388744 326.31973046816375 1.0 209.32871863405182 318.98074132616955 1.0
0.07832156691815566 -0.9969281479402039 305.1660585995301 321.24260542850317 331.34412294412886 1.0 331.85122944181234 332.1775672172038 1.0 310.633981415194 330.51067867105394 1.0
-0.09136541158380934 0.9958174338532747 -436.9890542274601 398.8264765750224 475.41646020229587 1.0 380.68218389093704 473.751736616805 1.0 416.9707692591078 477.08118378778676 1.0
0.12712704672960928 0.9918864420838746 -348.511987611387 173.79334973904582 329.08822872105947 1.0 138.1924273290884 333.65108988621404 1.0 209.39427214900323 324.5253675559049 1.0
-0.15274848609379307 -0.9882650960122259 455.1794647428606 418.17527340430246 395.95026313026347 1.0 429.7288722690401 394.1645127859026 1.0 406.6216745395648 397.7360134746243 1.0
-0.2631328403805233 0.9647596116718806 -284.4522507240702 588.2200818928071 455.2763883639573 1.0 576.7970446608941 452.16081822996625 1.0 599.6431191247201 458.3919584979484 1.0
-0.20045034747333398 -0.9797038625002045 375.63946860711917 71.8682449406584 368.71698455347274 1.0 84.47968435456595 366.13664623960176 1.0 59.25680552675087 371.2973228673437 1.0
0.08540042903711213 0.9963467100965794 -185.46875013884755 189.3679205754533 169.91740601966518 1.0 164.39071058898642 172.05829174486374 1.0 214.34513056192017 167.77652029446662 1.0
-0.12735858468387598 -0.9918567391046552 350.6419453766285 173.7450134604823 331.21116529688425 1.0 209.34482494499977 326.6399994954867 1.0 138.14520197596482 335.7823310982819 1.0
-0.09947295538400892 0.9950402660933733 -300.1259545293165 261.2263675158861 327.73639865921666 1.0 228.1198238091536 324.4267780767371 1.0 294.33291122261863 331.0460192416962 1.0
0.15094592186139924 0.9885420217033832 -363.31302481585755 184.37438442095691 339.37096858434944 1.0 159.38443975375378 343.18682077094286 1.0 209.36432908816002 335.555116397756 1.0
-0.9972014977965078 -0.07476077041069931 613.8565483599658 583.527067263011 427.53014321419096 1.0 583.8602167700076 423.0864064048703 1.0 583.1939177560143 431.97388002351164 1.0
-0.2024403664625649 -0.9792945920541493 91.8698467379528 168.18593512589436 59.04477045659041 1.0 193.02872088445176 53.909254858200114 1.0 143.34314936733696 64.18028605498071 1.0
-0.8261629536183365 0.5634312505254091 238.46428668271955 606.7911046304675 466.5059744254759 1.0 600.9324187980008 457.91534480179234 1.0 612.6497904629343 475.0966040491595 1.0
-0.9937525361073231 0.11160598989419755 578.1895572209608 629.6916175088354 426.21444143868064 1.0 627.9430986453893 410.64542890961957 1.0 631.4401363722815 441.78345396774165 1.0
-0.9997025520213142 -0.024388675283248493 68.8327784434112 63.15069435459857 233.7506268377225 1.0 63.501920789691724 219.35370041912594 1.0 62.79946791950542 248.1475532563191 1.0
-0.021420955512741688 -0.9997705450076638 214.89886912228184 173.1247609114246 211.23884112731605 1.0 183.13355736330354 211.02439393780605 1.0 163.11596445954567 211.45328831682608 1.0
-0.13917876129215834 -0.9902672732172766 358.0599242357889 183.15483435935602 335.8372736932947 1.0 209.41319340662153 332.14674893840737 1.0 156.8964753120905 339.52779844818207 1.0
-0.10616844666638048 0.9943481588118158 -282.87115264764685 49.953277758948005 289.8125892821677 1.0 41.787900139538586 288.94075636266695 1.0 58.11865537835743 290.6844222016685 1.0
0.08225940929745586 0.9966109519677342 -152.40456287579 307.40097073106375 127.55021440914675 1.0 297.9356940258417 128.3314701931327 1.0 316.8662474362858 126.7689586251608 1.0
0.05244645049010449 -0.9986237378667647 277.29821681499976 186.25199067939286 287.4620958200676 1.0 209.41158411378373 288.678408255242 1.0 163.09239724500196 286.2457833848931 1.0
-0.24176425942125332 -0.970335015789131 484.4731727009158 396.96904047703356 400.3774369627076 1.0 405.94070437237406 398.14209798994113 1.0 387.9973765816931 402.612775935474 1.0
-0.0558367645581382 -0.9984399109228751 200.33047819612796 330.0174817702893 182.1875986490906 1.0 350.6478653623797 181.03386485021744 1.0 309.38709817819887 183.34133244796377 1.0
0.17700040489051033 0.984210778577737 -372.1364462833471 170.00586435904157 347.5326087693514 1.0 159.38710080761425 349.44228654259757 1.0 180.6246279104689 345.6229309961052 1.0
0.6418319944462615 -0.7668452848555138 130.97385899651923 297.9078332697703 420.13773071047126 1.0 305.02685013605895 426.09618528276155 1.0 290.78881640348175 414.17927613818097 1.0
0.9387477920093583 0.3446049665886354 -345.9648638785365 211.2350518955447 428.5150814233264 1.0 208.30975608210892 436.4839595652226 1.0 214.16034770898045 420.5462032814302 1.0
-0.08025603841563915 0.9967742815190546 -283.2648852258162 23.041522814757126 286.03678069571254 1.0 13.055934909885531 285.23278350060554 1.0 33.02711071962872 286.84077789081954 1.0
0.033573211448987894 -0.9994362608355779 353.530516828308 119.94929994251757 357.759282957675 1.0 128.16999890359452 358.03543389925477 1.0 111.72860098144064 357.4831320160952 1.0
0.053291393427692534 0.9985790040785629 -421.6232683033399 248.6940249860799 408.9511350696914 1.0 231.8336897323228 409.8509244260277 1.0 265.554360239837 408.05134571335515 1.0
-0.08148251018605039 -0.9966747716952506 175.70548744459026 568.1631694843118 129.84188009457853 1.0 628.1708633275227 124.93598936303715 1.0 508.15547564110074 134.74777082611988 1.0
0.0674659874777848 0.9977215746557991 -194.87311565998357 189.3758471641098 182.5125282967203 1.0 164.3634281421523 184.20386943977078 1.0 214.3882661860673 180.82118715366977 1.0
0.9997913953953611 -0.02042463447401088 -338.6519109911759 348.40064453850914 473.7443688863799 1.0 348.4905051310062 478.14306925372284 1.0 348.3107839460121 469.345668519037 1.0
0.9996331761137269 0.0270834490562496 -636.1616597074586 623.830028625517 463.76910161379055 1.0 623.6768232166248 469.42381749471895 1.0 623.9832340344092 458.1143857328622 1.0
-0.999407517415372 0.03441822385950154 617.744396163693 634.0381397177484 462.49007686340605 1.0 633.7149196620904 453.10468397612067 1.0 634.3613597734063 471.8754697506914 1.0
0.9798926654235915 -0.19952534738486072 -38.26651479759321 87.41492236454994 237.5173234736485 1.0 88.78395863542667 244.24082310972912 1.0 86.04588609367322 230.79382383756788 1.0
0.06857167946536975 0.9976461921820273 -194.83993465779335 114.99283634991352 187.39577638630647 1.0 84.38356813821345 189.49965744647622 1.0 145.60210456161357 185.29189532613674 1.0
-0.07023241327409901 -0.9975306552310541 179.0749702355363 567.4693634955139 139.56486113790908 1.0 625.614164653209 135.47110253186236 1.0 509.3245623378188 143.6586197439558 1.0
0.08815766171808302 0.9961065338006773 -185.39951935073833 124.38524980564718 175.1158140787353 1.0 100.65517737915897 177.2159786962064 1.0 148.11532223213538 173.01564946126422 1.0
-0.1479217644742725 0.9889990655176666 -362.2179870768275 568.8321649352952 451.3256484930456 1.0 561.9247276595373 450.29252283555 1.0 575.739602211053 452.3587741505412 1.0
0.9999999772497277 -0.00021330856532694752 -576.2231547460442 576.262763229599 185.62486395963737 1.0 576.2656962223056 199.37486333400489 1.0 576.2598302368925 171.87486458526985 1.0
0.07104910495906433 0.9974728190204061 -194.80186687935057 31.24606701825507 193.06978407024923 1.0 0.5984873847607863 195.2527840082925 1.0 61.89364665174935 190.88678413220592 1.0
-0.9999785069154626 -0.006556348611989556 268.5391960228274 266.9222346930548 247.50030969377053 1.0 266.97550388058346 239.3756589526409 1.0 266.86896550552615 255.62496043490015 1.0
-0.08286414908832081 -0.996560852530275 176.50338572084394 348.74908331081343 148.1139754910022 1.0 388.16338804112445 144.8366715360129 1.0 309.3347785805024 151.39127944599153 1.0
0.9840703251506548 0.17777962526083926 -281.68591909907815 225.8316447212861 334.4123319062403 1.0 224.69871489211627 340.68348150354797 1.0 226.96457455045592 328.14118230893257 1.0
-0.14268658756882535 0.9897679211451358 -179.65069622743312 232.40813413118198 215.0122420250104 1.0 227.7691402607389 214.34347696303468 1.0 237.04712800162505 215.68100708698614 1.0
-0.9999992330917288 -0.0012384732351243656 147.92747388455936 147.641189959627 231.25017486012018 1.0 147.65744586700694 218.12442094627622 1.0 147.6249340522471 244.37592877396412 1.0
-0.06459765823045725 0.997911390129976 -316.30368568575227 393.13055611188975 342.4141686015947 1.0 384.3767794027398 341.84751160010507 1.0 401.8843328210396 342.9808256030843 1.0
-0.12855338839982447 0.9917025896562557 -329.4535138869495 433.86963817775165 388.4520722407641 1.0 424.4902107706677 387.23622669694157 1.0 443.24906558483553 389.6679177845866 1.0
0.10396710529351653 0.9945807362989124 -174.74841124951175 121.30437792382524 163.02019564615023 1.0 94.39673757107863 165.83294817156545 1.0 148.21201827657185 160.20744312073504 1.0
0.3581912672016231 -0.9336482293136402 179.79455827851524 563.1707403480268 408.63077488522515 1.0 574.4404620895629 412.95436891654253 1.0 551.9010186064907 404.30718085390777 1.0
-0.15935324040690144 -0.9872216290032447 377.8093947134042 199.96719920112025 350.4217932247881 1.0 209.30078176533289 348.9152048534268 1.0 190.63361663690765 351.9283815961494 1.0
-0.06449998444936413 0.9979177080330981 -276.1761008865813 326.26838223074276 297.84059755047997 1.0 311.8727286998437 296.9101406386455 1.0 340.6640357616418 298.77105446231445 1.0
0.1491614543359569 -0.9888128541541025 132.7150318752956 23.094776449595084 137.7003562868946 1.0 45.55508569735279 141.08847202401947 1.0 0.6344672018373831 134.3122405497697 1.0
-0.9999170406741621 0.012880674261321345 196.86556608852706 199.84472591630038 230.00200020082866 1.0 199.7238759181076 220.62050587011123 1.0 199.96557591449317 239.38349453154606 1.0
0.9994618821697835 0.032801617180160406 -297.42758664311907 289.52632579540943 245.62996640332068 1.0 289.2394660925149 254.37055187503637 1.0 289.81318549830405 236.88938093160496 1.0
1.0 0.0 -505.625 505.6249999999998 186.25 1.0 505.6249999999998 199.375 1.0 505.6249999999998 173.125 1.0
0.16052444380278227 -0.9870318652109501 130.00070554835338 374.9689003279416 192.69122550181157 1.0 386.8349843150854 194.62104823529168 1.0 363.10281634079774 190.76140276833146 1.0
0.9999970966969175 0.002409688306811558 -306.0774847094795 305.6446280792715 180.00004729769043 1.0 305.5889041989603 203.1249130201178 1.0 305.70035195958275 156.87518157526307 1.0
-0.051359737945105385 0.9986802177465067 -281.08522862419903 364.3649659602703 300.1951099710212 1.0 348.12577310742785 299.35996707488573 1.0 380.6041588131127 301.03025286715666 1.0
-1.0 0.0 394.375 394.375 177.5 1.0 394.375 146.875 1.0 394.375 208.125 1.0
0.1985574949948621 0.9800892414374138 -86.6119119701208 346.14768452433987 18.244965944601645 1.0 253.16694631752176 37.08204901883496 1.0 439.128422731158 -0.5921171296316663 1.0
-0.07783298769085843 -0.9969664116845235 174.0713421674141 479.3983791688105 137.17446487638128 1.0 496.88936071734605 135.80894710606046 1.0 461.90739762027493 138.5399826467021 1.0
0.2582888252487108 -0.9660677423201961 23.20238019559402 16.77417724921194 28.502103450505608 1.0 33.187711605298894 32.89044219870897 1.0 0.36064289312499165 24.11376470230225 1.0
1.0 0.0 -505.625 505.625 156.25 1.0 505.625 165.625 1.0 505.625 146.875 1.0
1.0 0.0 -631.875 631.8749999999999 296.25 1.0 631.8749999999999 315.625 1.0 631.8749999999999 276.875 1.0
0.22632004232930525 0.9740529957040641 -425.75889876277483 333.0586783166722 359.71455981688257 1.0 315.49058288988914 363.7964856650351 1.0 350.62677374345515 355.6326339687301 1.0
0.06019606995963003 0.9981865723207337 -192.94379083674488 348.1505662860838 172.29894667110477 1.0 309.39076222922847 174.63637330188328 1.0 386.91037034293913 169.96152004032623 1.0
-0.23598945374633878 -0.9717556162536468 425.8722484752718 332.94760239135644 357.39451344743304 1.0 352.9804023310397 352.52957679494284 1.0 312.9148024516732 362.2594500999232 1.0
-0.2152872496873042 -0.976550766792017 84.48036232674075 308.08940260622546 18.588528931755985 1.0 391.76828795027296 0.14095027509405833 1.0 224.41051726217796 37.03610758841791 1.0
-0.07206591902244663 -0.997399871323157 171.8224080672287 436.25895736053667 140.74897080850266 1.0 458.1101977935119 139.17013591102693 1.0 414.40771692756147 142.3278057059784 1.0
-1.0 0.0 578.125 578.125 184.375 1.0 578.125 171.875 1.0 578.125 196.875 1.0
-0.2290621105090265 -0.9734118088091754 87.59478891275994 212.35666110800923 40.015873637655105 1.0 221.79718941814562 37.79433973035074 1.0 202.91613279787288 42.23740754495946 1.0
0.21570960424990618 -0.9764575600784445 106.0818558852052 406.1953761759098 198.37226690394112 1.0 411.8219304555422 199.61523111106203 1.0 400.5688218962774 197.12930269682022 1.0
-0.9999579230465128 0.009173447362063858 22.97924922722875 25.07314854443468 228.14152988500905 1.0 25.004350584149588 220.64216102603285 1.0 25.141946504719776 235.64089874398528 1.0
0.3121264104709034 -0.9500405801262118 -8.332940434960594 227.58251701088943 65.99883730993028 1.0 261.75926549030225 77.22726907126501 1.0 193.40576853147658 54.77040554859554 1.0
0.05489931533023645 -0.9984918953983908 276.49356280965475 328.1276191634439 294.9523634592565 1.0 344.36290304844596 295.845015641599 1.0 311.8923352784419 294.0597112769141 1.0
-0.20339313897552455 0.9790971509598437 -35.3962279371678 319.3755178950496 102.49750694851299 1.0 306.7703098732794 99.8789590092468 1.0 331.9807259168198 105.11605488777919 1.0
0.0 1.0 -269.37499999999994 16.25 269.37499999999994 1.0 0.625 269.37499999999994 1.0 31.875 269.37499999999994 1.0
-0.24927725686544744 0.9684321603548891 -29.29623855839925 116.9449675809216 60.353178750044194 1.0 110.4798169923775 58.689030170608625 1.0 123.4101181694657 62.01732732947976 1.0
1.0 0.0 -396.875 396.875 175.625 1.0 396.875 196.875 1.0 396.875 154.375 1.0
0.05719508536711653 0.9983630212552187 -191.75530909256136 447.5104470316382 166.43235710293163 1.0 399.36443521832655 169.19058752325148 1.0 495.65645884494984 163.6741266826118 1.0
0.056324585515696586 0.9984125104717414 -191.3132796612427 566.8546261904705 159.63885280053344 1.0 508.1152732439833 162.95258302072858 1.0 625.5939791369578 156.3251225803383 1.0
0.254737426869815 0.9670102602101727 -430.11822226694284 58.15087593548273 429.47322779248344 1.0 47.01506718416898 432.4067098703339 1.0 69.28668468679649 426.539745714633 1.0
-0.9979802575453919 -0.06352484198825878 228.21897282696997 213.52429656358987 238.11063320764538 1.0 213.92304705560824 231.8462316559756 1.0 213.12554607157153 244.37503475931516 1.0
0.20528138522476405 0.9787029952341016 -88.69169213992713 228.05424144971835 42.78765034200134 1.0 203.1032050947869 48.02109024223238 1.0 253.0052778046498 37.5542104417703 1.0
-1.0 0.0 503.1249999999997 503.1249999999998 163.125 1.0 503.1249999999998 138.125 1.0 503.1249999999998 188.125 1.0
0.3171116548196256 -0.9483882107963798 -9.502883013352452 284.35510254119015 85.05950747969446 1.0 304.41152807393365 91.76575521459003 1.0 264.29867700844665 78.35325974479889 1.0
0.09728906765467323 0.9952561666801589 -174.33883058820965 46.25229872365363 170.64851568317926 1.0 30.65415745994122 172.17327751987747 1.0 61.850439987366045 169.12375384648104 1.0
0.017798413102506835 -0.9998415956995551 290.29593274314914 370.6349743218546 296.93968364922927 1.0 380.64292873286325 297.1178375764957 1.0 360.62701991084595 296.76152972196286 1.0
0.22739932463651705 0.9738015953749798 -92.73896499094668 188.13685552762868 51.30076941955433 1.0 180.60948050187056 53.05854020702572 1.0 195.6642305533868 49.54299863208293 1.0
