-0.08996325565271414 -0.9959450851489576 236.59258944374193 573.8713421188345 185.71832718394796 1.0 638.2853206964886 179.89984250160902 1.0 509.45736354118026 191.53681186628688 1.0
0.14131139239021315 0.9899651965502319 -419.91685009027856 344.4646647460641 375.00315160518596 1.0 192.03718955572614 396.76122838680584 1.0 496.8921399364021 353.24507482356614 1.0
-0.9999999899606908 0.00014169904094313358 489.7083755306679 489.7455764632801 262.50012461347296 1.0 489.7419454253924 236.87512512798756 1.0 489.7492075011678 288.12512409895834 1.0
-0.9999210286400733 -0.012567278280428536 316.8370825469086 313.2175885945312 289.9775981707543 1.0 313.2887675038095 284.314216920269 1.0 313.14640968525293 295.6409794212396 1.0
-0.011401114554109967 -0.9999350051812987 317.49759129481794 383.7502025417952 313.14276393264544 1.0 395.63790943194084 313.00722201508285 1.0 371.86249565164957 313.278305850208 1.0
-0.9998618868314677 0.01661948440287277 257.5589843216895 262.5189313211385 296.2600739402992 1.0 262.36314517395203 286.8876633833787 1.0 262.67471746832496 305.63248449721965 1.0
0.0743072675252593 0.9972353934718371 -343.7106676391602 268.05531884545263 324.6898490263892 1.0 250.55931902411592 325.9935331393445 1.0 285.55131866678937 323.3861649134339 1.0
-0.9937794888598338 0.1113657376462236 448.8053642354414 481.5872092979099 267.4622113732232 1.0 480.81858106559633 260.60330675878686 1.0 482.3558375302234 274.3211159876596 1.0
-0.0808197173265041 -0.9967287360617552 327.41927990362626 475.61918650779876 289.928303699573 1.0 488.1885799265015 288.9091148407477 1.0 463.04979308909594 290.9474925583983 1.0
-0.08686689663275726 0.9962199266574594 -119.01941810078716 239.96554133014504 140.39518406765177 1.0 161.83510904827557 133.58248337446895 1.0 318.0959736120145 147.20788476083456 1.0
0.9999817474479942 -0.006041917812755202 -497.55922789350905 499.2071932154365 271.2472376257474 1.0 499.6943367632129 351.87307055830485 1.0 498.72004966766013 190.62140469318996 1.0
-0.9999103805642575 0.013387712270648895 195.7843303515221 199.59235072392622 283.1053537700239 1.0 199.50868502097978 276.8564739627729 1.0 199.67601642687265 289.3542335772749 1.0
-0.11262413908288042 0.99363766197535 -269.77369579226286 574.6851213625393 336.63892345272006 1.0 510.9044320056273 329.40968335461974 1.0 638.4658107194514 343.8681635508204 1.0
0.03317852458274337 0.9994494411957578 -275.9190390339149 111.87026273278084 272.3572974797844 1.0 103.10916969844016 272.6481377450647 1.0 120.63135576712152 272.06645721450417 1.0
-0.9999311533902475 -0.011734073446552362 259.2785908943417 256.01786992897945 279.3869445828497 1.0 256.1206220582388 270.63081606604953 1.0 255.91511779972012 288.1430730996499 1.0
-0.04318945158373608 -0.9990669002984216 53.973842749361005 326.2196028901941 39.92184806918914 1.0 334.38338353367743 39.56892955218428 1.0 318.0558222467108 40.274766586194005 1.0
-0.9929459146793276 0.1185681682477787 58.037996187105264 90.52547706130439 268.6126209587518 1.0 89.68092505937588 261.53994308540643 1.0 91.37002906323289 275.6852988320972 1.0
0.03911386420085128 0.9992347600175233 -58.94786896086931 326.27334647255736 46.22142807939789 1.0 318.11192194845063 46.54089740061707 1.0 334.43477099666416 45.90195875817871 1.0
0.018685364944580014 -0.999825413328191 319.0141594733792 197.49512642235797 322.76077771532863 1.0 213.14970000773855 323.05334021333607 1.0 181.8405528369774 322.4682152173212 1.0
0.12543625624350568 0.9921016810889969 -417.2238682691562 104.97135366053391 407.27343008797885 1.0 18.141033352512625 418.2518111506006 1.0 191.80167396855518 396.2950490253571 1.0
-0.9983354903683757 0.057673639307183173 290.6076111529058 307.0864438920909 276.8627849291307 1.0 306.86636992758076 273.0532863104229 1.0 307.3065178566011 280.6722835478385 1.0
-0.9993174292872786 0.03694151489401765 195.57634332802053 206.63939991309917 295.6568135859501 1.0 206.40782011778583 289.39227012065555 1.0 206.8709797084125 301.92135705124457 1.0
-0.9999999095001145 -0.00042544066892661854 116.5669815412189 116.43749842813267 304.37534566990604 1.0 116.44228486147465 293.1248159053653 1.0 116.4327119947907 315.62587543444675 1.0
-0.9999998624373675 0.0005245238280983496 395.11352759585486 395.2614323950832 281.87551852733577 1.0 395.2476634745364 255.62519792202602 1.0 395.27520131563 308.1258391326455 1.0
0.035659492555306364 0.9993639980461063 -85.01867438529622 443.12094139282715 69.2612567692327 1.0 435.58593237208646 69.53012236635708 1.0 450.65595041356784 68.99239117210833 1.0
0.07577572832974656 0.9971248863588233 -344.1366456235256 49.33735071672524 341.37957701780874 1.0 24.386452411198384 343.2757010815525 1.0 74.28824902225209 339.48345295406494 1.0
-0.1273320472748741 0.9918601462589317 -257.208451619756 403.06863962128193 311.0640223409964 1.0 397.99183739380607 310.4122776129999 1.0 408.14544184875774 311.715767068993 1.0
-0.9996200216081855 0.027564694811491257 500.06809953223785 507.4426336412723 260.5404094723122 1.0 505.58177397021393 193.05725403328674 1.0 509.30349331233066 328.02356491133764 1.0
0.09527735116873734 0.9954507654094548 -235.55224956451195 565.7427196053147 182.47992578799477 1.0 493.24880629861883 189.41851911247429 1.0 638.2366329120106 175.54133246351526 1.0
-0.3015573909948362 0.9534480268669014 33.2371230630091 161.2815200455541 16.150341606149418 1.0 156.765270121899 14.721938058518832 1.0 165.7977699692092 17.57874515378 1.0
-0.9892462043573504 0.1462598617686179 199.72444247238747 242.9282099240658 277.5290953750207 1.0 239.89056041087537 256.98358675252894 1.0 245.96585943725623 298.0746039975124 1.0
0.13740134804759477 0.990515456494599 -323.1325964862251 407.544167122463 269.693397294424 1.0 403.0816406194308 270.3124256530371 1.0 412.0066936254953 269.0743689358109 1.0
-0.9991534121499227 0.04113950642832829 32.512185341260604 45.07205800851354 304.37203305731794 1.0 44.7627151349801 296.8590360758479 1.0 45.381400882046975 311.88503003878793 1.0
-0.008572438044768371 -0.9999632559779227 10.723223463886304 167.48853634003314 9.287779633282325 1.0 176.8735625561002 9.207324121237452 1.0 158.10351012396603 9.368235145327198 1.0
-0.9952254854568419 0.09760242362356379 382.22822123919286 411.40366121180364 278.7962245076598 1.0 410.61442780391434 270.7486251515745 1.0 412.1928946196929 286.8438238637451 1.0
0.02057097084709164 0.9997883951909066 -273.97437362993475 258.72343810873184 268.7090414525589 1.0 249.33955114291507 268.9021179736855 1.0 268.1073250745486 268.5159649314323 1.0
-0.024373107551000653 0.9997029316893632 -265.31027244817824 203.77176828308546 270.35713821071647 1.0 191.8885939405786 270.0674222589909 1.0 215.6549426255923 270.646854162442 1.0
-0.9974434065207206 0.07146083394657891 87.69111158376293 108.37789574089304 285.6068815379122 1.0 108.01512173918518 280.5433171197983 1.0 108.7406697426009 290.67044595602613 1.0
0.9992059073807158 -0.03984412949833935 -309.3605671062822 321.02123323549745 286.2591222565063 1.0 321.49499877079114 298.1401528509532 1.0 320.5474677002037 274.3780916620594 1.0
0.08536114545354816 -0.9963500764524776 21.80796449139878 43.749057280395974 25.636003586521085 1.0 54.40294993039224 26.548763570823848 1.0 33.095164630399715 24.723243602218325 1.0
-0.9885781017089633 0.1507094450308361 249.26865591511418 294.06529306792856 274.9519333442573 1.0 291.2939053558191 256.77302489577767 1.0 296.8366807800381 293.13084179273693 1.0
0.019323287515965685 0.9998132878490741 -102.13538776248785 434.3631056606472 93.75957063658306 1.0 426.8659060814504 93.9044682337585 1.0 441.860305239844 93.61467303940763 1.0
0.06564359235285161 0.9978431333546435 -286.8847989461496 306.2407055641769 267.35871600514196 1.0 299.35439174261995 267.811735485064 1.0 313.1270193857339 266.9056965252199 1.0
0.06364326923041405 0.9979727121929061 -294.17329595724027 369.33307386722345 271.2175677696216 1.0 361.86345236011095 271.69392461467186 1.0 376.80269537433594 270.74121092457136 1.0
0.025655789642934447 -0.9996708360544472 312.4409446421869 263.7515961519747 319.31280637426187 1.0 270.65413007347456 319.48995464337827 1.0 256.8490622304749 319.1356581051454 1.0
-0.6546427531448545 -0.7559384007674996 482.01172749896523 356.433625615584 328.9620387853034 1.0 359.765852058213 326.07633025364265 1.0 353.101399172955 331.8477473169641 1.0
-0.9962044491717428 0.0870442154908904 161.79427986300263 191.57470223631864 333.77623877385315 1.0 191.0774660465555 328.0854653923284 1.0 192.0719384260818 339.46701215537786 1.0
0.07518933361183665 -0.9971692755550624 148.0680145606849 274.3429864328743 169.17456747526796 1.0 289.39876581952785 170.30981506746758 1.0 259.2872070462207 168.03931988306837 1.0
-0.08874278776032198 -0.9960545756235079 364.21070582676265 176.81045645318656 349.90055921159353 1.0 219.41772025107022 346.1044947581003 1.0 134.2031926553029 353.6966236650867 1.0
-0.9997432091235966 0.022660887256517576 89.45227940436361 97.16761947188462 339.3683672799166 1.0 96.99706456601491 331.8438998133167 1.0 97.33817437775433 346.8928347465164 1.0
-0.04912486484561087 -0.9987926449738707 111.21638016673465 433.1273498895227 90.04777727896382 1.0 440.6399164679852 89.67827734354903 1.0 425.6147833110602 90.41727721437863 1.0
-0.9999999868589892 0.00016211730740391404 353.5625590312691 353.60907106788886 286.87492152370083 1.0 353.6044101953622 258.1249222793089 1.0 353.61373194041545 315.62492076809275 1.0
-0.9968193093560573 0.0796948210043335 69.9772930828492 94.88559971209415 308.7591462017057 1.0 93.53311853886278 291.8423712842458 1.0 96.23808088532552 325.67592111916554 1.0
-0.05646234041190666 -0.9984047296138026 335.65743417214406 116.81632627859672 329.58749215803465 1.0 125.6088966492452 329.09024982069593 1.0 108.02375590794824 330.08473449537337 1.0
-0.14964480022088011 -0.9887398210686433 380.66281505522085 321.87980810984686 336.2817683585578 1.0 334.56226282253954 334.36229130165117 1.0 309.1973533971542 338.2012454154645 1.0
0.10311375789571599 0.9946695697228419 -34.76090297737171 173.69206760491238 16.94116486809568 1.0 166.82606310525145 17.65293845325342 1.0 180.5580721045733 16.22939128293794 1.0
-0.11848361421762474 0.9929560076669707 -26.55835643832643 42.433171117998086 31.81006174615488 1.0 32.96918890107847 30.680780278200814 1.0 51.897153334917704 32.939343214108945 1.0
0.10346047070639204 0.9946335661947127 -352.00700188480886 355.62907227674566 316.9141494752965 1.0 348.080721223063 317.6993189885866 1.0 363.1774233304283 316.1289799620064 1.0
0.9963725387941038 0.08509855425911796 -496.1282369662705 474.99016554689763 268.6423995931335 1.0 474.07569494987035 279.34943684359337 1.0 475.90463614392496 257.93536234267367 1.0
-0.07805754279312893 -0.9969488552644508 359.5833986557924 351.1571828117394 333.1895413463696 1.0 366.881528444275 331.9583811162091 1.0 335.4328371792038 334.42070157653006 1.0
0.028965634990116736 -0.9995804079660722 51.000992826393194 446.20790911055076 63.95252222026578 1.0 453.0952368562547 64.15210178380013 1.0 439.3205813648469 63.75294265673142 1.0
-0.012466276164899695 0.9999222929600982 -229.86539716375404 478.1222680757111 235.8441281472511 1.0 468.1082405218159 235.71928081272452 1.0 488.13629562960625 235.96897548177768 1.0
-0.9861241098133887 0.16600975888408387 278.112191928919 330.22581854054886 286.31720048437614 1.0 325.27915196039044 256.9332220321912 1.0 335.1724851207072 315.70117893656106 1.0
-0.9954431232324564 0.0953571623382975 65.21908273479843 92.70296864579238 283.7904279374841 1.0 92.03900931871411 276.85928894342163 1.0 93.36692797287066 290.72156693154653 1.0
0.04205145959285099 -0.9991154461553032 301.74209710809095 313.1696081653555 315.19013888072254 1.0 319.4873328752923 315.4560436331523 1.0 306.8518834554187 314.9242341282928 1.0
0.9971839154468458 0.0749949249889467 -294.09530106994123 273.3531558129418 286.8451546529384 1.0 272.2278846696212 301.8075309044139 1.0 274.4784269562624 271.88277840146293 1.0
-0.9959069164782622 0.09038480907077041 343.94279655870184 370.77717050885724 280.09963492301074 1.0 370.148106603294 273.1682810716495 1.0 371.40623441442045 287.03098877437196 1.0
-0.9916592568430876 0.1288872310099612 147.707475326872 185.97517158170825 284.87325569336576 1.0 182.64807130914386 259.27452292612486 1.0 189.30227185427265 310.47198846060667 1.0
-0.997618741587201 0.06896989512801667 -0.6550997464302066 19.392265510664192 289.9988063571681 1.0 17.451160265543233 261.92158558814225 1.0 21.33337075578515 318.076027126194 1.0
-0.021122834172800323 0.9997768880487828 -273.9168238604542 44.376784765140044 274.915524265209 1.0 31.86916311579866 274.65126888868116 1.0 56.88440641448143 275.17977964173684 1.0
0.07330167663804475 -0.9973098135494564 320.4329444394139 100.58346411216584 328.69011870466534 1.0 103.1614118744969 328.8795963280647 1.0 98.00551634983478 328.50064108126605 1.0
-0.09810068931960186 -0.995176494273764 358.33856701167184 281.7323890900394 332.30329227139885 1.0 287.9832578698101 331.68710555510245 1.0 275.4815203102687 332.9194789876952 1.0
0.035599749296439595 -0.9993661280281769 260.7110595575193 620.0280253581954 282.96326429933276 1.0 638.1522905214854 283.60889284116496 1.0 601.9037601949053 282.31763575750057 1.0
-0.991234523544515 0.1321140391233205 362.4665373528875 400.65785112558075 262.4956215256963 1.0 399.57201600384434 254.3487412495009 1.0 401.74368624731716 270.64250180189174 1.0
0.002343898786604814 0.9999972530654663 -77.83561356856985 333.12395700060324 77.05501639505275 1.0 325.6225332718471 77.07259902132671 1.0 340.62538072935934 77.03743376877878 1.0
0.9999797177181822 0.006368999314246471 -393.28517163644767 391.49784037063534 281.87657852716677 1.0 391.33859326463 306.8795449671954 1.0 391.6570874766407 256.8736120871381 1.0
0.01942900087876764 -0.9998112391470966 66.68152556303053 333.12417204054674 73.1676065741667 1.0 340.6213408949831 73.31329657499663 1.0 325.62700318611036 73.02191657333677 1.0
-0.9996675404503926 0.02578388197813613 28.73947918756787 36.21233857518776 289.35985109509807 1.0 36.051242888435596 283.1140061486597 1.0 36.37343426193993 295.6056960415364 1.0
0.9840739669997732 0.1777594652144554 -180.6367792730145 158.11764029157166 140.84946592541934 1.0 156.98483936907158 147.12063633134272 1.0 159.25044121407174 134.57829551949598 1.0
0.06989398632113371 0.9975544249193329 -291.83714935492435 48.11145381521173 289.18166353018944 1.0 41.804832304323476 289.6235390876561 1.0 54.41807532609998 288.73978797272275 1.0
-0.9912263367155925 0.13217544931411043 187.6039997964526 227.92710802418134 289.94304711960245 1.0 223.8383167862123 259.27988250440023 1.0 232.0158992621504 320.6062117348047 1.0
-0.1194283951774872 -0.9928428165753781 76.0528283937804 202.54357431708934 52.23724591015434 1.0 208.23656117604068 51.552440346796104 1.0 196.850587458138 52.92205147351258 1.0
0.9927216235162026 0.12043163290163836 -178.43563535069285 159.8056508472817 164.3514226090573 1.0 157.66811253300185 181.97121613467615 1.0 161.94318916156158 146.73162908343843 1.0
-0.051969092374772784 -0.9986486937045191 346.84093582095767 238.71163886852918 334.8878446624375 1.0 248.19106616004072 334.39454082528425 1.0 229.23221157701767 335.3811484995907 1.0
0.9999015165364731 -0.014034145077668165 -345.80105152934965 350.1508823816922 307.4891100816152 1.0 350.2651447771672 315.6300507578203 1.0 350.0366199862172 299.34816940541015 1.0
0.999996112391393 0.002788404938416551 -348.63836974825824 347.8886071797651 269.37085531880666 1.0 347.8572280271578 280.6242533404058 1.0 347.91998633237233 258.1174572972076 1.0
-0.009545584736467438 0.9999544398681566 -322.7122048489151 319.9925391804446 325.7815633976801 1.0 304.35106574618453 325.6322495848532 1.0 335.63401261470466 325.93087721050705 1.0
0.03250256801037637 -0.99947165196054 286.1387679165539 117.53699763987495 290.1123024422976 1.0 124.42503814558891 290.3362997958554 1.0 110.648957134161 289.8883050887398 1.0
0.9998711756311635 0.016050923398824777 -250.3725399528163 246.1808726407618 263.1238902990956 1.0 246.10046734242934 268.13263267316626 1.0 246.26127793909427 258.11514792502487 1.0
-0.07287121645446855 -0.9973413587194938 351.2764292381994 368.2387846002855 325.30729646589606 1.0 376.9877436499133 324.6680496492642 1.0 359.48982555065766 325.9465432825279 1.0
-0.8081636938400808 -0.5889579305508637 350.30944058338804 181.68595759721632 345.4872333282496 1.0 184.3380402696272 341.84806520141893 1.0 179.03387492480542 349.12640145508027 1.0
-0.10114321028759661 -0.9948718766819772 358.8850393232466 262.27842335301716 334.07051238055556 1.0 275.3320456072044 332.74342163488745 1.0 249.22480109882997 335.39760312622366 1.0
0.039495147801943936 -0.9992197622645893 332.7785340688296 36.820898190291935 334.4937655431919 1.0 49.3507302717898 334.98901952903253 1.0 24.291066108794073 333.9985115573512 1.0
0.08750110179815329 0.9961644227656944 -287.5513116170752 372.4728762215232 255.9412068239796 1.0 359.17597489421894 257.1091801926833 1.0 385.7697775488275 254.77323345527586 1.0
-0.9999500703034776 0.00999284244198664 284.9319818012457 287.7942819908179 284.997059139596 1.0 287.52567534862845 258.11849757909636 1.0 288.06288863300733 311.87562070009557 1.0
0.9999981393370535 -0.001929072945978537 -460.8780539351065 461.39735024595257 268.74971575009806 1.0 461.43713962725946 289.3758446661708 1.0 461.3575608646457 248.12358683402528 1.0
-0.9948377663780394 0.10147816803605411 110.69563195842258 141.42338120454818 295.60731429525083 1.0 137.8577995305815 260.6522557145007 1.0 144.98896287851485 330.562372876001 1.0
0.21668834863235323 0.9762408307210796 -383.21245659933453 342.0930134443223 316.6072107526173 1.0 335.6076249133376 318.0467204379275 1.0 348.57840197530703 315.16770106730706 1.0
-0.9999995686642613 -0.0009288009966692956 236.77013495091398 236.52352397126128 265.6252540494467 1.0 236.5293295141561 259.37467894076974 1.0 236.51771842836644 271.8758291581237 1.0
0.9993834660689594 -0.0351096532024032 -262.5617680350786 273.63577978364776 310.6070556356238 1.0 273.94434070379435 319.39012962646626 1.0 273.3272188635012 301.8239816447813 1.0
-0.0381749440882244 0.9992710711532987 -313.76544232931553 243.14283852817084 323.28305694143484 1.0 238.12628321165764 323.09141052611096 1.0 248.15939384468408 323.4747033567587 1.0
0.1293600829524096 -0.9915976850207677 289.5617736622199 300.46673925196103 331.2131330453989 1.0 313.1584174849107 332.8688413773372 1.0 287.7750610190114 329.55742471346053 1.0
-0.999826234372222 0.018641380342204004 50.6038405102899 56.68363893614473 325.6169149667593 1.0 56.543635689648724 318.1078723865228 1.0 56.82364218264075 333.1259575469957 1.0
0.9999424726776956 -0.010726198544499329 -346.79291938301935 349.9236559158537 290.000818928915 1.0 350.01101698675427 298.1449946021196 1.0 349.83629484495316 281.8566432557105 1.0
-0.9898238684979592 0.14229795975956444 237.80305652955096 280.66681913186756 281.1541374884833 1.0 277.5224499805807 259.28192201490066 1.0 283.81118828315437 303.0263529620659 1.0
0.1475481302743871 0.9890548767649511 -111.56885755433666 603.9667862368428 22.703176562564416 1.0 593.4818890274063 24.26732332096431 1.0 614.4516834462794 21.139029804164526 1.0
-0.9915304806640015 0.12987419264124098 322.7220493116709 364.9280072398093 301.1775651427812 1.0 363.86063256459124 293.02864422751486 1.0 365.99538191502734 309.32648605804746 1.0
-0.9856736497952371 0.16866373676441598 309.1163973843698 358.8450691376571 264.3587322261668 1.0 357.5804339700599 256.9681835212839 1.0 360.10970430525435 271.74928093104967 1.0
-0.9830952300717414 0.1830949715589973 372.45808378029386 430.6603809047357 278.1184105409647 1.0 429.22657303428696 270.4198393225667 1.0 432.0941887751845 285.8169817593627 1.0
-0.9999790900517985 0.006466796670449422 177.8588655171371 179.66118807876154 278.12314924118584 1.0 179.54802150338537 260.62388108172144 1.0 179.77435465413768 295.62241740065025 1.0
0.9877286632788052 -0.1561796649294163 -429.5295950665713 474.7152057938233 252.0188566678866 1.0 475.51701156185544 257.0897251437894 1.0 473.91340002579113 246.94798819198385 1.0
0.011899140936700399 -0.9999292027163565 315.4140184337782 243.12256639412266 318.3295049804492 1.0 246.8869083064286 318.3743005868049 1.0 239.35822448181673 318.2847093740935 1.0
0.031216822831744827 -0.9995126362244208 291.33361426685303 47.50517350604463 292.9593526279706 1.0 55.622255774569496 293.2128657001458 1.0 39.38809123751975 292.7058395557953 1.0
-0.9965424216890599 0.08308550880932211 47.71158921667732 73.30488070796599 304.9850026653948 1.0 69.70831985333088 261.8472098638176 1.0 76.90144156260111 348.122795466972 1.0
0.05922733379848648 0.9982445206116198 -351.8600170559597 120.64403331408394 345.32079616411596 1.0 99.35771939910738 346.58374486410906 1.0 141.9303472290605 344.05784746412286 1.0
0.9926790676792365 0.12078190506645316 -251.53490386691524 218.01200458207433 290.76334237465414 1.0 216.9264293075991 299.6854391967634 1.0 219.09757985654957 281.8412455525449 1.0
-0.048320673512938984 0.9988318739964478 -304.3641936631364 293.77143206697133 318.93197985851015 1.0 288.09923552299836 318.65757496171216 1.0 299.44362861094424 319.20638475530814 1.0
-0.11363830949250377 -0.9935221862724989 364.9165538599972 426.1559161387563 318.55243933420695 1.0 436.7848361711621 317.3367115720065 1.0 415.52699610635057 319.76816709640747 1.0
-0.9774997844012738 0.2109364157642375 362.45095908860884 427.46975553127334 262.6413963684577 1.0 425.94096178362776 255.55681804515922 1.0 428.998549278919 269.7259746917562 1.0
-0.043739767523248485 -0.9990429584041981 274.7258088095283 113.09926995011195 270.0373099729238 1.0 119.33731265471827 269.7641980557592 1.0 106.86122724550562 270.31042189008843 1.0
0.03323411422070736 -0.999447594249926 159.6614967206831 211.3156233567674 166.776512588473 1.0 251.99955202233133 168.12935423819772 1.0 170.63169469120348 165.4236709387483 1.0
-0.09523267973433787 -0.9954550400247201 357.5587690898977 205.07863123674326 339.57192227644776 1.0 228.17165424383242 337.36267085302114 1.0 181.9856082296541 341.7811736998744 1.0
-0.03082329706272401 -0.9995248492949953 271.7041818896701 201.25006797343997 265.62720421398194 1.0 208.11853620340247 265.4153947359411 1.0 194.38159974347747 265.8390136920228 1.0
-0.9830824818296191 0.1831634076984719 373.0388445792662 435.56619805086643 301.14450858260034 1.0 432.87292734444645 286.689070765757 1.0 438.25946875728647 315.59994639944375 1.0
-0.9997767175368049 -0.021130903230388326 323.92210777679986 320.6256807279445 159.38822415163645 1.0 320.8900371132424 146.8806017243592 1.0 320.3613243426466 171.89584657891373 1.0
-0.13344178037182142 -0.9910566539059201 352.34857941731656 202.4355134483695 328.2710658468227 1.0 211.89154123699927 326.99784985216985 1.0 192.97948565973974 329.5442818414756 1.0
-0.9999149080234614 0.013045179662728576 232.96303143167287 236.85597692483685 296.87524818055135 1.0 236.54596755040942 273.1129847904434 1.0 237.16598629926432 320.63751157065934 1.0
-0.07279084396222152 -0.9973472279177736 350.0749253844701 405.49989556161626 321.41087555755007 1.0 416.7810345413174 320.5875277763546 1.0 394.2187565819151 322.23422333874555 1.0
0.99720051973163 0.0747738152495034 -123.8455928661492 101.55583617893522 301.8979327376869 1.0 100.32669099744022 318.29009100488975 1.0 102.78498136043022 285.50577447048414 1.0
0.9458594237281223 -0.32457657115803135 -2.348855971037795 101.21215494846666 287.7090427372021 1.0 102.17719562711595 290.5213000018738 1.0 100.24711426981739 284.8967854725304 1.0
0.9997982660037704 -0.020085499641632625 -61.28311675962405 66.64441852571483 266.2546322786072 1.0 66.75788095322321 271.9024648097099 1.0 66.53095609820643 260.60679974750445 1.0
-0.1495110728992061 -0.9887600513170666 428.16642822473057 372.47527224847835 376.711468213428 1.0 476.9193661893332 360.9184064667665 1.0 268.0311783076235 392.5045299600896 1.0
0.9767301670056954 0.21447186496374437 -453.5193784916479 402.8256067554926 280.07149721638 1.0 401.0373258999452 288.21553913529175 1.0 404.61388761104 271.92745529746827 1.0
-0.09433272444592682 -0.9955407259869425 232.22142738653957 518.1641175293785 184.16282697838972 1.0 545.7128795151502 181.5524367598942 1.0 490.61535554360665 186.7732171968852 1.0
0.9999905438142459 0.0043488253688564365 -567.8162719930895 566.4789482012175 308.74555958204513 1.0 566.3729347650557 333.1228165853227 1.0 566.5849616373791 284.36830257876755 1.0
0.9999776328177813 0.006688337921075104 -136.12449224990348 134.05832833818312 309.3687016408385 1.0 133.9746980254955 321.8723225852378 1.0 134.14195865087075 296.86508069643924 1.0
0.08654757043027696 -0.996247719220785 267.0970177816949 208.7510460587622 286.23795883407445 1.0 214.38780136008646 286.7276437457962 1.0 203.1142907574379 285.7482739223527 1.0
-0.09646657091827997 -0.9953362249487699 233.41769002698794 592.5203691064976 177.08516720480316 1.0 638.2008753758769 172.65787752402738 1.0 546.8398628371182 181.51245688557896 1.0
-0.05667179275146465 0.9983928625077079 -155.79777049985262 266.8779878793893 171.19736221828367 1.0 250.6448149300435 170.27591831816073 1.0 283.1111608287351 172.1188061184066 1.0
0.9980996964721399 -0.06161976876151162 -266.66036249472677 284.3725212906459 278.6729816683379 1.0 285.5736280600415 298.12817155397624 1.0 283.17141452125037 259.21779178269963 1.0
0.9999788847468175 0.006498466012156298 -136.2952551612433 134.49471288850484 277.5089012206039 1.0 134.3769306790882 295.6331358007571 1.0 134.61249509792148 259.38466664045063 1.0
0.9966544425477359 0.08173079070865326 -92.1082377887967 67.51248230439347 303.69977039839705 1.0 66.83394148434047 311.97413942006125 1.0 68.19102312444646 295.42540137673285 1.0
0.9975590218583144 -0.06982834602855115 -81.47662418491443 100.7967493130733 273.1567271911846 1.0 101.58344814809152 284.3954084000588 1.0 100.01005047805509 261.91804598231033 1.0
-0.09179237026513633 -0.9957781684497347 364.61481162865874 69.35357339347281 359.7675607793751 1.0 133.19483440558287 353.882574690415 1.0 5.512312381362756 365.65254686833515 1.0
-0.9997844631150384 0.020761197310716805 607.258868289891 611.9581953941927 219.9982723916425 1.0 611.244144273875 185.61214305241984 1.0 612.6722465145102 254.38440173086514 1.0
-0.1063376007737504 -0.9943300833534519 355.65458073345883 45.45881606643588 352.8210653305091 1.0 75.51609053918999 349.60662124726133 1.0 15.401541593681776 356.03550941375687 1.0
-0.4551048962285468 -0.8904378324334629 483.64312088927403 422.1297214070139 327.4005295087631 1.0 429.10042801431547 323.83778476499384 1.0 415.1590147997124 330.96327425253236 1.0
0.9986090877491017 -0.05272466087996084 -40.66810110372018 56.76421913250901 303.788847830644 1.0 57.259562740267256 313.1706934416 1.0 56.268875524750776 294.40700221968797 1.0
-0.04319360285475988 -0.9990667208312092 262.9783856683962 113.13398478905151 258.3328178976004 1.0 120.67393374805094 258.0068361047035 1.0 105.59403583005209 258.6587996904973 1.0
0.9999453208623564 -0.010457307754825368 -64.1939531451904 67.19099687795747 286.24669534270186 1.0 67.28916547167297 295.6337410568483 1.0 67.09282828424199 276.85964962855536 1.0
0.09244622252807944 0.9957176788328551 -343.7950521113898 167.4744363844074 329.7246599884303 1.0 145.38366655647127 331.775651214903 1.0 189.5652062123435 327.6736687619576 1.0
0.9997295714610511 -0.023254761798457618 -226.90999811919067 234.03710510542862 303.75785979079785 1.0 234.43009906803303 320.652794653013 1.0 233.64411114282424 286.86292492858274 1.0
0.9929054423842257 -0.11890661244768959 -156.496702403821 190.9002376351039 277.9423432910868 1.0 191.3783209261938 281.93448041335955 1.0 190.422154344014 273.95020616881396 1.0
0.9946082413314992 -0.10370364639424269 -202.7750776738393 232.34007102614277 273.01134284782484 1.0 233.66298493775162 285.69923883613103 1.0 231.01715711453394 260.3234468595186 1.0
0.17026715957166644 0.9853979370647153 -519.7935425794682 609.2201403318695 422.22877081585057 1.0 600.51408462138 423.7330923910645 1.0 617.9261960423589 420.72444924063666 1.0
0.16185940783288882 -0.986813828488427 271.7431268369855 529.322525718281 362.1949217613213 1.0 549.3975254924023 365.48766805437026 1.0 509.2475259441595 358.90217546827245 1.0
0.9999072535590281 -0.01361926136181751 -123.22120136819231 127.31893768083283 300.01097899166103 1.0 127.44660641418093 309.38424007653566 1.0 127.19126894748473 290.6377179067864 1.0
-0.08964953699978939 0.9959733733969615 -355.79117546380235 602.5368918299412 411.4651453421058 1.0 589.4057672834359 410.2831868005178 1.0 615.6680163764465 412.64710388369383 1.0
0.9999300826084457 -0.011824969119068326 -529.4023470427809 532.1740375548108 231.24646364289606 1.0 532.6396131597661 270.61595784079356 1.0 531.7084619498554 191.87696944499854 1.0
-0.998006827030853 -0.06310604725229653 422.663740194208 404.6975302676817 297.48087420977186 1.0 405.1330085795766 290.59389035928007 1.0 404.2620519557869 304.3678580602636 1.0
0.9996181865463395 -0.027631162223251134 -21.67991415618426 29.445575226387263 280.64032525224775 1.0 29.930367468289194 298.1787529805594 1.0 28.960782984485327 263.1018975239361 1.0
-0.9999939960330944 -0.0034652413716302418 127.74950775039139 126.64355192526187 319.3763637606013 1.0 126.66521705873821 313.12427304710826 1.0 126.62188679178556 325.62845447409427 1.0
0.060250622716284695 0.9981832809971825 -471.05464258493856 621.2147061485402 434.4152801936177 1.0 611.7609740049593 434.9859101164859 1.0 630.6684382921213 433.8446502707496 1.0
0.999767292320312 -0.021572232302471357 -240.93877707585972 247.17062763312543 286.21664960075105 1.0 247.48123801113482 300.6119190487554 1.0 246.86001725511608 271.8213801527467 1.0
0.045386609769782774 0.9989694968584403 -338.767159465452 43.10946219957026 337.1580095152223 1.0 35.59657438296457 337.49934577088254 1.0 50.62235001617594 336.8166732595621 1.0
0.32402587303382513 -0.9460482194923614 23.386790041650514 481.38768515963204 189.5980049404671 1.0 490.7363282879667 192.7999582753254 1.0 472.0390420312973 186.3960516056088 1.0
-0.15572190098381752 0.9878009361981724 -278.16957164865346 583.1585883956029 373.5369365297214 1.0 558.0918488585979 369.58528980706075 1.0 608.2253279326079 377.48858325238206 1.0
0.1337422382635993 0.9910161520904908 -510.90243312180326 634.4475070731543 429.91226991240546 1.0 630.5989073738434 430.43165633903504 1.0 638.2961067724651 429.39288348577594 1.0
0.20263068999019673 -0.9792552289746002 285.4225331521846 603.7204517498205 416.3927981047523 1.0 615.4799247211823 418.82610665558144 1.0 591.9609787784589 413.95948955392305 1.0
8.803905637256128e-05 -0.9999999961245623 234.3928747718414 370.00005058282807 234.42545013565376 1.0 426.875105166407 234.43045736180983 1.0 313.1249959992491 234.42044290949767 1.0
0.9999996607657596 0.0008236919118066355 -169.75423234864897 169.63073593292302 150.00021064769095 1.0 169.619924980248 163.12520174279365 1.0 169.64154688559802 136.87521955258825 1.0
0.12483442425984408 0.9921775881966461 -470.0399098835666 534.4073782066034 406.5073403220176 1.0 525.7163238008146 407.60083687532074 1.0 543.0984326123922 405.4138437687145 1.0
-0.003701750415960438 -0.9999931484984574 364.76559334891 483.1290891925179 362.97965699770964 1.0 490.64286788929707 362.9518426737235 1.0 475.61531049573864 363.00747132169573 1.0
-0.07965961416068368 -0.9968221234863174 360.50685479238837 392.5230340142747 330.2882365834141 1.0 416.99150390034833 328.3328738117594 1.0 368.05456412820104 332.2435993550688 1.0
-0.028336643490094172 0.9995984366913121 -424.12809469392363 603.1385711670539 441.3962659051872 1.0 594.324783952657 441.14641242710593 1.0 611.952358381451 441.64611938326846 1.0
-0.7394958392953079 0.6731611275652571 -261.0433885597753 12.705048726981667 401.7444088157121 1.0 7.01694521921434 395.4957876383593 1.0 18.393152234748996 407.99302999306497 1.0
0.1031668686725718 -0.9946640624895906 140.68301032698892 299.37613062053003 172.48909933369123 1.0 309.2055613571703 173.5086109740283 1.0 289.5466998838897 171.46958769335413 1.0
0.09191725473955964 0.9957666485081448 -348.3240021625471 213.7567738378854 330.0733829776334 1.0 208.1220931496214 330.59350923510067 1.0 219.39145452614937 329.5532567201662 1.0
-0.08015063201196204 -0.9967827627863973 342.3691918842438 43.12552551013174 340.00653543743624 1.0 51.869247407037435 339.3034586364141 1.0 34.38180361322603 340.7096122384583 1.0
0.10388301754189695 -0.994589522700893 336.7213082066967 97.5013705935674 348.73687775890335 1.0 109.31279497825187 349.97055896963735 1.0 85.68994620888294 347.5031965481694 1.0
0.13751669419778156 0.9904994491754722 -351.57785231299215 128.60697599358124 337.0948327144712 1.0 115.38965525947093 338.92986882178013 1.0 141.82429672769157 335.2597966071622 1.0
0.15982283404668804 -0.9871457145311855 281.4709592048264 537.866927464694 372.2189849820902 1.0 580.2673882483874 379.0837889391774 1.0 495.4664666810005 365.354181025003 1.0
-0.15344048235817961 0.9881578914190228 -320.12685712143303 555.4937948338738 410.219962283159 1.0 547.9808454166895 409.0533566298358 1.0 563.0067442510583 411.3865679364822 1.0
-0.9998929823008227 0.014629557258055054 210.3314544791085 214.94435905006722 313.7416696376804 1.0 214.86207659711192 308.1178735223742 1.0 215.02664150302252 319.3654657529866 1.0
0.15892764175168125 0.9872902332583107 -518.6183446617048 568.0413060211474 433.8550762976604 1.0 559.3161788445137 435.25959124114314 1.0 576.7664331977811 432.4505613541776 1.0
-0.04779244625010309 -0.9988572881455243 296.3918152263026 560.0268050306503 269.93522242686606 1.0 585.712619092125 268.7062301549047 1.0 534.3409909691756 271.1642146988275 1.0
0.9996461546298588 -0.02660010401739564 -290.7871930341396 298.6231620804274 290.61174414632063 1.0 298.8234767250476 298.1396757694348 1.0 298.4228474358071 283.08381252320646 1.0
-0.0007877335258347831 0.999999689737898 -415.1633223208713 534.3760166514373 415.58439716467876 1.0 523.1260236323336 415.5755351652627 1.0 545.6260096705412 415.5932591640949 1.0
0.9997637485395628 0.021735848410443927 -179.8326985270194 173.92469883017654 273.69944566272807 1.0 173.63918793887598 286.83182649026304 1.0 174.2102097214771 260.5670648351931 1.0
0.15285589377135694 -0.9882484888626745 286.4600764191174 609.3695009371531 384.11978404210964 1.0 638.8134543171633 388.67398459064094 1.0 579.925547557143 379.56558349357834 1.0
0.9997133130524142 0.023943510723488277 -304.3977316327524 297.85391838528227 276.8685074931341 1.0 297.7043143450855 283.114924419973 1.0 298.00352242547905 270.6220905662951 1.0
0.14800760985480782 -0.9889862220602808 280.49646292293204 627.4957167664742 377.5286205482747 1.0 638.1624206208152 379.124955570234 1.0 616.8290129121332 375.93228552631535 1.0
0.1565940351408064 -0.9876630539603676 274.87859145753157 583.6161074795473 370.8444810527676 1.0 609.2893860016379 374.91498086841557 1.0 557.9428289574565 366.77398123711964 1.0
-0.16733827598486709 0.9858995391977889 -271.2250392612937 529.3822947266628 364.9570219806967 1.0 509.42677817015567 361.56994083886906 1.0 549.3378112831699 368.3441031225243 1.0
-0.15726877871102196 0.9875558370253014 -276.91622055731875 628.0574602757326 380.42410991856116 1.0 618.013585525059 378.82461766066217 1.0 638.1013350264061 382.0236021764601 1.0
-0.19346166635099596 0.9811078348747889 -321.9356934697558 494.4947353296153 425.6427827036089 1.0 485.7163375540201 423.9117971776648 1.0 503.2731331052106 427.37376822955287 1.0
-0.03780421759677062 0.9992851650714605 -247.12631027750422 408.69270639093406 262.7644514880218 1.0 401.7094781274598 262.50026715903556 1.0 415.67593465440837 263.028635817008 1.0
-0.11299452543510442 -0.9935956105084681 356.27925159604644 265.5821212694307 328.3729541359302 1.0 275.6649515125548 327.2263059358828 1.0 255.4992910263066 329.5196023359776 1.0
-0.003928889290164903 0.9999922818846882 -420.70565721064924 573.1207345700486 422.96064958573726 1.0 566.8659199724095 422.93607492198254 1.0 579.3755491676877 422.985224249492 1.0
0.9999603339360581 -0.008906770149000513 -189.13301861219492 191.75138185821564 293.1205341298885 1.0 191.84059477153016 303.13644035594206 1.0 191.6621689449011 283.10462790383497 1.0
0.03317399426478997 0.9994495915775441 -267.5875635043752 42.4817396732857 266.3248619632294 1.0 35.572861037543454 266.55418328385394 1.0 49.39061830902796 266.0955406426048 1.0
-0.05862910101958628 0.9982798347726128 -394.3205035396159 541.8779641005525 426.8245301521192 1.0 535.5031270491455 426.45013516541144 1.0 548.2528011519595 427.198925138827 1.0
0.062283415522456476 0.9980585033708481 -339.0692641480639 107.45464344045487 333.02318533259717 1.0 99.24460746082697 333.5355291287238 1.0 115.66467942008276 332.51084153647054 1.0
0.1166021298369126 0.993178706637177 -483.52203700663097 558.0604264901133 421.3249840172562 1.0 550.5176384746039 422.2105297318786 1.0 565.6032145056228 420.43943830263385 1.0
0.01798245393743623 0.9998383026021698 -334.8658362282803 202.47802820502488 331.2783512600969 1.0 195.61648858087938 331.4017585349632 1.0 209.33956782917042 331.1549439852306 1.0
0.9975281328390706 0.07026823033631767 -270.7046959857873 250.46372644654514 296.86363951117943 1.0 249.4061363672225 311.87719331901707 1.0 251.52131652586777 281.8500857033418 1.0
0.984012370984824 -0.17810012282091506 -240.88128011199112 300.10766950564584 305.60551248871957 1.0 301.2624733822355 311.9858635105326 1.0 298.9528656290562 299.22516146690657 1.0
-0.14697483425901461 0.9891402317641999 -335.5389944128972 591.2208065747125 427.0714716721777 1.0 583.0895961881663 425.8632675566134 1.0 599.3520169612586 428.2796757877421 1.0
0.006675460687627498 0.9999777188640794 -420.63475115044355 627.4971975616145 416.4551973713834 1.0 619.3725596260396 416.5094342809835 1.0 635.6218354971895 416.4009604617833 1.0
0.1096514827682711 0.993970096294008 -470.66732885932765 471.83052547416355 421.47184677660323 1.0 461.9507599508964 422.5617497254628 1.0 481.7102909974307 420.3819438277436 1.0
0.07909843850675898 0.996866810073338 -344.9573548450914 429.3333613688638 311.9752340225655 1.0 424.3153625536873 312.3733974148044 1.0 434.3513601840403 311.5770706303265 1.0
-0.003256962740248287 0.9999946960827885 -413.84581594206094 582.5057152819871 415.74522043094544 1.0 573.1287791392551 415.7146799373266 1.0 591.8826514247191 415.7757609245642 1.0
-0.005211936857095483 0.9999864177648602 -232.8686167358755 102.49853541122819 233.40600280559673 1.0 4.376200906772532 232.89458844773864 1.0 200.62086991568384 233.91741716345481 1.0
-0.9999841380726615 -0.005632370999516193 423.0004941413335 421.4406697695463 278.1260739399152 1.0 421.5251738216871 263.1230296179243 1.0 421.35616571740553 293.1291182619061 1.0
-0.0601730010585401 0.9981879632331824 -370.6714095513785 574.3918835229072 405.9699253976629 1.0 561.8996034202569 405.2168628367745 1.0 586.8841636255573 406.7229879585513 1.0
0.9999549679466172 -0.009490104260749066 -174.25164917739963 177.16594554923068 306.2472387720598 1.0 177.33805852067562 324.3824684930074 1.0 176.99383257778572 288.1120090511122 1.0
0.01502417745465241 0.9998871306761634 -458.7691393824296 635.0079543525513 449.2793770506262 1.0 631.8742706949607 449.32646338458727 1.0 638.141638010142 449.23229071666515 1.0
-0.028489906768658382 0.9995940802207229 -405.15868436811616 515.6066517834304 420.01876373059235 1.0 510.5751122296788 419.87535742634776 1.0 520.6381913371819 420.1621700348369 1.0
0.027116455419965574 0.9996322813142126 -463.491226381236 578.7286482743341 447.9628811119725 1.0 569.3097170741718 448.21838309281804 1.0 588.1475794744964 447.70737913112697 1.0
0.1838320673356345 -0.982957664917013 308.29484981080947 613.8090684961646 428.43415830871254 1.0 626.829330127625 430.8691986958937 1.0 600.7888068647043 425.9991179215314 1.0
-0.977046757315465 0.2130249610241369 276.0931173341483 322.7941339270617 184.44713854584148 1.0 321.69673264755806 179.4138675316933 1.0 323.89153520656527 189.48040955998968 1.0
0.030788877402081527 -0.9995259101335591 439.83604668684217 586.8750781565723 458.1224627357138 1.0 593.1576212888834 458.31598693384905 1.0 580.5925350242611 457.9289385375785 1.0
-0.9996963583533571 0.024641247838456795 421.5725391475261 428.9876018377414 295.6345488735641 1.0 428.74126418044756 285.6406207845144 1.0 429.2339394950353 305.6284769626137 1.0
-0.027045646284479922 0.9996341996035624 -424.8337674587969 549.3620804858333 439.8525181952542 1.0 543.0828574632562 439.68263040542337 1.0 555.6413035084104 440.0224059850851 1.0
-0.05396859441506425 -0.9985426334498004 441.7474485863838 580.0562991801992 411.0416638095993 1.0 586.9449562060593 410.66935007492305 1.0 573.167642154339 411.4139775442755 1.0
0.15052394645679085 0.9886063632928291 -484.1581600057137 513.8824602580083 411.49496824779726 1.0 504.53386276692316 412.91837380176025 1.0 523.2310577490936 410.0715626938342 1.0
0.9999997041313727 -0.0007692445430624644 -359.74052487743717 359.965635429156 292.50002643476637 1.0 359.9766936860266 306.8754987062418 1.0 359.95457717228544 278.124554163291 1.0
-0.16258571167543043 -0.9866944240031934 498.2393987138631 448.81239621169516 431.0036679255151 1.0 458.1401044152267 429.46666514159443 1.0 439.48468800816363 432.5406707094358 1.0
0.999417347054464 0.03413160421980287 -477.12781408019265 468.3548308538967 265.02919375820926 1.0 467.8637468131291 279.4087671894517 1.0 468.84591489466436 250.64962032696687 1.0
-0.18928533256522134 0.9819221266860594 -331.5651293586958 615.6075967433527 456.34027980428664 1.0 605.617392134028 454.41446598414933 1.0 625.5978013526774 458.26609362442395 1.0
-0.21805531236694486 0.9759364122464916 -318.3990851004192 473.701973035003 432.0899512589326 1.0 463.0501515039929 429.70999469406297 1.0 484.35379456601316 434.46990782380226 1.0
-0.2288233459359743 0.973467963702281 -323.2727728703386 447.5505731499494 437.2848500069001 1.0 439.433338785913 435.3768131775614 1.0 455.66780751398574 439.19288683623876 1.0
0.10914370001600784 -0.9940259819274422 376.74760233545527 579.3612220781108 442.62548239003 1.0 586.8396867696993 443.44661515891033 1.0 571.8827573865225 441.80434962114975 1.0
-0.02943551847917215 0.9995666812433587 -400.7772555419609 497.5006910254773 415.6015342661283 1.0 491.8805648053106 415.4360312213457 1.0 503.120817245644 415.76703731091084 1.0
0.11961065727489409 0.9928208754182538 -465.36122546859235 551.1537056752453 402.3257149030121 1.0 541.7643911284177 403.4568978909138 1.0 560.5430202220729 401.1945319151105 1.0
-0.13385862433578175 -0.9910004382899797 511.5196340953244 600.7955837747064 435.0128890841965 1.0 608.2441065120045 434.00678558673593 1.0 593.3470610374084 436.0189925816571 1.0
-0.08063608937385554 0.9967436085024531 -286.65801328233516 380.4532484670519 318.37302263224615 1.0 370.56850369783325 317.5733514270844 1.0 390.3379932362705 319.17269383740796 1.0
-0.09447234576229972 -0.9955274862534779 467.30040922518253 561.2983409033943 416.13440513492037 1.0 568.2295436337332 415.4766563636098 1.0 554.3671381730553 416.792153906231 1.0
-0.1479475499018356 0.9889952085212769 -371.27776684924015 589.8288931326632 463.64380989785514 1.0 580.5676479732032 462.2583850559785 1.0 599.0901382921232 465.0292347397318 1.0
-0.03566157355400623 0.9993639237893532 -413.80885144455374 519.3935054424854 432.60641178947867 1.0 514.3553155690329 432.42662765431606 1.0 524.431695315938 432.7861959246413 1.0
0.9982811245888722 0.05860713514220346 -48.50161396749965 30.642418856731762 305.626022627059 1.0 30.4187263734497 309.43627513694645 1.0 30.866111340013823 301.81577011717155 1.0
0.9996293491662062 -0.027224332600580475 -5.505835711964466 13.371635093176899 288.74328303454354 1.0 14.03590869433452 313.13423495743206 1.0 12.707361492019276 264.35233111165496 1.0
-0.05831782032488461 -0.9982980676293802 465.9459796781557 546.8993592696579 434.7919876667692 1.0 553.2008764277847 434.4238704106931 1.0 540.597842111531 435.16010492284533 1.0
0.13732086330306797 -0.9905266177653683 364.9610135037358 523.2474845944558 440.9914907636286 1.0 528.3232244598096 441.6951618893825 1.0 518.1717447291021 440.2878196378747 1.0
-0.020085340887977216 -0.9997982691930476 485.3117909008046 536.8549030442942 474.6246235740928 1.0 543.102381663553 474.4991155174931 1.0 530.6074244250354 474.7501316306925 1.0
-0.25475852529004567 -0.9670047020527052 591.0329374280641 612.6135210874758 449.8058999090266 1.0 620.8270748291449 447.6420295222784 1.0 604.3999673458067 451.9697702957749 1.0
0.15814161121457182 0.9874164424408068 -360.5680148369472 224.96139155764956 329.1339337145294 1.0 220.50061538895463 329.848358044796 1.0 229.42216772634453 328.4195093842628 1.0
0.11685786882541495 0.9931486487397453 -370.78747973326205 372.516311888082 329.51363105471495 1.0 359.42547221470545 331.05395195965417 1.0 385.60715156145847 327.9733101497757 1.0
0.14935537409007396 0.9887835820999527 -509.93329335457514 471.27372794175847 444.53208707765464 1.0 465.5896047957141 445.3906716599841 1.0 476.9578510878029 443.6735024953252 1.0
0.15618701781903174 0.9877275006117818 -494.2190113533751 396.8908540972953 437.60026139249374 1.0 384.4065272551008 439.5743785227272 1.0 409.3751809394898 435.6261442622602 1.0
0.0011613803789428437 0.9999993255975802 -438.9253950430022 498.12453217082293 438.3471786074671 1.0 491.873814738603 438.35443807294297 1.0 504.37524960304285 438.3399191419912 1.0
0.08328449930603692 -0.996525811093392 398.70234001846995 470.6727427873176 439.42874219990506 1.0 476.9312628341775 439.9517970999358 1.0 464.41422274045766 438.9056872998743 1.0
0.03036335071138627 0.9995389271727126 -439.46584922094314 450.63576710008704 425.97944492842953 1.0 445.60244007667484 426.1323440997397 1.0 455.6690941234992 425.8265457571194 1.0
-0.9999841492249208 -0.005630390653514857 456.0476877919698 454.5769092408801 262.5011368459226 1.0 454.7845266052802 225.62730583131994 1.0 454.3692918764801 299.3749678605252 1.0
0.9996987949693305 -0.024542195029552724 -78.43813859270344 85.68851879733333 294.3734406396006 1.0 86.36397877342044 321.88754536133285 1.0 85.01305882124623 266.8593359178683 1.0
0.9995019504603636 0.03155710737582097 -201.23868471086166 191.4925656695989 311.86292546505473 1.0 191.25476042801884 319.3948833203265 1.0 191.73037091117897 304.33096760978293 1.0
0.20701127512387454 -0.9783385569278088 339.067365767285 563.2305265015385 465.75128008645356 1.0 570.7888623266488 467.35058405530043 1.0 555.6721906764283 464.15197611760675 1.0
0.09245742088949009 0.995716639070807 -531.069597715835 631.9031980555094 474.67867787452906 1.0 625.5915486567625 475.26474704528374 1.0 638.2148474542563 474.09260870377443 1.0
0.13694495823748792 -0.990578658367589 380.42880241545333 445.62112653993324 445.6530183142595 1.0 451.92348297126796 446.5243029224997 1.0 439.3187701085985 444.78173370601934 1.0
-0.0005090182780080288 -0.999999870450188 422.6146336136794 540.6246001663578 422.33950052465605 1.0 546.8745985469852 422.33631916083067 1.0 534.3746017857304 422.3426818884815 1.0
-0.14188925446718764 0.9898825382169067 -371.51172348043394 557.6445745391954 455.24138372135485 1.0 552.0450366325965 454.4387488346346 1.0 563.2441124457945 456.04401860807513 1.0
0.11628301815271352 -0.9932161193261494 369.11913959426295 469.4797023658897 426.6056985002168 1.0 475.71737534396857 427.3359881381183 1.0 463.2420293878109 425.8754088623153 1.0
-0.05319368364349404 -0.9985842137849145 446.78243737493426 490.5934333333198 421.2824113152244 1.0 495.579285493422 421.0168194514271 1.0 485.60758117321757 421.54800317902175 1.0
-0.10850927165208474 0.9940954370509574 -395.5914448396839 499.38041709693323 452.4503718782604 1.0 491.766470490016 451.61928084824285 1.0 506.99436370385047 453.281462908278 1.0
0.246095365277962 -0.969245619638648 299.8352169783531 627.9562370024016 468.789672396388 1.0 636.7726285123254 471.02818969799534 1.0 619.1398454924778 466.5511550947807 1.0
0.011261677166216271 -0.9999365853029901 449.3000269123038 471.88605869504784 454.6430864181394 1.0 479.38510750475336 454.72754364071716 1.0 464.38700988534225 454.5586291955616 1.0
-0.3425767666762404 0.9394898397181594 -288.5264315973967 394.2816358640713 450.8810437999051 1.0 386.8572086930294 448.1737912601206 1.0 401.70606303511323 453.5882963396897 1.0
-0.1913505392779201 0.9815217629365379 -361.44413297602745 473.0337552758476 460.468034649114 1.0 467.8646778227869 459.4603078767057 1.0 478.20283272890833 461.47576142152224 1.0
-0.07303869717448346 0.9973291075242184 -383.089562008355 524.373708609351 422.5176336864324 1.0 518.1115229182145 422.0590269127058 1.0 530.6358943004874 422.976240460159 1.0
0.0821163717675213 -0.9966227478277517 368.2588838552295 625.6409628954971 421.05626293598664 1.0 631.8999679323408 421.57197139801053 1.0 619.3819578586533 420.5405544739628 1.0
0.9901554348918613 0.1399721927888139 -377.2412636004225 339.5389172538505 293.2365243870397 1.0 337.25002565555343 309.42801507370467 1.0 341.82780885214754 277.0450337003748 1.0
0.9999206147247084 -0.012600168592576084 -26.831470755021748 30.87381123055608 320.6218646876496 1.0 31.000001369114017 330.6360260055699 1.0 30.74762109199814 310.60770336972934 1.0
0.21762837235768356 0.9760317062190886 -537.4224380156672 446.2220280990084 451.1245500783964 1.0 439.27436973539824 452.6736878489581 1.0 453.1696864626186 449.57541230783477 1.0
0.8459743067080697 0.5332236607557852 -351.8295539803524 221.7307311025441 308.0340662812988 1.0 218.76444483792852 312.74016271117034 1.0 224.69701736715967 303.32796985142727 1.0
0.23643125449568606 0.971648219211869 -517.7316810041486 359.91150181892385 445.26130400629773 1.0 345.4785805264081 448.7732681305102 1.0 374.34442311143965 441.7493398820853 1.0
0.2410843774725267 0.9705041591557886 -559.9571017763136 522.5714739054824 447.1627238387202 1.0 511.9790832466475 449.79399531122203 1.0 533.1638645643174 444.53145236621833 1.0
-0.20935667853748677 0.9778393432214473 -340.93500901696683 531.8674848962028 462.5351006913778 1.0 523.1171545666748 460.6616435569363 1.0 540.6178152257309 464.40855782581934 1.0
-0.9996637145664627 0.025931790898082105 463.8404797021013 470.85480437457494 264.3852515777786 1.0 470.53034570828123 251.8774553810093 1.0 471.17926304086865 276.89304777454794 1.0
0.019191202296492 0.9998158319182664 -332.2992115890349 348.7747762127401 325.66578154509625 1.0 340.65276866848546 325.8216813466991 1.0 356.8967837569947 325.50988174349345 1.0
0.007172995744615601 0.9999742737351036 -445.42819788665446 419.37450798032484 442.4314084331236 1.0 413.12034654749317 442.47627066060494 1.0 425.6286694131565 442.38654620564216 1.0
0.3659756598397392 -0.9306244228499849 278.05618385445615 128.73585784938751 349.4109614919674 1.0 135.54149755520973 352.0873349255618 1.0 121.9302181435653 346.734588058373 1.0
0.9941245141032723 0.10824255382673116 -404.1620744519423 377.7092887943308 264.88668498050333 1.0 376.96217080122443 271.74838849374083 1.0 378.4564067874372 258.0249814672658 1.0
0.9938046845394352 -0.11114067206686237 -191.95505238544962 224.6710576262695 281.84189083472234 1.0 226.06714944429018 294.3255528730576 1.0 223.27496580824877 269.3582287963871 1.0
0.01853782879341448 -0.9998281596872666 216.9458392504352 474.3605704162908 225.7782520966076 1.0 491.8661406741337 226.10282313536737 1.0 456.85500015844787 225.4536810578478 1.0
0.12097946458709988 0.9926550101360586 -479.9753490734718 421.97839683299844 432.09838682877637 1.0 410.6678817957448 433.47685169264054 1.0 433.28891187025204 430.7199219649122 1.0
-0.08936447314834173 -0.9959989914346897 512.7636624897992 474.97372812204196 472.2071905307845 1.0 480.72069480568433 471.6915528099621 1.0 469.22676143839954 472.72282825160687 1.0
-0.07049432902142906 0.9975121801641413 -431.04573344349024 568.1411559614378 472.27138915228886 1.0 561.790366991905 471.82257798379743 1.0 574.4919449309705 472.7202003207803 1.0
0.9998821550865462 -0.015351740601110032 -81.12581132947948 86.25002403817652 333.12499963092864 1.0 86.40367065040437 343.1322365787066 1.0 86.09637742594866 323.1177626831506 1.0
-0.1579044544878086 0.9874543955307037 -340.98974731033354 617.5480501766597 444.0745185582159 1.0 613.0872313153558 443.36118620377886 1.0 622.0088690379634 444.7878509126529 1.0
0.9999925612657122 -0.0038571249967920772 -427.7586882000113 428.70687350236 245.00016634552946 1.0 428.7430430785995 254.37743755497073 1.0 428.6707039261205 235.62289513608818 1.0
0.11318629309595361 0.9935737833976885 -421.3435269069288 8.74402826199595 423.0725787910369 1.0 0.5825450828473422 424.00232154658124 1.0 16.905511441144558 422.1428360354925 1.0
-0.12205246567736214 -0.9925236499056717 370.80663607022336 237.57801237417647 344.3843921519792 1.0 244.42630931827455 343.54224443308374 1.0 230.7297154300784 345.2265398708748 1.0
0.9995721416715893 -0.029249505877405546 -4.399151919379301 14.148605996908993 333.11333598100293 1.0 14.697334291018676 351.86556784563453 1.0 13.59987770279931 314.36110411637134 1.0
-0.05337157560435964 0.9985747217497087 -454.4636158156164 413.79789744601464 477.2288454779531 1.0 409.43535974325056 476.99567763807227 1.0 418.16043514877873 477.46201331783385 1.0
-0.155964275505715 0.9877626965855602 -387.9777651445247 415.6773603120737 458.4183883993286 1.0 409.29053623226537 457.40993121236147 1.0 422.064184391882 459.42684558629577 1.0
-0.08650544053082598 -0.9962513782969477 363.73328500047825 261.8631985553764 342.36408709787503 1.0 271.8422298706865 341.49759845975893 1.0 251.88416724006635 343.2305757359911 1.0
-0.07354158882108644 0.9972921511340948 -427.8625406409652 361.1096733804148 455.65295910859317 1.0 355.46925640432966 455.23702760290246 1.0 366.7500903564999 456.0688906142839 1.0
-0.015983759428430146 0.9998722515574348 -459.36540652686057 388.1049655349516 465.62826621477166 1.0 381.85656228848575 465.5283804802213 1.0 394.35336878141743 465.728151949322 1.0
-0.15633176795568024 0.9877046007424747 -339.72213180061607 583.6386941814858 436.32823051081317 1.0 576.7387045724169 435.2361149393653 1.0 590.5386837905548 437.42034608226106 1.0
0.9980206539795986 -0.06288699571560155 -222.49055886700788 240.53606980394517 279.3806036444096 1.0 241.0901853269032 288.1744525206345 1.0 239.98195428098717 270.5867547681846 1.0
0.9950933902549381 0.09894010648333444 -410.44338522829474 384.6187831040561 280.0863813323131 1.0 382.4589695075467 301.8087779463819 1.0 386.7785967005654 258.36398471824435 1.0
-0.9999999754248614 0.00022169861664174953 165.64204804429554 165.67530687509387 149.9998502853963 1.0 165.67239705010303 136.87471236886168 1.0 165.6782167000847 163.1249882019309 1.0
0.14733184690371204 0.9890871179466151 -495.033551721046 336.218446774454 450.4131728249993 1.0 324.419058477865 452.17077904443886 1.0 348.01783507104295 448.6555666055598 1.0
0.2114007758322548 0.9773994638721267 -511.5407594785374 306.8998958953122 456.9901047560493 1.0 295.63610412316365 459.4263392819122 1.0 318.1636876674608 454.55387023018636 1.0
-0.17600157424065332 0.9843898850886328 -342.1720350999149 630.6727955090859 460.3576761655411 1.0 624.399831260628 459.2361169138585 1.0 636.9457597575437 461.47923541722366 1.0
-0.11464445399076725 -0.9934065880439685 360.48025307260104 348.7642589153311 322.62355504287535 1.0 355.6200787257922 321.8323566269508 1.0 341.9084391048699 323.4147534587999 1.0
-0.2554389893654509 0.9668251769125362 93.82518820543295 532.9560559103868 43.76444584080253 1.0 514.1946518791195 38.8076095902946 1.0 551.717459941654 48.721282091310464 1.0
0.9993372021187469 0.036402698546603864 -301.61964979944105 291.4832692568448 283.7584972624046 1.0 291.05044550443915 295.64049763624655 1.0 291.91609300925046 271.87649688856266 1.0
0.0631017653699846 -0.9980070977739544 171.31552165944348 224.36118621964124 185.84347646835658 1.0 259.45798210834784 188.06256868157553 1.0 189.26439033093465 183.62438425513767 1.0
0.1026991088473496 0.9947124675211225 -511.5063737933611 446.87119352622364 468.0881316477314 1.0 439.3226017234417 468.8674861612322 1.0 454.41978532900555 467.3087771342306 1.0
0.9999952239905158 -0.003090630381983573 -2.9220195544060967 3.8782065965750956 309.3765354121193 1.0 4.021147569051135 355.626093632297 1.0 3.735265624099056 263.1269771919416 1.0
-0.1403184770546553 0.9901064210462742 -43.10672820547364 429.37308934025157 104.38848187726256 1.0 409.24588649609814 101.53604259353658 1.0 449.50029218440505 107.24092116098856 1.0
-0.052052372814721755 0.9986443563573357 -83.7697546060469 464.4094065414959 108.0898975564672 1.0 449.28760513314796 107.30170340153437 1.0 479.53120794984386 108.87809171140003 1.0
0.9976483893890241 -0.06853970491245276 2.653055324759611 18.29671583295424 305.03114119501544 1.0 20.14319689589054 331.9081004820263 1.0 16.45023477001794 278.15418190800455 1.0
-0.003835853536477345 -0.9999926430867613 115.07958242546275 175.62512179638617 114.40675186147325 1.0 189.3845090453074 114.35397247894137 1.0 161.86573454746494 114.45953124400512 1.0
-0.030035934326948618 -0.9995488195426511 347.55168374303395 299.9983102031107 338.6937662079164 1.0 308.1347441638224 338.44927050013166 1.0 291.8618762423989 338.93826191570116 1.0
-0.0292809270852246 -0.9995712217291122 336.11908381517577 387.47913281537603 324.91265106487583 1.0 394.34823837812564 324.7114310069638 1.0 380.6100272526264 325.11387112278794 1.0
0.21399503997070696 0.9768347469597586 -501.76990056571685 483.92123076564735 407.65662634823605 1.0 460.81002522072424 412.71959464430626 1.0 507.0324363105705 402.5936580521658 1.0
-0.1727191499162165 0.984971113917672 -336.7814460020015 531.1305359005239 435.056271805652 1.0 525.4606861478703 434.0620379488479 1.0 536.8003856531775 436.0505056624561 1.0
0.9968416983362758 -0.07941428371552159 -67.95968328199459 92.52274458459289 305.62318803236576 1.0 93.41727525870449 316.85171563061965 1.0 91.62821391048129 294.3946604341118 1.0
0.06648395171640685 -0.9977874944917734 422.0325716923469 609.9675924740027 463.61137036957984 1.0 615.5677293224262 463.98451518236936 1.0 604.3674556255793 463.2382255567903 1.0
0.11271134957145656 0.993627773201706 -75.57361534081564 445.6120278816817 25.51064188888371 1.0 438.06731533498674 26.366470153955824 1.0 453.15674042837657 24.654813623811595 1.0
1.0 0.0 -524.375 524.3749999999999 205.0 1.0 524.3749999999999 215.625 1.0 524.3749999999999 194.375 1.0
-0.14911496585696182 0.988819865778129 -39.373816717670714 359.42836336430014 94.02113374370914 1.0 310.65647412119165 86.66628697033589 1.0 408.20025260740863 101.3759805170824 1.0
0.2278868108838221 -0.9736876303133367 -55.31719667295098 490.78779740713276 58.054418623625054 1.0 508.34975167087623 62.16470782259961 1.0 473.2258431433893 53.94412942465049 1.0
-0.25124932816718387 -0.9679224013811948 187.0969090305826 530.457190371255 55.6035238481448 1.0 551.7337010155258 50.08065445542613 1.0 509.18067972698424 61.126393240863486 1.0
0.04173323512084959 -0.9991287890389046 175.65213360447635 173.7786553654817 183.06396642195762 1.0 188.2589217006885 183.66880172067923 1.0 159.29838903027496 182.459131123236 1.0
-0.99951831622553 0.03103442491301107 79.3899582539585 88.3159187611454 286.244072090665 1.0 88.02511117238839 276.87810148625573 1.0 88.6067263499024 295.61004269507424 1.0
1.0 0.0 -514.375 514.3749999999999 291.875 1.0 514.3749999999999 303.125 1.0 514.3749999999999 280.625 1.0
0.20300867903966496 0.9791769381651972 -206.5445382745904 585.5299221391805 89.54140852950268 1.0 532.8330503128046 100.46683162927573 1.0 638.2267939655563 78.61598542972962 1.0
0.020748714857501512 -0.9997847222436249 124.9018837685857 398.04583706653415 133.18949607798288 1.0 409.2909938383915 133.42286886934096 1.0 386.8006802946768 132.95612328662477 1.0
0.32608978429606167 -0.9453388030636148 21.528655431128275 461.4413374596978 181.9453100531116 1.0 471.89986203826675 185.55292460656932 1.0 450.9828128811289 178.33769549965388 1.0
0.2772094963654867 0.9608094999138971 -181.5243489561782 494.386494441723 46.28983979246184 1.0 473.2712593839656 52.3819357558389 1.0 515.5017294994803 40.19774382908478 1.0
0.19688487856908357 0.9804266135671947 -201.1067009716739 498.863866399543 104.94201992207019 1.0 479.99372384314853 108.73143738012901 1.0 517.7340089559375 101.15260246401135 1.0
-0.09020591415829628 -0.9959231361158681 352.2300151530274 166.23776082232385 338.6148727156257 1.0 175.59262429275367 337.7675543026132 1.0 156.88289735189403 339.46219112863827 1.0
0.09683097860631312 0.9953008397374854 -398.77936447087495 518.089313596204 350.25818859133074 1.0 500.51245788271774 351.968208387966 1.0 535.6661693096901 348.5481687946954 1.0
-1.0 0.0 586.8749999999992 586.8749999999999 195.625 1.0 586.8749999999999 186.875 1.0 586.8749999999999 204.375 1.0
-0.19416105103678105 -0.9809696663303572 492.44375004940065 382.5075388376264 426.2880888493927 1.0 399.3415829852998 422.95616553198903 1.0 365.67349468995303 429.6200121667964 1.0
-0.2013324660512079 -0.9795229645668035 494.31622157478216 292.53039272133026 444.52286670566633 1.0 325.5452398214105 437.73695067979514 1.0 259.51554562125 451.3087827315375 1.0
0.0726847484859856 -0.9973549655651839 127.91450037462909 270.6357859689877 147.97699866612476 1.0 289.3773439750955 149.34283678489072 1.0 251.89422796287985 146.61116054735876 1.0
-0.09942554744267589 0.9950450042665027 -337.66486561556064 553.1630954095974 394.61874339160863 1.0 540.7248303442262 393.3759038134398 1.0 565.6013604749685 395.86158296977754 1.0
0.7189939352848456 -0.6950163458679308 -201.62589056780124 421.23269879463226 145.66256723470647 1.0 434.4749940561928 159.3617126417449 1.0 407.9904035330717 131.96342182766804 1.0
-0.9992731616892436 0.0381201826803447 -7.958788333880493 1.5005083300787252 248.11544363075916 1.0 0.9282129803065917 233.11343305850343 1.0 2.0728036798508587 263.1174542030149 1.0
-0.03596650045206699 -0.9993529961156025 352.45029084107466 116.86501385458806 348.4725283468887 1.0 123.12939344111237 348.2470746662509 1.0 110.60063426806376 348.69798202752645 1.0
0.021582651608408766 -0.9997670674459875 183.17256780729355 291.24724547759956 189.50259696224768 1.0 321.91192408107014 190.16457623375263 1.0 260.582566874129 188.84061769074273 1.0
0.19136684712925411 0.9815185835325833 -496.9940658886093 234.98294142022615 460.53750672042804 1.0 220.66479688724291 463.32911782386367 1.0 249.3010859532094 457.7458956169924 1.0
0.06568980059410495 -0.997840092448638 129.20021442704657 191.23720194029022 142.06940486907308 1.0 210.61053080680938 143.34478969246967 1.0 171.8638730737711 140.79402004567646 1.0
0.18922088573063914 0.9819345479222699 -495.9445220533441 305.0082992082152 446.2930675463516 1.0 294.4153427497662 448.33435289252367 1.0 315.6012556666642 444.25178220017955 1.0
0.064411883635287 0.9979233984863539 -329.855837731374 472.46267338066264 300.0467044321506 1.0 456.82215214140996 301.05623626153357 1.0 488.10319461991537 299.03717260276767 1.0
-0.7164906062237447 -0.6975967396663568 520.5265966415701 400.4728458649596 334.8518581714694 1.0 402.64308960052364 332.62283506781887 1.0 398.3026021293955 337.0808812751199 1.0
0.610923033056099 -0.7916899946832324 -133.613341589739 593.6441111165691 289.3272882918478 1.0 597.50595271035 292.30735371581324 1.0 589.7822695227882 286.34722286788246 1.0
-0.13992040663974056 -0.9901627542004242 425.8136912900045 235.69397434142851 396.7381048127159 1.0 266.9383004768905 392.3229530616396 1.0 204.44964820596653 401.1532565637922 1.0
-0.1783416957573253 -0.9839686171593083 488.5724390394024 336.2435288699605 435.5892966898493 1.0 344.3294603560352 434.1237431062733 1.0 328.1575973838858 437.05485027342525 1.0
0.9998849491523194 -0.015168667003518122 -581.7777788119205 585.0873760759675 213.74867446889607 1.0 585.3434616872287 230.62927105230335 1.0 584.8312904647065 196.86807788548882 1.0
0.9992222117905744 0.03943312648462698 -178.77778600664547 167.32472106287415 293.7430828234038 1.0 167.05091360731495 300.681271999331 1.0 167.59852851843334 286.8048936474766 1.0
0.07503344423570489 0.9971810177927213 -414.83471888567584 444.3802518006845 382.5697954892675 1.0 434.3897882742911 383.3215335132782 1.0 454.37071532707796 381.8180574652568 1.0
0.8451143219958316 -0.5345856177989883 -281.27753394052746 436.260173771635 163.51391455342196 1.0 438.6688255857847 167.32169777291853 1.0 433.8515219574852 159.70613133392538 1.0
0.1833196211955545 0.983053364006613 -496.2011151429743 201.20061253992043 467.23515923470524 1.0 184.3295496670386 470.38127211958243 1.0 218.07167541280225 464.08904634982804 1.0
0.973788301876537 0.2274562444260666 -286.71229906831473 224.4955897167847 299.4031671940846 1.0 223.6003159253334 303.2360236948666 1.0 225.39086350823598 295.57031069330253 1.0
-0.20665475023899912 -0.9784139278463165 505.95054928302346 310.67648442476917 451.49375475619627 1.0 320.62853610284844 449.39174179893377 1.0 300.7244327466899 453.5957677134588 1.0
-0.1013097837555571 -0.9948549279746279 369.7251028374854 544.3701085948155 316.2019667462306 1.0 553.0932942983386 315.3136522468667 1.0 535.6469228912924 317.0902812455945 1.0
0.07836160396996297 -0.9969250017043684 96.60186907241648 309.27986978886594 121.21025707862321 1.0 318.22026706210477 121.91300188817452 1.0 300.3394725156271 120.5075122690719 1.0
0.46780202094943735 -0.8838332813351295 -40.09139696194363 328.0478117351368 128.27083425115637 1.0 336.43344407256455 132.70924569959357 1.0 319.66217939770905 123.83242280271917 1.0
-0.5199914781772369 -0.8541714480261281 258.51751381615315 290.1364313342298 126.02744128519018 1.0 294.71647596406785 123.23926078268018 1.0 285.5563867043918 128.8156217877002 1.0
-0.444896700051361 -0.895581892561149 240.65977358218424 280.35462461184056 129.44759961225168 1.0 284.6107450930046 127.33329384879342 1.0 276.0985041306765 131.56190537570996 1.0
0.17211536239732167 0.9850768000652735 -185.57873940034378 555.7411014783517 91.28948962593749 1.0 545.8254048950428 93.02198775272822 1.0 565.6567980616605 89.55699149914676 1.0
-0.12719995629493885 -0.9918770947645509 429.6242204756346 333.71428796606847 390.3465254667071 1.0 341.8655352602868 389.3011960553853 1.0 325.56304067185016 391.3918548780289 1.0
0.5770127481061549 -0.8167351397625688 -114.68865192831271 446.49450884025765 175.01925002696473 1.0 451.05776124239685 178.2431284676864 1.0 441.93125643811845 171.79537158624305 1.0
0.1363703134906922 0.9906579316789678 -167.88641126683203 530.0353634395979 96.5068966150501 1.0 525.6572895046639 97.10956610963588 1.0 534.4134373745318 95.9042271204643 1.0
0.17842408464415419 0.9839536808299949 -185.55265030269996 626.1434933435427 75.03764870791915 1.0 614.2076332099824 77.20202388152967 1.0 638.0793534771029 72.87327353430861 1.0
