line_hom_a line_hom_b line_hom_c centroid_x centroid_y centroid_z point1_x point1_y point1_z point2_x point2_y point2_z
-0.9999999734818398 -0.00023029615688089175 272.89407168321446 272.85147411106976 185.00008094313915 1.0 272.8542088447125 173.12522550803968 1.0 272.848739377427 196.87493637823863 1.0
-0.999958608514791 -0.009098420586169423 246.06410321379235 244.681009939003 153.12778432237582 1.0 244.88581940532757 130.6182743456757 1.0 244.47620047267839 175.63729429907596 1.0
-0.03365654096872421 0.9994334581401709 -160.14401584361735 254.9975754592062 168.82199691709894 1.0 250.60650787553146 168.67412499543903 1.0 259.3886430428809 168.96986883875883 1.0
-0.061744312196716 -0.998091999723149 213.81573181682867 253.19066710411892 198.56150362574724 1.0 259.5323895486248 198.16918980038133 1.0 246.848944659613 198.95381745111314 1.0
-0.9962037573325553 -0.08705213309563002 327.3473236876652 310.03021981763885 212.44802580976386 1.0 310.85270799192523 203.03566817476394 1.0 309.2077316433525 221.86038344476378 1.0
-0.9996718207666659 -0.02561739184731514 530.8671368888452 527.6623148900778 131.86314332312207 1.0 527.9840678263816 119.30732399580707 1.0 527.3405619537739 144.4189626504371 1.0
-0.9998802304991604 -0.01547658414980327 527.4492324872466 524.3006543135776 207.49884924490254 1.0 524.7948095665907 175.57345385386628 1.0 523.8064990605645 239.4242446359388 1.0
0.356934367331816 -0.9341294650194031 -6.411176143712729 104.20201503074186 32.95271728244448 1.0 108.09942495156233 34.44193221079694 1.0 100.3046051099214 31.463502354092014 1.0
0.015060802682600148 -0.9998865796791934 193.4542711098246 390.00036752376013 199.35060010025794 1.0 396.8926319508921 199.45441490954025 1.0 383.10810309662816 199.24678529097562 1.0
0.946182255561934 0.32363426774637283 -357.30895829299067 306.1724967373964 208.92093785309524 1.0 304.4450258441174 213.97139903448422 1.0 307.8999676306754 203.87047667170626 1.0
-0.9999230213572654 -0.012407713720015957 287.88122075442766 285.42962735102424 199.35706484932922 1.0 285.83284700523353 166.86206826852134 1.0 285.026407696815 231.85206143013707 1.0
-0.9998718769745604 -0.016007174496757412 371.5208216787842 369.3471552278945 138.74955422676027 1.0 369.8173057339128 109.38208097229925 1.0 368.8770047218763 168.1170274812213 1.0
0.999993698167515 0.003550158483322741 -229.23640007130027 228.60768150424897 177.50171360663592 1.0 228.45458188446992 220.6261700752967 1.0 228.76078112402803 134.3772571379751 1.0
-0.9995395461011761 -0.030342969199715332 448.29089431171036 443.41350410053167 167.47081191977142 1.0 445.14076758196467 110.57235399809757 1.0 441.6862406190987 224.3692698414453 1.0
-0.0059265067602545145 0.9999824381046002 -98.1843217685651 291.8643865498002 99.91581273958217 1.0 258.1155719673305 99.71579664914692 1.0 325.61320113226986 100.1158288300174 1.0
-0.9989483070217374 -0.0458506259325294 533.5316594707176 529.5890813865292 98.13482609961284 1.0 530.6248912021769 75.56762138444897 1.0 528.5532715708814 120.70203081477669 1.0
0.9966273644561828 0.08206032181951778 -489.74437190347544 472.3108451851346 231.85942536745915 1.0 471.27592460108485 244.42859584148525 1.0 473.34576576918437 219.29025489343303 1.0
-0.9981364675899114 -0.06102124275310908 535.3711806003928 526.6686238486161 158.69917367754806 1.0 527.4750168846672 145.50884420901133 1.0 525.8622308125651 171.88950314608482 1.0
0.999992871341171 0.003775879611456955 -261.6441428211292 261.0607362818235 155.00164529947128 1.0 261.01588020949276 166.88119581029568 1.0 261.1055923541542 143.12209478864688 1.0
0.19288448056530236 -0.9812214720220168 128.2671840620845 351.6485430837805 199.8475738940469 1.0 358.74091866161143 201.24176390956384 1.0 344.55616750594953 198.4533838785299 1.0
0.037881036319537605 -0.9992822559654293 94.17146151711154 315.0026422681418 106.1802983253333 1.0 330.67619678031616 106.77445526566474 1.0 299.3290877559674 105.58614138500184 1.0
-0.9998100094467802 0.0194921781755967 240.7872023296839 244.8294414411368 204.99114026319268 1.0 244.5488196839647 190.59724137915453 1.0 245.11006319830886 219.38503914723086 1.0
-0.9991097027650736 -0.04218769774100457 532.6869739331513 521.9190839962523 266.2518614595614 1.0 523.003630790957 240.56709353635307 1.0 520.8345372015477 291.9366293827697 1.0
0.9998374671638655 0.01802884509186237 -369.22498019577006 365.1827127209162 227.50329463482802 1.0 364.7205955043103 253.13123170066763 1.0 365.64482993752205 201.87535756898845 1.0
-0.999567072861628 -0.029422216959923354 470.48615597823465 465.3177748694417 182.50935369061966 1.0 465.7410771759271 168.1284167270481 1.0 464.8944725629563 196.8902906541912 1.0
-0.36326881051674564 -0.9316843732218271 181.086822809279 410.2551102087805 34.4042873709197 1.0 415.1104288146098 32.51117220733683 1.0 405.39979160295115 36.29740253450257 1.0
0.9996664232374598 0.025827161122046315 -302.4961448706181 297.9302094240501 180.63611479574877 1.0 297.7353196264689 188.17952175220142 1.0 298.1250992216313 173.09270783929608 1.0
0.9999812095880326 -0.006130291253687973 -365.7017835547772 366.67420193277286 157.50123097376576 1.0 366.7546604935996 170.6257377300858 1.0 366.5937433719461 144.37672421744574 1.0
0.9997965315544499 -0.020171650693285706 -372.00651258653266 374.59149108274437 124.37063212877669 1.0 374.8940042787275 139.3645286964013 1.0 374.28897788676124 109.37673556115207 1.0
-0.8982811143263959 0.4394212553399396 393.931539467727 523.9486799638828 174.59707214372511 1.0 522.2217632736714 171.06684544216995 1.0 525.6755966540942 178.12729884528028 1.0
0.9999343976276885 -0.011454276098967386 -258.0608678233784 260.49044916678463 210.61938189126985 1.0 260.60506641377305 220.62522833977988 1.0 260.3758319197962 200.61353544275983 1.0
0.24848974536042137 -0.9686345267698818 -71.15445062854728 422.36689524321196 34.8938538581952 1.0 429.71999261345195 36.7801889439725 1.0 415.01379787297196 33.007518772417896 1.0
-0.18462998148720902 0.9828081043296462 -17.792194386247992 98.07289418123341 36.5273656832657 1.0 89.28093649034089 34.87571163345198 1.0 106.86485187212593 38.17901973307943 1.0
-0.14722738344622624 0.989102672912968 -150.73451203949148 341.9429889948065 203.29323648958712 1.0 329.25886590497225 201.40521181331522 1.0 354.62711208464077 205.18126116585898 1.0
0.012089098098465959 -0.9999269241835453 223.65019093260202 266.8898920835372 226.8932294274775 1.0 284.38733452341256 227.10477318433817 1.0 249.39244964366176 226.68168567061684 1.0
0.00025833097781755075 -0.9999999666325523 140.2213693176575 415.6250765324063 140.3287428324956 1.0 443.12539761090824 140.33584701756718 1.0 388.1247554539044 140.32163864742407 1.0
0.08227576807274274 0.9966096015933422 -109.08503409133084 414.4465119236924 75.24122673297049 1.0 409.4803584337522 75.65121083516931 1.0 419.4126654136326 74.83124263077168 1.0
0.9999997845423182 -0.000656441404303045 -215.24967040219838 215.3883901578995 211.2501553205305 1.0 215.45772676628988 316.8751098051001 1.0 215.31905354950908 105.62520083596085 1.0
0.9979630085071467 0.06379524787446804 -449.8935352842064 439.1836195123642 181.9027193283104 1.0 438.7035861351026 189.41198638686097 1.0 439.6636528896258 174.39345226975988 1.0
-0.0055636765717029645 -0.9999845226317283 225.5574634975358 399.36228122531674 223.33899762977637 1.0 425.61146866977066 223.1929533801848 1.0 373.1130937808628 223.48504187936797 1.0
0.03393976070502866 0.9994238803647256 -185.3452744201005 349.3482904735307 173.58848477325384 1.0 343.020689376154 173.80336583753606 1.0 355.6758915709074 173.37360370897161 1.0
-0.017407179728443883 0.9998484835683363 -217.9031275038238 267.50925443684645 222.59343573792273 1.0 251.86723328881087 222.32111100281065 1.0 283.151275584882 222.86576047303484 1.0
-0.01402790968204336 -0.9999016040340931 109.62815698043097 269.3782934990599 105.85975878213925 1.0 290.6416450379868 105.56144905473988 1.0 248.11494196013305 106.15806850953862 1.0
-0.9997897861883756 -0.020503254214936463 372.071958724923 367.66409093974306 218.7533651056436 1.0 368.6001434854203 173.10910957951563 1.0 366.72803839406583 264.3976206317716 1.0
0.9987916469633675 0.049145151909460186 -227.37313788815354 218.82196642510257 179.37854107976852 1.0 218.3295992242208 189.38506722471644 1.0 219.31433362598435 169.37201493482064 1.0
0.019974229141771355 -0.9998004951840103 84.65827016081799 289.39084920061225 90.45667583675069 1.0 380.66685021672623 92.28020739951998 1.0 198.11484818449833 88.63314427398139 1.0
0.008405021107996007 -0.9999646771862365 152.0344439813962 404.3713127220469 155.43868393197744 1.0 423.1147351872883 155.5962283583463 1.0 385.6278902568056 155.28113950560856 1.0
-0.038264403010610445 0.9992676495625391 -187.8467305088081 399.9932558838296 203.30112131860668 1.0 393.0805265399538 203.03641600003348 1.0 406.9059852277054 203.56582663717987 1.0
-0.9999965995429585 0.0026078540066275654 263.12707496321826 263.5305642927989 154.37720217253076 1.0 263.49796622856474 141.87728718381226 1.0 263.56316235703304 166.87711716124926 1.0
-0.9960919295887624 -0.08832252152274851 507.4064570232738 494.6440452145781 166.38469229061417 1.0 495.36861227531745 158.2131026529431 1.0 493.91947815383884 174.55628192828522 1.0
-0.9987749369179384 -0.049483587022044036 534.7570752203363 518.4139331053435 343.10834980703635 1.0 520.8927333849911 293.07633430593216 1.0 515.935132825696 393.1403653081405 1.0
0.9982164762528453 0.059698128424205285 -383.8907281277104 373.2506478591986 189.38251434404572 1.0 372.79925561056814 196.9302749142587 1.0 373.702040107829 181.83475377383274 1.0
0.0462280738792088 0.9989309111171897 -221.67790958871475 386.29227440548044 204.03849707742273 1.0 381.8689006178451 204.2431999732631 1.0 390.7156481931158 203.83379418158233 1.0
0.014048341378829161 0.9999013171831027 -46.087189377331484 413.12025836637395 40.28751064232654 1.0 405.60417984177894 40.39310950006288 1.0 420.6363368909689 40.1819117845902 1.0
-0.2416562803871366 -0.9703619129734296 185.61038164915516 614.5572650566982 38.2318786368911 1.0 619.7049526121676 36.9499125883288 1.0 609.4095775012287 39.51384468545341 1.0
-0.010796891027412733 0.9999417118733184 -102.58673194318432 347.50572363579244 106.34491201838586 1.0 326.8696326238234 106.12209340481827 1.0 368.14181464776146 106.56773063195342 1.0
-0.017384736093070136 0.9998488740559618 -111.55174474202441 409.990050049832 118.69725179715803 1.0 376.85333375107047 118.12109165656796 1.0 443.12676634859355 119.2734119377481 1.0
-0.025295857576121565 0.9996800085974954 -26.483694580934117 238.1245530124114 32.517664732457575 1.0 224.36754651610647 32.169558064312305 1.0 251.88155950871638 32.865771400602846 1.0
-0.03634032033191803 0.9993394724107387 -160.85140418480523 361.86166948839355 174.1165819759987 1.0 356.8001794892757 173.9325242328566 1.0 366.92315948751144 174.3006397191408 1.0
-0.9999951571709074 0.003112175241217721 244.01946369749683 244.75979902722247 237.50269267008628 1.0 244.73062252563355 228.1277834729119 1.0 244.7889755288114 246.87760186726067 1.0
0.0007344713044053542 0.9999997302759152 -207.7856121462988 276.250519836937 207.58277005672426 1.0 269.37552354564264 207.58781954558006 1.0 283.1255161282313 207.57772056786843 1.0
-0.9995683808846022 -0.029377745586329933 483.22030689707117 479.6819588421234 127.49065263327576 1.0 480.25144639538496 108.11402109853702 1.0 479.1124712888618 146.8672841680145 1.0
0.02270419203408776 -0.9997422266084789 213.90882014885293 341.2820324053032 221.7145050502831 1.0 363.17412919732686 222.2116755772109 1.0 319.3899356132796 221.21733452335525 1.0
-0.9991117704811663 0.04213870057310206 63.928894776577955 71.15473413996645 169.97765784673254 1.0 70.8630683091783 163.0622389889045 1.0 71.44639997075458 176.8930767045606 1.0
-0.9999987249870874 0.0015968795194555563 262.7241168914037 263.0607952098237 210.62510252744516 1.0 263.04482643498955 200.62512802768717 1.0 263.0767639846578 220.6250770272032 1.0
0.028892112696393975 -0.9995825357737793 128.7947794995027 341.17889383934806 138.7100650399112 1.0 365.6598969306256 139.41766833920897 1.0 316.6978907480705 138.00246174061343 1.0
0.9994829418615581 0.03215352123431366 -494.2262248317721 489.05222744878836 168.7798290508171 1.0 487.2218568667829 225.67637113303667 1.0 490.8825980307938 111.88328696859759 1.0
-0.9990231927372171 -0.04418891685861038 485.65695163028755 475.1288160600368 248.75569780782706 1.0 477.81125438742646 188.11112236543698 1.0 472.44637773264714 309.40027325021714 1.0
-0.017579668702300634 0.9998454656837312 -316.04914511794726 404.99835023874493 323.21883034107475 1.0 366.86316137985256 322.5483227386019 1.0 443.1335390976373 323.8893379435477 1.0
0.9996020891323611 0.028207506132568363 -234.79655179383437 228.1875201291054 237.5194009481061 1.0 227.9226826951728 246.90456427999737 1.0 228.452357563038 228.13423761621482 1.0
0.012031938970807926 0.9999276136024061 -179.29777641321556 330.02664795879997 175.33960812882293 1.0 318.1383282384927 175.4826580210295 1.0 341.91496767910724 175.19655823661637 1.0
-0.5899858126075155 0.8074136120488988 178.18771833254513 406.1823268646871 76.11228115610089 1.0 402.5467326461926 73.45571334834912 1.0 409.81792108318166 78.76884896385266 1.0
0.7627964230838611 0.6466387066441873 -360.15327553825813 164.91253362083359 362.4258528952321 1.0 141.986815744568 389.4697885782652 1.0 187.8382514970992 335.3819172121989 1.0
-0.030958855765202048 -0.9995206597413129 169.77056150391675 432.50636988676536 156.45565467504633 1.0 441.9304044408675 156.16375743045887 1.0 423.08233533266315 156.7475519196338 1.0
0.9994517898339131 0.033107699977308835 -459.0457930107417 452.27791509289875 211.90905057136723 1.0 451.65680095553256 230.65917929390844 1.0 452.899029230265 193.158921848826 1.0
-0.14129183451691776 0.989967988118224 -118.8843856796396 380.6196418936761 174.41254182791738 1.0 374.3195700428655 173.51337264257688 1.0 386.91971374448667 175.31171101325785 1.0
-0.9995374915780295 0.030410572666439366 32.84867202732215 39.405142472123615 214.99908292600668 1.0 35.20200085620999 76.84983879309692 1.0 43.60828408803723 353.14832705891644 1.0
0.09366704828013511 0.995603577769027 -212.17876430809721 402.46486539930095 175.25154813190233 1.0 398.01168047102664 175.67050673851134 1.0 406.9180503275753 174.83258952529334 1.0
0.9994160249215147 0.034170296019763076 -513.4352022913451 507.345355754023 186.89108158659536 1.0 506.87578855951915 200.62502696105676 1.0 507.8149229485269 173.15713621213393 1.0
-0.9984194169788642 -0.05620202665015871 590.6384049371856 579.9284620768217 206.8709730588202 1.0 581.337214445973 181.8447275137828 1.0 578.5197097076705 231.8972186038576 1.0
-0.9962101988237897 -0.08697838673754296 230.62616406711726 217.47961998325997 160.62322063558491 1.0 218.025902982767 154.36634791161583 1.0 216.93333698375292 166.880093359554 1.0
0.999286086862095 0.037779843883233674 -460.1963003744867 455.8225678179398 124.38246941383078 1.0 455.2544905868399 139.40825075521857 1.0 456.3906450490396 109.35668807244298 1.0
0.9997535493600846 0.02220001220523949 -587.5832846352914 583.5782571507862 186.88506479475467 1.0 583.4395412695485 193.1319845413677 1.0 583.7169730320238 180.63814504814164 1.0
-0.021022031302748517 0.9997790126822559 -222.12163886055376 236.8429184296196 227.15075554180606 1.0 228.09678528037043 226.96685341692722 1.0 245.58905157886878 227.33465766668488 1.0
-0.04988325852561693 0.9987550553157999 -198.53005286849188 332.4808498452179 215.38342150180108 1.0 325.5918189562582 215.03934583780728 1.0 339.3698807341777 215.72749716579486 1.0
0.015066352355467875 -0.9998864960717795 150.5025906894766 193.7452680090576 153.4390410984127 1.0 209.38555201543144 153.6747098775245 1.0 178.1049840026838 153.20337231930088 1.0
-0.024931137556472964 0.9996891708827 -321.777822567826 315.00663904957105 329.73378727921704 1.0 266.8648203495899 328.533183792467 1.0 363.14845774955216 330.93439076596707 1.0
-0.009243518531448397 0.999957277769985 -327.6617734650015 374.3702724879264 331.13641890262227 1.0 364.37112691427484 331.04398766634506 1.0 384.369418061578 331.22885013889953 1.0
0.06425408228879627 -0.9979335713910142 190.64885532112172 177.46169716470425 202.46988337331263 1.0 190.6928127236751 203.32179697986027 1.0 164.2305816057334 201.617969766765 1.0
-0.17327475823110453 0.9848735239409944 -135.60476488187757 195.90572855655222 172.1543716142791 1.0 189.52340371477297 171.0314905873972 1.0 202.28805339833147 173.27725264116103 1.0
0.9997583463925235 0.021982921063566977 -452.51695916248184 449.039367276794 163.13136267556763 1.0 448.5170970370119 186.8836215216357 1.0 449.561637516576 139.37910382949957 1.0
-0.9995162988947428 -0.03109932867049005 526.939527749036 524.841660724537 75.62007337181544 1.0 525.3473848504154 59.36636217709467 1.0 524.3359365986585 91.87378456653619 1.0
-0.012034368100196088 0.9999275843702028 -166.1354385515892 513.7445178447074 172.33050861110442 1.0 506.87051352356445 172.24777832181545 1.0 520.6185221658503 172.4132389003934 1.0
-0.021205558244576702 0.9997751368680539 -217.02365270563826 314.9999211857586 223.75371584270925 1.0 299.3686968748931 223.42217245326623 1.0 330.631145496624 224.08525923215228 1.0
0.9987776956245888 0.04942787394614897 -463.60353391559227 450.4368013069302 277.52161658198116 1.0 448.17677630036656 323.1894227791254 1.0 452.6968263134939 231.85381038483698 1.0
-0.004152333818165239 -0.9999913790247706 139.62074974770846 193.1226955868893 138.82003661186474 1.0 209.37241540640207 138.75256176902352 1.0 176.87297576737654 138.88751145470596 1.0
-0.004698307735091987 0.9999889628913043 -104.91870100441145 406.87226794506046 106.83149123887303 1.0 369.3701593137199 106.65529284708734 1.0 444.37437657640106 107.00768963065872 1.0
-0.9992601665457108 -0.038459323382483326 449.92062074651835 439.79109872254116 271.8429049761288 1.0 441.3782210048821 230.6058800704136 1.0 438.2039764402002 313.07992988184395 1.0
0.01768252746618878 -0.9998436518888378 216.9869721099478 233.75168240540611 221.15486980051668 1.0 248.133237600376 221.4092118111512 1.0 219.37012721043624 220.90052778988218 1.0
0.027272702004697384 -0.9996280306820947 387.59738102021 242.50047163621488 394.35771308869136 1.0 343.11878312707034 397.1028674273842 1.0 141.88216014535942 391.6125587499985 1.0
0.005362952393654118 -0.9999856192674089 135.60027784222837 266.2424644388806 137.0300940973234 1.0 285.6370179717638 137.13410766040766 1.0 246.84791090599734 136.92608053423913 1.0
0.9994868673342366 -0.03203126638761178 -29.931266110212956 36.8775894846351 216.26994683239138 1.0 41.34414518847937 355.6420126816437 1.0 32.41103378079084 76.89788098313912 1.0
0.1873068834404217 -0.9823014463064972 145.17732894137586 76.16581825851372 162.31647788322402 1.0 79.64116072545494 162.97916200001782 1.0 72.69047579157251 161.6537937664302 1.0
-0.9999902452132369 0.004416953516888948 209.4031361014998 210.2167977006124 183.7490424052927 1.0 210.15881355778876 170.62153789817728 1.0 210.27478184343602 196.87654691240812 1.0
-0.9999981514719375 0.0019227721415046748 286.2563771976278 286.515280665583 134.3756916595935 1.0 286.4744218331049 113.12577022196358 1.0 286.55613949806116 155.62561309722346 1.0
-0.9998657063579262 -0.016388082540838313 295.8280678308746 291.37068449764854 274.37697805314883 1.0 292.10821703107905 229.37882249329178 1.0 290.6331519642181 319.37513361300586 1.0
-0.011784548382116062 -0.9999305597987439 141.3203783957453 310.6122660634461 137.66951291692544 1.0 318.1333189904557 137.58087454975657 1.0 303.0912131364366 137.75815128409428 1.0
-0.9994548551361842 -0.03301503513111959 532.8036942585923 531.567547122917 46.21919824408595 1.0 532.413777445336 20.60150615482269 1.0 530.7213168004978 71.83689033334922 1.0
0.05112031671323313 0.9986925018338421 -192.34966094891837 419.3691205086378 171.13513756730123 1.0 410.6100783448498 171.58348879522694 1.0 428.1281626724258 170.68678633937552 1.0
-0.02320348764166514 0.9997307628363065 -162.59786622469198 306.8659729490605 169.7639337956955 1.0 300.5903414100521 169.61827804089415 1.0 313.141604488069 169.9095895504968 1.0
0.0019726712171430055 -0.9999980542822416 227.2543005255135 314.3779591935619 227.87490825717447 1.0 335.62787650063757 227.9168274389757 1.0 293.1280418864862 227.83298907537323 1.0
0.0364166329413893 -0.99933669443547 384.23302403387805 375.66862969573685 398.1777241291892 1.0 408.1710197301889 399.36213736468153 1.0 343.1662396612848 396.9933108936969 1.0
-0.9999235535806468 0.012364748062591064 160.5156271510526 162.56050053158344 164.37425186897738 1.0 162.45222170252038 155.61786225341692 1.0 162.6687793606465 173.13064148453785 1.0
-0.9998807593810186 -0.015442377395899137 295.5186515312004 292.94772389311504 168.74726210898638 1.0 293.80690179396214 113.11622616690713 1.0 292.0885459922679 224.37829805106563 1.0
0.9997502549020673 0.022347881851560874 -301.3625638679437 298.4053931641053 135.65920958929507 1.0 297.9306192768309 156.89859674805098 1.0 298.8801670513797 114.41982243053917 1.0
-0.02294840448797518 0.9997366506892985 -313.75438631211347 174.38154506064902 317.83986745341065 1.0 134.37393228008892 316.9215147251661 1.0 214.3891578412091 318.7582201816552 1.0
0.1763444689708843 0.9843285164330945 -242.81863221495013 182.43304922069228 214.00129073849268 1.0 172.9156348569149 215.70635500711512 1.0 191.95046358446965 212.29622646987028 1.0
0.10090843580823061 -0.9948957169385826 138.1969483963514 624.338967600894 202.230257508992 1.0 638.1999414816281 203.63612263562814 1.0 610.4779937201599 200.82439238235585 1.0
0.10852370668444149 0.9940938613066017 -258.43963718967564 401.85914197968907 216.10473809248518 1.0 393.0099140277589 217.07079477588204 1.0 410.70836993161925 215.13868140908832 1.0
-0.015372988766837284 0.9998818286259505 -112.70072711254636 333.11983868609593 117.8356994571952 1.0 300.59869842383944 117.33569324683789 1.0 365.6409789483524 118.33570566755253 1.0
0.997744179639374 0.0671308572547119 -581.0595123802685 566.0524385198348 242.57081083657127 1.0 565.4216898426491 251.94542405042364 1.0 566.6831871970205 233.1961976227189 1.0
-0.9996230220479488 -0.027455669573438285 213.7600698847476 210.44237194019462 123.72781766860189 1.0 210.8716761893043 108.09744268447801 1.0 210.01306769108496 139.35819265272576 1.0
0.9997292346131361 -0.02326923848846169 -40.170815390732535 44.676620597322085 193.11797961751125 1.0 46.335458572338815 264.3875581184584 1.0 43.017782622305354 121.84840111656413 1.0
-0.9997895538265598 -0.02051458162596749 371.8598961580688 365.92344098213846 293.13112368059376 1.0 366.4879993135086 265.6170591717107 1.0 365.35888265076835 320.64518818947676 1.0
-0.9992806571192918 -0.037923189570978066 36.31285859360824 29.770950573721045 173.06886935103967 1.0 30.2455483013449 160.5631615112585 1.0 29.296352846097193 185.5745771908208 1.0
-0.02901316297924264 0.9995790295789222 -320.16671393063956 224.37676553567127 326.81417269777626 1.0 196.82741166214842 326.0145421830764 1.0 251.92611940919414 327.61380321247606 1.0
0.9982767699312031 0.05868126290157525 -583.1252283131491 566.7524915909726 295.65453774148 1.0 564.618200550347 331.9627741491127 1.0 568.8867826315982 259.34630133384724 1.0
-0.9997707565087766 0.021411081940638937 84.51920749604176 89.30396474018386 222.51490628515035 1.0 87.44344384504316 135.63959620076494 1.0 91.16448563532454 309.3902163695357 1.0
-0.9996524150169046 0.026363784835840905 25.74825548083606 28.8893341078378 118.76280844310554 1.0 27.816939999517665 78.10015826190933 1.0 29.961728216157937 159.42545862430174 1.0
0.08839539255184033 0.9960854654976179 -198.80079347840007 607.5040349482476 145.67046790491486 1.0 576.7881457803527 148.39628127597783 1.0 638.2199241161425 142.9446545338519 1.0
-0.9998906846794016 0.01478575974908732 85.60524813787255 87.2780988084289 112.49403922625953 1.0 86.93621549140155 89.37409478349717 1.0 87.61998212545623 135.61398366902188 1.0
0.9991055370213737 0.04228623763391994 -541.937946366156 535.6248163435553 160.62499222690715 1.0 531.0741711919051 268.1440107641839 1.0 540.1754614952054 53.10597368963041 1.0
0.032669320319573404 -0.9994662152918713 144.90716740548538 276.88611121208396 154.03507002961152 1.0 284.4189214308278 154.2812932497439 1.0 269.35330099334004 153.7888468094791 1.0
-0.9453640814402646 0.3260164927156368 256.33185779541463 400.7437246298755 375.7995931792382 1.0 392.81268996676494 352.8016299881484 1.0 408.67475929298604 398.797556370328 1.0
0.017341657374471176 -0.9998496221530048 79.9323761114883 338.12181086722524 85.80887245987708 1.0 381.8803276069204 86.56783179506272 1.0 294.36329412753014 85.04991312469144 1.0
0.08107021318079292 -0.9967083929288549 184.53227267424577 334.3880043343318 212.34011971025546 1.0 340.64742906385806 212.84924845925764 1.0 328.12857960480557 211.83099096125332 1.0
-0.22986779281088193 -0.9732218646476524 238.58451902005288 379.9487636335219 155.4080737768357 1.0 385.5561835737331 154.08364273819814 1.0 374.34134369331065 156.73250481547328 1.0
0.9985860835356548 -0.053158571923275694 -450.0396273190851 456.1371773693721 102.57254828203934 1.0 456.5038919602123 109.4612978062175 1.0 455.77046277853196 95.68379875786117 1.0
-0.9940211254823339 -0.10918792101159479 627.5445739928924 608.468666042101 208.0254440468434 1.0 609.0262440453846 202.94938518215127 1.0 607.9110880388173 213.1015029115355 1.0
0.03100202601665407 -0.9995193216656008 141.39381514203512 511.25560182488323 157.31939463555295 1.0 516.8945624457958 157.4942979116448 1.0 505.6166412039706 157.14449135946109 1.0
-0.9999998620635366 0.0005252360493011486 210.3628828506613 210.4971753862632 255.62506713810438 1.0 210.46960049747847 203.12508162143203 1.0 210.52475027504792 308.1250526547767 1.0
0.9999100621012758 -0.013411476750259195 -140.63563433261143 143.26361976494582 194.98975781011532 1.0 143.59060752692534 219.36875495381153 1.0 142.93663200296626 170.6107606664191 1.0
-0.991542918039905 -0.12977920359175552 514.2032529805577 492.4132649097189 199.98864758071954 1.0 493.32953120821116 192.98816264812154 1.0 491.4969986112266 206.98913251331754 1.0
0.013888376859267576 -0.999903551842984 85.15330058259751 416.87914125593153 90.95184733918077 1.0 451.898428405552 91.43825530960991 1.0 381.85985410631105 90.46543936875163 1.0
0.9989099420361479 0.046678985650289134 -581.4470481538874 574.5168346180637 161.8816279209193 1.0 573.8146894156836 176.907229133962 1.0 575.218979820444 146.8560267078766 1.0
0.0033431998196723173 -0.9999944114918672 153.49768770366214 332.4971243103117 154.61015606981255 1.0 359.373913417049 154.70001104846284 1.0 305.62033520357437 154.52030109116225 1.0
-0.9977122756773039 -0.06760336502583016 493.51457365226617 483.50665222244885 164.4008601353678 1.0 484.2711629467402 153.11796416974525 1.0 482.7421414981575 175.6837561009903 1.0
0.004163307197036497 -0.9999913333990366 113.57097855544839 351.2524590895194 115.0343474031384 1.0 361.87727492504695 115.07858215873861 1.0 340.62764325399183 114.99011264753818 1.0
0.5628344176658032 -0.8265696693508637 -43.199429300609275 601.9969401214593 357.65305562374806 1.0 639.1118925452334 382.92566531257717 1.0 564.8819876976851 332.3804459349189 1.0
0.9960348211717631 0.08896423446157296 -475.7222378978307 459.31129380879344 204.93848586639012 1.0 459.01954300763526 208.20489914827834 1.0 459.6030446099516 201.6720725845019 1.0
0.9984469452824271 0.05571083787011365 -582.5731993858378 572.040373555398 205.00922743003653 1.0 570.5415904440196 231.87034595576458 1.0 573.5391566667765 178.1481089043085 1.0
0.9987361158868645 0.05026102688186308 -526.6045341243135 516.4192661727634 215.6335182577501 1.0 515.9784591667747 224.39278770227722 1.0 516.860073178752 206.87424881322295 1.0
-0.9960178364451586 0.08915418937495424 63.25582204840981 92.31642318285286 321.83548793043803 1.0 91.30749701437226 310.56390925860893 1.0 93.32534935133346 333.1070666022672 1.0
-0.05381154166090114 -0.9985511093499807 150.77607766965977 223.06969368819978 138.97371126532374 1.0 226.8424183647784 138.77040055923382 1.0 219.29696901162117 139.17702197141367 1.0
0.8377333842570486 0.5460794602447818 -339.89592807584734 190.90822047004656 329.55961826199086 1.0 187.50261508514635 334.7841131061252 1.0 194.3138258549468 324.3351234178566 1.0
-0.023797959363229194 -0.999716788460685 154.77741603145495 56.88314541940254 153.4671769237223 1.0 68.15651308649984 153.19881777568656 1.0 45.60977775230524 153.73553607175802 1.0
-0.04742697587558488 -0.9988747078384239 167.17801521589539 100.03521331057166 162.6166387964851 1.0 103.27161820837293 162.46297298053526 1.0 96.7988084127704 162.77030461243493 1.0
0.04344165450237865 0.9990559657266933 -69.48013452563693 618.1322931280099 42.66772480538705 1.0 609.3716805272293 43.04865992703009 1.0 626.8929057287905 42.28678968374402 1.0
-0.05507347972584933 0.9984823042151956 -120.18476680816342 435.06951677858956 144.3646606567575 1.0 429.4615778995408 144.05534249773228 1.0 440.67745565763835 144.6739788157827 1.0
0.9996769992316306 -0.025414507810354918 -39.55642361862756 42.06449426050108 98.15196093980367 1.0 42.63694335736823 120.66918612627173 1.0 41.492045163633925 75.63473575333563 1.0
0.5571266330006704 -0.8304275493993056 94.38719837948389 518.6956684282871 461.6493876681686 1.0 522.1491805548194 463.9663189699705 1.0 515.2421563017549 459.33245636636667 1.0
-0.035807494925372156 0.9993587060246034 -318.95983363466286 258.7388836515633 328.43524844414804 1.0 251.82796795158325 328.1876270671941 1.0 265.6497993515433 328.682869821102 1.0
-0.9992386423248356 0.039014557344907164 156.27454468702598 164.47075644515536 206.8712612581595 1.0 164.22329577274186 200.53331247290907 1.0 164.71821711756883 213.20921004340997 1.0
-0.050373255291958095 0.9987304617119133 -123.08893771507655 413.1711685060118 144.08463542690606 1.0 401.8553850395928 143.51389800451344 1.0 424.4869519724307 144.65537284929866 1.0
0.9999259358433688 0.012170572203602579 -292.73213732602846 290.12172067661555 216.2514815200109 1.0 288.8664456450185 319.38402448614863 1.0 291.37699570821263 113.1189385538732 1.0
-0.9454339399959782 0.3258138503865067 255.69419102011003 388.37904843249385 342.19706381128196 1.0 384.8940958886965 332.0845642650755 1.0 391.86400097629115 352.3095633574884 1.0
0.01747556517813271 -0.9998472906507797 317.62996210424063 352.49843526443334 323.8395248079794 1.0 363.1311109988489 324.02536520536023 1.0 341.8657595300178 323.6536844105985 1.0
-0.9995817974946514 -0.028917643703485603 489.3277381181967 486.63968454332564 99.99319238450411 1.0 486.8745421392892 91.87498675420767 1.0 486.40482694736204 108.11139801480054 1.0
-0.00418572040695738 -0.9999912398339671 113.9512000168191 322.4978121079511 112.60230075833022 1.0 339.3777485583167 112.5316454449095 1.0 305.61787565758556 112.67295607175093 1.0
0.010766725284637858 0.9999420371334756 -167.87377081901116 99.99253658216085 166.8068472501397 1.0 96.84771239980063 166.84070867088465 1.0 103.13736076452109 166.7729858293947 1.0
-0.00796156515173117 0.9999683062379201 -114.42957594596318 176.24831639651723 115.83645969303065 1.0 144.36538520080683 115.5826136137506 1.0 208.13124759222762 116.0903057723107 1.0
-0.07830122289721918 0.9969297460166389 -188.38587722471047 351.22626500513456 216.552193523004 1.0 344.3446281790868 216.01169347155397 1.0 358.1079018311824 217.09269357445407 1.0
0.5010362833673391 -0.8654262780557588 -24.561762613885296 599.1579886482798 318.4998377765237 1.0 603.0506234733039 320.7534685417207 1.0 595.2653538232556 316.24620701132676 1.0
-0.9994040397346527 0.034519057954365495 24.298846224268694 33.70311155243771 271.85503223382204 1.0 31.11125673477294 196.81503031359847 1.0 36.294966370102486 346.8950341540456 1.0
-0.9999996852710654 -0.0007933837469858297 218.63229776542988 218.41517752361415 273.7502302222034 1.0 218.4424500813333 239.37525185981428 1.0 218.38790496589496 308.12520858459254 1.0
0.005530655684260645 -0.9999847058068949 311.4563736201317 404.3787462414808 313.69765098407686 1.0 438.1346271052125 313.88434599380264 1.0 370.62286537774924 313.51095597435113 1.0
0.9997643480915925 -0.021708253844864515 -139.69013962552933 142.73568469081403 138.74488249095367 1.0 143.2649932159192 163.12196027541538 1.0 142.20637616570883 114.367804706492 1.0
-0.04444517468708434 0.9990118249785809 -307.6015608418943 254.38176008660787 319.223050851263 1.0 249.3361353855282 318.9985753589436 1.0 259.4273847876876 319.44752634358235 1.0
0.9806767854081965 0.19563497274630184 -397.36661999956846 375.3344769317149 149.69108691667373 1.0 374.35128289918265 154.61963087648292 1.0 376.3176709642471 144.7625429568645 1.0
0.01922430379296835 0.9998151959955777 -145.69026958232135 186.24300384467767 142.1361448258333 1.0 178.10899366284488 142.29254441189374 1.0 194.37701402651044 141.97974523977285 1.0
-0.5613032470033941 -0.827610213145927 336.25876113294544 18.948489297997863 393.4496063387213 1.0 38.31626736658438 380.3139580051719 1.0 -0.41928877058865277 406.58525467227065 1.0
-0.03617461845475315 0.999345484294422 -151.19634863458492 616.2327349294009 173.60195790795467 1.0 604.3732745902676 173.17266547646855 1.0 628.0921952685342 174.0312503394408 1.0
0.03870542336324247 -0.9992506643491773 122.52911128644696 513.7008492911147 142.51891464397585 1.0 521.8378499115141 142.83409687517772 1.0 505.5638486707152 142.20373241277397 1.0
-0.9986819288404644 0.051326455239862616 205.88721611482606 217.8822397095356 228.10535509727788 1.0 217.56022568565913 221.83978337650004 1.0 218.20425373341212 234.37092681805575 1.0
-0.010375299198876415 0.999946175134709 -114.22120084078595 251.87535514537484 116.84077195005312 1.0 219.36588524152526 116.50345831714297 1.0 284.38482504922445 117.17808558296329 1.0
-0.3627179923746425 0.9318989526808735 -34.99452691701219 119.07398512051513 83.8983706538703 1.0 106.52845680935658 79.01534247875337 1.0 131.61951343167368 88.78139882898724 1.0
-0.02187678786782674 0.9997606744379307 -221.5479362532077 400.005931981642 230.35391075220792 1.0 373.0891153108081 229.76491630239514 1.0 426.92274865247595 230.94290520202068 1.0
0.965348734990021 -0.26096325383694574 -533.5082536543679 602.8156157648882 185.5396794168966 1.0 603.8880087282517 189.5066486180167 1.0 601.7432228015246 181.5727102157765 1.0
0.9999543590312526 0.009554049110011674 -315.5995906522934 313.8643200450515 183.1260922691769 1.0 313.80455291355526 189.38149277824564 1.0 313.9240871765477 176.87069176010814 1.0
-0.042901605170160735 0.9990793022947797 -311.2118014371991 340.0064899479851 326.0988641000915 1.0 319.392662428737 325.21368282644755 1.0 360.6203174672332 326.9840453737354 1.0
-0.9987355842915757 -0.05027158909130378 534.853428603882 514.3238072997581 421.31034224565633 1.0 516.1156272278134 385.71261487838626 1.0 512.5319873717027 456.9080696129264 1.0
0.9999390244014008 -0.011042983255205434 -453.0835367698703 454.76076465756523 149.3707397475746 1.0 454.8297790944571 155.61997757582978 1.0 454.69175022067344 143.12150191931943 1.0
0.9995008260515678 0.03159270045807198 -647.5372062142079 637.6272292917672 323.75402152434447 1.0 637.3305717593936 333.1393999302017 1.0 637.9238868241409 314.3686431184872 1.0
-0.11837197246617784 -0.9929693228566865 274.6733078491261 434.89853111394905 224.77382307885986 1.0 440.4447140422054 224.1126620562945 1.0 429.3523481856926 225.43498410142521 1.0
0.9999462635952603 -0.01036677007936418 -141.1911466700721 143.96549146282496 266.8727659294999 1.0 144.38020715178257 306.8749460157538 1.0 143.55077577386731 226.87058584324603 1.0
0.9997627107590683 -0.021783529917790357 -82.24146026199708 86.8094022044873 208.75142929069636 1.0 89.32871149136062 324.3760085664347 1.0 84.29009291761398 93.12685001495802 1.0
-0.058319309012295546 0.9982979806632529 -304.1901585446357 233.14958939643773 318.32908375072907 1.0 218.1642189932299 317.45365731079204 1.0 248.13495979964557 319.20451019066616 1.0
0.9994880811328785 0.031993369208580494 -379.8326128649868 371.88402471652034 254.39529497622422 1.0 371.083960201743 279.38969120389083 1.0 372.68408923129766 229.4008987485576 1.0
-0.9998141390555052 -0.019279194607105993 289.62402308740593 284.42375239575915 272.4768366084967 1.0 285.13500517375843 235.5914480651352 1.0 283.7124996177599 309.3622251518582 1.0
0.998977778156637 -0.04520396829072377 -34.587398446527665 48.987969755837526 317.4609504251929 1.0 51.33563704269511 369.342843514594 1.0 46.64030246897995 265.5790573357918 1.0
-0.015487661485798585 0.9998800589779262 -101.27946859582048 236.87560863075115 104.96070693100293 1.0 216.87072735649224 104.6508409361195 1.0 256.88048990501005 105.27057292588638 1.0
0.010481702791963395 0.9999450654443878 -324.55981723987725 332.49834702276104 321.0923074507857 1.0 301.8701609675068 321.4133606309876 1.0 363.12653307801526 320.77125427058377 1.0
-0.017410238900080203 0.9998484303040348 -82.18277615168728 337.49004144556704 88.0719074318851 1.0 294.3672335910952 87.32101523259414 1.0 380.61284930003893 88.82279963117605 1.0
0.9993791152960703 0.03523327844586709 -549.99007650603 544.096357603903 176.86517641555815 1.0 543.5226205810795 193.1390181803227 1.0 544.6700946267265 160.5913346507936 1.0
-0.03716771370911125 0.9993090418172136 -310.1465112508088 273.7530584811321 320.54276820405295 1.0 260.5997623267841 320.0535522304769 1.0 286.90635463548006 321.031984177629 1.0
-0.10217331415259336 0.9947666127665703 -261.03380626407056 597.5607991037505 323.7830556258861 1.0 591.8674723986599 323.1982892590347 1.0 603.2541258088412 324.3678219927375 1.0
-0.9979242209124624 0.06439914064842009 598.9274833797646 617.7600991840025 272.5235481797913 1.0 616.8310991023839 258.1278330608887 1.0 618.6890992656209 286.91926329869386 1.0
-0.00397355374602065 0.9999921054041514 -225.13037359231558 158.74696837107575 225.76294551036835 1.0 144.36971188832524 225.70581625800145 1.0 173.1242248538263 225.82007476273523 1.0
-0.9932767526585962 -0.115763952195811 632.2763382052069 609.3139067533455 233.74287973299863 1.0 610.5523808208203 223.11653641403106 1.0 608.0754326858707 244.36922305196617 1.0
-0.5483369554996251 -0.8362574862046989 324.0983821300504 22.066575367576206 373.0889929496186 1.0 43.956013333296156 358.73601199611505 1.0 0.1771374018562577 387.4419739031221 1.0
0.9960723341191279 -0.08854323916862554 -581.6726788072156 602.0214108449904 203.11198519171666 1.0 602.9131654355851 213.1438304783284 1.0 601.1296562543957 193.08013990510494 1.0
-0.5784423828900439 -0.8157232433101854 331.4182610773084 66.51361914260923 359.1217574444207 1.0 79.67063542560507 349.7919070167491 1.0 53.35660285961339 368.4516078720924 1.0
0.04749413264143084 -0.9988715169453167 141.88215697506809 613.1276003144976 171.19531155866255 1.0 624.3818741075484 171.73042740013207 1.0 601.873326521447 170.66019571719303 1.0
-0.0661684754831039 0.9978084650133221 -150.5720252817164 628.7848248368068 192.59984785307694 1.0 619.3683417601244 191.97540503519784 1.0 638.2013079134892 193.224290670956 1.0
-0.9984963613441399 -0.05481802972118648 597.8432616794405 585.8754771570757 234.38875134128938 1.0 586.9092822582694 215.55825639042985 1.0 584.8416720558821 253.2192462921489 1.0
0.000717121182949158 -0.9999997428685714 220.16436854977613 176.8756875282814 220.29126649585945 1.0 209.37611901536476 220.31457324972672 1.0 144.375256041198 220.26795974199217 1.0
0.020548420417588423 -0.999788858918893 106.10213679672056 252.5243628992401 111.31461665976232 1.0 285.67389643272617 111.99593106491542 1.0 219.37482936575398 110.63330225460923 1.0
-0.9881625824979982 -0.15341026872698907 609.9398890229345 575.9049646654953 266.29346395555586 1.0 576.7871009198981 260.61135384324587 1.0 575.0228284110924 271.97557406786586 1.0
0.8522405150557558 -0.5231501739438686 -195.3734640366255 508.5411827903495 454.98586709296717 1.0 510.7262808876327 458.5455125267767 1.0 506.35608469306635 451.4262216591576 1.0
-0.999863644797563 0.01651338281917653 91.89818871716972 93.83047134032009 116.238348692973 1.0 93.26256034284019 81.85208356009817 1.0 94.39838233779997 150.62461382584786 1.0
0.12599075700552292 -0.9920314154043587 144.3138301327822 147.52112828659182 164.20863919266054 1.0 151.82668097661946 164.75545639453577 1.0 143.21557559656418 163.66182199078528 1.0
-0.061805253431104754 -0.998088227887854 207.73842034134645 592.5121261077571 171.44582357049921 1.0 600.6446439416942 170.94222848570084 1.0 584.37960827382 171.94941865529762 1.0
0.02490034672519708 -0.9996899382973528 314.8880456701788 230.6379408233489 320.73045659612865 1.0 244.39497333972798 321.0731177217884 1.0 216.88090830696981 320.387795470469 1.0
-0.9972735969601979 -0.0737927693345952 601.8922717448221 582.4070086615973 285.57187258403263 1.0 584.7203589843614 254.30806153296234 1.0 580.0936583388332 316.8356836351029 1.0
0.02473536392352145 0.9996940340782128 -212.24788368676792 179.9934252744237 207.85927866456245 1.0 170.62416125781525 208.09110174967273 1.0 189.3626892910322 207.62745557945215 1.0
-0.011263344301038695 0.9999365665256752 -79.30449208832691 286.8745393602337 82.54089465206476 1.0 191.8654739071664 81.47070695042285 1.0 381.8836048133011 83.61108235370668 1.0
0.00377661221179799 -0.9999928685746722 106.84717263779368 348.1248577091505 108.16267658069972 1.0 364.37462593865376 108.22404609148623 1.0 331.8750894796472 108.1013070699132 1.0
0.5069846515392151 0.861955081836438 -317.55717486618227 497.8476290268325 75.59102500512083 1.0 470.5060614472984 91.6727854169428 1.0 525.1891966063666 59.50926459329884 1.0
-0.4206252706287815 -0.9072344689816764 359.80677468415865 45.31742944630179 375.5866099769952 1.0 52.6830052592377 372.17167433954035 1.0 37.95185363336588 379.0015456144501 1.0
0.9988690095554782 0.04754683743066521 -496.8334950911938 484.1858708078321 277.5207477439409 1.0 482.43032531561397 314.4014338589445 1.0 485.94141630005015 240.64006162893727 1.0
-0.006115976263554909 0.9999812972422752 -117.08472205267823 510.6237160317395 120.20993283678655 1.0 499.3703144261794 120.14110601243128 1.0 521.8771176372995 120.27875966114183 1.0
-0.0010059590230765134 -0.999999494023094 178.5653036720209 400.0000382366935 178.16301017069492 1.0 408.1250300145709 178.15483675776798 1.0 391.87504645881614 178.17118358362185 1.0
0.9988720922886021 0.047482030779972734 -544.1497285162221 529.7909160013179 314.9900610569284 1.0 527.6199463621178 360.6604115070073 1.0 531.961885640518 269.3197106068495 1.0
0.7172789400319415 -0.6967861380557556 -114.0507056189296 431.7486982668053 280.76554964186323 1.0 436.6662785526897 285.827758234048 1.0 426.83111798092096 275.70334104967844 1.0
0.7060423624454609 -0.7081696000482034 -108.64360879452904 412.3278243876433 257.6745774256596 1.0 419.2140916148246 264.54015931618255 1.0 405.441557160462 250.80899553513663 1.0
-0.01068488205836208 0.999942915018352 -106.51962191417412 254.99465248545957 109.25044626121417 1.0 224.36647117071794 108.92316907359177 1.0 285.6228338002012 109.57772344883655 1.0
-0.3053721435239217 -0.9522330880407408 352.962198916419 95.8287662476015 339.93647902128635 1.0 102.60788047962892 337.76248121525845 1.0 89.04965201557405 342.11047682731424 1.0
-0.7595933285253776 0.6503983204619596 140.61440440765332 416.8988642447666 270.6944129520946 1.0 402.48108580172703 253.85604179868935 1.0 431.3166426878062 287.53278410549984 1.0
0.999458439956583 0.03290633373004759 -453.53544450356077 445.6735662011188 246.25159900157735 1.0 443.7592143174757 304.3958809762896 1.0 447.5879180847619 188.1073170268651 1.0
-0.9992049907823035 -0.03986710919714057 595.3747736481629 588.2176800702332 191.25369782628636 1.0 588.8401084214496 175.65353198871975 1.0 587.5952517190169 206.85386366385296 1.0
0.9997721159073236 0.02134751166279085 -377.2512227122012 371.11839190804585 291.2471898543346 1.0 370.89134146202707 301.88068702344907 1.0 371.3454423540647 280.6136926852201 1.0
-0.9998181953087708 -0.01906767761193862 133.75586326208318 131.78943818683467 104.38528770379094 1.0 132.05179832354773 90.62837174643505 1.0 131.52707805012164 118.14220366114682 1.0
-0.010847576124399131 0.999941163315235 -443.599645761482 388.7530589386986 447.84302376072645 1.0 379.379162094084 447.74133371801724 1.0 398.1269557833132 447.94471380343566 1.0
0.9997042896340065 0.024317345401309146 -211.44335659345523 207.03691095027384 183.72353273610614 1.0 206.8090032517407 193.09298898653708 1.0 207.26481864880697 174.3540764856752 1.0
0.019989329353661628 -0.9998001933946556 304.9828897498722 176.90337600386403 308.5807260639376 1.0 209.40288070659975 309.23049919623526 1.0 144.4038713011283 307.9309529316399 1.0
0.0 -1.0 106.875 233.75 106.875 1.0 246.875 106.875 1.0 220.625 106.875 1.0
0.8270866783762374 -0.5620743958343615 -189.80821359444892 504.12395332832466 404.1208675171736 1.0 508.4116632256232 410.4301884239431 1.0 499.83624343102616 397.81154661040415 1.0
0.7309582658478035 -0.6824221666891923 -125.02279572945955 487.3911969312913 338.85157847494133 1.0 513.3541320040445 366.66108250844997 1.0 461.4282618585381 311.04207444143276 1.0
-0.2620690480146552 0.9650491252121274 -128.26305113005387 607.5616576806958 297.89795033019385 1.0 599.3624104275259 295.6713601329304 1.0 615.7609049338657 300.1245405274573 1.0
-0.9818573264552585 0.1896211762597521 550.6300971575133 617.650157240537 294.3460008859664 1.0 616.1414370865551 286.5338568734821 1.0 619.158877394519 302.15814489845076 1.0
-0.9998801458060255 0.015482054867535669 134.90294793805722 138.18040396388125 210.62414212997197 1.0 136.57403367122603 106.87966013575218 1.0 139.7867742565365 314.3686241241918 1.0
-0.0046031238233022595 -0.9999894055694126 244.69292938680942 237.47918152655558 243.6023641371238 1.0 244.35403585390668 243.57071799611498 1.0 230.6043271992045 243.6340102781326 1.0
0.015804387129835836 -0.9998751028740791 318.5151578791768 173.14409846829034 321.2917226533576 1.0 215.6236063673024 321.96316910301033 1.0 130.66459056927826 320.620276203705 1.0
0.9994757594955616 0.032376012428501647 -550.3878597186348 546.0398640624182 143.13843868914617 1.0 545.5127194110069 159.4118541382229 1.0 546.5670087138298 126.86502324006942 1.0
0.0026845390470019116 -0.9999963966185602 138.93857853890552 61.25072882878953 139.10350975510897 1.0 69.37567027394664 139.12532155626934 1.0 53.125787383632435 139.0816979539486 1.0
0.9998920171042831 0.014695377883135899 -516.989983315907 511.5711266299478 372.50471958681004 1.0 511.4702417879232 379.3690512827625 1.0 511.6720114719724 365.6403878908576 1.0
0.9982573743573497 0.059010291824139964 -593.2021922964246 577.9430734620005 275.651191536335 1.0 576.169320540443 305.6571765856807 1.0 579.716826383558 245.6452064869893 1.0
-0.6531852930168306 -0.7571981068297232 317.89932327972747 84.77146367588668 346.7095963014134 1.0 89.08535649394207 342.9882830559243 1.0 80.4575708578313 350.43090954690246 1.0
-0.01694202988648742 0.9998564735117362 -280.3664724833289 320.0071324843866 285.82906692798844 1.0 299.37746527824527 285.47950831871407 1.0 340.636799690528 286.1786255372628 1.0
-0.7105908408575372 0.7036054696272466 116.98242723389349 415.44562302498093 253.30875761445213 1.0 393.6792048553361 231.32624318371754 1.0 437.21204119462584 275.2912720451867 1.0
0.9997765047788256 -0.021140967154668566 -88.78344020048247 93.56087336536378 224.99078315557855 1.0 94.81639642454542 284.365666366664 1.0 92.30535030618213 165.6158999444931 1.0
0.9999666333965708 0.008168971387411517 -298.86301760979353 296.6315699184715 274.373011360275 1.0 296.3455820447742 309.3808866105222 1.0 296.9175577921688 239.36513611002775 1.0
0.01140466837941422 -0.9999349646547797 307.2857656125009 328.12730186494093 311.048177802126 1.0 360.630202159134 311.4188867105323 1.0 295.6244015707478 310.6774688937198 1.0
0.012335486737077787 -0.9999239149890151 426.2833039624528 485.6273852948583 432.30664618884316 1.0 505.6320511028171 432.5534322553175 1.0 465.6227194868994 432.05986012236883 1.0
0.9994599478930406 -0.03286050148187837 -99.4209337947187 109.0104196699445 290.032535676863 1.0 110.47119134169714 334.4622526043015 1.0 107.54964799819184 245.60281874942453 1.0
0.9992100501083714 -0.03974010269772907 -15.886456949031222 22.558675980362395 167.44795196680417 1.0 24.62152645407726 219.31548086789314 1.0 20.49582550664753 115.58042306571518 1.0
-0.999197435187775 -0.040056029685580266 456.3311526292387 451.41079193636824 131.8814458597966 1.0 452.21227238232734 111.88852064375155 1.0 450.60931149040914 151.87437107584168 1.0
0.24780115063662375 -0.9688109153716041 345.3146757544151 470.4912136884353 476.77305503278814 1.0 477.98080897321853 478.68873362385773 1.0 463.00161840365206 474.85737644171854 1.0
0.9994453248701239 0.033302291141186664 -550.2997662315069 547.0008370534772 108.17084395461922 1.0 546.4585886884197 124.444426786432 1.0 547.5430854185348 91.89726112280641 1.0
0.9995590687483796 0.029692896168478432 -453.5046210037239 449.9914318255358 124.99974547385673 1.0 449.6013333601748 138.13172345754566 1.0 450.3815302908968 111.86776749016782 1.0
-0.998277009384537 -0.05867718921578604 547.3366330949684 537.5928221513338 181.84371940350314 1.0 538.6222074739666 164.330752011641 1.0 536.563436828701 199.35668679536528 1.0
0.0 1.0 -86.87500000000011 249.375 86.87500000000007 1.0 215.625 86.87500000000007 1.0 283.125 86.87500000000007 1.0
0.04071739796112738 -0.999170702884785 92.82893126845173 392.4938640497967 108.90057105769122 1.0 411.86216938088546 109.68985260259808 1.0 373.12555871870796 108.11128951278438 1.0
-0.9980615639953172 -0.06223435124769205 591.9070633835603 575.0125742721896 289.3757840715446 1.0 576.1068263557895 271.82710036122256 1.0 573.9183221885897 306.92446778186667 1.0
-0.11826421593337573 -0.9929821625939027 458.13028757043713 130.5734053798327 445.81679594831303 1.0 149.28134914706703 443.58867908508745 1.0 111.86546161259838 448.04491281153855 1.0
-0.01253270170496727 -0.9999214626099263 107.58085485913774 148.11851799915962 105.73283363687142 1.0 158.1247796364264 105.60741829479605 1.0 138.11225636189283 105.85824897894678 1.0
0.9999210078737326 -0.012568930454855947 -89.99265174409771 91.61022553291937 128.12047199265174 1.0 92.05020208546836 163.12279772320966 1.0 91.17024898037037 93.1181462620938 1.0
-0.9992053151032999 -0.03985897978266834 457.18464108159174 447.22597573909434 258.76400066100257 1.0 449.7440461783908 195.63972150311955 1.0 444.7079052997978 321.8882798188856 1.0
-0.00490882213019369 0.9999879516600657 -322.4615722836144 501.87228004340136 324.9290888945402 1.0 489.37258125008526 324.8677293572023 1.0 514.3719788367175 324.9904484318782 1.0
0.9963836107003341 0.08496881973856636 -543.7347151441173 507.9696254666879 442.54004835205546 1.0 507.26821352088285 450.76512867328245 1.0 508.6710374124929 434.3149680308284 1.0
0.9991914575051143 0.04020486598417313 -542.1658250100346 541.0948805960675 37.51890677332314 1.0 540.4651669532327 53.16886548336246 1.0 541.7245942389023 21.86894806328381 1.0
-0.6943949771672672 0.7195940631250861 105.2512427940829 480.59892614307626 317.5043392651453 1.0 472.6440554928858 309.82803604563503 1.0 488.55379679326666 325.1806424846555 1.0
-0.9992569909917294 0.038541743008782325 11.759946346343225 16.78297963729668 130.00354926230474 1.0 15.93864860789859 108.11290244736871 1.0 17.62731066669477 151.89419607724076 1.0
-0.022215730529420954 0.9997532002034524 -411.96599324664913 440.62535726948295 421.85892214433534 1.0 425.6327603497273 421.52576842896065 1.0 455.6179541892386 422.19207585971003 1.0
0.007890271638046677 -0.9999688713222417 82.6224295629059 248.12829143351496 84.58286213606004 1.0 294.38034334190354 84.94781474992658 1.0 201.8762395251264 84.21790952219351 1.0
-0.2595263562583239 0.9657360252197685 -297.7431987076033 480.05026021725985 437.31297428460454 1.0 465.8602418559906 433.49963019846996 1.0 494.24027857852906 441.1263183707391 1.0
0.9984086696108364 0.056392627584815024 -546.661104343774 524.9747873420167 399.37357592579536 1.0 522.9942483507248 434.438217956072 1.0 526.9553263333088 364.30893389551875 1.0
-0.3323970802681934 0.9431395342308476 -50.88635995527609 45.41835819014998 69.96132302106056 1.0 0.29598659754952017 54.058538726912055 1.0 90.54072978275045 85.86410731520908 1.0
0.30775382120278866 -0.9514660191173839 62.52998636006976 56.38504439570198 83.95749046890626 1.0 68.23339936066101 87.78986749779446 1.0 44.53668943074296 80.12511344001804 1.0
-0.9997341034588112 0.023059106257771092 47.52292186087016 50.476790754817 127.5178342562112 1.0 50.260336788442615 118.13341104421116 1.0 50.69324472119139 136.90225746821125 1.0
0.9988809305642349 0.04729573506277432 -552.3047490608141 541.9162398276596 232.47235970213626 1.0 540.1109136160409 270.60065866694305 1.0 543.7215660392784 194.34406073732947 1.0
0.31628499325667253 -0.948664220386026 62.345030603883735 13.09660528910666 70.08516700712022 1.0 26.033924270194973 74.39847382186221 1.0 0.1592863080183493 65.77186019237824 1.0
0.007794285232498783 -0.9999696240975096 104.38686327468174 187.50310587305063 105.85153129962897 1.0 213.13142041198833 106.05129176107795 1.0 161.8747913341129 105.65177083818 1.0
-0.033342137474306234 0.9994439963643007 -313.4883202774294 63.120214357895975 315.76845154905857 1.0 51.88272096187372 315.39356105890624 1.0 74.35770775391823 316.14334203921084 1.0
-0.9990845222051867 0.04277987248734658 11.317516288128315 20.293737361160126 209.38918435891503 1.0 17.93842310191397 154.38298904970682 1.0 22.64905162040628 264.3953796681232 1.0
0.7899971492904658 -0.6131105154154 -151.80256660673197 470.59620904936503 358.77234442820327 1.0 477.95632619938243 368.25590639748077 1.0 463.2360918993476 349.28878245892577 1.0
-0.9996387398400551 0.02687731033765241 89.42864756771988 96.77140248973966 271.8945898184154 1.0 95.2923299738519 216.8839445068268 1.0 98.25047500562741 326.90523513000403 1.0
-0.9985339492598851 -0.054129032648449774 543.6535769607273 525.1057997373591 356.8807352455987 1.0 528.6957469219373 290.65593933741 1.0 521.5158525527809 423.1055311537874 1.0
-0.9994718630160699 -0.03249607728921106 488.74107185662444 484.711290314498 131.88593389064357 1.0 485.36218860647625 111.86645514779109 1.0 484.0603920225198 151.90541263349604 1.0
-0.9998777714028494 0.015634649163681964 129.752104888756 133.25684154862083 223.12293845166192 1.0 133.06112676877214 210.6064530571398 1.0 133.4525563284695 235.6394238461841 1.0
0.998390200906935 -0.05671866300442976 -94.41882970486127 107.6723468715758 230.61520895425465 1.0 108.45700492279246 244.42715140671106 1.0 106.88768882035913 216.80326650179825 1.0
-0.9998312147730806 0.018372315188511776 128.81863815333892 131.8604264757775 164.35229852372095 1.0 131.0329679812735 119.32156487663052 1.0 132.68788497028154 209.38303217081136 1.0
-0.999324429906262 -0.03675165020138044 489.17342465109715 481.1605725746065 226.87171117271015 1.0 482.2190012359287 198.09168054070972 1.0 480.10214391328424 255.6517418047106 1.0
0.9981480825514113 0.06083095674852884 -593.8984006230872 581.2118943751259 226.2476776976692 1.0 580.7162454112528 234.38056084388924 1.0 581.707543338999 218.11479455144914 1.0
-0.9943921356444523 -0.1057557590321441 189.0621166210154 165.01658184792998 236.11882330601733 1.0 165.9059796222369 227.756062163509 1.0 164.12718407362306 244.48158444852567 1.0
0.14792378436196751 0.9889987634067264 -292.76600895534347 433.73492707678963 231.14922443858373 1.0 427.9587043857787 232.01316962374108 1.0 439.51114976780065 230.28527925342638 1.0
0.9787344840655471 0.20513120118828226 -682.5947966576612 633.1092316762655 306.8716951453729 1.0 631.8018270368846 313.1096638101929 1.0 634.4166363156464 300.6337264805528 1.0
-0.9997800861179426 0.02097091800563682 128.25119464382885 134.0609239319141 275.6315879122447 1.0 133.24792984203773 236.8724214813101 1.0 134.87391802179044 314.3907543431793 1.0
0.04405939077919163 -0.9990289135376246 298.5126035640445 243.7696893984657 309.5535508319669 1.0 268.12488229758054 310.62766885488264 1.0 219.41449649935086 308.47943280905116 1.0
-0.013131511919862405 0.999913777980231 -416.26414710135737 471.24194057384625 422.4886940896753 1.0 456.86941935004745 422.29994488156854 1.0 485.61446179764505 422.677443297782 1.0
-0.07909973881053066 -0.996866706897219 332.10189070299225 274.3848192315736 311.37374838640693 1.0 280.74356173259514 310.8691925942291 1.0 268.026076730552 311.87830417858476 1.0
0.07742952545891656 -0.9969978277745679 403.4773595440601 481.9046420870559 442.11832264591203 1.0 491.9894332767183 442.90153457919257 1.0 471.81985089739356 441.3351107126315 1.0
0.008663939752038675 -0.9999624673696375 88.09468559658512 505.62518313920737 92.47886269538674 1.0 523.1292842809041 92.6305228652971 1.0 488.12108199751054 92.3272025254764 1.0
-0.9929728591455922 -0.11834230435574498 510.03142374378655 495.7619357001035 150.01631996901983 1.0 496.29355112272754 145.55570304050335 1.0 495.23032027747945 154.47693689753635 1.0
-0.4823937094132909 -0.8759545131560686 334.9533909524764 185.95749783801614 279.97876612742135 1.0 192.8658745044 276.1742792550221 1.0 179.04912117163227 283.7832529998206 1.0
0.9998665031380242 -0.016339397251409114 -359.45499237441123 364.0480738034903 278.13034249020234 1.0 364.3952396433447 299.37466925227335 1.0 363.70090796363587 256.88601572813127 1.0
-0.8057524418505992 0.592252482014045 169.6910215755099 500.52893655686955 394.4456095441599 1.0 491.05619548766543 381.55805823905837 1.0 510.00167762607373 407.33316084926133 1.0
0.7064332156452511 -0.7077797057228402 -111.66604581874898 487.16036525715924 328.46409082520097 1.0 512.4966448234693 353.7521702965334 1.0 461.82408569084924 303.17601135386855 1.0
0.0 -1.0 43.125 146.875 43.124999999999986 1.0 158.125 43.124999999999986 1.0 135.625 43.124999999999986 1.0
0.0023999771260314576 -0.9999971200507503 324.6745801662473 388.7500395778849 325.6085091049597 1.0 405.62494237973766 325.6490086023246 1.0 371.87513677603204 325.5680096075947 1.0
-0.2574113425433539 -0.9663019200695133 435.39738175475264 26.209807016144694 443.5991187020395 1.0 33.09564741093985 441.7648126908955 1.0 19.323966621349545 445.43342471318346 1.0
0.04479587772044765 0.9989961608230808 -445.3305496282902 496.26793379497104 423.5249428794966 1.0 485.66425467074146 424.00042129679554 1.0 506.87161291920063 423.0494644621977 1.0
0.5577215685548632 0.83002810311983 -320.01752809539977 70.90049075910036 337.9099986177612 1.0 53.34669501420082 349.7049371989235 1.0 88.4542865039999 326.1150600365989 1.0
1.0 0.0 -483.125 483.1249999999999 125.0 1.0 483.1249999999999 135.625 1.0 483.1249999999999 114.375 1.0
0.999753164548321 -0.022217335025105898 -103.03972954339075 105.63467851066284 115.62478491619574 1.0 106.41271030810366 150.63527338079808 1.0 104.85664671322202 80.61429645159339 1.0
-0.03352453603413744 0.9994378947606979 -457.18041257392775 213.1179143567594 464.58623813186256 1.0 198.09289065985797 464.08224788796537 1.0 228.1429380536608 465.09022837575975 1.0
0.056909080269835155 0.9983793650626207 -439.2888800195557 17.514456311679098 439.0036130123153 1.0 3.1505012786594455 439.8223794037012 1.0 31.87841134469875 438.1848466209295 1.0
-0.3555901911384743 0.9346419720759941 -40.175169949146856 46.60299418696587 60.7149467444431 1.0 0.1772119439087394 43.05197709961359 1.0 93.028776430023 78.3779163892726 1.0
-0.1301277784304358 0.9914972321094797 -384.21017563493575 474.3248394046841 449.75719427102007 1.0 465.5617285783095 448.6070910664456 1.0 483.08795023105864 450.90729747559453 1.0
0.05539582752120007 0.998464472223845 -439.7829922739044 381.280818653642 419.3054810194242 1.0 366.91536195462083 420.1024912122754 1.0 395.64627535266317 418.50847082657293 1.0
-0.9959338715872182 0.09008731001253371 -8.774462082018706 16.96358249409422 284.93545281549416 1.0 16.341678268291993 278.060172786892 1.0 17.585486719896444 291.81073284409626 1.0
-0.9989132627678645 -0.046607869147377544 529.2101743413849 515.9639324210651 296.2366524944825 1.0 516.8091396923437 278.12192705191165 1.0 515.1187251497865 314.3513779370533 1.0
-0.08869754447644203 -0.9960586055066487 419.7112167842033 79.3687081983999 414.3043441192209 1.0 96.8414661870461 412.748420883122 1.0 61.89595020975369 415.86026735531976 1.0
1.0 0.0 -138.125 138.12500000000003 305.625 1.0 138.12500000000003 315.625 1.0 138.12500000000003 295.625 1.0
0.003386765376285453 -0.9999942648936972 313.2972029938198 498.1250472722836 314.9860421354179 1.0 513.1269919358084 315.0368504935726 1.0 483.1231026087588 314.9352337772632 1.0
-0.9998431417011683 -0.017711352097948694 84.91679857086012 81.3542438370443 201.86577525726324 1.0 81.57560101111166 189.36969640717749 1.0 81.13288666297694 214.36185410734902 1.0
0.9996057714463751 -0.02807671083117369 -101.80977363136418 107.29160522912304 193.73829848237878 1.0 107.83636242366956 213.13310718985136 1.0 106.74684803457652 174.3434897749062 1.0
-0.005350785651094863 0.9999856844439904 -44.50898752869817 124.37406288644115 45.17513318690869 1.0 89.37172077503182 44.98784047578495 1.0 159.37640499785047 45.36242589803243 1.0
0.9979853412642731 0.06344492589350466 -534.2032262118074 510.36999577781825 391.858788615614 1.0 509.73179314434805 401.89768241192183 1.0 511.00819841128845 381.8198948193061 1.0
-0.003433959080218584 0.9999941039451361 -442.9684103553301 239.37485223439023 443.79303043079244 1.0 226.8728534235564 443.750098825328 1.0 251.87685104522404 443.8359620362569 1.0
-0.020024737850237548 0.9997994848338488 -103.83293788516373 319.994735282845 110.26285794794065 1.0 301.86449027726155 109.89973173222978 1.0 338.1249802884284 110.62598416365151 1.0
-0.5533762659234841 -0.832931394721427 323.37355654991825 72.6771308830644 339.9508759524149 1.0 91.44696247619258 327.48072608792125 1.0 53.90729928993619 352.4210258169086 1.0
0.23527915030252564 -0.9719278375645599 352.3328935961206 243.0989933157511 421.357432470543 1.0 250.61258564358093 423.176283161188 1.0 235.58540098792125 419.53858177989804 1.0
0.0138907732052574 -0.9999035185555456 380.41115068836297 424.9985832069959 386.35198541786735 1.0 435.6302139708329 386.49968123951606 1.0 414.3669524431588 386.20428959621864 1.0
-0.7590765726927186 0.6510013492989672 140.0411746260298 489.4360538259852 355.5726388489303 1.0 469.22370170540404 332.0047568617869 1.0 509.64840594656636 379.1405208360736 1.0
-0.020306723763276004 -0.9997937972252088 336.39294355736416 412.49916905476255 328.0840887282488 1.0 436.88949587648193 327.58869894823687 1.0 388.1088422330431 328.5794785082607 1.0
-0.9996180226598206 0.027637090542793927 47.457504994087266 55.199549665612885 279.3694829204243 1.0 54.50840894011789 254.37131155614074 1.0 55.89069039110788 304.3676542847078 1.0
0.03582035542658612 0.9993582451439089 -414.1692167112042 82.48579222030816 411.4786147154003 1.0 73.12282126277272 411.8142150360835 1.0 91.8487631778436 411.14301439471706 1.0
0.9983130674831714 -0.05806047960825805 -11.780318396608962 26.08387594532889 245.59831242239105 1.0 27.39224676813276 268.09491765768496 1.0 24.77550512252502 223.10170718709713 1.0
-0.15420602203785166 0.9880387152167983 -439.20208563973335 124.95761119904242 464.0215962443245 1.0 115.51986613580002 462.5486204380165 1.0 134.39535626228482 465.4945720506325 1.0
0.01819543092028252 -0.9998344494433192 88.04619589787058 416.2498021285021 95.63587299009319 1.0 451.86300762771253 96.2839779047333 1.0 380.6365966292917 94.98776807545308 1.0
0.7203879242235595 -0.6935713652053919 -121.3960807940694 429.52682077713337 271.10383077627733 1.0 437.1942086100397 279.06767398299434 1.0 421.85943294422697 263.13998756956033 1.0
-0.7978093690535181 0.6029097864941549 161.5732484182348 463.72594483222656 345.6431786484703 1.0 453.2499077941282 331.78060635859833 1.0 474.20198187032486 359.5057509383423 1.0
0.1613683736428858 0.9868942435680989 -536.1377999016082 488.78447001628194 463.3358112009586 1.0 479.25545889379055 464.8939123220087 1.0 498.3134811387733 461.7777100799084 1.0
0.5755234806012819 0.8177852549884878 -329.38328351804745 14.155325632439663 392.81285555282284 1.0 0.2531545240327904 402.59662929466845 1.0 28.057496740846535 383.0290818109772 1.0
-0.13389617827326628 0.9909953649961305 -462.8984099640099 10.486990032705368 468.5214424315616 1.0 5.493699407949109 467.84678485466645 1.0 15.480280657461627 469.1961000084567 1.0
-0.012178664576563964 0.9999258373145138 -401.01460994440953 491.24814209770545 407.02754254649926 1.0 480.62471799633346 406.89815383189955 1.0 501.8715661990775 407.15693126109903 1.0
-0.9998986935229909 0.014233857207938388 77.88411325343475 79.67148320683863 125.00467653488752 1.0 79.21795159819143 93.14502975517992 1.0 80.12501481548583 156.86432331459514 1.0
0.07524025953739635 -0.9971654342909934 393.22325088020574 442.52967369223177 427.73173208222295 1.0 450.702461014505 428.34840271492396 1.0 434.3568863699585 427.115061449522 1.0
0.047653313189219476 -0.9988639355498276 407.57904808278437 20.018003863428213 408.9976199465377 1.0 26.87739185040508 409.32486428122263 1.0 13.158615876451343 408.67037561185276 1.0
-0.9710240111186552 0.2389819445712118 528.6360076301734 613.1662603421485 279.36484528015023 1.0 611.6445123398441 273.1817260835911 1.0 614.6880083444527 285.54796447670935 1.0
-0.13700111769861817 0.990570892843783 -340.2606971226254 106.24056543468575 358.1932155441058 1.0 96.87189103143663 356.8974790411739 1.0 115.60923983793487 359.48895204703774 1.0
-0.03819386942418875 0.9992703479731638 -405.015537873806 411.21069008562984 421.02846955293137 1.0 396.8328061775215 420.47892155353736 1.0 425.5885739937382 421.57801755232543 1.0
0.17719252204050873 -0.9841762088838175 316.37110551952844 493.19201205401407 410.25279654293746 1.0 506.9462723548027 412.7291336556405 1.0 479.4377517532254 407.7764594302344 1.0
-0.18800960133455563 -0.9821671903530588 549.8964764348791 488.1605032219809 466.43546978204284 1.0 504.413157249773 463.32433449427657 1.0 471.90784919418877 469.5466050698091 1.0
0.03339319358169531 -0.9994422917919851 441.96809929525057 296.2420575193913 452.1127146409384 1.0 314.388564446827 452.7190226025246 1.0 278.0955505919556 451.5064066793522 1.0
0.9994053175728527 0.0344820418059215 -469.2169027673474 460.2024797637538 269.36042197025176 1.0 459.3394551012047 294.37377361000114 1.0 461.0655044263028 244.3470703305024 1.0
-0.38033345351661024 0.9248494278184577 -429.0131001189561 21.745100999606414 472.8158728612416 1.0 15.299963171052315 470.1653857062604 1.0 28.190238828160517 475.4663600162228 1.0
0.5503062497110703 0.8349628923065606 -320.90301484385463 18.072741093518015 372.42070915471544 1.0 0.41600012904317474 384.0578908687891 1.0 35.729482057992854 360.78352744064176 1.0
-0.05023131382280974 0.9987376107424984 -423.2667844124804 113.08780616426432 429.4895164452205 1.0 101.83483705528852 428.92355055320695 1.0 124.34077527324011 430.055482337234 1.0
0.032137956792758965 -0.9994834424507426 456.7198849797137 22.494237211640996 457.67922146029116 1.0 38.123174804777385 458.18176317309167 1.0 6.865299618504605 457.17667974749065 1.0
-0.246581768293607 -0.9691219900225141 412.86726372822113 70.60761947805429 408.0566906268772 1.0 80.59701332848618 405.51500606582044 1.0 60.61822562762239 410.59837518793387 1.0
0.017481114029385264 -0.9998471936512557 85.23696684635375 176.25731453937718 88.33163869551744 1.0 196.88693578583332 88.69232257169594 1.0 155.62769329292104 87.97095481933894 1.0
-0.05144829897990561 0.998675659326928 -209.63111770231035 350.04162346045587 227.942036711836 1.0 336.91925178103173 227.26601773091534 1.0 363.16399513987994 228.61805569275666 1.0
-0.3231562846193422 0.9463456111331751 -58.50145214312619 15.539717005812747 67.12474661207183 1.0 0.19480719727479556 61.88479623537146 1.0 30.8846268143507 72.36469698877221 1.0
-0.9998365568214702 0.018079260034273716 77.17413066933858 81.58287610820392 243.1189808624936 1.0 81.06297804922855 214.3670803865519 1.0 82.1027741671793 271.8708813384353 1.0
0.035841711185482135 0.9993574794533218 -399.95530213088995 105.63124076425493 396.4240082777686 1.0 96.87009458519258 396.7382246392407 1.0 114.39238694331728 396.1097919162965 1.0
0.998356320159694 -0.05731193590513742 -615.7455458478041 632.941305012808 281.88554524834416 1.0 633.9467211703554 299.3995859001826 1.0 631.9358888552606 264.3715045965057 1.0
-0.0182113762993006 0.9998341591350464 -223.67826306873005 61.24169706183026 224.83084480090088 1.0 51.84704587506958 224.65972689459653 1.0 70.63634824859093 225.00196270720525 1.0
-0.9998435879783557 0.01768614086136258 119.11886352506885 122.6089121039354 196.2480734638549 1.0 122.35451809523926 181.8665178487116 1.0 122.86330611263153 210.62962907899816 1.0
-0.15414060975811053 0.9880489220799737 -394.7803271066447 473.69854867825387 473.45480551374885 1.0 465.57622013566345 472.1876813398011 1.0 481.8208772208443 474.7219296876967 1.0
0.029218141460474103 -0.9995730589654744 375.63167219039906 84.38935613532914 378.25886656753033 1.0 96.89693842984717 378.624470967861 1.0 71.8817738408111 377.8932621671997 1.0
-0.33470045567354106 0.9423245751713812 -370.0728421296136 95.68398420202368 426.70893430701506 1.0 90.84986059628628 424.9919214897188 1.0 100.5181078077611 428.42594712431134 1.0
-0.9975213411456131 0.07036457886648181 146.48655414886824 165.23681495783265 260.65238234851495 1.0 164.17158448673442 245.55117453520072 1.0 166.30204542893088 275.7535901618292 1.0
0.01675437735468999 -0.9998596355686414 102.06707482015744 429.36618300508474 109.27617636192367 1.0 444.37244238369914 109.52763218968961 1.0 414.35992362647033 109.02472053415774 1.0
0.9994617954662437 0.03280425892155645 -549.3934196426977 547.391174165713 70.01694182914991 1.0 546.7545885732455 89.41207527011004 1.0 548.0277597581803 50.6218083881898 1.0
-0.5082531857298397 -0.8612076980586444 317.38986268288824 28.891487343983563 351.4897426976115 1.0 35.358377013806695 347.6732216843179 1.0 22.42459767416043 355.30626371090506 1.0
-0.0006141974602841401 0.9999998113807221 -116.10739363643013 60.62506470491353 116.14465130432168 1.0 53.12468366086216 116.14004458846435 1.0 68.12544574896489 116.14925802017902 1.0
0.12729742035708494 -0.9918645909449695 423.9759627324903 214.45811974523804 454.97735504475503 1.0 221.9944122507298 455.9445743645732 1.0 206.92182723974625 454.01013572493684 1.0
0.03433177198011599 -0.9994104909558962 150.80112510009133 114.96258125607248 154.83927337805923 1.0 121.8509226041036 155.07590183715777 1.0 108.07423990804136 154.6026449189607 1.0
-0.11751416525164518 -0.9930712063921746 409.0095541947322 97.46507138474198 400.32983046007587 1.0 121.7952127304055 397.4507456247825 1.0 73.13493003907845 403.2089152953692 1.0
-0.03758180850698839 0.9992935543019098 -406.438549458379 166.27898245069298 412.9793618291419 1.0 149.40434453439778 412.3447340883095 1.0 183.15362036698818 413.61398956997425 1.0
-0.06413622594274015 -0.9979411528350867 436.12924552722734 393.74028940586004 411.7239059596453 1.0 411.8707382493878 410.5586883912864 1.0 375.60984056233224 412.88912352800423 1.0
-0.9992675288180061 -0.03826755610116002 77.79290629463088 70.81375120665427 183.7332935878611 1.0 71.029763795293 178.09263116688018 1.0 70.59773861801555 189.37395600884207 1.0
-0.9999978511165186 0.002073104518580382 51.09388718139892 51.398484218767805 146.87469217603365 1.0 51.39070740742739 143.1234126051026 1.0 51.406261030108226 150.6259717469647 1.0
-0.2538313743891193 0.9672484858482493 -412.41306197648385 175.63330344861157 472.4683589228629 1.0 166.98672288306392 470.19926937572916 1.0 184.2798840141592 474.73744846999665 1.0
-0.0009221419995308611 0.999999574826976 -102.65807683878907 368.12511749545286 102.99758426250823 1.0 328.1251515092876 102.96069859820979 1.0 408.12508348161816 103.03446992680666 1.0
1.0 0.0 -136.875 136.87499999999997 265.0 1.0 136.87499999999997 290.625 1.0 136.87499999999997 239.375 1.0
0.08787003446784501 0.996131947606651 -446.04996228453484 81.24911098106325 440.61492170459155 1.0 71.8370840105753 441.44516827613876 1.0 90.66113795155121 439.78467513304435 1.0
0.030440850815863202 0.9995365699170823 -244.92193554013076 277.49115311067317 236.5845091242478 1.0 271.83333206152685 236.75681786380116 1.0 283.1489741598195 236.41220038469442 1.0
0.09920327578263709 -0.995067188723452 352.08767235551886 453.7801379308322 399.0726988323165 1.0 459.4731730809299 399.64026627141567 1.0 448.0871027807345 398.5051313932173 1.0
0.033064333843604465 -0.9994532254325256 416.79577636041483 53.14461962580069 418.7819471237184 1.0 68.12822087321287 419.2776409503199 1.0 38.16101837838852 418.28625329711684 1.0
0.04407368319111756 -0.9990282831081255 453.16988510717124 413.15422253967307 471.83760599242225 1.0 425.6574607053281 472.3892057489994 1.0 400.65098437401804 471.28600623584504 1.0
-0.2925122592722533 -0.9562617728297217 512.4001560904485 436.39449609126507 402.34737708513126 1.0 444.52358901800585 399.86075741110767 1.0 428.26540316452434 404.8339967591548 1.0
0.14696878141553488 -0.989141131128027 466.6372453528867 10.073290054602488 473.25673737094564 1.0 19.518365841732546 474.66010766374586 1.0 0.6282142674724298 471.8533670781454 1.0
-0.14460549227415018 -0.989489389333787 476.7455734222268 440.00106093792374 417.50725966076254 1.0 447.00058504316104 416.48433850583825 1.0 433.00153683268644 418.5301808156868 1.0
0.9998149170017916 0.019238808193351317 -467.9559195251884 465.9981377266133 106.24515357303994 1.0 465.79353189046924 116.87824295293065 1.0 466.2027435627574 95.61206419314922 1.0
0.0 -1.0 226.87499999999977 191.25 226.87499999999994 1.0 206.875 226.87499999999994 1.0 175.625 226.87499999999994 1.0
-0.044718734647807915 0.9989996170026787 -428.86548614239825 303.10874375351256 442.86315839754286 1.0 268.0949717887863 441.29581888022926 1.0 338.1225157182388 444.43049791485646 1.0
-0.03663138892828173 0.9993288454483764 -443.4480192057212 403.13331752251094 458.52309241033254 1.0 383.1372754433542 457.79011767657585 1.0 423.12935960166766 459.2560671440892 1.0
-0.2730325706527046 0.9620047896776688 -398.9438517353144 47.485092896564495 428.17752378817255 1.0 40.46595543918063 426.18537867172637 1.0 54.50423035394835 430.16966890461873 1.0
0.0519781565909168 0.9986482219667796 -389.6844553575993 117.51797231975239 384.09529937847947 1.0 106.88923575431701 384.64850932910025 1.0 128.14670888518776 383.5420894278586 1.0
-0.03830932461864195 -0.9992659283930697 390.5221963875303 418.11654846052244 374.77954882978446 1.0 429.37396366332365 374.34796804521346 1.0 406.8591332577212 375.21112961435546 1.0
-0.4298110525713291 -0.9029188552065607 305.26996553518586 13.622719404267936 331.6076172765896 1.0 26.74856732693441 325.359398536887 1.0 0.4968714816014619 337.85583601629224 1.0
0.07202684577147123 -0.9974026937442131 375.16656666908733 451.87317436909575 408.77528070141295 1.0 464.35322589394485 409.6765202429124 1.0 439.3931228442466 407.87404115991353 1.0
0.5925429963159404 0.8055388243386704 -338.09539056907084 551.0695520576048 14.354350982235507 1.0 543.5179513902265 19.90920191087123 1.0 558.6211527249831 8.799500053599786 1.0
0.028469927525044406 -0.9995946494588288 436.52021530889203 55.63833239368125 438.2818924020252 1.0 69.39497400506396 438.6737018118456 1.0 41.88169078229855 437.89008299220484 1.0
-0.09385054085646324 -0.9955862976060635 448.1956246131944 79.39370452935783 442.6984215856604 1.0 86.88604279452721 441.99214428940144 1.0 71.90136626418845 443.40469888191944 1.0
-0.02857482816948939 0.9995916562252231 -425.2816035844525 66.87879724656503 427.36716644591763 1.0 54.371151781741304 427.00961662271095 1.0 79.38644271138877 427.7247162691244 1.0
-0.15223507614569953 0.9883443132789874 -213.39422510187225 245.01530734909977 253.65062125091544 1.0 238.01752527855564 252.5727500353408 1.0 252.0130894196439 254.72849246649005 1.0
0.24391525405207942 -0.9697965502313924 376.0318508720996 303.21783676950446 464.0058850008172 1.0 308.21604872861866 465.26299417440896 1.0 298.21962481039026 462.74877582722553 1.0
0.1297669451279659 -0.991544522425572 349.829499114431 423.11682084696594 408.18749661176014 1.0 433.1092633760294 409.49524297315526 1.0 413.1243783179025 406.87975025036496 1.0
0.06787721199535654 -0.9976936824956533 406.22368596765483 331.89250198805337 429.74274690431923 1.0 343.1329951000812 430.5074839646852 1.0 320.65200887602555 428.9780098439532 1.0
-0.06749510041426135 0.997719605610749 -222.92863158121378 10.01753211715337 224.11583841783445 1.0 0.6010642788827558 223.47882032305353 1.0 19.433999955423985 224.75285651261538 1.0
0.7065140399216326 -0.707699025994535 -118.29749139010565 633.7970379868704 465.57788311963816 1.0 638.4882003387374 470.26119049100015 1.0 629.1058756350033 460.8945757482762 1.0
0.016614239047440957 0.9998619740048496 -271.1625389296198 230.63318609703293 267.36764772917945 1.0 220.615181494111 267.534112228859 1.0 240.6511906999549 267.2011832294999 1.0
-0.49847439468711424 -0.8669044225526337 319.6675961296098 9.674181423329859 363.1833639439144 1.0 19.1504414753119 357.73446684473896 1.0 0.19792137134781562 368.6322610430899 1.0
-0.2701728429959172 0.9628118377479078 -345.11280442075963 219.95410897428008 420.1635413179191 1.0 204.33158075364952 415.77973266635075 1.0 235.57663719491066 424.54734996948747 1.0
0.03166499571982513 -0.999498538291109 393.7065857692796 48.11143024906457 395.42832616637423 1.0 63.11617086784112 395.90368959039984 1.0 33.10668963028802 394.95296274234863 1.0
-1.0 0.0 83.125 83.125 300.0 1.0 83.125 289.375 1.0 83.125 310.625 1.0
0.0 -1.0 43.125 111.875 43.125 1.0 124.375 43.125 1.0 99.375 43.125 1.0
-0.08757681480625852 0.9961577693861503 -405.207015155445 191.88472437897022 423.63938835369754 1.0 185.62813479173818 423.08934276409434 1.0 198.14131396620226 424.1894339433007 1.0
0.11884690305133926 0.9929125911353455 -419.29359006736104 415.6295049855985 372.537637134909 1.0 408.1616865167995 373.43149939981544 1.0 423.09732345439744 371.6437748700026 1.0
-1.0 0.0 638.125 638.1249999999999 240.625 1.0 638.1249999999999 230.625 1.0 638.1249999999999 250.625 1.0
0.02111858662791262 0.9997769777799643 -426.9846629760498 33.12774907010002 426.38014398381546 1.0 26.867340364036128 426.5123844599652 1.0 39.38815777616392 426.24790350766574 1.0
0.0 1.0 -425.6250000000001 10.0 425.6250000000001 1.0 0.625 425.6250000000001 1.0 19.375 425.6250000000001 1.0
-0.9991149996622704 0.04206206663802519 43.71337799067931 53.671890398672176 235.62828836145712 1.0 53.30306727293612 226.8675034880841 1.0 54.04071352440823 244.3890732348301 1.0
1.0 0.0 -135.62500000000006 135.62500000000003 199.375 1.0 135.62500000000003 228.125 1.0 135.62500000000003 170.625 1.0
-0.019585192014580772 0.9998081917316701 -249.5465725794555 259.3568806987697 254.67497565431074 1.0 250.59799862441636 254.50339835710722 1.0 268.11576277312304 254.8465529515143 1.0
0.13387146989459975 -0.9909987031011994 344.20278414159765 475.664115748104 411.5854412488153 1.0 483.1955370360257 412.60284160973845 1.0 468.1326944601823 410.5680408878921 1.0
-0.060702519071689484 -0.9981559017399794 424.76343804861096 40.58425858462161 423.08007254349445 1.0 53.076067747889674 422.32038732533226 1.0 28.092449421353543 423.8397577616566 1.0
0.9997218422813123 0.023584699821254697 -137.63625612457847 134.66685088317314 127.49214059192889 1.0 134.20967678050482 146.8710998166286 1.0 135.12402498584146 108.11318136722919 1.0
0.06781968482706933 -0.997697594639757 385.13686092504116 208.69311669554455 400.21181214643 1.0 219.26924690551283 400.9307372209052 1.0 198.11698648557626 399.49288707195484 1.0
0.005425775823010828 -0.9999852803700254 435.88554736733903 13.748146750178126 435.96655899601706 1.0 23.12287075914736 436.01742489561957 1.0 4.37342274120889 435.9156930964146 1.0
0.03620367864088738 -0.9993444319416942 408.1354272271817 263.13185590641103 417.93575370915363 1.0 274.3671104600058 418.3427780866414 1.0 251.89660135281628 417.5287293316659 1.0
-0.9918833886116302 0.1271508686415855 37.43020470327076 50.32028066765858 98.16406238197348 1.0 49.827125859213965 94.31704137664322 1.0 50.8134354761032 102.01108338730373 1.0
0.2199339815726613 0.975514758345355 -333.7552560194552 228.8701010680038 290.53270696730436 1.0 220.73583600337747 292.3666118749709 1.0 237.0043661326301 288.69880205963784 1.0
-0.126388003240346 0.9919808832013439 -265.582592910661 191.91558537485727 292.18145777317625 1.0 185.68706336895127 291.3878835493217 1.0 198.14410738076327 292.9750319970307 1.0
-0.06753174402115088 0.9977171260179218 -460.85625384002736 211.25273142278851 476.2096458327263 1.0 199.3897768071638 475.40668676392255 1.0 223.11568603841323 477.01260490153004 1.0
0.586216355749863 0.8101545434368372 -327.20303172055117 68.22379278823485 354.51153222988785 1.0 56.68424982998946 362.86138211322555 1.0 79.76333574648024 346.1616823465501 1.0
-0.038222390935480986 0.9992692574232309 -356.7711924906654 463.1108000360521 374.7462375673606 1.0 455.6217571698183 374.4597791158078 1.0 470.59984290228596 375.0326960189134 1.0
0.9999679587920686 -0.008005085210274022 -126.27184609898966 128.08210010393245 225.62534342832737 1.0 128.18216046290337 238.12454241096208 1.0 127.98203974496151 213.1261444456927 1.0
-0.04848114158768937 -0.9988240980825175 458.05970744521125 151.25036654265693 451.2575516299069 1.0 156.89241050685288 450.983696871299 1.0 145.60832257846099 451.5314063885148 1.0
-0.6899890895199736 0.7238197678589595 101.08348356429663 499.3091605012961 336.319067658303 1.0 491.9462318483349 329.3002756011522 1.0 506.6720891542573 343.3378597154539 1.0
-0.010144267570664374 -0.9999485455939494 343.8787297945807 123.76411002187311 342.64086392901584 1.0 138.1439705867599 342.49498326961407 1.0 109.38424945698632 342.78674458841755 1.0
0.0 1.0 -83.125 409.375 83.12500000000001 1.0 399.375 83.12500000000001 1.0 419.375 83.12500000000001 1.0
0.9981036597560435 -0.061555539000093674 -115.12605645392587 127.52501126756144 197.4984574928257 1.0 128.33376381019946 210.61212501578873 1.0 126.71625872492342 184.3847899698627 1.0
-0.997624020376994 0.06889349727545567 105.21407064410558 122.85386149284676 251.807402197408 1.0 122.2465427827527 243.01302018495565 1.0 123.46118020294081 260.60178420986034 1.0
0.041364504296518195 -0.9991441226291147 445.62327598655787 188.12320777057238 453.7932906311693 1.0 198.13192823676124 454.20765103358747 1.0 178.1144873043835 453.3789302287512 1.0
