-0.03576428655791451 -0.9993602532655597 155.13217574448865 259.3642484285346 145.94956920110167 1.0 266.8769936761324 145.6807092249382 1.0 251.85150318093685 146.21842917726514 1.0
-0.9999142218314181 -0.013097670757416103 415.87521788465284 412.8899176114761 230.6301074506054 1.0 413.1846971430103 208.12578196059945 1.0 412.59513807994193 253.13443294061133 1.0
0.002564494438688765 0.9999967116787304 -160.00456959574564 243.12661973188278 159.38159682944118 1.0 235.6250662528671 159.40083458487956 1.0 250.62817321089847 159.3623590740028 1.0
0.022647647492979414 0.9997435091377357 -299.4753082274234 181.28840511762183 295.4453313615478 1.0 168.15598599018307 295.7428260653492 1.0 194.42082424506063 295.14783665774644 1.0
0.9788277117311609 0.2046858831163974 -223.11207794197978 165.57117200882652 298.2444396579059 1.0 163.7395345484738 307.00350734123316 1.0 167.40280946917926 289.4853719745787 1.0
-0.9999805963084492 0.006229526996366593 311.11412247576664 312.58801672001266 235.62445168682723 1.0 312.45561758557193 214.37138295689212 1.0 312.7204158544534 256.87752041676237 1.0
0.020959324768506527 0.9997803292249994 -299.10062262214893 290.0253929523211 293.0862687079363 1.0 276.9061586768147 293.36129941603957 1.0 303.14462722782747 292.81123799983305 1.0
-0.9967495656606353 -0.08056241900126024 257.97135821588455 243.71274070685527 186.821472802698 1.0 244.41537057315094 178.1282629570572 1.0 243.0101108405596 195.5146826483388 1.0
-0.6885986280284828 -0.7251426959414893 294.4137015541272 293.20249143334155 127.58160391932026 1.0 312.11223742413785 109.6248276620302 1.0 274.29274544254525 145.5383801766103 1.0
-0.762354643908953 -0.647159483365927 295.59570909439583 274.93696213242316 132.88260690123855 1.0 285.5539386932684 120.37579583924831 1.0 264.31998557157794 145.38941796322877 1.0
-0.5910291377865293 0.8066502081369047 -56.28089919284357 321.58534286312766 305.39533074565736 1.0 303.9409697698372 292.467374475495 1.0 339.22971595641815 318.3232870158198 1.0
0.02199650958455375 0.9997580475125454 -304.27470486536595 234.3709682038303 299.19175180550445 1.0 198.11101865271638 299.9895371594918 1.0 270.6309177549442 298.3939664515171 1.0
0.7073388844679592 0.7068746016936972 -294.09707646691146 280.43418413052297 135.43430937815634 1.0 271.06246804839515 144.81218090331717 1.0 289.8059002126508 126.05643785299551 1.0
0.003932315075514292 0.9999922684191848 -202.4814509251333 235.6262050782696 201.55645279672137 1.0 194.37438525330074 201.71866920390076 1.0 276.8780249032385 201.394236389542 1.0
0.47464708006191997 -0.8801762036028317 125.08664992964577 388.8384771587398 351.80194199897943 1.0 397.70605629079125 356.5839055706116 1.0 379.97089802668836 347.01997842734727 1.0
0.8388312070253326 0.544391592624669 -289.68274440582974 259.4575778709797 132.3342097204569 1.0 251.9122925579736 143.96043773758043 1.0 267.0028631839858 120.70798170333333 1.0
0.03792977372248896 -0.9992804072258 193.09938215808052 425.00018203532994 209.37020418075855 1.0 435.7520304896421 209.77831303190948 1.0 414.2483335810178 208.96209532960762 1.0
0.02224388247857733 -0.9997525742363854 191.09458393138937 236.88529189873702 196.4124300207697 1.0 241.91061592065964 196.5242404024992 1.0 231.85996787681438 196.3006196390402 1.0
-0.9996991325776317 0.02452843907652556 261.9646802765112 267.70234881640005 230.63537009383094 1.0 267.303129547886 214.36449549000295 1.0 268.1015680849141 246.90624469765893 1.0
0.870820868589536 0.4916004626004394 -283.49906655385627 248.93205620730777 135.72777534560777 1.0 245.19914588092647 142.34025124847994 1.0 252.66496653368907 129.11529944273562 1.0
0.2411510420453549 -0.9704875964794396 42.320518978292284 248.2097962043345 105.28374638634273 1.0 258.2133431914967 107.76947190087272 1.0 238.20624921717234 102.79802087181274 1.0
0.9895279263460103 -0.14434154974006846 -402.71213703427617 438.9954084071668 219.52153887323914 1.0 440.10569802075577 227.13308649037862 1.0 437.88511879357776 211.90999125609963 1.0
0.9999417210056737 -0.010796045211625261 -255.06264778229888 257.54732005843687 228.75623702225437 1.0 257.7429869739619 246.8791244702705 1.0 257.3516531429118 210.6333495742382 1.0
0.9998767014220828 -0.015702928175813508 -224.88503074905606 229.2316352875593 275.00225152339203 1.0 229.39876655528886 285.64425783017214 1.0 229.06450401982974 264.36024521661193 1.0
0.9999924176576969 0.0038941786187249895 -566.1130315197806 565.3311852013119 201.87385582401754 1.0 565.1364587909416 251.87796527902648 1.0 565.5259116116823 151.86974636900862 1.0
0.08806732725820088 -0.99611452447477 202.37697910022177 602.4838663407133 256.43248506964756 1.0 638.216361541502 259.5916251798264 1.0 566.7513711399246 253.27334495946874 1.0
-0.5339293421439387 0.8455290992022337 -80.92657800102515 514.8667783003563 420.8359695324884 1.0 422.3313680587818 362.40229674473954 1.0 607.4021885419307 479.2696423202372 1.0
-0.017928692485836176 -0.9998392680754984 300.7840627852421 236.86979926357878 296.58496766769514 1.0 274.3801526015101 295.91234796620523 1.0 199.35944592564746 297.25758736918505 1.0
-0.9999199832590493 0.01265018099563943 251.84856817369885 254.7785317942205 230.00280183708173 1.0 254.58078851527438 214.37239652971374 1.0 254.97627507316665 245.63320714444976 1.0
-0.15991733555240964 0.9871304097178943 -153.17967254279125 425.76250551254736 224.15121226557153 1.0 415.327606770428 222.46073531625356 1.0 436.1974042546667 225.84168921488953 1.0
0.018175381470125172 0.9998348141110188 -290.9663493916372 216.24242839220346 287.0834829059186 1.0 204.35999349607005 287.2994863736746 1.0 228.12486328833688 286.8674794381626 1.0
0.9975721652212735 0.06964032722309814 -295.1278472172688 271.4522772999365 349.4327520743665 1.0 271.01808197484485 355.6524409795181 1.0 271.88647262502815 343.2130631692148 1.0
0.024669492259336064 0.9996956617649526 -292.7715470056304 256.24166902970666 286.53739942139794 1.0 244.3430684824186 286.8310212158349 1.0 268.1402695769947 286.243777626961 1.0
0.9998272416710697 -0.018587275551306473 -264.41468433169376 269.57290365431413 275.00793992915305 1.0 269.7473451877404 284.39131603056455 1.0 269.3984621208878 265.6245638277416 1.0
-0.8991765414335314 -0.4375860456363212 277.73590098414854 86.11801287357551 457.7399256918466 1.0 96.14808743076297 437.1295615346956 1.0 76.08793831638803 478.35028984899765 1.0
0.9081654673346987 0.41861137578994223 -276.1037054032869 158.8134390723551 315.0292417167494 1.0 155.17695996976735 322.91847964637424 1.0 162.4499181749428 307.14000378712456 1.0
0.6009144477046039 -0.7993133469046234 52.95463533525522 349.3990855049512 328.92431340988014 1.0 359.78980944992315 336.735938431311 1.0 339.0083615599792 321.1126883884492 1.0
-0.9998966979738722 0.0143733566346616 199.30263923665677 203.27627990611052 274.9978253753147 1.0 203.12332052610773 264.35705559019 1.0 203.42923928611333 285.63859516043937 1.0
-0.0407696779966984 -0.9991685710409658 133.1149433093549 213.18221108525648 124.52710865310381 1.0 253.42124277629154 122.88521116704369 1.0 172.94317939422146 126.16900613916393 1.0
0.20066932116751754 0.9796590343288667 -255.94828349011675 596.447417801369 139.08878525388621 1.0 554.5385069483399 147.6732339212827 1.0 638.3563286543983 130.5043365864897 1.0
0.8850201361101483 0.4655527453249253 -297.0025788333118 89.61674089233112 467.5946190782312 1.0 84.1418843602446 478.0023727041474 1.0 95.09159742441764 457.1868654523149 1.0
0.9998976328053407 -0.01430817634347452 -266.89723060109435 271.49477442844903 319.38044089149685 1.0 271.7096310081709 334.39525342241217 1.0 271.27991784872717 304.36562836058147 1.0
0.8870265385092537 0.4617184423220404 -292.93388227099325 136.72635595728968 371.77197245998013 1.0 133.37769513968468 378.2052242892627 1.0 140.0750167748947 365.33872063069765 1.0
0.002152159025730832 0.9999976841030822 -397.9365175663939 214.37898378560556 397.47606041509613 1.0 203.1263457006739 397.5002779377992 1.0 225.6316218705372 397.4518428923931 1.0
-0.9847826632690788 0.17379040860950862 161.21470255449336 237.04827031447945 415.5944219649914 1.0 235.08512639061132 404.47027468209245 1.0 239.01141423834758 426.7185692478904 1.0
0.9999990677778403 0.0013654462458287616 -310.57546112464405 310.30863440395717 195.62542142408105 1.0 310.24548140868205 241.87618859667955 1.0 310.37178739923235 149.37465425148255 1.0
0.2097735711486322 0.977749993018435 -435.89634822358346 229.0630288084908 396.67090915028126 1.0 224.96528210599743 397.550069432135 1.0 233.1607755109842 395.79174886842753 1.0
0.9949130328635601 -0.10073756517919545 -206.58411400301244 252.00039843536118 438.1123030781201 1.0 252.52689416043538 443.3121255841682 1.0 251.47390271028698 432.91248057207196 1.0
-0.0225210389786411 -0.9997463692373794 267.2473653555936 216.26280569320807 262.4434660153769 1.0 229.38114873000166 262.14795234915357 1.0 203.14446265641445 262.73897968160026 1.0
-0.9999081962230325 0.013549875497642722 309.5790201922932 312.0212096444227 178.1230186956303 1.0 311.54677804063886 143.11250887558046 1.0 312.4956412482065 213.13352851568013 1.0
0.0027145222117459056 -0.9999963156777938 149.252048178733 198.74886774614532 149.7921082771801 1.0 230.62363287103736 149.87863335389207 1.0 166.87410262125326 149.70558320046814 1.0
0.9906615540696304 -0.13634399615804388 -141.8497818942532 164.15585794456388 152.35812380519286 1.0 165.8062973748584 164.35004818019877 1.0 162.50541851426937 140.36619943018698 1.0
0.8491683702074221 -0.5281222197931749 14.328340136916635 249.73436030905245 428.67891442630423 1.0 253.02260777871018 433.9660915985532 1.0 246.44611283939471 423.3917372540552 1.0
-0.029321146498106323 0.9995700427524009 -244.2293806320876 216.92786695122476 250.69774371035138 1.0 203.1713703963776 250.2942139590248 1.0 230.68436350607192 251.10127346167795 1.0
-0.9999983461489294 0.0018187081696274328 447.0951325908837 447.492578421012 218.12501349770866 1.0 447.4766626835345 209.37390574935236 1.0 447.5084941584895 226.87612124606494 1.0
-0.011108060985285238 -0.9999383035873499 208.11519495504504 236.24865150219202 205.50360936195153 1.0 275.6465614987191 205.06594797287968 1.0 196.85074150566493 205.9412707510234 1.0
-0.9999521648927326 -0.009780998228068388 246.8984539734422 244.22648939331475 274.37354734853136 1.0 244.33663994469356 263.1123979497615 1.0 244.1163388419359 285.6346967473013 1.0
0.1140354128935097 0.9934766854869855 -420.2368866115251 266.7178866704611 392.3812284410993 1.0 255.4017609110858 393.6801407277955 1.0 278.03401242983637 391.08231615440314 1.0
0.002497946798031165 -0.9999968801260303 303.09775951319716 180.6301834777475 303.5499111391095 1.0 194.38009768134714 303.58425780042484 1.0 166.88026927414782 303.51556447779416 1.0
-0.0985453047097386 0.9951325655005291 -331.97032618891666 416.2682213016201 374.8159972138565 1.0 410.63655564651333 374.2583084925285 1.0 421.8998869567268 375.37368593518454 1.0
0.03218388182261313 -0.9994819646951255 291.92430477823405 298.77587760619195 301.6963616812627 1.0 308.1612714660032 301.99857664612705 1.0 289.3904837463807 301.39414671639844 1.0
0.9076475726149794 0.41973311035244254 -278.1996724881905 105.0636690339995 435.60749392853626 1.0 96.03073143376484 455.1406774783192 1.0 114.09660663423416 416.0743103787533 1.0
0.8878807212924279 0.4600737166555354 -292.17426104886636 146.63468898290415 352.07433453433197 1.0 140.0733403953006 364.73685948568516 1.0 153.19603757050774 339.4118095829788 1.0
0.21327347742082461 -0.9769925403138087 188.58923904202481 253.22157159315663 248.30761153584933 1.0 258.38483108071375 249.43472997360493 1.0 248.0583121055995 247.18049309809373 1.0
0.9994378109722905 -0.03352703385204825 -240.89038294113735 248.72050744131315 229.37598935421755 1.0 249.22383275988474 244.38007104005976 1.0 248.21718212274155 214.37190766837537 1.0
-0.9999997939769836 -0.0006419080856142164 203.0978449042543 202.89207373307346 320.6268564458959 1.0 202.90170260990269 305.6264614341149 1.0 202.8824448562442 335.6272514576769 1.0
0.9999610303857619 -0.008828233676418815 -241.63883671506554 243.6843007975654 230.6200621694383 1.0 243.82775400427323 246.86879568165332 1.0 243.5408475908576 214.37132865722333 1.0
-0.9766547707968297 0.2148149405413693 118.45636307576424 155.26023977372108 154.45522890857944 1.0 152.98919393849022 144.12993335843424 1.0 157.53128560895198 164.78052445872467 1.0
-0.005051120901296982 -0.9999872430074498 372.12634584478945 254.3729603725284 370.8462081502413 1.0 266.875798360039 370.78305399830003 1.0 241.8701223850178 370.9093623021826 1.0
0.5632850642519467 -0.826262631607336 67.58796122291008 456.6747954646242 393.1268827885373 1.0 490.90581939227576 416.46307611848135 1.0 422.44377153697263 369.79068945859325 1.0
-0.004843943172737432 -0.9999882680384502 302.60421004929447 284.374904322255 301.23024819469435 1.0 289.3838692902223 301.20598476837773 1.0 279.3659393542877 301.25451162101103 1.0
0.9999235672912689 -0.012363639249968706 -299.64314887671367 302.40173246658827 221.25121503720163 1.0 303.2594899183554 290.6233370880658 1.0 301.5439750148211 151.8790929863375 1.0
-0.9998907922683332 0.014778482229411333 151.54799562072384 154.95460562134258 229.366433373083 1.0 154.39965404664545 191.81921024957737 1.0 155.5095571960397 266.91365649658866 1.0
0.7363847467544212 0.6765630087046046 -298.21398145807126 322.9537831920575 89.2684655113553 1.0 293.00451522078777 121.86584938655454 1.0 352.90305116332723 56.67108163615607 1.0
-0.9998838528924556 0.015240758673313978 199.26349891419827 202.81140797334302 231.24525335492024 1.0 202.53505613126805 213.11493907524516 1.0 203.08775981541802 249.37556763459528 1.0
-0.9548027492630673 0.29724015542939025 103.3715488295161 243.15851976391906 433.3091340291927 1.0 240.7538777882048 425.58487898670484 1.0 245.5631617396333 441.0333890716806 1.0
-0.7396254490129441 -0.6730187182927386 295.96262128821735 321.4513268150358 86.48948056675158 1.0 350.6516675068623 54.39926597315237 1.0 292.2509861232094 118.57969516035081 1.0
-0.11969797563501888 0.9928103517937745 -194.63442970014432 593.1185934778074 267.5531375866474 1.0 548.0948754046998 262.1248622879706 1.0 638.142311550915 272.98141288532423 1.0
-0.99989082768434 0.01477608583912855 243.0835580069218 246.46274293623054 226.87185614889108 1.0 246.2594574786653 213.11562417825377 1.0 246.66602839379578 240.62808811952837 1.0
0.8870616976304514 0.4616508903890274 -284.0121592049582 90.03056768004691 442.21617514487696 1.0 70.9232969709924 478.9307756040584 1.0 109.13783838910142 405.5015746856956 1.0
0.057529191477870695 0.9983438246054825 -162.42015066897744 291.85319836698426 145.8716611927189 1.0 275.5492909079437 146.81116779448436 1.0 308.1571058260248 144.93215459095344 1.0
-0.04136610579044613 -0.9991440563260804 161.68796885737112 276.8900208548631 150.3628090575756 1.0 285.65087993787444 150.00009597196146 1.0 268.1291617718517 150.7255221431897 1.0
-0.9995328447992987 -0.030562921447742423 215.00795541335322 204.57939681518985 344.34302837628684 1.0 204.8108468742587 336.7736624579924 1.0 204.347946756121 351.91239429458125 1.0
0.11749481872160587 -0.9930734955548743 77.59867644616358 282.6092473304202 111.57663478712595 1.0 294.53908942723916 112.98810598318273 1.0 270.67940523360124 110.16516359106917 1.0
0.9029665297867745 0.429710886625915 -350.86351287410827 230.14590206350078 332.89700306735364 1.0 228.7142370780182 335.9054108224121 1.0 231.57756704898335 329.8885953122952 1.0
0.7344972733740261 0.6786116381304708 -298.7616268952418 381.8553529427496 26.951956476760845 1.0 356.635453115712 54.24878815026032 1.0 407.0752527697872 -0.34487519673862543 1.0
0.999894393321564 -0.014532797531830947 -161.70544584134112 165.0471113875675 228.74023130964667 1.0 165.91043312012695 288.13901933570656 1.0 164.183789655008 169.34144328358678 1.0
0.41036872949897246 -0.9119196816877017 159.242964726438 370.8000904171653 341.48591480414973 1.0 380.5194029300816 345.8596573690074 1.0 361.0807779042489 337.1121722392921 1.0
0.018955283094095 -0.9998203324812026 367.5391199695461 218.1275484439265 371.74057910840594 1.0 228.14764526316148 371.93054701130654 1.0 208.10745162469152 371.55061120550533 1.0
-0.0021444742224375575 0.999997700612511 -345.2334009248199 216.25252417252196 345.69794378197173 1.0 208.12756153752568 345.6805199689786 1.0 224.37748680751824 345.71536759496485 1.0
0.8871943705334393 -0.4613958700441244 -78.41318929226165 130.50244972421336 80.98869510971146 1.0 150.23350443898153 118.92852466639023 1.0 110.7713950094452 43.04886555303268 1.0
-0.9999816759260457 0.00605374364645266 261.2938902470264 262.7175424972387 234.3736830293572 1.0 262.641849183391 221.87035760656067 1.0 262.79323581108633 246.87700845215377 1.0
0.9983333567809238 -0.057710560026154885 -211.54342720404895 229.99737862881037 313.1251515333514 1.0 230.57560396789813 323.1278554316615 1.0 229.4191532897226 303.12244763504134 1.0
-0.02231114266318606 -0.9997510754748218 128.11374848118456 341.87257150137617 120.51618019871938 1.0 346.8979645520322 120.40403002049774 1.0 336.84717845072015 120.62833037694101 1.0
-0.9456670671963786 0.3251365836386303 98.35741181631077 150.45112954860986 135.07943685943098 1.0 147.16611853922802 125.52490844498891 1.0 153.73614055799166 144.6339652738731 1.0
0.1222933339315788 -0.992494000221613 195.46366397241937 593.1977389926515 270.0346733528487 1.0 638.2833305652806 275.59003923361286 1.0 548.1121474200223 264.4793074720845 1.0
0.9998691063035267 0.01617931580094356 -238.6259246702068 232.43793195251914 384.34365546152935 1.0 232.27615997221423 394.34103775893146 1.0 232.59970393282407 374.3462731641272 1.0
-0.9999925827022024 -0.003851563394132742 551.8229667745339 551.0470969343235 202.50403299013624 1.0 551.246904575007 150.62739532266255 1.0 550.84728929364 254.3806706576099 1.0
-0.9977322538379216 0.06730787213618505 214.48030959300561 245.06905049440343 446.2031787593779 1.0 244.76958340435635 441.7640549953939 1.0 245.36851758445047 450.64230252336193 1.0
-0.9982989012460501 0.058303548527759645 138.71085681426493 155.4787752810947 283.06053632525817 1.0 154.58446410601627 267.74774857910955 1.0 156.37308645617313 298.3733240714068 1.0
-0.9992938609507582 -0.037573653883094485 311.4830321425532 304.7700416295304 184.389853646197 1.0 305.2880792766724 170.61233171178264 1.0 304.2520039823883 198.16737558061135 1.0
-0.007823174094143499 -0.9999693985053205 121.39896452332232 161.26088290845126 120.14106905803989 1.0 173.14982413662298 120.04805695470748 1.0 149.37194168027958 120.2340811613723 1.0
0.999985644218189 -0.0053582980071654246 -227.48620005957167 228.70849733710278 227.50022238682843 1.0 228.7855397097925 241.87815854924176 1.0 228.63145496441308 213.1222862244151 1.0
-0.9998760852756892 0.01574211211251661 164.3057092408785 167.82919900757918 222.50465710947012 1.0 166.71724033875395 151.87748377805082 1.0 168.94115767640443 293.1318304408894 1.0
-0.9999913523684565 0.004158748406099276 304.4463191941348 305.47044523073146 245.62304351972762 1.0 305.278072351775 199.3660458363565 1.0 305.66281810968786 291.8800412030987 1.0
0.18860055159348452 0.982053884437424 -254.12107449045325 602.4873222606002 143.05898628414275 1.0 566.7403902155407 149.92407913526992 1.0 638.2342543056598 136.19389343301557 1.0
-0.9999557355532688 -0.009408875284606375 449.32282974086655 447.1080475510115 237.4963120050429 1.0 447.1963071816511 228.11626165829657 1.0 447.0197879203719 246.87636235178923 1.0
-0.00069758595652226 -0.9999997566868871 211.2649362038505 215.0003418216328 211.11500635179758 1.0 226.87533604294705 211.10672252057944 1.0 203.12534760031852 211.1232901830157 1.0
-0.9999960497278242 -0.002810787922798888 427.77581442142935 427.3611557501946 148.12460973671784 1.0 427.52278035514183 90.62330728160866 1.0 427.1995311452474 205.625912191827 1.0
0.9997869723442585 -0.020640008011160227 -223.54785877819782 230.93755715864404 355.6443529504692 1.0 231.06652972813552 361.89169038840237 1.0 230.80858458915253 349.3970155125361 1.0
0.9886588113820717 -0.1501790753620129 -290.34736597261883 329.18935838766754 233.7781992992606 1.0 330.4521091867617 242.09113970786797 1.0 327.9266075885734 225.46525889065322 1.0
-0.11772452086119223 0.9930462915634914 -303.3205645559232 365.69351044643247 348.79709113050126 1.0 359.3839972154234 348.04910543406567 1.0 372.0030236774416 349.54507682693685 1.0
0.6383510326460576 -0.7697453859034895 37.997049391414954 315.75629741579417 311.2203233671853 1.0 324.9963177472867 318.88308644221905 1.0 306.5162770843016 303.5575602921516 1.0
-0.9999323982565974 0.0116275069042908 21.057202004679425 21.57458721645945 44.37122560474388 1.0 21.065833679312266 0.6198738568139373 1.0 22.083340753606635 88.12257735267382 1.0
-0.9999343624654232 0.01145734528011872 242.51154295033373 246.11537832048694 313.13370381916167 1.0 246.01496904111391 304.370531696759 1.0 246.21578759985996 321.89687594156436 1.0
-0.18855351796599132 -0.9820629159390188 347.99529845032885 262.79299031803515 303.8957594113986 1.0 270.7207399157459 302.37365216965173 1.0 254.86524072032438 305.4178666531455 1.0
0.9996608911186378 0.026040406446351243 -17.202673495849346 16.9316974066136 10.626476924350838 1.0 16.670534019021225 20.65223536656349 1.0 17.192860794205973 0.6007184821381839 1.0
0.7728045708796711 0.6346440697174186 -295.6567107993569 243.58984192433599 169.24347467423513 1.0 240.4919666094027 173.01575006075484 1.0 246.68771723926923 165.4711992877154 1.0
0.03677893276844767 0.9993234261761373 -403.2836321661638 249.3981077161441 394.377861667809 1.0 244.38189988493124 394.56247734452006 1.0 254.41431554735695 394.1932459910979 1.0
-0.9999374907348508 -0.011180993823906615 430.39484679132414 426.75968402629906 327.50569913019865 1.0 427.15806016654295 291.8781650918215 1.0 426.36130788605516 363.13323316857577 1.0
-0.01202765883857931 0.9999276650952621 -378.13352679837635 258.1248106375193 381.26574277968126 1.0 249.36855970955736 381.1604179621541 1.0 266.8810615654812 381.3710675972084 1.0
-0.999994554200989 -0.0033002376225222253 275.5541602189189 275.26895501277465 86.87382496053881 1.0 275.32258358208867 70.62400194852475 1.0 275.2153264434607 103.12364797255287 1.0
0.999999899308373 -0.0004487574445958325 -420.9729255852419 421.0812307520923 241.25007573646405 1.0 421.08712081882413 254.37535356668357 1.0 421.0753406853606 228.1247979062445 1.0
0.48362982610199035 -0.875272638270247 -136.71886002963618 558.0423205848026 152.14350890199586 1.0 564.4681851800831 155.69410518581446 1.0 551.616455989522 148.59291261817722 1.0
-0.8699072358110062 -0.49321536987775894 296.1775240417875 139.3902426304491 354.6542830152707 1.0 143.40424114129542 347.57460431429024 1.0 135.37624411960283 361.73396171625126 1.0
-0.5556802697894279 -0.8313960775507355 292.9201457815083 476.80303913185514 33.64233379919096 1.0 526.6674429100607 0.3144578414512722 1.0 426.93863535364954 66.97020975693064 1.0
-0.9999980923385082 -0.0019532842456963266 416.7954337698441 416.26884105165925 270.0000368019996 1.0 416.2944802430522 256.8738660777413 1.0 416.24320186026637 283.1262075262579 1.0
-0.9991775987786701 0.04054782483551092 146.4213288464551 153.84835739798297 180.04673503745158 1.0 153.36005491702406 168.01400819251094 1.0 154.3366598789419 192.0794618823922 1.0
0.9992543747861002 -0.03860951269881247 -15.25151393789078 18.062400018010937 72.45412085527894 1.0 19.101120356301898 99.33728434696593 1.0 17.023679679719976 45.570957363591944 1.0
0.9974794888011655 -0.07095540445212922 -2.1259025547314683 12.581931562021433 146.91363101055668 1.0 13.2075198037028 155.70804835382395 1.0 11.956343320340066 138.1192136672894 1.0
0.9992106326905582 0.039725451767529896 -244.1326816307005 230.63525601072462 344.3505597249505 1.0 230.43382658265534 349.4170955932246 1.0 230.83668543879386 339.28402385667636 1.0
0.0 1.0 -259.375 215.625 259.375 1.0 203.125 259.375 1.0 228.125 259.375 1.0
0.4824140240531354 0.8759433254479773 -288.4846340555101 51.67309997003402 300.8833999949451 1.0 35.2432845879115 309.93190019201694 1.0 68.10291535215654 291.83489979787316 1.0
-0.9962389485267649 0.08664847049016972 216.9018982247099 246.85771069283544 335.0015037476941 1.0 246.34399133357113 329.0950263290373 1.0 247.37143005209978 340.9079811663509 1.0
0.9996711990462458 0.025641641863209982 -430.8809337638428 424.0808850076749 270.63348722547255 1.0 423.76005893821514 283.1412893097963 1.0 424.4017110771347 258.1256851411487 1.0
-0.03371367523381482 0.9994315324734501 -140.16758363092626 186.2616228127593 146.53044529075765 1.0 166.86652653064831 145.87619339261573 1.0 205.65671909487028 147.1846971888996 1.0
-0.09111052112272054 -0.9958407869437496 148.1579775883203 329.0856241246545 118.66838196395611 1.0 339.79254634912564 117.68879438702439 1.0 318.37870190018333 119.64796954088783 1.0
0.9044232648973389 -0.42663632980846566 -209.15811689529778 325.85038673725626 200.5186801228997 1.0 328.4895338242042 206.11338891385844 1.0 323.21123965030824 194.92397133194095 1.0
-0.04116421988177221 -0.9991523942830368 312.6943444502751 215.66411588917407 304.07443459234776 1.0 229.4422282715121 303.5067882043617 1.0 201.886003506836 304.64208098033373 1.0
0.08894845854796724 0.99603623012516 -488.3566760667606 245.59090855215456 468.3682472664981 1.0 236.85476462000784 469.14840617328804 1.0 254.32705248430128 467.58808835970814 1.0
-0.7497718197410146 -0.6616964699333431 298.87886369243995 377.86715586442665 23.522444696093224 1.0 398.6441096012686 -0.02003304074003953 1.0 357.09020212758463 47.06492243292649 1.0
-0.4853627664060609 -0.8743128644751007 290.46213896591945 41.70368183229226 309.0663943789832 1.0 50.51417750395569 304.1753688361136 1.0 32.89318616062882 313.95741992185276 1.0
0.48565129445711674 0.8741526298033583 -288.2745106627442 85.49994510997553 282.2749062707495 1.0 70.58846928782974 290.5592461999449 1.0 100.4114209321213 273.99056634155414 1.0
0.9999041301332483 0.013846679835680619 -278.65862295660537 277.4822982311332 86.87475486577299 1.0 277.2571914237538 103.13029258968052 1.0 277.7074050385126 70.61921714186545 1.0
0.9901835066621815 -0.13977347078106708 -280.22134953159474 321.62186757639995 273.60928301155786 1.0 322.7952203909057 281.9215514121835 1.0 320.4485147618942 265.2970146109323 1.0
-0.9998789567982416 0.015558655213741892 27.961218645813975 28.89820000991373 59.997693928008744 1.0 28.013257310736645 3.126738776441975 1.0 29.783142709090818 116.8686490795755 1.0
0.8951123835518444 -0.44584057779898817 -78.38228004255221 96.52620804906996 17.987425368643155 1.0 105.37356750904496 35.750234338285004 1.0 87.67884858909498 0.22461639900130725 1.0
-0.9898055561352503 -0.14242528231949442 197.52413390269888 155.33070962029183 307.3677213003584 1.0 156.53950847671715 298.9669949345456 1.0 154.1219107638665 315.7684476661713 1.0
0.930448310542121 0.36642317258780555 -359.3352506404626 326.11545992360186 152.56041673915936 1.0 323.222761405995 159.90576673328405 1.0 329.0081584412087 145.21506674503468 1.0
0.9993690067901343 -0.03551884383394769 -320.0493091476005 327.9152369389197 215.632455245618 1.0 328.2670472850981 225.53109828373331 1.0 327.5634265927413 205.73381220750267 1.0
0.08883383074956137 0.9960464600179844 -238.55763509436304 438.16302274450396 200.42632879550288 1.0 431.9070426646343 200.98427734298102 1.0 444.41900282437365 199.86838024802475 1.0
-0.0726501324247634 0.9973574876936877 -457.4714506677579 214.38049492316105 474.2995644491474 1.0 203.09930020080634 473.4778126694682 1.0 225.66168964551574 475.1213162288265 1.0
0.032734623941578424 0.999464078591824 -332.25257409496857 218.73826085700097 325.2665767060008 1.0 209.37330669079407 325.5732993380866 1.0 228.1032150232079 324.959854073915 1.0
-0.03061328980380021 -0.9995313034054455 317.3646827815998 217.46869690092785 310.8529462574355 1.0 225.6243310429618 310.60315839118937 1.0 209.31306275889392 311.1027341236816 1.0
0.9918184111025864 0.12765672484417234 -360.4020985319131 345.1023355226622 141.96861519169892 1.0 344.15274334765087 149.34639339621435 1.0 346.0519276976735 134.59083698718345 1.0
0.9999950790813878 0.0031371663980343063 -569.4505832603851 568.7945768698984 210.00013984574656 1.0 568.6671239610033 250.62670074144324 1.0 568.9220297787934 169.37357895004985 1.0
-0.9946394458467785 -0.10340393012653443 38.85189112668928 21.971611551640237 164.38504385476259 1.0 22.49922515639443 159.30994368389136 1.0 21.443997946886046 169.4601440256338 1.0
0.9999694041027202 0.007822458593742273 -169.13279381275953 166.52712634583213 333.75216787569354 1.0 166.35597705526365 355.6307182127016 1.0 166.69827563640058 311.87361753868555 1.0
-0.5321614419196866 -0.8466428997717752 283.49025210498536 399.2874511855914 83.86636958836482 1.0 412.3562307960603 75.65192569057457 1.0 386.2186715751226 92.08081348615508 1.0
0.9998084372076986 -0.01957265664899038 -25.48562048888921 30.017540861916984 231.24965661295218 1.0 30.519233540913064 256.87707052722465 1.0 29.515848182920905 205.6222426986797 1.0
1.0 0.0 -26.874999999999982 26.874999999999993 91.25 1.0 26.874999999999993 103.125 1.0 26.874999999999993 79.375 1.0
-0.013313775180990646 0.9999113677673785 -144.69134910068274 219.3733340235422 147.62512069461485 1.0 206.8672293591922 147.4586024698417 1.0 231.8794386878922 147.79163891938796 1.0
0.9785090309669232 -0.20620396775079974 7.265621033811796 17.037522135318966 116.08404323940283 1.0 19.261079502981342 126.63559076229106 1.0 14.813964767656586 105.53249571651459 1.0
0.9997662668081759 0.02161970750133531 -446.03550441038595 440.8689245686285 243.74175933452074 1.0 440.53090346350047 259.37296518480014 1.0 441.2069456737565 228.11055348424136 1.0
0.9924766670883282 0.12243392211819258 -357.05533604890746 329.08013091435 248.71362435524708 1.0 328.5110372031763 253.3268248470302 1.0 329.64922462552363 244.100423863464 1.0
0.9998758954390803 -0.01575416516027729 -62.80732272128445 66.50805021902984 234.38078170499085 1.0 67.21720991102345 279.38930325009113 1.0 65.79889052703624 189.3722601598906 1.0
-0.10293516950892923 0.9946880671236425 -449.42122285533895 232.66571556463776 475.8986494075033 1.0 225.7995679118517 475.1881069813167 1.0 239.53186321742385 476.60919183368986 1.0
0.9999906996779602 -0.004312836373391771 -63.991075117315575 64.29357312898748 70.0003511840372 1.0 64.4687804771566 110.62459553638536 1.0 64.11836578081835 29.37610683168904 1.0
-0.5626593290980519 0.826688864917709 -70.67906494335982 457.49799426493746 396.87794693210685 1.0 428.1198098910328 376.8826255827797 1.0 486.87617863884213 416.873268281434 1.0
-0.9889627452206614 -0.14816439709192314 207.002503550091 159.6008596104159 331.81520159458626 1.0 160.5578275820514 325.4276638939489 1.0 158.64389163878045 338.2027392952237 1.0
0.99739956558298 -0.07207015037366475 -3.6518985561434483 15.712498997970531 166.77835492691736 1.0 16.437818997931068 176.81626728201127 1.0 14.987178998009997 156.74044257182345 1.0
-0.9969164669547246 -0.07847010841402764 184.32988497949464 156.8586885559235 356.2487160802058 1.0 158.20187931530603 339.18426933285684 1.0 155.51549779654096 373.3131628275547 1.0
0.5567187791711143 -0.8307010298044804 72.75991299646613 510.7179738205224 429.86127026545114 1.0 524.5419834253568 439.12583775041566 1.0 496.893964215688 420.59670278048657 1.0
0.9730829956417364 -0.2304549491612286 -162.86637921525482 273.9603416063296 450.0652776586828 1.0 277.2429643137943 463.9259664803689 1.0 270.677718898865 436.2045888369967 1.0
-1.0 0.0 70.625 70.62499999999996 318.125 1.0 70.62499999999996 299.375 1.0 70.62499999999996 336.875 1.0
-1.0 0.0 365.625 365.62500000000006 254.375 1.0 365.62500000000006 245.625 1.0 365.62500000000006 263.125 1.0
0.9995207756786724 -0.030955112448595397 -58.69267574444362 68.84402971523821 326.87208790404406 1.0 69.73416159477281 355.6138767819299 1.0 67.9538978357036 298.1302990261582 1.0
-0.9998796443938778 0.015514403848431942 144.449964454632 147.58997985014884 201.24860384823188 1.0 147.4637900547956 193.11586417376006 1.0 147.71616964550205 209.3813435227037 1.0
0.999971196749684 0.007589839985438573 -580.7384897227676 579.1945219574175 205.6236301610801 1.0 578.8435019688987 251.87096589879616 1.0 579.5455419459362 159.37629442336404 1.0
0.036554378747107645 -0.9993316653616121 95.43559030325916 149.98680393184193 100.98575702065261 1.0 156.89827983666552 101.23857069271314 1.0 143.07532802701834 100.73294334859209 1.0
-1.0 0.0 425.625 425.625 272.5 1.0 425.625 258.125 1.0 425.625 286.875 1.0
0.008233238559531285 0.9999661063170201 -171.16121256879075 274.3711547357616 168.9079743113312 1.0 248.11264292458156 169.12417423110244 1.0 300.6296665469416 168.69177439155993 1.0
-0.999266344437325 0.0382984709207245 21.923392765913572 33.29441014285299 296.2674612054062 1.0 32.93470866260784 286.8822932179615 1.0 33.65411162309814 305.6526291928509 1.0
0.9999960254793971 0.0028194016047783906 -355.06221300740754 354.7041464653321 127.50092799976092 1.0 354.67419044234265 138.12584354136595 1.0 354.7341024883216 116.87601245815588 1.0
-1.0 0.0 69.375 69.375 270.0 1.0 69.375 253.125 1.0 69.375 286.875 1.0
-0.00821670317870268 0.9999662423246461 -166.5530714424797 203.12929087839208 168.2278035121043 1.0 178.12584346754406 168.0223506706747 1.0 228.1327382892401 168.43325635353384 1.0
0.9971692099917272 -0.07519020311499873 -318.2610403550364 335.28753169133194 213.8225736283224 1.0 336.00104483603377 223.28515398247916 1.0 334.5740185466301 204.35999327416567 1.0
0.9972251031577659 0.07444523914920985 -354.37713186291495 336.8368330298782 248.16880848928852 1.0 336.27657926168195 255.673641950355 1.0 337.39708679807455 240.66397502822204 1.0
-1.0 0.0 305.62500000000045 305.6250000000001 322.5 1.0 305.6250000000001 306.875 1.0 305.6250000000001 338.125 1.0
0.9988563660295277 0.047811714488044 -340.17926115188675 331.53330442746244 188.7635607789665 1.0 331.2035460841492 195.65269295079278 1.0 331.8630627707756 181.87442860714023 1.0
-0.9994250273450526 0.03390596874211 138.37300428075397 148.4397794825666 294.385524378397 1.0 147.71897340645245 273.1387746450335 1.0 149.16058555868074 315.6322741117606 1.0
-0.9998119891603913 0.019390366967693577 137.89312056053342 142.6218181517571 242.48551619886766 1.0 142.39160083550595 230.61498103654998 1.0 142.8520354680083 254.35605136118534 1.0
-1.0 0.0 35.625 35.625 370.0 1.0 35.625 356.875 1.0 35.625 383.125 1.0
0.9791455678006711 -0.20315992975068048 -284.0844709194401 337.8165381622274 229.80464311621674 1.0 338.9870732978794 235.44613103873763 1.0 336.64600302657533 224.16315519369584 1.0
-0.9997483113121103 -0.02243466132090448 24.809717124545866 21.758214960031758 136.2614045008904 1.0 21.940765276309392 128.1264757931411 1.0 21.57566464375412 144.39633320863967 1.0
0.9996846319206397 -0.025112480994418936 -318.6982943134155 327.4026328161834 342.50244590291277 1.0 327.76390503309005 356.88407085115057 1.0 327.04136059927674 328.1208209546749 1.0
-0.5710653309184097 0.8209046155449775 -63.87734043152265 510.6688215982709 433.06200659043105 1.0 501.84239466776523 426.9218700624495 1.0 519.4952485287765 439.2021431184126 1.0
-1.0 0.0 74.375 74.375 441.25 1.0 74.375 431.875 1.0 74.375 450.625 1.0
-0.9937850857249845 0.11131578230684608 265.6792318975726 306.4029718215396 348.7328653315186 1.0 305.6346875651168 341.87391487716496 1.0 307.17125607796237 355.5918157858723 1.0
-1.0 0.0 71.875 71.875 374.375 1.0 71.875 363.125 1.0 71.875 385.625 1.0
