line_hom_a line_hom_b line_hom_c centroid_x centroid_y centroid_z point1_x point1_y point1_z point2_x point2_y point2_z
-0.1637215772115171 -0.9865065864733865 126.5536589538472 95.20485684837203 112.48436772137926 1.0 134.43292695661657 105.97403966361618 1.0 55.976786740127494 118.99469577914233 1.0
0.06394937186546154 0.9979531441094882 -262.12484443235786 53.11754588846295 259.2586758856587 1.0 30.629787041211458 260.69970351449285 1.0 75.60530473571444 257.8176482568245 1.0
0.051353078415760756 0.99868056020793 -151.27073266372653 350.64121267866733 133.44029340622728 1.0 343.09688456723734 133.82822973796067 1.0 358.1855407900973 133.05235707449393 1.0
0.13447427490069186 0.9909170850227244 -132.71869000397538 521.9567079109795 63.102091106502854 1.0 479.47570214412224 68.86705624222785 1.0 564.4377136778368 57.33712597077787 1.0
-0.018397952989382692 0.9998307433389917 -190.0192410012292 187.48157557062717 193.50126959374535 1.0 145.58625929320934 192.7303510512997 1.0 229.37689184804498 194.272188136191 1.0
0.023137282471128433 0.9997322972475438 -187.1714188708557 269.3833795651519 180.98707026169754 1.0 258.1104882101574 181.24796417526315 1.0 280.6562709201464 180.72617634813193 1.0
0.9988822761145248 -0.04726730862092646 1.2274600580041823 9.890259566977125 234.97561781447666 1.0 10.453724227307767 246.88310480373985 1.0 9.326794906646482 223.06813082521347 1.0
-0.06789914451694531 0.9976921900936516 -107.78145197557706 372.5672883737659 133.3862823148508 1.0 359.33344236473744 132.4856369739289 1.0 385.80113438279443 134.28692765577273 1.0
0.01947328635829456 -0.999810377580873 247.7173763279534 18.149485384401586 248.11785516202397 1.0 24.42145232112492 248.24001413429238 1.0 11.87751844767825 247.99569618975556 1.0
0.9999999633871695 -0.0002706024015056845 -144.30388559432566 144.33568666391926 117.50001063828353 1.0 144.33856181433 128.1250098602609 1.0 144.33281151350855 106.87501141630617 1.0
0.09693581399839214 -0.9952906349225181 114.202325537414 28.4443745791236 117.51301583383395 1.0 56.54629482277727 120.24998774751876 1.0 0.3424543354699283 114.77604392014912 1.0
0.1156147050664332 -0.9932941356780486 111.49517298547852 219.34260415223588 137.778326235282 1.0 294.12961808388286 146.4831783510194 1.0 144.55559022058893 129.07347411954464 1.0
-0.03565383069701512 -0.9993642000575308 238.05650932987135 287.516068378977 227.9503909506681 1.0 296.94595934855823 227.61396531514762 1.0 278.08617740939576 228.28681658618856 1.0
0.9998634412360875 -0.016525703601635945 -141.38490964451722 145.98047235983069 276.87945474222795 1.0 147.36516446935747 360.6582184825423 1.0 144.59578025030387 193.10069100191362 1.0
-0.9999768765900431 0.006800462132943144 255.59693027456493 257.0054623986116 206.2491127748828 1.0 256.94170954033285 196.87454633380673 1.0 257.0692152568904 215.62367921595884 1.0
0.20974676022535801 0.977755744843755 -331.2578355901901 309.61645750383923 272.3755785846742 1.0 303.000539713456 273.79481578145686 1.0 316.2323752942225 270.95634138789154 1.0
-0.024955170827625186 0.9996885712305428 -174.24298727314746 286.86979813534816 181.45838345196708 1.0 281.8573198136849 181.33325723127527 1.0 291.8822764570114 181.5835096726589 1.0
0.21256016271862996 0.9771479812316196 -334.578810034062 332.51543207985924 270.07094191822137 1.0 325.561614485392 271.58361413142353 1.0 339.46924967432653 268.55826970501926 1.0
0.9998362813872292 -0.0180944859489607 -146.14841113957542 151.6695096589891 303.7537188509332 1.0 152.4727302793178 348.1368044178987 1.0 150.86628903866043 259.3706332839676 1.0
0.015194722131324966 -0.9998845535457339 122.0319235492113 366.22931138836583 127.61140845673435 1.0 385.6283249114055 127.9062051100671 1.0 346.83029786532614 127.31661180340159 1.0
-0.9998677986286095 0.0162599282156562 144.09323107897504 148.52343151809043 271.25368447434437 1.0 147.25312732176448 193.13917846157338 1.0 149.79373571441636 349.3681904871153 1.0
-0.014634948650738245 -0.9998929034041548 248.93186239174042 286.2374712244979 244.7690056257236 1.0 294.3607309980066 244.65010940268093 1.0 278.1142114509892 244.88790184876623 1.0
-0.9997554201276736 0.02211560366209671 24.665715334605117 29.843224964661864 233.78111929027529 1.0 29.580360715970432 221.8981084802446 1.0 30.1060892133533 245.664130100306 1.0
-0.9999601167276352 -0.0089311227767949 277.54370895752805 275.42793617802806 238.12882210298454 1.0 275.6067010688048 218.11367221473864 1.0 275.2491712872514 258.14397199123044 1.0
-0.2165490336459342 0.9762717429215146 -319.6657951550743 111.79561339414931 352.23290000423265 1.0 83.07248416771344 345.86175803236875 1.0 140.5187426205852 358.60404197609654 1.0
-0.9998050762364495 -0.019743594703787205 280.9905033542524 275.65102380409417 273.1625403610187 1.0 275.9226889454116 259.40556290070134 1.0 275.3793586627768 286.9195178213361 1.0
-0.9999997901648868 -0.0006478195598369237 323.90844028664236 323.715781384301 297.50078760712654 1.0 323.72995322108045 275.62458212599194 1.0 323.70160954752157 319.3769930882611 1.0
-0.01475947229366243 -0.9998910730562668 231.80371312264634 333.75040517769753 226.90244905472875 1.0 341.8920825420024 226.78226910241145 1.0 325.6087278133926 227.02262900704605 1.0
-0.9999984879095604 0.0017390165591370027 323.3543091445249 323.71020836313244 204.3739823114271 1.0 323.67760185195266 185.62403901477572 1.0 323.74281487431216 223.1239256080785 1.0
0.004889210106572574 -0.9999880477408387 206.80045060436808 171.2462587741836 207.64019131285875 1.0 178.12109443160227 207.6738042305863 1.0 164.3714231167649 207.60657839513115 1.0
0.9995025703889558 -0.03153746638318411 -224.47966682641905 230.54712206836086 188.75245729498235 1.0 230.7256753383569 194.41126482707875 1.0 230.3685687983648 183.09364976288595 1.0
0.17467351686874835 0.9846264075804098 -112.69575432166769 479.98760962176596 29.30515602005479 1.0 408.1557240990665 42.04819030287091 1.0 551.8194951444653 16.56212173723867 1.0
-0.1328387269687478 -0.9911376658251478 122.78057211957992 525.5829654057189 53.436371056014536 1.0 551.9457734747067 49.90305577201687 1.0 499.2201573367312 56.9696863400122 1.0
0.06843571209433381 0.9976555283814857 -159.65989351811572 327.24872832040296 137.58696249218423 1.0 299.1274341338497 139.51598582531122 1.0 355.3700225069563 135.65793915905724 1.0
0.9994639081819474 -0.032739826536922007 -247.6044027882287 256.7449631262502 274.98378630107305 1.0 257.25825847832505 290.6533921878916 1.0 256.2316677741753 259.3141804142545 1.0
0.011827912839841751 -0.9999300477922709 223.82973983737807 308.75002930893004 227.49752222727545 1.0 315.6314594281223 227.578920876954 1.0 301.8685991897378 227.41612357759695 1.0
-0.17197915996317395 -0.9851005880306646 96.12453970799062 533.9653563868999 4.358566342669905 1.0 550.7647892850065 1.4257162431182868 1.0 517.1659234887932 7.291416442221523 1.0
0.04542212765460996 -0.9989678825264245 171.83155490460928 301.2462954772568 185.70647348950015 1.0 315.6483564714508 186.3613216226687 1.0 286.84423448306273 185.0516253563316 1.0
0.02948149626550361 0.9995653262183254 -189.07869328499447 244.43255949393784 181.95154526136665 1.0 230.67609249909603 182.35728285519588 1.0 258.18902648877963 181.54580766753742 1.0
0.1249100405029893 -0.9921680713374834 77.12267861713072 291.0146919814697 114.36906594518236 1.0 318.01257572799597 117.76799285050757 1.0 264.01680823494337 110.97013903985714 1.0
0.09552211516871688 -0.9954273080007873 93.35576051476114 139.28855211884152 107.15086553749305 1.0 143.06376366574096 107.5131382913855 1.0 135.51334057194208 106.78859278360059 1.0
0.9720341844445052 -0.23483940101972983 -206.27147704936291 262.7003837479273 209.00358290467756 1.0 264.3731586322498 215.92743964839792 1.0 261.0276088636047 202.0797261609572 1.0
-0.07869483488220685 -0.9968987526137556 282.91027096149145 286.14753554096967 261.2019898885678 1.0 294.2712501542499 260.5607067307285 1.0 278.02382092768937 261.8432730464072 1.0
0.9988143020006328 -0.04868254429452724 -241.19576926291197 257.11187101447047 320.67438024677386 1.0 257.47951966336285 328.2173863477554 1.0 256.7442223655781 313.13137414579234 1.0
0.16438603942927046 -0.9863960817241513 64.08864109255427 33.75452938582899 70.59782148502487 1.0 66.99783603832401 76.1379241064631 1.0 0.511222733333967 65.05771886358663 1.0
0.17448239098452703 0.9846602943331892 -324.9457062551965 351.6869534919707 267.6887930271953 1.0 345.5198504702045 268.781607358065 1.0 357.85405651373696 266.59597869632563 1.0
0.2511118917502477 -0.9679580661483286 276.8277685097748 482.36905133406333 411.12976628789386 1.0 499.39529029043007 415.5467872552772 1.0 465.34281237769653 406.71274532051046 1.0
0.9999998474495615 0.0005523593519359954 -318.098281403256 317.98544189347825 204.3742324644677 1.0 317.9750851572094 223.12422674382668 1.0 317.9957986297471 185.6242381851087 1.0
0.17573120586231433 0.9844381866253346 -275.63930538142176 334.9257845809093 220.20924861292687 1.0 325.40780696351993 221.90829453251686 1.0 344.4437621982986 218.51020269333688 1.0
0.006967823869556662 -0.9999757244206096 223.82527458990384 352.49538792992155 226.28689361328134 1.0 358.1201148329683 226.3260866710903 1.0 346.87066102687487 226.24770055547236 1.0
-0.9992111759237423 -0.039711785518809065 254.9862122772937 246.86531935117227 209.39945472057167 1.0 247.1143078667797 203.13451084506207 1.0 246.61633083556484 215.66439859608127 1.0
0.13044767313830316 0.9914551954439506 -256.69858244653705 291.85991572955686 220.5103534299193 1.0 280.4780198699465 222.0078914302359 1.0 303.24181158916724 219.01281542960265 1.0
-0.025764197825093423 -0.999668047959136 251.36475908444467 308.13483861208454 243.5067447065094 1.0 315.6298601579128 243.31357736640658 1.0 300.6398170662563 243.69991204661224 1.0
0.7605469087786294 -0.6492829888017021 -173.0376543160193 526.068853730445 349.7125138184314 1.0 550.5416258585107 378.37904522655464 1.0 501.59608160237934 321.0459824103081 1.0
0.07374097873555847 0.9972774278279449 -267.7860200839946 20.633605487120683 266.9913811249603 1.0 14.325666044777527 267.4578046248846 1.0 26.941544929463834 266.524957625036 1.0
-0.023730673673309118 -0.9997183879108211 250.21207442021284 333.1072081811411 242.37547182762597 1.0 340.60298459459375 242.1975418964106 1.0 325.61143176768854 242.55340175884137 1.0
0.014088450737871974 -0.9999007528529053 195.30067677834205 223.1290308787663 198.46391611554222 1.0 236.8851061254707 198.65773714018562 1.0 209.37295563206186 198.27009509089882 1.0
0.9999835414155918 -0.005737324980483737 -316.2053715696012 317.55528180257716 234.37468282511287 1.0 317.5839885283996 239.37810400971833 1.0 317.5265750767548 229.37126164050738 1.0
0.14260038851706358 0.989780343912114 -330.34354324060865 236.82237661170223 299.63474436564405 1.0 230.43482631375653 300.55501638333146 1.0 243.2099269096479 298.71447234795664 1.0
0.9999744019246265 -0.007155102758567523 -358.3705623828789 359.8421058581854 204.37612977772977 1.0 359.9494616493957 219.37983367004855 1.0 359.7347500669751 189.372425885411 1.0
0.3083142770164841 0.9512845560544977 -384.25996050859027 143.52215622731183 357.4220021879984 1.0 140.32759325655383 358.4573699614414 1.0 146.71671919806982 356.3866344145553 1.0
0.11392714505891996 0.9934891069451762 -352.2676222151373 339.3788277220773 315.6583792283331 1.0 331.5517280139316 316.5559422892734 1.0 347.20592743022297 314.7608161673928 1.0
0.9999707024638507 0.007654685751413367 -360.48830483261673 358.7239590729721 231.86523202151994 1.0 358.68565014414844 236.86972308888016 1.0 358.7622680017957 226.8607409541597 1.0
-0.20405489131483076 0.9789594482564089 -28.43915115569489 198.77937374824995 70.4840785636418 1.0 0.41411927248361735 29.136706601724324 1.0 397.1446282240163 111.83145052555929 1.0
-0.9999725673461249 -0.007407061171575985 324.8027870954711 322.8580462112034 263.7480226027111 1.0 322.90903694048393 256.86414122405785 1.0 322.80705548192276 270.6319039813644 1.0
-0.08479227448374772 0.9963986502338675 -192.86027634328207 310.00524199562 219.93840102306348 1.0 304.2622712736022 219.44968142303276 1.0 315.7482127176378 220.42712062309423 1.0
0.0380670544603826 0.9992751870054165 -268.15861499853116 9.298768282260085 267.9988873560054 1.0 0.5376732484659674 268.33263834484313 1.0 18.0598633160542 267.66513636716775 1.0
0.13423388176691348 -0.9909496783317437 70.08178520213595 194.35147606496966 97.04865985058734 1.0 199.42765616734627 97.73627837914583 1.0 189.27529596259305 96.36104132202885 1.0
0.09110094465129355 -0.9958416630587626 267.9770971590802 485.5890085074599 313.51842981485277 1.0 501.70414354806906 314.992664203554 1.0 469.47387346685076 312.04419542615153 1.0
0.999872080326857 -0.015994467257249078 -147.21446914691973 150.86245142808022 226.8712016050189 1.0 151.3825248974411 259.3828778846393 1.0 150.34237795871934 194.35952532539852 1.0
-0.9999792283916282 -0.006445369289942666 324.08492228602364 322.5326727188195 241.87118215262944 1.0 322.61329008991686 229.36364489318393 1.0 322.45205534772225 254.37871941207496 1.0
0.10479614802556572 0.994493724142593 -323.73620090665935 213.11930031859526 303.07091120481584 1.0 203.09884875559803 304.12683011087455 1.0 223.13975188159247 302.0149922987572 1.0
-0.023163518278572607 0.9997316897152747 -175.4108210135431 303.1399081141949 182.48156949798008 1.0 291.8959442857091 182.2210498362107 1.0 314.3838719426806 182.74208915974944 1.0
0.9947619003576254 0.10221918409420919 -381.53601972455965 358.3033877328054 245.64333066635666 1.0 357.9090127189747 249.48125249764652 1.0 358.6977627466361 241.8054088350668 1.0
0.019472556053765307 -0.9998103918047325 159.89474869142038 37.51157558041179 160.6556565786784 1.0 43.09793857063299 160.7644579747785 1.0 31.92521259019058 160.54685518257827 1.0
0.05043965977676427 -0.9987271102366272 261.1645968237643 333.1150971335605 278.3210810446774 1.0 338.16534565673123 278.5761385220262 1.0 328.06484861038973 278.06602356732856 1.0
-0.9999247215299579 -0.012269933709530058 304.02986621184965 301.1842635919962 233.76453192970985 1.0 301.25337086806024 228.132710649342 1.0 301.11515631593215 239.3963532100777 1.0
0.02998933843246809 0.999550218638555 -221.59697252709822 20.014137537076465 221.09620673594088 1.0 11.858975028252106 221.34088471598477 1.0 28.169300045900822 220.851528755897 1.0
-0.9684881980777513 -0.24905945110376815 373.1938002510893 309.27769906237955 295.7607047397016 1.0 310.2985482277762 291.79104864224126 1.0 308.2568498969829 299.7303608371619 1.0
0.005624732275540425 0.999984181068295 -123.42527192832758 308.73490098734175 121.690645782173 1.0 286.853562256007 121.81372440133944 1.0 330.61623971867647 121.56756716300656 1.0
-0.17214468544012618 -0.9850716762117974 349.66001012689054 302.93199146495493 302.0205381303006 1.0 307.99579106862535 301.13562162020673 1.0 297.8681918612845 302.9054546403945 1.0
-0.9995195796885877 0.03099370612154989 237.50935997109644 245.80186818773473 263.7445155645329 1.0 244.96811174235395 236.856608433278 1.0 246.6356246331155 290.6324226957878 1.0
0.012819284509602123 -0.9999178295963433 331.6031255848573 271.87351430073875 335.1158861229387 1.0 279.3963159787184 335.21233098287115 1.0 264.35071262275915 335.01944126300634 1.0
0.9297996842432847 -0.3680659549334713 29.135999061055678 30.361927202275496 155.85931982521484 1.0 32.62563886904109 161.57785576901583 1.0 28.0982155355099 150.14078388141385 1.0
0.03870111864806705 -0.9992508310806594 173.7350723512902 343.7140809268319 187.1774192831801 1.0 361.83610380434385 187.87928765867804 1.0 325.59205804932 186.4755509076821 1.0
0.01511799742043927 -0.9998857165466438 196.33806545292595 175.0055709780429 199.00654237843798 1.0 198.14418100745843 199.3563918071761 1.0 151.8669609486274 198.65669294969985 1.0
0.20518874213466065 -0.9787224223962562 47.36757031959488 394.6317046614623 131.13171872706465 1.0 404.11405153178725 133.11968874009736 1.0 385.14935779113745 129.14374871403191 1.0
-0.17806180903839358 -0.984019304770986 100.42777524786764 459.51660931989954 18.907572665464805 1.0 483.60869324334783 14.548023999991825 1.0 435.42452539645126 23.267121330937783 1.0
0.17850840552392006 -0.9839383868704928 59.05933424013011 332.5489450125373 120.35521507564334 1.0 346.9049852131086 122.95972149600175 1.0 318.1929048119659 117.75070865528494 1.0
0.9998051190166131 0.01974142822027589 -252.97980602290974 248.56182121230543 226.24628435786212 1.0 248.42588176549742 233.130940993563 1.0 248.69776065911344 219.36162772216127 1.0
-0.9996680321505566 -0.02576481120120805 284.34550206081377 276.49751347662533 308.16359596461587 1.0 277.0138833116756 288.1285794905801 1.0 275.98114364157504 328.19861243865165 1.0
-0.12896243484311848 -0.991649479604227 339.23189964590017 220.12505507993507 313.46160409107006 1.0 228.35471106080593 312.39135044293835 1.0 211.89539909906424 314.53185773920177 1.0
0.9999437037560904 0.010610811399333857 -320.4120261346932 317.2797575851905 296.87929504819397 1.0 317.05429053661726 318.1269025251747 1.0 317.5052246337638 275.6316875712132 1.0
-0.9997125436623705 -0.023975613529438673 281.84030221129296 277.04979492624955 203.12919202062153 1.0 277.20103651128096 196.8228629044288 1.0 276.89855334121813 209.4355211368143 1.0
-0.10249466588092178 -0.9947335540062768 164.81586402010143 336.9109656815799 130.97405494791164 1.0 345.8239327700531 130.0556868280654 1.0 327.9979985931068 131.89242306775787 1.0
-0.17916042523615852 -0.9838198727557798 377.8337218119933 325.69093768679875 324.73708223189175 1.0 330.9710993638416 323.7755281531712 1.0 320.410776009756 325.6986363106123 1.0
0.11248447026467073 0.9936534828345727 -147.36190231054243 541.8846437058486 86.96018955444632 1.0 530.6372739793651 88.23342458799675 1.0 553.1320134323321 85.68695452089587 1.0
0.04005851375971818 0.9991973356026138 -224.62943148499843 157.51483353703534 218.49499951551334 1.0 151.89885988748642 218.72014779173347 1.0 163.13080718658426 218.26985123929322 1.0
0.2003837044542401 -0.9797174955002057 331.6955404145692 103.07006781497759 359.6435748468374 1.0 109.55990618632747 360.9709553010329 1.0 96.58022944362772 358.3161943926419 1.0
0.09582714603797705 -0.9953979897921313 69.55191405815256 77.45617849423002 77.33019292347304 1.0 86.98355472258508 78.24739517077111 1.0 67.92880226587494 76.41299067617496 1.0
-0.16525998091683192 -0.9862500386349136 94.43513899635002 502.94995337558646 11.475425963018505 1.0 523.7247378851436 7.994320404480115 1.0 482.17516886602937 14.956531521556897 1.0
0.9911307247370648 0.13289050561338417 -332.4277712094762 295.23573042839735 299.57420628319466 1.0 294.56613368364964 304.5682267652458 1.0 295.90532717314505 294.5801858011435 1.0
0.008139517474739195 -0.9999668735789593 129.06242081496228 312.4868927196343 131.6102731162012 1.0 326.8863755003091 131.72748184062726 1.0 298.08740993895947 131.49306439177514 1.0
0.9993390069621452 -0.03635311766428709 -449.96764932134516 466.7513182380245 453.197706371672 1.0 467.662023355372 478.232784683524 1.0 465.840613120677 428.16262805981995 1.0
0.038372571521005525 -0.9992635016625321 361.4412446067049 136.89556180919456 366.9645481227385 1.0 149.40112132499655 367.44477228396516 1.0 124.39000229339257 366.48432396151185 1.0
-0.16664612706241544 -0.9860167687900127 377.69432522113254 288.8320164659385 334.2352774688369 1.0 297.24486475784073 332.8134268170173 1.0 280.4191681740363 335.6571281206565 1.0
-0.9998632505833313 -0.016537234742675745 576.7799779055374 570.904567798099 360.0046239106207 1.0 571.2666121888849 338.1149375719218 1.0 570.5425234073132 381.89431024931963 1.0
-0.1843327607519812 0.9828638935852475 -49.91312913219349 424.91110621079395 130.4739824620334 1.0 403.9678103146193 126.54613896611943 1.0 445.8544021069685 134.40182595794738 1.0
-0.9996246090396431 -0.027397828423810482 580.3457676507242 571.7247011315244 322.4958805910003 1.0 572.0851009415651 309.34649832474764 1.0 571.3643013214837 335.64526285725293 1.0
-0.19948091361412293 -0.9799017119607837 383.6332207283013 342.8368680861785 321.7096217038571 1.0 354.12788016547984 319.411083618134 1.0 331.5458560068772 324.0081597895802 1.0
-0.9999510742902122 -0.009891866651461955 573.7830848945376 569.6502232527589 420.62153988576995 1.0 569.7121055501805 414.3659693280035 1.0 569.5883409553373 426.87711044353637 1.0
-0.9977384172691043 -0.06721644668786701 575.6484905018282 546.0850589383376 458.19809912600294 1.0 547.4348189060663 438.1627143317358 1.0 544.735298970609 478.23348392027015 1.0
-0.9977051644274678 -0.0677082334340461 590.7476923539543 571.880265929144 298.04052740424953 1.0 572.3024712677153 291.8191799347168 1.0 571.4580605905727 304.2618748737823 1.0
0.2790442900100704 -0.9602782327079875 316.7085517630712 117.03671394720375 363.81849198681164 1.0 124.28767127587223 365.9255253139816 1.0 109.78575661853527 361.71145865964166 1.0
-0.12940866997043385 0.9915913453315752 -305.23217376700234 230.81190035359117 337.94287977882203 1.0 218.36083225544317 336.31794005957323 1.0 243.26296845173914 339.56781949807083 1.0
-0.9997476973432536 -0.022462004738273512 557.2430484593843 549.6612171254369 343.71430374528353 1.0 550.3492578003633 313.0907201225782 1.0 548.9731764505106 374.33788736798886 1.0
-0.2643486760698357 -0.9644271758199917 398.7524217473924 306.5489752812571 329.43555920756114 1.0 315.64356726063494 326.94273921096595 1.0 297.4543833018793 331.9283792041563 1.0
0.9999621769447647 -0.008697395005808012 -197.25609998553227 199.23682039597185 226.87076577056786 1.0 199.4216803273266 248.12459398739762 1.0 199.0519604646171 205.6169375537381 1.0
0.17538709411934 -0.9844995516587979 63.36844303413107 230.87076957862567 105.49542277863546 1.0 263.23439159079396 111.26095269718854 1.0 198.50714756645738 99.72989286008236 1.0
0.3032654107390444 -0.9529061289808555 -59.119107925994605 296.89217643874406 32.44602901229855 1.0 399.1766087919562 64.99837540446882 1.0 194.60774408553192 -0.10631737987170542 1.0
-0.9991017291185831 -0.04237611204744347 582.7925983701547 573.4039995222297 233.70881578037063 1.0 573.7479961526416 225.5984061262077 1.0 573.0600028918178 241.81922543453354 1.0
0.2830651410140035 0.9591006860297424 -446.15368780326463 301.2552879269081 376.26791691589824 1.0 223.11196250970013 399.3308254829756 1.0 379.39861334411614 353.20500834882085 1.0
0.034212867057751783 -0.9994145684988232 273.99715718337694 286.867196400529 283.977956078187 1.0 291.88271432277224 284.14965184219534 1.0 281.8516784782858 283.80626031417864 1.0
-0.09238251357728551 0.995723591758849 -129.825033862632 243.02707342907485 152.930478933777 1.0 224.20712722376624 151.18437795733578 1.0 261.84701963438346 154.67657991021827 1.0
0.16589198001733985 -0.9861439301470789 286.4624969119872 257.08770957008215 333.73554917242643 1.0 263.4724462057833 334.80960800907894 1.0 250.70297293438105 332.6614903357739 1.0
0.12174883279540802 -0.9925609410575028 74.4262444234552 172.04823235908898 96.08771809625546 1.0 182.12658545631615 97.3239421660643 1.0 161.96987926186182 94.85149402644663 1.0
-0.9999819308797824 -0.006011481842455909 574.2021993081994 572.6082051210076 266.8794077289155 1.0 572.7660036680396 240.6303563491565 1.0 572.4504065739756 293.1284591086745 1.0
0.07354097857440156 -0.9972921961342722 156.34469506581786 243.28470980430032 174.70916885983212 1.0 262.0249819431542 176.0910887797754 1.0 224.54443766544642 173.32724893988888 1.0
-0.009995916892079812 0.9999500395747213 -179.9031213207401 328.7617602916603 183.19854923133943 1.0 314.3881966180065 183.0548651048945 1.0 343.13532396531417 183.34223335778435 1.0
0.02624400573799089 -0.9996555667642851 401.35136141816537 510.61135491813764 414.8947522885323 1.0 523.1355392782107 415.22355030370596 1.0 498.08717055806466 414.5659542733586 1.0
0.9999457389202959 0.01041725564356099 -296.17981488978813 294.51613352050873 161.23844802758606 1.0 294.3143101441633 180.61134546779266 1.0 294.71795689685416 141.86555058737946 1.0
-0.9999682929936211 0.00796322845481412 566.3235324430036 569.5866341389883 407.5032918311608 1.0 569.5418027660573 401.8736716693496 1.0 569.6314655119193 413.13291199297197 1.0
-0.23726012443095681 -0.9714461556643306 347.45325605273297 309.4282696262969 282.09310902191834 1.0 313.25528004609185 281.15842317947124 1.0 305.60125920650205 283.02779486436543 1.0
-0.939344767048111 -0.34297435562929496 97.89672781866041 48.0859737253654 153.73575069360584 1.0 50.594979014484245 146.86403871238355 1.0 45.57696843624655 160.60746267482813 1.0
0.20240672190001563 -0.9793015464756959 31.347382909644242 198.15783257651543 72.96614661482333 1.0 395.74301771579684 113.80399657429152 1.0 0.5726474372340107 32.12829665535514 1.0
-0.9999409091288932 0.010870982038562764 260.8626069085048 262.67876183003324 165.63664609908284 1.0 262.56998457199904 155.63103391929846 1.0 262.78753908806743 175.64225827886725 1.0
-0.9998297148977239 -0.018453758628963274 349.2349919387305 345.01477250096065 231.87527265459607 1.0 345.1072384203593 226.8654437254908 1.0 344.922306581562 236.88510158370138 1.0
-0.32228282864034313 0.9466434272542006 -202.1252866425598 538.1718523131767 396.7373803988951 1.0 532.1896575465928 394.7007543627916 1.0 544.1540470797607 398.77400643499857 1.0
-0.9993858331104633 -0.03504221137578547 583.3793343532548 570.0198999945948 391.22878292688324 1.0 570.3059780433972 383.0699842120681 1.0 569.7338219457923 399.38758164169843 1.0
-0.13103316018984956 0.9913779859017757 -83.1311577168978 143.08974746568913 102.7667155887288 1.0 0.03241225425227867 83.85843339196185 1.0 286.147082677126 121.67499778549573 1.0
-0.9999140266531072 0.01311256276893111 193.40284661037634 196.61598205852673 243.75339668103987 1.0 196.47667305699773 233.13022353612755 1.0 196.75529106005573 254.3765698259522 1.0
0.30715897408994913 -0.9516582183935627 -60.64773111197595 513.6870290844276 102.07010023922217 1.0 525.5378266471529 105.8950856711338 1.0 501.8362315217024 98.24511480731054 1.0
-0.1777626968996585 0.9840733832346855 -52.33477714788954 489.9221162524433 141.68115526650865 1.0 447.94902976384526 134.0991505313634 1.0 531.8952027410413 149.26316000165392 1.0
-0.999810360625198 -0.019474156888331 577.8339988673423 573.817178869144 211.8519611866607 1.0 574.0846607199466 198.1193448148636 1.0 573.5496970183414 225.5845775584578 1.0
0.9994726505997951 -0.032471844773895385 -219.02044706073912 224.39382230271136 161.83377726035366 1.0 224.76025593720797 173.11248342840221 1.0 224.02738866821474 150.5550710923051 1.0
-0.999445118244978 0.03330849165426529 260.083784783138 269.0802939746124 265.6139922979301 1.0 268.91315051795243 260.59873332014905 1.0 269.2474374312724 270.62925127571117 1.0
0.9999933113426857 -0.003657495029437675 -199.53387745066658 200.6644706888714 308.749855635186 1.0 200.77190888673903 338.124462677883 1.0 200.55703249100375 279.3752485924891 1.0
-0.11729224889688582 -0.9930974415175537 316.681180585611 296.1210466750516 283.9081698212299 1.0 300.6542626721197 283.37276304561783 1.0 291.5878306779835 284.44357659684187 1.0
0.07430550476051123 0.9972355248196314 -262.6794482333545 13.695025077855927 262.38719537148756 1.0 0.5498671345548889 263.3666606751432 1.0 26.840183021156967 261.40773006783195 1.0
-0.2115512342334932 0.9773669092486639 -25.52460189115428 515.1111314213317 137.6115727246595 1.0 479.5297661693438 129.90998014612904 1.0 550.6924966733196 145.31316530318998 1.0
-0.0807693534025866 -0.9967328185381116 124.12208526288022 538.1992635015298 80.91644746523366 1.0 551.9098787011478 79.80542001251166 1.0 524.4886483019118 82.02747491795567 1.0
-0.05378239233076462 0.9985526797696653 -231.69116010562706 396.89364610961684 253.40380634965598 1.0 384.3962375861857 252.7306916087491 1.0 409.39105463304804 254.07692109056285 1.0
-0.9998888038592645 -0.014912408151914218 576.7332968811514 574.4392724807229 158.1166372724675 1.0 575.0174810036171 119.34729683809131 1.0 573.8610639578287 196.88597770684368 1.0
0.9999998725649257 0.000504846642420143 -359.3682365525494 359.22156147292304 290.6246070078732 1.0 359.2127264985127 308.1249180767572 1.0 359.23039644733336 273.1242959389892 1.0
-0.8435414726874013 0.5370640407403665 -36.60427106825527 47.278300593748895 142.41407462660368 1.0 44.85832191465706 138.61312683643112 1.0 49.698279272840736 146.21502241677624 1.0
0.19494186499561061 0.9808147986608038 -346.15207616945236 302.0755330539894 292.8839458566424 1.0 297.02654237504646 293.8874581003835 1.0 307.12452373293235 291.8804336129013 1.0
-0.1479707946111891 -0.9889917309776323 189.59803806693625 304.36307160098795 146.17027421345077 1.0 311.9732474786102 145.03165622861735 1.0 296.7528957233657 147.30889219828418 1.0
0.27964230997942296 0.9601042539585857 -445.7332968804755 152.6969099010944 419.78022554038034 1.0 82.63337837315358 440.187100857313 1.0 222.7604414290352 399.3733502234477 1.0
-0.9999295211321386 -0.011872353113516518 348.11408376236 345.0442519242052 260.61810466779895 1.0 345.10360950602274 255.6188094316412 1.0 344.98489434238763 265.61739990395665 1.0
-0.9997271512809257 -0.023358574265676026 578.865375129861 568.4213533536334 453.75692428110096 1.0 568.9919273082601 429.3368433392527 1.0 567.8507793990068 478.17700522294916 1.0
-0.2393362128627869 -0.9709367524264898 393.53043217649497 354.77155947114795 317.85875849272804 1.0 361.0992611885793 316.29897804215744 1.0 348.4438577537166 319.4185389432987 1.0
0.33321764019349226 0.9428499372985503 -412.58758934626604 353.18466298149946 312.7753608808458 1.0 347.3987936296071 314.82017592047913 1.0 358.9705323333918 310.73054584121246 1.0
-0.05471126164019088 0.9985022172482836 -364.2482681263448 519.3680108833473 393.2525541500037 1.0 513.0684325017163 392.9073792719647 1.0 525.6675892649785 393.59772902804264 1.0
0.15980269699172514 -0.9871489745900418 68.76822737080403 135.66540513556436 91.62540541310375 1.0 160.61854159318904 95.66489550727823 1.0 110.7122686779397 87.58591531892928 1.0
0.16358363744195598 0.9865294691803477 -467.9273539918063 481.0712042667223 394.5467304212058 1.0 466.6774234117487 396.93346807310303 1.0 495.4649851216959 392.1599927693085 1.0
0.2747985926172133 0.9615018114884646 -445.84092054292904 41.257377663766775 451.900813949805 1.0 0.3974029330589435 463.5786531553197 1.0 82.11735239447461 440.2229747442903 1.0
0.18324958743021885 -0.9830664213096969 335.45503963216356 88.92530354232332 357.8095611787648 1.0 96.13239607756128 359.15300726239184 1.0 81.71821100708537 356.46611509513775 1.0
-0.4588375817605129 -0.8885201593459567 580.2323375033741 394.3909700756558 449.36621226420147 1.0 452.5093950893658 419.3534800729026 1.0 336.2725450619458 479.37894445550035 1.0
0.697912529804915 0.716183007855746 -690.1264822923724 502.5933360955105 473.8457795178758 1.0 499.42848860939426 476.92988887435894 1.0 505.7581835816268 470.7616701613927 1.0
0.2383878258349378 0.9711700389188761 -276.13732940816146 221.9901181662263 229.8439808029529 1.0 217.58504432152282 230.9252703139537 1.0 226.39519201092975 228.7626912919521 1.0
0.06055851976553901 0.9981646485844943 -160.01856893273697 402.4406513457211 135.89677713604016 1.0 388.0428100595157 136.77029229944353 1.0 416.83849263192656 135.02326197263676 1.0
0.08975961276985121 0.9959634591265918 -349.3899994466023 293.12621766986365 324.3885111399444 1.0 284.22322132954355 325.19087943636697 1.0 302.02921401018375 323.5861428435218 1.0
-0.9999999998867024 -1.5053077454880942e-05 574.9793242081536 574.9782799659122 69.37500908122004 1.0 574.9789949873744 21.874990275636517 1.0 574.9775649444499 116.87502788680358 1.0
-0.9999847582940965 -0.005521157441819803 302.486640516972 301.10747511709735 250.62766386168505 1.0 301.1351185875215 245.6209149359701 1.0 301.07983164667314 255.6344127874 1.0
-0.08383532941280636 -0.9964796222413413 171.04102779661167 327.4763762062404 144.094203953198 1.0 341.95919398936957 142.87574270966218 1.0 312.99355842311127 145.3126651967338 1.0
-0.3074231998199557 -0.9515728959004979 371.10742414365075 351.5106167185745 276.43169190145454 1.0 358.4672061413343 274.184237198413 1.0 344.55402729581465 278.67914660449617 1.0
0.9999123001685338 0.013243563405362294 -412.83231794292055 409.92997501457177 221.86579458522385 1.0 409.5161499537254 253.1103135861091 1.0 410.34380007541813 190.62127558433858 1.0
-0.9997969533032125 0.02015073610600944 192.31196397494418 198.49834512633166 305.0050720608143 1.0 197.80555043678547 270.63143845115377 1.0 199.19113981587785 339.3787056704748 1.0
-0.2334466929300695 -0.9723696013142399 389.9011435847644 189.77569482455723 355.4190040107791 1.0 229.72389237195034 345.8282325661026 1.0 149.82749727716413 365.0097754554555 1.0
-0.9997583323219715 -0.021983560967016504 556.9944642620903 547.7568266141423 426.22816123459745 1.0 548.018120360217 414.345163743255 1.0 547.4955328680676 438.11115872593984 1.0
-0.15375259585144876 0.9881093761669004 -289.7138248335323 456.08760197714963 364.1686702428391 1.0 379.13086150121455 352.19398515044435 1.0 533.0443424530847 376.1433553352339 1.0
0.18268130482234426 0.983172182716947 -357.3345961587982 536.9773727864398 263.67595991345536 1.0 524.4455105825753 266.0044807763314 1.0 549.5092349903043 261.3474390505793 1.0
-0.45077452638755644 -0.8926378472594998 577.6879847932756 520.5780403168623 384.2820089634392 1.0 535.044940229976 376.9763474606795 1.0 506.1111404037486 391.58767046619886 1.0
-0.2660774606820392 0.9639516507154278 -122.20935927601357 40.49850567287275 137.9582666082572 1.0 36.53308434047909 136.86370005206675 1.0 44.463927005266406 139.05283316444766 1.0
-0.26733218222399785 0.9636044335448832 -270.3107092312802 490.1066975438405 416.4904064750537 1.0 483.0790235114018 414.5407232132827 1.0 497.13437157627925 418.4400897368247 1.0
0.28964783490909585 -0.9571332883838453 -50.289180703174814 550.5310826048226 114.06034744420165 1.0 561.7036027889998 117.44137736041047 1.0 539.3585624206454 110.67931752799285 1.0
-0.0637463837159945 0.9979661309699509 -262.24138684733674 287.5069803673219 281.1407205434581 1.0 276.8853956751384 280.462253015906 1.0 298.1285650595054 281.8191880710101 1.0
-0.023779673494720748 -0.9997172235829912 294.73156020853224 543.7501443509011 281.8810686317719 1.0 549.3719635659988 281.74734579272524 1.0 538.1283251358034 282.0147914708186 1.0
-0.16999345764964147 0.9854451909448437 -68.07587581070231 51.786215115196896 78.01468238229575 1.0 30.417396193043558 74.32847086302999 1.0 73.15503403735023 81.70089390156151 1.0
-0.19455500710801796 0.9808916093071646 -267.64956621193505 559.9643545808703 383.9297141746912 1.0 550.5863937307448 382.069641948012 1.0 569.3423154309959 385.78978640137035 1.0
-0.9993413779523528 -0.03628788106645065 560.6527709783196 551.173622528702 271.2245317237706 1.0 551.4699133877692 263.0649008312231 1.0 550.8773316696348 279.3841626163181 1.0
-0.13273105646499087 -0.9911520905742405 373.380341169252 243.87451302340708 344.05478498582374 1.0 257.99626098149633 342.1636579393948 1.0 229.75276506531785 345.94591203225264 1.0
0.39835907771534496 0.9172295488054121 -417.8282522054917 308.3629373783319 321.60878076164795 1.0 302.4887348830863 324.15998715416646 1.0 314.23713987357746 319.0575743691295 1.0
-0.24013715600797267 0.9707389691901745 -66.53923139380314 19.76865204456312 73.43520919260656 1.0 10.497187244295393 71.14167482360757 1.0 29.04011684483084 75.72874356160555 1.0
0.9996396416042281 0.026843750359631834 -556.0926870569066 552.9198381140988 125.61949070022912 1.0 552.7176818030159 133.14762889446487 1.0 553.1219944251816 118.09135250599337 1.0
0.9999864815131562 0.0051996914271987705 -398.4220713657214 397.9659998468255 88.74592338601497 1.0 397.84577550606747 111.86704839701498 1.0 398.0862241875836 65.62479837501493 1.0
-0.012408170766361339 0.9999230156858242 -386.66762670338585 501.25257485973634 392.9175027338 1.0 495.61293188051894 392.8475196930562 1.0 506.8922178389537 392.98748577454387 1.0
0.9999467925582107 -0.010315621772178095 -186.16318202215638 188.687661050835 243.7506430992389 1.0 188.79732520797637 254.38095939174582 1.0 188.5779968936936 233.120326806732 1.0
0.01901315261428766 -0.9998192336756008 280.3220653295266 505.00045385091516 289.97613394877646 1.0 520.6316864861452 290.2733866937056 1.0 489.36922121568506 289.67888120384725 1.0
-0.0021676468284671665 -0.9999976506508538 368.38635333711164 35.6281105576705 368.3099894650163 1.0 46.8780576973768 368.28560349548735 1.0 24.378163417964203 368.3343754345453 1.0
-0.1615335586830815 0.9868672197510562 -61.877487950414896 542.5599314481788 151.50885700084876 1.0 530.7955216813833 149.5832210719182 1.0 554.3243412149741 153.43449292977934 1.0
-0.9996888766897355 -0.02494293131961241 100.59638210567105 93.25000662937765 295.6904957373207 1.0 94.03311915927813 264.30409310058207 1.0 92.46689409947716 327.0768983740593 1.0
-0.13690296023551007 0.9905844635763041 -250.06593663390856 31.26536461099866 256.763826765192 1.0 23.123129345950158 255.63853543294687 1.0 39.407599876047165 257.8891180974371 1.0
0.237854178422132 0.9713008750161468 -344.6616148038855 306.8050396641414 279.7143101042555 1.0 299.2961717937861 281.5530972855746 1.0 314.3139075344968 277.8755229229364 1.0
-0.08060083700705067 -0.9967464597748832 345.3689397596679 373.6012438538669 316.2854141156141 1.0 385.4995212252949 315.323272634524 1.0 361.7029664824389 317.2475555967043 1.0
0.31472793564445317 -0.9491819248832023 -64.42133235860179 492.1813213269791 95.32617140442443 1.0 503.6239290468768 99.12028948828473 1.0 480.7387136070814 91.53205332056413 1.0
0.9594448678260976 -0.28189633839793365 -475.25376347350584 530.0450828741455 118.11175411420473 1.0 534.1116245692593 131.95238284089004 1.0 525.9785411790316 104.27112538751943 1.0
-0.1659013787013473 -0.986142349027255 368.85992737036923 532.4115536183008 284.47426161678345 1.0 538.1884896925527 283.5023921292462 1.0 526.6346175440488 285.4461311043208 1.0
0.06554120578056138 0.9978498636292086 -334.8326046462157 477.5696990725903 304.1861524345791 1.0 470.560730955844 304.64651850606236 1.0 484.57866718933656 303.7257863630959 1.0
0.9588180358230043 -0.28402108052135144 -173.08065031668778 242.5138319549219 209.3013152020979 1.0 243.70525179361232 213.32339281505816 1.0 241.32241211623148 205.27923758913764 1.0
-0.005219324530952596 -0.9999863792329576 301.6518794918356 438.14128010707645 299.36915559807784 1.0 460.6439292101337 299.25170536984064 1.0 415.63863100401915 299.48660582631504 1.0
0.9983932539042134 0.0566648970576729 -569.5008428523978 548.425419520327 387.4815780811862 1.0 548.0344674759084 394.3698617279434 1.0 548.8163715647455 380.5932944344291 1.0
0.15415158205797794 0.9880472102835081 -122.57217453036482 498.1386014480148 46.337179596780445 1.0 443.01765325607005 54.936952239107946 1.0 553.2595496399596 37.737406954452936 1.0
-0.9999984661770488 0.0017514689691477691 552.3668309550476 552.5461073054591 101.87382457457662 1.0 552.5329674737844 94.37165824904984 1.0 552.5592471371339 109.37599090010339 1.0
-0.9995288646616807 -0.030692811994532405 352.3533233518423 344.9571912101802 246.26787750808472 1.0 345.1309344984001 240.60982859266025 1.0 344.7834479219604 251.9259264235092 1.0
-0.9991566371675743 0.041061105732606934 247.72572495862218 257.51524829118915 233.1243733598182 1.0 257.0526466735622 221.86769947416167 1.0 257.9778499088161 244.38104724547472 1.0
-0.027265717553843064 -0.999628221213404 256.9332628270288 8.123152189989382 256.8072547433272 1.0 15.651646020759507 256.6019086135966 1.0 0.5946583592192567 257.01260087305775 1.0
-0.0495523448215346 0.9987715279896038 -263.455768926804 561.2314270412988 291.62435448126723 1.0 551.8485145738031 291.15883729241074 1.0 570.6143395087946 292.0898716701237 1.0
0.0018100823050208566 -0.9999983617996827 188.06580344814643 394.37268316375895 188.77995972291507 1.0 409.37376531737704 188.80711296075992 1.0 379.37160101014086 188.75280648507018 1.0
0.11851958101292351 -0.9929517152996521 73.74864477906989 93.1529362340415 85.39095148857717 1.0 110.55422091665984 87.46798397454064 1.0 75.75165155142317 83.3139190026137 1.0
0.10900067661271239 0.9940416754331636 -291.93083613857124 68.05300062815395 286.21839511969927 1.0 54.33092738730253 287.72307576312426 1.0 81.77507386900537 284.71371447627433 1.0
-0.18850731113313407 0.9820717864032933 -47.41912898575414 361.9451280312178 117.75965204356788 1.0 320.54107956497916 109.81220262647257 1.0 403.3491764974565 125.70710146066321 1.0
-0.18704601094293358 -0.9823511540128286 370.15963990981237 13.83118048396674 374.176353610569 1.0 27.53055133892089 371.567904828909 1.0 0.1318096290125914 376.784802392229 1.0
-0.028812166964936832 0.999584843339866 -174.56206180959302 353.11238307203723 184.81272098004374 1.0 344.3336465487304 184.55968150657034 1.0 361.891119595344 185.06576045351713 1.0
-0.9999989235918626 -0.0014672474625062413 552.7389098366496 552.6377141111976 69.37520206089769 1.0 552.6487198008307 61.8743011783341 1.0 552.6267084215646 76.87610294346129 1.0
0.137848052303293 -0.9904533883410105 87.47616061014533 353.2149624213763 137.47861012660923 1.0 361.9693592611429 138.69701835021405 1.0 344.4605655816096 136.26020190300443 1.0
0.08838968159136464 -0.996085972287622 260.36093627870696 399.4896029784718 296.8335096678369 1.0 415.83275532635 298.28375198869855 1.0 383.1464506305936 295.3832673469753 1.0
0.1034979977445489 0.9946296619661356 -291.6477152564371 11.203859211602332 292.0565808250697 1.0 0.4996558794765349 293.17042616337943 1.0 21.90806254372813 290.94273548676 1.0
0.12775302687479886 -0.9918060113370591 91.32338056608833 373.7221201026405 140.2164445764853 1.0 381.95208747368986 141.27653418142225 1.0 365.49215273159103 139.15635497154835 1.0
-0.14920405797007255 -0.9888064264987679 115.76942973826478 496.7245107417863 42.127676283304645 1.0 552.8287861131861 33.66192876129086 1.0 440.62023537038647 50.59342380531843 1.0
0.003868312748152309 0.9999925180502515 -202.60474652543533 166.25517634633104 201.96313058532252 1.0 153.1303727467772 202.01390181027142 1.0 179.37997994588488 201.9123593603736 1.0
0.0281605385929424 0.9996034133926092 -261.4459741989581 171.210599207292 256.726405766751 1.0 154.31379463805004 257.2024176638639 1.0 188.10740377653397 256.2503938696381 1.0
0.1640231420359018 0.9864564911219705 -119.278697196179 494.369188220693 38.71504720400356 1.0 438.11562434804716 48.068613610783686 1.0 550.6227520933388 29.361480797223436 1.0
-0.002850817470192985 0.9999959364116194 -416.03675862048283 512.5000014279115 417.49949912414036 1.0 498.12333650216146 417.4585137100591 1.0 526.8766663536613 417.5404845382217 1.0
0.1021484033546708 -0.9947691710603478 244.45779683798082 560.0510980015385 303.2523836402328 1.0 569.5188028783962 304.22457996953136 1.0 550.5833931246809 302.28018731093425 1.0
0.9973854768136828 -0.07226486449957958 -157.21576061582843 175.42225263287196 245.5944059819313 1.0 176.152803541182 255.67732623739948 1.0 174.69170172456194 235.51148572646312 1.0
0.03292350483148413 -0.9994578744647576 242.9560096404982 393.7768689327155 256.0593405944047 1.0 408.1362870483912 256.53235940168753 1.0 379.4174508170398 255.58632178712188 1.0
-0.9999987272533257 -0.0015954597233363745 384.65279508300193 384.3012860873631 220.62488239227164 1.0 384.3491530000094 190.6229644349076 1.0 384.25341917471684 250.6268003496357 1.0
0.9999983447007035 -0.001819504287723507 -242.45042561046344 242.89660698365657 245.0004155627604 1.0 242.952329210231 275.6253141757624 1.0 242.84088475708216 214.3755169497584 1.0
0.0073736392976548265 -0.9999728143522244 54.186326415807656 498.126947373296 57.86090783644061 1.0 508.1356204662817 57.934710188041166 1.0 488.1182742803103 57.787105484840055 1.0
-0.038734354246212965 -0.9992495433079411 257.83762965354174 63.12342579841276 255.58438953294228 1.0 73.15680390366262 255.19546123728512 1.0 53.0900476931629 255.97331782859942 1.0
-0.2284862375161507 -0.9735471428059933 369.99629545973494 64.36192757015503 364.9443002481749 1.0 83.66235540685449 360.4145944486703 1.0 45.06149973345558 369.4740060476795 1.0
0.7858395053320218 -0.6184304907259369 -234.04151484089527 308.1419878471921 13.111631109018935 1.0 316.34835133510603 23.539455610923923 1.0 299.93562435927817 2.6838066071139464 1.0
-0.037600121818207655 -0.9992928653999568 166.76500615942396 437.49234705969786 150.4216089397213 1.0 451.8470241280122 149.8814893960742 1.0 423.1376699913836 150.96172848336843 1.0
-0.9995756948186538 0.029127827378732284 177.34631744416237 184.52545375822393 243.78204098828272 1.0 184.21610190763573 233.16605556051564 1.0 184.83480560881213 254.3980264160498 1.0
0.18094229501458714 0.9834937142020045 -505.9390020813886 535.0670028021764 415.9891870175749 1.0 527.9722020623365 417.2944821201262 1.0 542.1618035420164 414.68389191502365 1.0
-0.09529372103170584 0.9954491984686769 -251.76867281502123 561.2715553478349 306.64983035091115 1.0 553.101762532863 305.8677412612877 1.0 569.441348162807 307.4319194405346 1.0
0.7475556064486166 -0.6641992285957888 -273.7067801334359 406.2108048113365 45.10451550300605 1.0 412.14055181618994 51.77844017417989 1.0 400.2810578064831 38.430590831832205 1.0
-0.020556755813616604 0.999788687568738 -233.79116953610924 562.491651567891 245.4060304095206 1.0 554.3572397746467 245.23877795007564 1.0 570.6260633611354 245.57328286896558 1.0
0.9999584676623742 -0.00911388777178046 -197.2785952151506 199.7020943154308 265.00271519174396 1.0 199.77619349243682 273.13273624855435 1.0 199.62799513842478 256.87269413493357 1.0
-0.31928696796645883 -0.9476580776244063 206.94106632117607 462.51347831147115 62.54000423449712 1.0 467.3880190589559 60.89766363482124 1.0 457.6389375639864 64.182344834173 1.0
-0.27636203902675155 0.9610536006825927 -243.22194434053407 562.2994081512431 414.77411357454264 1.0 556.851291994635 413.2074449841275 1.0 567.7475243078512 416.34078216495783 1.0
-0.9999644235114009 0.008435147391228066 142.98679342322868 144.34682633084208 160.62523765750691 1.0 144.10423553137647 131.86673971009 1.0 144.58941713030768 189.38373560492383 1.0
-0.5989238953355135 -0.8008059487766901 256.16195020803536 381.2276685309851 34.75946951231249 1.0 389.83659386150873 28.320842150107932 1.0 372.6187432004615 41.19809687451705 1.0
0.1544315444930939 -0.9880034909176574 78.88417367867986 535.0433213924887 163.47284362530425 1.0 549.5522996305143 165.7406938291875 1.0 520.5343431544632 161.204993421421 1.0
-0.04889667998418145 0.9988038419462174 -248.47301722966074 561.8736661984105 276.27724532938186 1.0 553.1140625750119 275.84841684757805 1.0 570.6332698218093 276.70607381118566 1.0
-0.9754869906821005 0.22005710851953808 -10.291905869463804 52.17553758786116 278.0572026503501 1.0 50.236706266629305 269.4625939884775 1.0 54.11436890909301 286.6518113122227 1.0
0.15189768035721618 -0.9883962235369462 80.50777098288022 480.0608357400049 155.22914263380767 1.0 506.8787580112329 159.35054666995674 1.0 453.2429134687769 151.10773859765862 1.0
-0.15288466928581762 0.9882440376229781 -308.4420384134924 558.6855300793579 398.5417325277158 1.0 550.5615823678598 397.28493055180394 1.0 566.8094777908561 399.79853450362765 1.0
0.17545497159670503 -0.9844874569754556 331.7738414179564 471.7931292801344 421.0843810940079 1.0 483.12863729773426 423.10459092316347 1.0 460.45762126253453 419.0641712648523 1.0
0.3558368056477233 -0.9345481088453523 -105.41604298906748 497.0361997842606 76.45163470687694 1.0 513.3070438462378 82.64689113231611 1.0 480.76535572228335 70.25637828143776 1.0
0.05995264773709163 -0.9982012222138943 254.0205887913428 561.8690193883582 288.2245761501073 1.0 570.6623750964224 288.7527111047242 1.0 553.075663680294 287.6964411954903 1.0
-0.9999972222022102 0.0023570294574861658 479.20825760645397 479.47475822237993 112.50123801378109 1.0 479.4379262671667 96.87485168052264 1.0 479.51159017759323 128.12762434703956 1.0
0.22180720955642558 0.9750905403032029 -86.51837955088746 359.9920230688007 6.839932473707015 1.0 330.7104639924454 13.500709746931733 1.0 389.2735821451559 0.17915520048229716 1.0
-0.3642093515385845 0.9313171040262513 -234.18863463156072 484.0752507826646 440.76648656011605 1.0 472.8335703712443 436.37021260020816 1.0 495.316931194085 445.1627605200239 1.0
0.10529628572112307 -0.9944408942784562 105.35836909101533 513.0957294629227 160.27643728235722 1.0 516.8695963915582 160.67603284673658 1.0 509.3218625342873 159.8768417179779 1.0
0.2063153124132806 -0.9784855603757319 300.91417792913234 558.680575809211 425.3292560665187 1.0 566.8382455320059 427.0493143336806 1.0 550.522906086416 423.6091977993569 1.0
-0.13369234982929337 0.9910228834881272 -259.3016244487432 559.4263967595284 337.1190106248051 1.0 551.8120262587472 336.0918062063388 1.0 567.0407672603095 338.1462150432715 1.0
0.7795986485079461 -0.6262794482054986 -326.48691938337794 478.19000555476305 73.94360905473556 1.0 480.5763152533227 76.91411019643687 1.0 475.80369585620343 70.97310791303424 1.0
0.16603163345113126 -0.986120427074477 312.1761730002165 557.6333594280611 410.457931323564 1.0 565.8413700611088 411.83990189771805 1.0 549.4253487950135 409.07596074940994 1.0
0.1551200902613874 -0.9878956208007499 258.3448983971256 560.5997051124923 349.5360926641123 1.0 568.3023444391406 350.7455667041248 1.0 552.8970657858439 348.3266186240997 1.0
-0.08614182438647094 0.9962828845721331 -264.10909002981526 516.8398000303952 309.78210917727233 1.0 485.4998568702321 307.07235683505064 1.0 548.1797431905583 312.4918615194941 1.0
-0.004445017555912452 0.999990120860665 -227.31846951720166 562.5007953732415 229.82106586218245 1.0 554.3731777999359 229.7849381024702 1.0 570.6284129465471 229.8571936218947 1.0
-0.053601323377344454 -0.998562415741849 264.700882689722 56.88324253279489 262.02855373600676 1.0 80.63191169713288 260.75376101840425 1.0 33.1345733684569 263.3033464536092 1.0
-0.22724661048350067 -0.9738372441141077 394.04557744341884 477.7946423448301 293.1376533283741 1.0 488.4242095185514 290.6572253865035 1.0 467.16507517110887 295.6180812702446 1.0
0.3129045264108892 -0.9497845847093841 -63.738351136350445 534.6964474790354 109.04639768116756 1.0 539.0145844120372 110.46899877803807 1.0 530.3783105460337 107.62379658429705 1.0
0.008456478761997174 0.9999642433442048 -187.28856883933307 563.1252794005882 182.53303864477274 1.0 554.3706200206358 182.60707488317613 1.0 571.8799387805407 182.45900240636936 1.0
-0.04337379554944021 0.9990589141084901 -236.10509314981883 563.7152249413284 260.8009982044318 1.0 556.8260756728669 260.50190818315264 1.0 570.6043742097899 261.1000882257109 1.0
0.06065241328814591 0.9981589476442736 -252.33016741225507 28.115106541675456 251.0871830004047 1.0 0.5270813700247334 252.76354958356643 1.0 55.70313171332618 249.41081641724298 1.0
0.146428767414267 -0.9892212169548015 309.5073909753108 558.6647661469686 395.57580991297186 1.0 566.8871494841263 396.7929223612612 1.0 550.442382809811 394.35869746468256 1.0
0.040469537978049974 -0.9991807726812216 234.31284300089501 561.8846068334744 257.26281015861264 1.0 570.6455489679549 257.6176521352886 1.0 553.1236646989939 256.9079681819366 1.0
-0.004545857372443592 0.9999896675369948 -196.1089956342974 562.5032134645713 198.66810774512248 1.0 553.1284071972518 198.62549077259865 1.0 571.8780197318908 198.7107247176463 1.0
0.9995594676908703 -0.02967946343086337 -21.694895776746034 30.185226854083826 285.61950014349327 1.0 30.335210429705743 290.67072026949864 1.0 30.03524327846191 280.56828001748795 1.0
0.17084412809065924 -0.9852980685543549 62.55996050380812 124.97178668314288 85.1627128009462 1.0 161.92777482918473 91.5706352094442 1.0 88.01579853710102 78.75479039244819 1.0
-0.07540239045036584 -0.9971531875867271 265.045141691825 11.867772197903733 264.90441647994857 1.0 23.100802426183673 264.0550010222661 1.0 0.634741969623791 265.75383193763105 1.0
0.23919046889937776 0.9709726667562252 -407.4312116527328 517.7043535263077 292.079555162934 1.0 484.58749350443486 300.23759868806195 1.0 550.8212135481806 283.9215116378061 1.0
0.026871638358004057 -0.9996388923266024 226.72496372642127 562.4817977560087 241.92713292278296 1.0 570.6512969435619 242.14674005233653 1.0 554.3122985684555 241.70752579322942 1.0
-0.012821837520780721 0.9999177968626174 -206.68257448588278 562.5059303513037 213.91251840946114 1.0 553.1324715967794 213.7923235639095 1.0 571.879389105828 214.0327132550128 1.0
-0.2150443472795097 0.9766042846020745 -312.7665959004062 558.1184521982168 443.1547362444401 1.0 549.2480547447328 441.2015102955374 1.0 566.9888496517008 445.1079621933427 1.0
0.9999720386558602 -0.0074780951078941265 -78.87584667403677 81.29911549888622 323.7449587592257 1.0 81.51884830282194 353.1276634107369 1.0 81.07938269495051 294.3622541077146 1.0
-0.06815380701794894 -0.9976748260775954 179.75902595465527 401.8902871567048 152.723782237178 1.0 416.9481042934701 151.69514290858493 1.0 386.8324700199395 153.75242156577107 1.0
-0.5983174272355664 0.8012591692244231 334.76996445118033 566.2374455803115 5.016812720859834 1.0 559.7261767730095 0.15470848485454602 1.0 572.7487143876135 9.878916956865123 1.0
0.1803121300627069 -0.9836094426916863 273.8995654899929 559.418173356247 381.0144877199185 1.0 568.2162331323822 382.6273198357964 1.0 550.620113580112 379.40165560404057 1.0
0.13839818911945534 -0.990376666348948 284.2484306973821 559.9634720972033 365.26139346786675 1.0 568.1898447520387 366.41097131752286 1.0 551.737099442368 364.11181561821064 1.0
0.009412079245741166 0.9999557054011302 -172.37760981064784 561.8770856174224 167.0965796304182 1.0 553.1160961778081 167.1790424099507 1.0 570.6380750570365 167.01411685088573 1.0
-0.1265532741861659 0.9919598120855306 -278.9680801428539 559.3632325538265 352.5922365207071 1.0 551.9048906865804 351.6407084730987 1.0 566.8215744210725 353.5437645683155 1.0
0.02471816654371177 -0.9996944594438429 212.25466017095354 561.8759316635746 226.21232006479926 1.0 570.6669179222134 226.42968354058107 1.0 553.0849454049358 225.99495658901748 1.0
0.06749118302920636 -0.9977198706116452 280.5440754646995 561.2650695485622 319.15222737449784 1.0 569.4372313057945 319.7050367162257 1.0 553.0929077913298 318.59941803276996 1.0
-0.9994490805336307 0.03318938716638567 436.79640511023143 441.7279246580184 141.2548840311755 1.0 441.5399602872539 135.59461628980705 1.0 441.91588902878294 146.91515177254394 1.0
-0.9993822108026191 0.035145365715402374 147.2688489279268 156.0192949374532 246.23613379383107 1.0 155.69001068787702 236.8727137631867 1.0 156.34857918702937 255.59955382447544 1.0
0.3135619724172656 -0.9495677382123899 -71.65310461346353 464.82386821110254 78.03338439964921 1.0 477.9610525917859 82.37148612809588 1.0 451.68668383041916 73.69528267120252 1.0
-0.9993566238727462 0.03586555899001886 524.6430035301549 534.7855420604316 273.1999878223635 1.0 534.5167234308398 265.709635359776 1.0 535.0543606900234 280.690340284951 1.0
-0.20638278069347107 0.9784713321468497 -41.22422177022018 307.2242948168471 106.9321323922129 1.0 294.1534900406427 104.17519006085627 1.0 320.2950995930515 109.68907472356953 1.0
-0.3275184624567511 0.9448447791833141 81.93924686828653 467.03317541302266 75.16868614193955 1.0 455.82949136456654 71.28507112469484 1.0 478.2368594614788 79.05230115918425 1.0
0.06732760006680134 -0.9977309227789048 234.42573710273288 562.513987049277 272.91772524836307 1.0 570.6861249133935 273.4691869874395 1.0 554.3418491851605 272.3662635092866 1.0
0.16040321891765147 -0.987051572796911 344.9702355622555 558.0941079296276 440.1900963512685 1.0 566.9158392118745 441.62369327071747 1.0 549.2723766473807 438.75649943181946 1.0
0.6934389929388629 0.7205153454798416 -430.9952129199995 296.20489887731316 313.10254188787377 1.0 292.04783257580806 317.10338918110665 1.0 300.36196517881825 309.1016945946409 1.0
0.15182898503580594 0.9884067782562992 -125.67869241059543 478.11871346152077 53.70907463095304 1.0 455.6684193836247 57.15766021189739 1.0 500.5690075394169 50.2604890500087 1.0
-0.12407827539555667 0.9922724331426648 -295.98286771360534 559.9768702604144 368.30997196953604 1.0 551.823058719835 367.2903821471611 1.0 568.1306818009938 369.329561791911 1.0
-0.6416992882077974 -0.766956337423198 344.2295232619938 455.61997267366587 67.61598877750869 1.0 459.3037490064369 64.53383594127558 1.0 451.9361963408949 70.6981416137418 1.0
0.9996441680484534 -0.026674656262368375 -16.185809168968454 24.914458551836884 326.8939601955333 1.0 25.44865126479275 346.91306090550813 1.0 24.380265838881016 306.8748594855584 1.0
0.10399893642325782 0.9945774083613759 -33.75079015552667 309.40962097960744 1.58109227225962 1.0 301.92609245002365 2.3636145789467222 1.0 316.8931495091913 0.7985699655725176 1.0
0.9999766016283799 -0.006840774499754465 -22.73491002036325 25.16390759519268 354.9903275506582 1.0 25.22806760315975 364.36916422034597 1.0 25.099747587225608 345.61149088097045 1.0
-0.9999519335725455 -0.009804618530440925 548.4920967820103 545.8527415007586 271.8711048447307 1.0 545.9263326867799 264.36569823177877 1.0 545.7791503147374 279.3765114576827 1.0
0.07696170414363204 0.9970340496168164 -162.11212763282182 563.7272214326907 119.0799050893364 1.0 555.5544298524817 119.71076816554263 1.0 571.9000130128998 118.44904201313018 1.0
0.039498029275320146 -0.9992196483673478 188.37383274356998 561.8708073037333 210.73106667132828 1.0 570.6564904871174 211.07835484980635 1.0 553.0851241203493 210.3837784928502 1.0
0.2007138483932553 0.9796499125009757 -96.88311400219075 421.8672394602744 12.462122134949857 1.0 361.94942941129204 24.738277207045915 1.0 481.78504950925674 0.18596706285379794 1.0
-0.0617444818231474 0.9980919892296456 -287.50341689397004 561.2331535867611 322.7723202074828 1.0 553.1006125122461 322.2692207537551 1.0 569.3656946612759 323.27541966121044 1.0
-0.017887162128241794 -0.9998400119174057 189.34552870892054 563.1236856226674 179.3015301539508 1.0 571.893241430683 179.1446425872792 1.0 554.3541298146519 179.45841772062244 1.0
-0.9991686454359378 0.040767854710704 88.423666159531 102.2438038506049 336.9109543674176 1.0 101.78346925373576 325.6287346169561 1.0 102.70413844747407 348.1931741178791 1.0
-0.9999494217648093 0.01005753012542461 448.3424155303641 449.2765495477287 90.61970394419603 1.0 449.1130597282424 74.36506205687385 1.0 449.4400393672149 106.87434583151821 1.0
-0.11121769473451466 0.993796067801609 -386.17714499158916 504.44037408803194 445.04084374880796 1.0 496.894984770576 444.196424221552 1.0 511.98576340548794 445.88526327606394 1.0
0.06292340544467401 0.9980183590732412 -268.2372458807639 68.7537853510355 264.435038864748 1.0 53.11215187986081 265.42121796233255 1.0 84.39541882221019 263.44885976716336 1.0
-0.997924410172473 0.06439620782252621 67.61530534065824 89.4966279024286 336.9074826749169 1.0 88.91100445732971 327.83229097039765 1.0 90.0822513475275 345.98267437943616 1.0
-0.5350251070705327 0.8448361585562995 -97.91256178420939 307.898453824832 310.8839061262655 1.0 304.37438227646265 308.6521517933159 1.0 311.4225253732013 313.1156604592151 1.0
-0.26843777222428694 0.9632970271122308 -305.90208965234797 556.233154149599 472.5604518413183 1.0 547.8855531174091 470.23426234687366 1.0 564.580755181789 474.88664133576293 1.0
0.09411978293325789 -0.9955608803386142 130.10268828204067 457.48270210014584 173.9329701670581 1.0 466.83321708193546 174.81696275634192 1.0 448.1321871183563 173.04897757777428 1.0
-0.25608078554785774 0.966655383926036 -300.3057847706924 555.6911524582704 457.8752872782503 1.0 548.0641280485468 455.8547798309094 1.0 563.3181768679939 459.89579472559114 1.0
0.19578641267858088 -0.980646562534358 35.91251609789706 491.78874120669695 134.80704933367812 1.0 503.08749579502495 137.06284944872405 1.0 480.4899866183689 132.5512492186322 1.0
1.0 0.0 -446.875 446.875 105.625 1.0 446.875 131.875 1.0 446.875 79.375 1.0
-0.12739046119437253 -0.9918526455057148 324.9829453458761 531.8705876874349 259.34064606290315 1.0 538.1771013348489 258.53065711372506 1.0 525.5640740400207 260.15063501208124 1.0
0.3363401615468423 -0.9417405671046798 -86.77915174189545 496.9747820463701 85.3456137961542 1.0 509.64444911537913 89.870551998441 1.0 484.30511497736103 80.82067559386738 1.0
0.03254785542274403 0.9994701781981191 -255.01138360536245 68.09826204212487 252.92893848381044 1.0 59.33719983564821 253.21424343063754 1.0 76.85932424860152 252.64363353698337 1.0
0.3044568024534579 -0.9525261442290265 -83.8028643136932 391.758775570486 37.23862073968456 1.0 399.2885786465979 39.64537858202471 1.0 384.22897249437415 34.831862897344415 1.0
0.14706388301246276 0.9891269960491913 -108.28466419411815 560.606233344654 26.123778625669466 1.0 555.4416256665286 26.891655007989268 1.0 565.7708410227795 25.355902243349664 1.0
0.9992468108260765 -0.03880478132801956 -232.52220433452993 243.76420432625713 284.97517711957084 1.0 243.98231681743303 290.5917069323926 1.0 243.54609183508123 279.3586473067491 1.0
-0.23795336437520728 -0.9712765807855761 122.4906949823339 401.62252790549655 27.719460955776007 1.0 414.13700076695545 24.653536192761685 1.0 389.1080550440376 30.78538571879033 1.0
-0.3434901593129866 -0.939156275842918 197.30521309854902 404.6783217437444 62.079329491729666 1.0 409.6932523062871 60.24515200478767 1.0 399.66339118120163 63.91350697867166 1.0
-0.3199032239639234 0.9474502241793434 77.11874164054888 520.6201184595492 94.38945754918346 1.0 514.2520004607891 92.23928498455021 1.0 526.9882364583093 96.53963011381671 1.0
-0.03318019263073692 -0.9994493858205062 213.48473883512673 563.1219312510798 194.90756354980437 1.0 571.8830243576947 194.61670864403575 1.0 554.3608381444648 195.19841845557295 1.0
0.36294997216944014 -0.9318086271881167 -107.32842305582795 426.38653799105657 50.899463320674855 1.0 441.8555893537451 56.924833335243264 1.0 410.91748662836807 44.874093306106445 1.0
0.36532288407535435 -0.9308808679798212 -107.86292150239584 370.76804350187945 29.63551021577683 1.0 379.412986678315 33.028205975801264 1.0 362.12310032544383 26.242814455752395 1.0
0.0 1.0 -211.875 488.125 211.875 1.0 470.625 211.875 1.0 505.625 211.875 1.0
-0.21093391648084073 0.977500323722736 -301.15519862187 557.5743345330579 428.40552230129583 1.0 550.6186222664386 426.90455540163885 1.0 564.5300467996773 429.9064892009529 1.0
-0.15931272728510884 0.9872281676112065 -65.73372178004603 92.45891955076029 81.50456708524601 1.0 80.59041725133585 79.58930217269184 1.0 104.32742185018472 83.41983199780019 1.0
-0.9995321575299138 0.030585389708092322 151.97480672525677 160.97689983231862 291.86423196874796 1.0 160.74761672808995 284.37124796422495 1.0 161.2061829365473 299.357215973271 1.0
-0.9896786827633075 -0.14330423889014804 552.614992046067 540.9187854073184 120.57704054008619 1.0 542.0209792318198 112.96513916975432 1.0 539.8165915828172 128.18894191041807 1.0
-0.131739899387375 -0.9912843178974458 142.74638336288828 563.7114878862187 69.08521342343603 1.0 573.0870206213746 67.83922201922192 1.0 554.335955151063 70.33120482765014 1.0
0.21814256503420185 0.9759169131233966 -387.10753773037516 466.23753744863563 292.4442455686937 1.0 445.66261292714006 297.043271110878 1.0 486.81246197013115 287.8452200265094 1.0
0.11561574689140301 -0.9932940144140319 115.75871021331096 489.9483891369847 173.56840639307495 1.0 500.5749152888104 174.80529470617844 1.0 479.32186298515904 172.3315180799715 1.0
0.03674305949577988 0.999324745805331 -155.56433286511623 563.1007488031287 134.96542451876644 1.0 554.3166639510749 135.2883967594617 1.0 571.8848336551823 134.64245227807115 1.0
-0.3280114223727333 0.9446737568033825 83.27217858140709 281.2090912384176 9.492817340660425 1.0 256.7453257871742 0.9984620730720839 1.0 305.672856689661 17.987172608248766 1.0
-0.18082684157330217 0.9835149482171707 -49.0101051765896 232.59719148173815 92.59637673645575 1.0 171.9537623519664 81.44661254467692 1.0 293.24062061150994 103.74614092823458 1.0
0.33343787168479616 -0.9427720751731637 -85.10829860662764 343.9300198095967 31.366006679570575 1.0 370.9605945682873 40.92613001722789 1.0 316.899445050906 21.805883341913255 1.0
0.12334833787190944 0.992363435211232 -134.22638449085045 522.5384152964948 70.3090591754368 1.0 494.4588119583813 73.79928491024693 1.0 550.6180186346082 66.81883344062669 1.0
-1.0 0.0 449.375 449.3749999999999 120.0 1.0 449.3749999999999 108.125 1.0 449.3749999999999 131.875 1.0
0.0816397968307717 -0.9966619003320185 381.92839100510565 490.65378324847137 423.39861295308344 1.0 497.0146902865279 423.91965540295877 1.0 484.2928762104148 422.8775705032082 1.0
-0.06731206928301314 -0.9977319706859347 168.89029666717775 560.5545903443588 131.45635410964752 1.0 565.5739103982133 131.11772527029459 1.0 555.5352702905041 131.79498294900043 1.0
-0.9999979804067581 -0.0020097717295966466 39.348770598352694 38.77983217639982 283.1250599559859 1.0 38.802449636161924 271.8713370824054 1.0 38.75721471663771 294.3787828295663 1.0
-0.044331986625115616 -0.9990168541930965 188.14948477043734 563.1624514847863 163.34396543814992 1.0 571.8675746395662 162.95767025038816 1.0 554.4573283300065 163.73026062591168 1.0
-0.09291513765251097 -0.9956740315961922 198.9527308489043 561.9220535720206 147.37922375662788 1.0 571.9513628310992 146.44330033109375 1.0 551.8927443129419 148.31514718216204 1.0
-0.34200133360179535 0.9396994667523194 88.54109759840492 393.09154280652496 48.84192860898047 1.0 378.0382625909762 43.36332391572471 1.0 408.1448230220737 54.32053330223623 1.0
0.029508118282960207 0.9995645406652834 -167.41914786751295 563.1321698773195 150.8678740138812 1.0 554.3897887564597 151.12595761498346 1.0 571.8745509981792 150.6097904127789 1.0
0.9999211852946552 0.012554807801464804 -276.14607762910714 273.797929404329 188.75060179188944 1.0 273.7272156619035 194.3825612978317 1.0 273.8686431467545 183.11864228594717 1.0
0.19086480801209002 0.9816163329236672 -326.77639557719374 6.815885262541723 331.57097333101933 1.0 0.32517882358853 332.83302184914436 1.0 13.306591701494916 330.3089248128943 1.0
-0.16202976600635746 -0.9867858708594914 116.11135462004177 479.40746801788305 38.94773515750547 1.0 531.8282472070982 30.34026839422335 1.0 426.9866888286678 47.55520192078759 1.0
0.10015929193705757 0.9949714147847 -158.9166138855121 563.7345139618537 102.97116339646904 1.0 554.3289933316132 103.91797480494365 1.0 573.1400345920944 102.02435198799442 1.0
0.9999980411725699 0.0019793056922288014 -84.61623664966424 84.0696193264397 276.2493955571105 1.0 84.05106826898682 285.6218847018633 1.0 84.08817038389259 266.87690641235776 1.0
0.3485529676480131 -0.9372890849379198 -93.706952727024 541.4378646524243 101.36981569658926 1.0 549.8008709813394 104.47979608710615 1.0 533.0748583235093 98.25983530607236 1.0
-0.10686773920930463 -0.9942732452984402 82.48979373569024 563.7363164128544 22.372691003860172 1.0 571.9677526152018 21.487949327917313 1.0 555.504880210507 23.25743267980303 1.0
0.9591348717557082 -0.282949284823555 -66.90269330497178 106.32873660312083 123.98301647125632 1.0 109.39286566604387 134.36972954473987 1.0 103.26460754019777 113.59630339777277 1.0
-0.11980814713569704 0.9927970627877136 -101.42828307308007 468.75217831274693 158.7319492868495 1.0 459.28872478279584 157.58992452123974 1.0 478.21563184269803 159.8739740524593 1.0
0.08670673716064181 0.9962338790319045 -135.95087180777185 561.8803809724493 87.56182572694755 1.0 555.6233812184436 88.1064006952391 1.0 568.1373807264551 87.01725075865598 1.0
0.0 1.0 -201.875 498.75 201.875 1.0 486.875 201.875 1.0 510.625 201.875 1.0
-0.9758719416898939 -0.21834365899287425 508.21226423423366 496.7324737714991 107.46811087920054 1.0 498.58289669001863 99.19777312461488 1.0 494.88205085297955 115.7384486337862 1.0
0.35173796441402105 -0.9360985014355493 -102.76503350491913 345.8017944562968 20.154487737050815 1.0 358.40160641810013 24.888852982425863 1.0 333.2019824944935 15.420122491675764 1.0
0.2296336983172552 -0.9732771263094288 315.3334729723832 557.5218452582055 455.532411280289 1.0 565.7771437855623 457.4801553300626 1.0 549.2665467308486 453.5846672305154 1.0
-0.09471648432625873 -0.9955042880856283 152.9814454118774 563.8122087208184 100.02883601145635 1.0 571.982180952917 99.25151033227155 1.0 555.6422364887197 100.80616169064115 1.0
-0.9980181531129981 -0.06292667206296731 537.9973361445689 521.567591668996 277.52002467264 1.0 522.0018300048891 270.63299683863517 1.0 521.1333533331028 284.4070525066448 1.0
0.3359674650549476 -0.9418735915315561 -86.21360294384718 433.1765592830916 62.98045526816314 1.0 450.6790048939528 69.22359907961817 1.0 415.6741136722303 56.73731145670812 1.0
0.9882337425737492 -0.1529512014947276 -5.015535871153268 48.81191355843343 282.5871501792265 1.0 50.258201817396966 291.93177019546926 1.0 47.36562529946989 273.24253016298377 1.0
-0.9996234819670925 -0.0274389194391078 333.8361458748077 324.559908620006 342.5222313878958 1.0 324.78323645799645 334.3862057864637 1.0 324.3365807820155 350.65825698932787 1.0
-0.9917585063902247 0.12812129020046079 515.4493176261827 552.20600477414 251.36872129481782 1.0 551.7884066322429 248.13618664869355 1.0 552.6236029160369 254.6012559409421 1.0
-0.9993431090084964 0.03624017766557629 24.554187234631033 36.582339930188056 331.23794802505085 1.0 35.37856839343116 298.0432765976737 1.0 37.78611146694496 364.43261945242796 1.0
0.999871999479781 -0.015999520502336717 -131.80972516788813 136.1270521131791 268.7519673590589 1.0 137.13705255864824 331.87080674797676 1.0 135.11705166770997 205.63312797014098 1.0
0.9996592574040569 -0.026103047453688737 -259.80035594029613 265.76357813301956 224.98006148985948 1.0 265.97601898209604 233.1158342116787 1.0 265.5511372839431 216.84428876804026 1.0
0.9190907451079315 -0.3940459392722468 -354.3845245339755 415.72733144551637 70.31316789404502 1.0 419.5755821197997 79.28900351900135 1.0 411.87908077123296 61.337332269088705 1.0
-0.0865267387100863 0.9962495287267122 -270.53513331414734 526.8910348409149 317.3153784258732 1.0 505.63850179929915 315.4695433008422 1.0 548.1435678825306 319.1612135509042 1.0
-0.18276473997395895 -0.9831566761316587 386.27608359181096 333.41109067370553 330.9139837004264 1.0 342.0934228274838 329.29997423786915 1.0 324.7287585199272 332.52799316298365 1.0
-0.3607321639600692 0.9326694515661408 105.90475695340179 496.9160088608478 78.64397199479976 1.0 481.97542750651115 72.86534567255754 1.0 511.8565902151844 84.42259831704196 1.0
0.06820479163364689 0.9976713418747732 -81.0862247044216 563.7234817589351 42.73710219232839 1.0 555.5512209369604 43.295790533010994 1.0 571.8957425809098 42.17841385164579 1.0
-0.32395611704340727 0.946072108367094 75.81690810787896 429.9301388718677 67.07902042532231 1.0 418.15206929037333 63.045947624483034 1.0 441.70820845336215 71.11209322616159 1.0
-0.011762071340654037 0.99993082444626 -99.39576137134618 243.7453561752095 102.26978620872396 1.0 234.37165317198037 102.15952441785343 1.0 253.11905917843868 102.38004799959448 1.0
-0.9861240567491905 -0.16601007409346977 548.0650815047852 508.95010012859063 278.158686063073 1.0 510.2295728578512 270.5584314088401 1.0 507.67062739933 285.75894071730585 1.0
-0.9999937192881256 -0.003544204325590034 625.0418886906763 624.3369695838944 199.99986521158814 1.0 624.4455101596492 169.3752499039824 1.0 624.2284290081395 230.62448051919392 1.0
-0.999962906592439 -0.008613096957605768 625.323658453553 623.1934955029118 250.00058998029212 1.0 623.3388361226926 233.12684185957863 1.0 623.048154883131 266.8743381010056 1.0
-1.0 0.0 625.625 625.6249999999998 65.0 1.0 625.6249999999998 55.625 1.0 625.6249999999998 74.375 1.0
-0.9994018706560719 -0.03458180054803322 633.3349062017862 617.9915991172272 454.3703839963117 1.0 618.2508074884149 446.8793532532803 1.0 617.7323907460395 461.86141473934316 1.0
