-0.05151236817657501 0.9986723566439801 -301.8793379911525 38.131575632386415 304.2475179500726 1.0 34.32722137501424 304.0512861270166 1.0 41.93592988975858 304.4437497731286 1.0
0.017216228890164036 -0.9998517897482614 272.71188598453466 20.625302133963906 273.10745323139685 1.0 26.873449643106415 273.21503871432526 1.0 14.377154624821396 272.99986774846843 1.0
-0.15876509452738288 0.9873163853394267 -142.19981145795913 43.26822514547868 150.9843222767594 1.0 36.97982564167193 149.97311821241624 1.0 49.55662464928544 151.99552634110256 1.0
-0.16413252661023764 0.9864382969595916 -142.03407087739464 26.41522743950079 148.38198126448026 1.0 20.73937878735891 147.43758222522487 1.0 32.09107609164267 149.32638030373565 1.0
0.9978195957169702 0.06600041214433397 -42.304886377864705 34.668127555723956 116.85304841857626 1.0 34.17148123749935 124.361538325904 1.0 35.16477387394857 109.34455851124855 1.0
0.43020947214963856 0.9027290900778203 -231.9626951102944 396.975500759583 67.77235290700742 1.0 355.3262082343927 87.62096568531433 1.0 438.62479328477326 47.92374012870051 1.0
0.999109384182509 0.04219524189345701 -39.23845244213477 33.572311463647026 134.99249570578377 1.0 33.334061840065225 140.63382927840723 1.0 33.81056108722883 129.35116213316027 1.0
0.004749732979193558 -0.9999887199546935 351.96894403703016 169.99866829428345 352.78037169682233 1.0 179.37642534425308 352.8249140411931 1.0 160.62091124431382 352.73582935245156 1.0
-0.22542018519504906 0.9742616384250331 -44.84815003817079 108.30609078717785 71.09232915414415 1.0 27.066907422972903 52.295579865464475 1.0 189.5452741513828 89.88907844282382 1.0
0.9972203748363643 0.07450854992026734 -60.90680936790346 50.709231804915305 138.75629348316556 1.0 50.191469971851255 145.68600356068842 1.0 51.22699363797935 131.8265834056427 1.0
0.9996960313878496 0.024654509270795405 -192.69875821545156 191.23102020388055 61.889945673750574 1.0 190.55322728935025 89.37322994099752 1.0 191.90881311841085 34.40666140650362 1.0
-0.038480627031818995 0.9992593463877324 -302.84988433035244 25.01299350515357 304.0375865411104 1.0 14.355661408111162 303.6271817517401 1.0 35.67032560219598 304.44799133048065 1.0
0.18782850824331035 -0.9822018384685974 99.75118654990197 45.572659706586144 110.27370037114112 1.0 50.74217228800422 111.26227705516229 1.0 40.40314712516807 109.28512368711995 1.0
0.013768209718146402 -0.9999052137083582 349.9523398964076 184.3746659043267 352.52426343093566 1.0 189.38232240175785 352.59321643158796 1.0 179.36700940689553 352.45531043028336 1.0
0.17507071833207452 -0.9845558610778219 100.60277212269888 68.74469406219211 114.4048393255996 1.0 81.8983332638073 116.74377930325281 1.0 55.591054860576925 112.06589934794637 1.0
0.9983600713419656 0.05724655404533474 -65.81113977998811 48.93354476582281 296.2246866970671 1.0 48.53652367364235 303.14859700963643 1.0 49.33056585800327 289.30077638449785 1.0
0.0363387762440982 -0.9993395285592787 347.21365989013975 144.99216540968445 352.7154562316516 1.0 159.37087986116262 353.2383064464163 1.0 130.61345095820627 352.19260601688694 1.0
-0.015398891164571335 -0.9998814300460338 355.49675958542025 210.62184575338625 352.2951883300452 1.0 230.62672640222848 351.9870988200144 1.0 190.616965104544 352.603277840076 1.0
0.22215539265373768 -0.9750112725065613 97.96960080613236 29.310333738422315 107.15881185455791 1.0 34.334323661103525 108.30352318809192 1.0 24.286343815741102 106.01410052102392 1.0
-0.9972323025712589 -0.074348737100404 63.05977750552935 54.2388680355876 120.66144759697511 1.0 54.79839508696962 113.15656625585586 1.0 53.679340984205574 128.16632893809435 1.0
-0.015864782521502478 -0.9998741464182107 355.32323150703854 326.86796489121014 350.1816139411844 1.0 343.1138749071878 349.9238436706052 1.0 310.62205487523255 350.43938421176364 1.0
0.03859337818537248 -0.9992549980661798 286.48468241707116 30.61030392409163 287.8805089886886 1.0 48.10834146067334 288.55632084998325 1.0 13.11226638750993 287.20469712739384 1.0
0.9989084483422653 -0.046710939087623145 -442.44271727548823 457.30592799944645 307.50907519143675 1.0 458.1557307084124 325.68201544891855 1.0 456.4561252904805 289.3361349339549 1.0
-0.9992768520091806 0.038023322298585176 403.3648635023731 415.33494308436923 306.9098186830853 1.0 414.5741229600309 286.9149867527268 1.0 416.0957632087076 326.9046506134437 1.0
-0.9979520789744606 -0.06396599151543121 45.47256316024486 37.2742233679515 129.36052833704716 1.0 38.47880134964292 110.5675561242141 1.0 36.06964538626008 148.15350054988022 1.0
-0.9978373728741229 -0.06573109839085904 31.171110448189168 29.552599523114594 25.595528138586786 1.0 31.20582499052519 0.49857711305830055 1.0 27.899374055703998 50.69247916411527 1.0
0.9983210429574173 0.05792318351415551 -58.52196659537008 51.658644333036136 119.98744691490751 1.0 51.25689717483191 126.91166305170874 1.0 52.06039149124035 113.06323077810626 1.0
-0.9977488706753495 -0.06706109949937306 31.404162711539147 23.659162079430313 116.28590231711635 1.0 24.208428425633336 108.11380432416344 1.0 23.10989573322729 124.45800031006925 1.0
0.6347412753499425 0.772724733244076 -148.42720618775 212.82051597263592 17.265191451342144 1.0 191.7885720242809 34.54151554261544 1.0 233.85245992099092 -0.011132639931155097 1.0
-0.9996483196143413 0.026518617841502008 349.3867090259688 350.93572303433984 53.758337122751264 1.0 350.09029983618757 21.889184497713547 1.0 351.78114623249206 85.62748974778899 1.0
-0.056395596459594896 -0.9984085019169089 370.83193291348005 484.3574264571289 344.06388396057946 1.0 490.6579308652236 343.7079968628548 1.0 478.0569220490342 344.4197710583041 1.0
0.999755163150623 -0.022127217485967604 -437.58283658226014 445.7403830233138 363.73361337176976 1.0 446.03103765596165 376.86601331620767 1.0 445.44972839066605 350.60121342733186 1.0
-0.058502616945606184 -0.9982872551578106 364.9890899319727 265.66435602877783 350.0465703329837 1.0 291.9705199710293 348.50495049914286 1.0 239.35819208652637 351.58819016682463 1.0
0.04078680064852973 0.9991678722281142 -365.6317592731328 493.1323975984734 345.80622143950285 1.0 485.59393324575325 346.11394734952916 1.0 500.67086195119356 345.49849552947654 1.0
-0.9788680378419026 -0.20449294484539934 604.2712210036331 603.3364061239652 66.91916434000981 1.0 604.6920220831523 60.43009384889864 1.0 601.980790164778 73.40823483112099 1.0
-0.04421465813721086 0.9990220538135329 -283.68148953878864 19.383097330856657 284.81704230127207 1.0 14.36526487421455 284.5949633733712 1.0 24.400929787498765 285.0391212291729 1.0
-0.32426109621734506 0.9459676217925883 93.8237226012267 319.2850211823029 10.262495406268394 1.0 288.4451183420373 -0.3088819557504163 1.0 350.1249240225685 20.833872768287204 1.0
-0.035885701934948694 0.9993559007664068 -271.7854901384029 473.71960759082197 288.9713770196164 1.0 456.8215107041514 288.3645861179187 1.0 490.6177044774925 289.57816792131405 1.0
0.06156318444212445 -0.9981031882131952 349.8999122600296 460.065271407003 378.94177664753244 1.0 473.1789313266384 379.75062955360227 1.0 446.9516114873677 378.1329237414626 1.0
-0.9988593909455706 -0.04774847767042991 40.02549372274215 29.58393823578513 219.3849878749465 1.0 30.65990347698537 196.87666849098738 1.0 28.50797299458489 241.8933072589056 1.0
0.07210824987566115 -0.9973968118556774 336.9891431315689 529.3828671940241 376.14118146326655 1.0 548.1702257093988 377.49944081022574 1.0 510.5955086786494 374.78292211630736 1.0
0.9971558649186123 -0.07536697591395261 -521.851500886048 534.155300396478 143.09436660927952 1.0 534.4406728423411 146.87003631909405 1.0 533.8699279506147 139.31869689946495 1.0
0.06545466458522513 0.9978555440964566 -378.00191742994383 465.6345647555525 348.27081457893803 1.0 446.8832527515477 349.50081309427065 1.0 484.38587675955733 347.04081606360546 1.0
-0.15247876250817324 0.9883067474139676 -165.5612524598627 462.575209774864 238.88752012577416 1.0 454.26237470605884 237.6049924009128 1.0 470.8880448436692 240.1700478506355 1.0
0.2537291284724143 -0.9672753120826713 50.73481016527717 484.3420538653096 179.50059843998375 1.0 489.63372631695177 180.88867422621027 1.0 479.05038141366737 178.11252265375722 1.0
0.4405211668753894 0.8977422244356925 -244.52607722605615 22.27834534644587 261.4469812707355 1.0 16.25252733119941 264.40384384353433 1.0 28.304163361692332 258.49011869793657 1.0
-0.9973977396780435 -0.07209541514638552 32.102541413938845 22.335264691309472 136.28326955002714 1.0 23.01589754092984 126.86711369069003 1.0 21.654631841689106 145.69942540936424 1.0
0.9978686458760089 -0.06525462112050251 -439.01498808291825 449.8795661809909 151.80113315041442 1.0 450.6201000711138 163.12532042594412 1.0 449.1390322908679 140.4769458748847 1.0
-0.03591883264242548 -0.9993547105315538 361.5008064148856 350.03695532035044 349.15319247604873 1.0 358.15147274972594 348.86154028244 1.0 341.9224378909749 349.4448446696575 1.0
-0.999791773819308 0.020406102107995344 363.2777062885516 370.7523259226376 362.5101577031389 1.0 370.5607982949172 353.1263103794047 1.0 370.94385355035797 371.89400502687306 1.0
0.9719580976496509 0.23515411204840064 -91.6367486342593 27.30522559955144 276.8278765681381 1.0 25.77304322251996 283.1608173594321 1.0 28.837407976582927 270.49493577684404 1.0
0.9982989546190756 0.058302634644249625 -30.648579273295685 17.560152276403244 225.00351301198697 1.0 16.207823787250494 248.15903806261923 1.0 18.91248076555599 201.8479879613547 1.0
-0.9898332307795213 -0.1422328205604276 287.119913161149 230.07529413718453 417.5108192947765 1.0 233.77146219402124 391.78827540661405 1.0 226.37912608034785 443.23336318293894 1.0
0.4326558193941052 0.9015591727359971 -298.316540283204 516.2772896346456 83.1295036068641 1.0 509.73449066269666 86.26937521589983 1.0 522.8200886065946 79.98963199782838 1.0
-0.9981951092505621 -0.06005434096098612 315.053409287047 292.00413314842353 392.58297268896473 1.0 292.8703643264089 378.1848840327753 1.0 291.13790197043824 406.98106134515416 1.0
-0.08371166725884754 -0.9964900183969451 468.0940230067369 220.05308505644612 451.2569158440726 1.0 234.43162248599782 450.04902482785565 1.0 205.67454762689442 452.4648068602895 1.0
0.06489864209138924 -0.9978918610023302 341.4930421430433 588.717342322288 380.502149655798 1.0 619.3347833389627 382.49337778777164 1.0 558.0999013056135 378.5109215238243 1.0
0.9922502981665072 -0.12425516403142976 -585.7544587064252 595.3427855814299 40.0353404770311 1.0 598.0784013362523 61.88083534680544 1.0 592.6071698266074 18.189845607256753 1.0
0.9981547385276484 -0.06072164321559488 -438.7329682317426 454.2207904220503 241.25938116968368 1.0 455.02090026577093 254.41174974141043 1.0 453.4206805783296 228.10701259795692 1.0
-0.15245531418270838 0.9883103648032089 -142.67673258625572 68.84875522973053 154.98480705136828 1.0 53.21023829339259 152.57243225718534 1.0 84.48727216606845 157.39718184555122 1.0
-0.17498455207178348 0.9845711790095408 -117.44833970049386 44.323237668842296 127.16624684900933 1.0 39.2609797027339 126.26654862347077 1.0 49.3854956349507 128.0659450745479 1.0
-0.9984775854654987 0.055158964121777905 531.6796595872872 540.9159178696466 152.51845572150054 1.0 540.3976882752595 143.13755739683288 1.0 541.4341474640337 161.8993540461682 1.0
-0.999528987046062 0.030688826218564825 380.3957040525959 390.5158413202852 323.7725410852818 1.0 389.9592797114183 305.6454398016578 1.0 391.0724029291521 341.89964236890575 1.0
0.4225734016867964 -0.906328704271717 122.23511760092431 407.038602874224 324.6491071600374 1.0 414.8749237914212 328.3027714112985 1.0 399.20228195702674 320.99544290877617 1.0
0.20587507976565284 -0.9785782807376658 74.90288906789371 465.59949508748076 174.4962315423111 1.0 479.96372686045305 177.51820476636814 1.0 451.2352633145085 171.47425831825407 1.0
-0.5412687620557824 -0.8408496460263278 219.2726041507659 22.234399765824456 246.46239561831945 1.0 27.918154157625516 242.8036693311433 1.0 16.5506453740234 250.12112190549558 1.0
0.03691511140269186 0.999318404989184 -79.49252023709413 586.9346660404485 57.86520228728824 1.0 581.9184234487935 58.05050374192909 1.0 591.9509086321036 57.679900832647384 1.0
-0.34952715197477313 0.9369262351073343 108.71593010533553 529.4479702265817 81.47974534840537 1.0 522.7988565102947 78.99924507706447 1.0 536.0970839428685 83.96024561974627 1.0
0.9832009336241904 0.1825265025154441 -354.0645397775921 285.60320808855386 401.3619826669477 1.0 283.5923309065311 412.1938141846808 1.0 287.61408527057665 390.5301511492147 1.0
-0.34965610487553667 0.9368781181793434 108.53262988470127 562.7331441033673 94.17494939289071 1.0 546.8319334503857 88.24039368938924 1.0 578.634354756349 100.1095050963922 1.0
0.4948224843352412 -0.8689940788039353 143.54200922852476 357.76900553281445 368.90257964202993 1.0 366.99853247438665 374.1580555559207 1.0 348.53947859124224 363.64710372813914 1.0
0.40532582052943256 0.9141722918641444 -248.2560120320042 64.5680897460302 242.9354948210142 1.0 52.037428312912205 248.49134099175973 1.0 77.0987511791482 237.37964865026868 1.0
0.20519507471122067 -0.9787210947528702 78.08491722126513 63.02113947715728 92.99538462246858 1.0 86.90080699176671 98.00190812135838 1.0 39.14147196254783 87.98886112357879 1.0
0.9982045036402452 0.05989798754826135 -74.71802671098536 67.57645420487862 121.25458769019286 1.0 67.23789061907907 126.89677551564205 1.0 67.91501779067818 115.6123998647437 1.0
-0.23763127245140453 0.9713554335839822 -84.38519756615464 459.7039619038494 199.33510256889684 1.0 451.74923892012384 197.3890683168964 1.0 467.658684887575 201.28113682089725 1.0
0.19688128625824294 -0.9804273349521114 79.08331904107918 118.60359203054239 104.47908084886635 1.0 133.02459667662393 107.37498740169141 1.0 104.18258738446086 101.58317429604129 1.0
0.08650732010049644 -0.9962512150903657 382.7750246237508 440.11446708515626 422.43175349158525 1.0 479.5718543502808 425.85795039731624 1.0 400.65707982003175 419.0055565858542 1.0
0.3650371890586592 -0.9309929379990767 134.50182063201302 474.9689918032041 330.7040834827309 1.0 488.46910137438766 335.9974018836634 1.0 461.4688822320206 325.41076508179833 1.0
-0.9985254101978677 0.054286325987121326 537.6675747913948 559.3907910490291 384.9651624371078 1.0 559.1517967136165 380.5691766623577 1.0 559.6297853844417 389.3611482118579 1.0
-0.15424145352419363 0.9880331846728347 -126.54453434534238 483.0682089226394 203.48878980970045 1.0 470.48460006112 201.52436781306136 1.0 495.65181778415894 205.45321180633954 1.0
-0.34722311492573704 0.9377825486013633 107.48301053766517 474.24378869173006 60.979376393118365 1.0 438.98625295292067 47.924930666768134 1.0 509.50132443053946 74.0338221194686 1.0
0.55583910553799 0.8312898945342276 -178.59879329171648 22.83730870877975 199.57529273117177 1.0 18.513160008121993 202.4666197661691 1.0 27.161457409437507 196.68396569617448 1.0
-0.9958301746748373 0.09122643918888375 593.5782528905145 600.9226891047434 53.040473899421045 1.0 600.2361423836958 45.5461120979289 1.0 601.6092358257911 60.534835700913185 1.0
0.9986402465064459 0.052131162058263424 -29.303823698457535 20.401309991162957 171.3035755820562 1.0 19.259094369529397 193.18420215770806 1.0 21.54352561279652 149.42294900640434 1.0
-0.003892281166782595 -0.9999924250449693 351.8113603563922 303.12746834405664 350.63415905820995 1.0 310.62978737746334 350.60495770193006 1.0 295.6251493106499 350.66336041448983 1.0
-0.05207815102119328 0.9986430123854138 -408.4730763385069 461.8105417597027 433.11104179490394 1.0 418.0491789100177 430.8289341397015 1.0 505.57190460938773 435.3931494501063 1.0
0.18141224687085852 -0.9834071367878445 119.43556981361618 44.32829724085603 129.62816828076416 1.0 49.38674784712426 130.5613167762752 1.0 39.26984663458779 128.69501978525315 1.0
-0.9994193718711091 0.034072263334827574 427.67050229995345 440.32030437492153 363.76038770096596 1.0 439.8719144257439 350.6080591645055 1.0 440.7686943240992 376.9127162374264 1.0
-0.48858120890974954 -0.8725184251924355 227.33907929528561 64.64072427431478 224.3583979803803 1.0 77.56342028996984 217.12211934212752 1.0 51.71802825865971 231.59467661863303 1.0
0.03524952582408737 -0.9993785423597892 347.06277810775964 120.65905752861792 351.534416420907 1.0 126.92330898426087 351.7553656249322 1.0 114.39480607297497 351.3134672168818 1.0
0.9974207709824675 0.07177607966962296 -314.4488451492468 288.14133324830937 376.87617536807534 1.0 287.23356682525036 389.49075517972153 1.0 289.0490996713684 364.26159555642914 1.0
0.9950678618728285 -0.0991965234664893 -433.8880125009119 448.11965142835186 121.18822806482981 1.0 448.55764571450493 125.5818703277274 1.0 447.68165714219873 116.79458580193221 1.0
0.9950425883654638 -0.09944972266908576 -525.9226420464719 543.2770008481982 147.42234250094367 1.0 543.9635096303011 154.2911949938989 1.0 542.5904920660954 140.55349000798847 1.0
-0.5256725917108607 0.8506869731716755 -123.28147726909567 359.0433211005612 366.78675029567404 1.0 351.10040525732103 361.8785134368328 1.0 366.9862369438013 371.6949871545153 1.0
-0.09147426866560984 -0.995807440307659 384.5447609604087 419.444706473764 347.63383881034946 1.0 425.7562727840069 347.0540621497276 1.0 413.133140163521 348.2136154709713 1.0
0.19448300918012512 -0.9809058869943862 79.21575593369391 95.55971766144869 99.70426182329086 1.0 101.81178181685667 100.94385092827285 1.0 89.30765350604071 98.46467271830886 1.0
0.9996836967082953 -0.02514968261503866 -541.8133014341706 551.6552355443139 384.3962522801111 1.0 551.7813394993369 389.4088033272377 1.0 551.529131589291 379.38370123298455 1.0
0.9874326920688551 0.15804011716540164 -283.797378005291 219.9216269981871 421.6623918632307 1.0 216.88634193514903 440.62681529412004 1.0 222.95691206122513 402.6979684323413 1.0
0.9993557381194483 0.03589023109054427 -171.53074829650427 160.32739075556958 315.034203560356 1.0 159.58602150931532 335.67747020415 1.0 161.06876000182385 294.390936916562 1.0
0.04869367943709991 0.99881375920783 -241.12797391008635 438.066884647822 220.05792714685828 1.0 421.8250171589702 220.84974271975273 1.0 454.3087521366739 219.26611157396383 1.0
-0.157685849460864 0.9874893279827411 -126.96701817433227 580.5211588960815 221.27529285935276 1.0 573.0130037325873 220.0763636240788 1.0 588.0293140595757 222.47422209462673 1.0
0.9995298699131632 -0.030660057915393793 -349.1179567499251 354.0927250508527 156.82614398901688 1.0 354.9372428260034 184.357753494291 1.0 353.24820727570204 129.29453448374275 1.0
0.008608498484859825 0.9999629461904256 -373.6396782621387 573.738931727804 368.71430980747743 1.0 560.6095242600929 368.82733847991324 1.0 586.8683391955151 368.60128113504163 1.0
-0.9985228493590473 -0.054333408763755454 41.75412193097933 27.32872686074945 266.24068038003225 1.0 27.635745904821615 260.59837783230523 1.0 27.021707816677285 271.8829829277592 1.0
0.9990846813419221 -0.042776155833713685 -460.4832027692794 470.7268067585296 229.39740069940638 1.0 471.1018991508985 238.15810057997476 1.0 470.3517143661608 220.63670081883802 1.0
-0.993385754874139 0.11482483186635557 590.1637289259713 597.0445684360183 25.533156336423737 1.0 596.4660012108508 20.527789201313258 1.0 597.6231356611858 30.538523471534216 1.0
0.14794697351809546 -0.9889952947445382 337.26701669276184 588.1799658791804 429.00756432633796 1.0 613.3643525082567 432.7749773782311 1.0 562.995579250104 425.2401512744449 1.0
0.9995124223537029 -0.031223669877725138 -383.92967776099243 394.0350375996421 317.4910957385672 1.0 394.87437390706316 344.3594001078216 1.0 393.19570129222103 290.6227913693128 1.0
-0.9994865245556493 0.03204196048417286 428.5968377885591 438.13463604209085 290.6447275972595 1.0 436.29124430938566 233.14371428609746 1.0 439.9780277747961 348.1457409084215 1.0
0.13637859583306627 -0.9906567915270157 189.5889938903953 40.52776492390274 196.95631749741946 1.0 49.36834332822977 198.17335419413035 1.0 31.68718651957571 195.73928080070857 1.0
-0.20390164617405335 0.9789913782498347 -75.03544341391867 108.16679154011416 99.17434660546769 1.0 26.80151770848532 82.22780995125221 1.0 189.53206537174302 116.12088325968315 1.0
0.04358972242520516 0.9990495163398526 -368.27402455667533 418.1415964009871 350.38037926044717 1.0 398.15237999706784 351.2525326225112 1.0 438.1308128049064 349.5082258983832 1.0
0.9366303427160766 -0.3503192845156612 -370.0460719684876 475.2307443140074 214.28869681367064 1.0 477.10144942365633 219.29030319224523 1.0 473.36003920435843 209.28709043509608 1.0
-0.042487664575852055 -0.9990969914672397 364.71685948534036 470.6529176207715 345.03148256264933 1.0 476.9446967328298 344.7639179490217 1.0 464.3611385087132 345.299047176277 1.0
0.20747176936836897 0.9782410055375712 -316.05096520992987 67.03180318027793 308.864335771867 1.0 60.79713478419873 310.18662514252037 1.0 73.26647157635715 307.5420464012136 1.0
-0.997401452777078 0.07204402819230847 600.6875883668604 634.7548647796715 449.97256171141544 1.0 634.0747191798339 440.55640014466974 1.0 635.4350103795091 459.3887232781612 1.0
0.058301710476148405 -0.9982990085918926 374.90994759883233 595.6783206095226 410.3369922822269 1.0 608.1722085788218 411.0666484602241 1.0 583.1844326402236 409.6073361042298 1.0
0.9999372728858783 -0.011200459524170328 -615.7122470073099 620.7633739792313 447.4984500506225 1.0 620.8823713968428 458.1221171412535 1.0 620.6443765616199 436.87478295999153 1.0
0.08397467050507657 -0.9964678894543285 372.27320791994015 436.27246063621067 410.3584755513049 1.0 453.13306001285935 411.77935754073604 1.0 419.41186125956204 408.93759356187365 1.0
0.10420089660739892 0.9945562694720769 -447.183653607715 590.4566792508124 387.7684451445516 1.0 560.3937878501554 390.91817164541834 1.0 620.5195706514695 384.61871864368493 1.0
0.09061401140852887 -0.9958860883336281 372.2581795962226 158.17612412525915 388.1881243658413 1.0 183.25285550295135 390.46981425966135 1.0 133.09939274756695 385.90643447202126 1.0
0.9783725039174122 0.20685077611257188 -302.0617056512014 224.61135150744843 397.91069105678037 1.0 223.54598189416288 402.94972622859166 1.0 225.676721120734 392.8716558849691 1.0
-0.39936577052719535 -0.9167916782624173 373.6404498719795 135.5233092742837 348.5165568309219 1.0 142.9712841811497 345.2721270350655 1.0 128.0753343674177 351.7609866267783 1.0
-0.3246711024099932 0.9458269795580372 51.2534156901098 498.51496725678385 116.93469385776318 1.0 489.16856502577804 113.72638326661696 1.0 507.8613694877897 120.1430044489094 1.0
-0.3707708452311929 0.9287243834026039 72.43231790559072 457.94277797632645 104.83143836012249 1.0 452.7692732631412 102.76604118783385 1.0 463.1162826895117 106.89683553241115 1.0
0.9887398010349775 -0.1496449325881539 -524.0379717662194 584.0266529811865 356.9277220266576 1.0 585.5342439972293 366.88873584425585 1.0 582.5190619651439 346.96670820905933 1.0
0.09195120790502614 -0.9957635137746345 353.4275168886593 615.5765201770475 411.7750005948809 1.0 621.8309023092522 412.35254534702375 1.0 609.322138044843 411.1974558427381 1.0
0.06347089420391426 0.9979836900415535 -313.2559805129553 397.4118408292118 288.6138305489829 1.0 384.3793049291117 289.44268849082914 1.0 410.44437672931195 287.78497260713664 1.0
0.04060499774776442 -0.9991752769949344 246.14173383771364 478.7428761147357 265.80029886533816 1.0 486.9051942796086 266.13200334035076 1.0 470.58055794986274 265.4685943903255 1.0
0.9997900386399091 -0.02049094034955792 -351.0326766673689 357.6645417315408 319.9838181499123 1.0 358.21564497726484 346.8731422091136 1.0 357.11343848581674 293.0944940907109 1.0
-0.156868823830591 0.9876194470088199 -142.24979677070593 92.60066058958036 158.7412580403847 1.0 86.92042124515595 157.83903556214696 1.0 98.28089993400476 159.64348051862248 1.0
-0.03473233197527205 -0.9993966505424957 427.71882869945995 524.3664362363727 409.7535841621226 1.0 550.6498537761092 408.84014865787185 1.0 498.08301869663626 410.6670196663734 1.0
0.9995870365291011 0.028735977501547653 -144.1422310527259 140.24926236438074 137.48919835106992 1.0 139.47626969670253 164.3779112859808 1.0 141.02225503205892 110.60048541615906 1.0
-0.024092506049007808 -0.9997097334488039 423.34658084326287 475.65829038294476 412.00637227370214 1.0 496.9260627359311 411.4938295656347 1.0 454.39051802995834 412.5189149817696 1.0
-0.051987950561664754 0.9986477121569938 -382.151893180311 591.9213932311852 413.48382245439035 1.0 563.1193030878185 411.9844332100974 1.0 620.7234833745521 414.9832116986833 1.0
0.06371842767984848 -0.9979679163049321 374.796180824059 88.12907166028185 381.18622902392065 1.0 104.35283913392315 382.22208692834255 1.0 71.90530418664055 380.1503711194988 1.0
-0.9999420992282673 -0.01076095678673511 296.7566076893865 292.8189459557673 367.49670637495217 1.0 292.933274501532 356.87293673073117 1.0 292.7046174100026 378.1204760191731 1.0
0.9964152997455755 -0.08459639728105842 -445.305646026875 458.79346651296277 139.99630966084123 1.0 459.48282115648624 148.11584590392002 1.0 458.1041118694393 131.87677341776245 1.0
0.0017609811986610204 -0.9999984494714069 408.6019622970133 573.1245828950601 409.61185902688123 1.0 584.3767492312791 409.6316739109671 1.0 561.8724165588412 409.59204414279543 1.0
0.13158049414021525 -0.991305489524706 200.96780108818555 462.69628402145725 264.1462289310206 1.0 469.45225421469473 265.0429796358401 1.0 455.9403138282197 263.249478226201 1.0
-0.41711002229788835 0.9088560003095404 98.18257047223838 474.2590970869074 109.62754501782824 1.0 469.1812685740274 107.29712835830146 1.0 479.3369255997874 111.95796167735502 1.0
0.15559882291212518 -0.9878203309855296 346.13814739586104 487.8684495237138 427.25371268340234 1.0 495.57112627290155 428.46701777325654 1.0 480.1657727745261 426.04040759354814 1.0
-0.9991588801788481 -0.041006489239512334 86.00633062593987 72.66422923238338 326.8560895024815 1.0 73.38334111028387 309.33430131794137 1.0 71.94511735448289 344.3778776870217 1.0
0.9995877837976751 -0.028709971829527527 -434.8318298094002 443.2864871523657 288.1203617964621 1.0 444.86694534984025 343.14677270271216 1.0 441.70602895489117 233.09395089021203 1.0
0.9956032039096586 -0.09367102201226726 -375.73219980074475 420.1454903997327 454.4201145136389 1.0 422.3932991547873 478.3114477160828 1.0 417.89768164467813 430.528781311195 1.0
0.06486406531100034 -0.9978941091274817 394.69795675963707 558.1696906266056 431.8124619493205 1.0 569.4937219769605 432.5485347474007 1.0 546.8456592762509 431.0763891512403 1.0
0.07316366079355556 -0.9973199480303628 367.90490347649546 108.12860192853574 376.8259008278001 1.0 124.38282643102455 378.01831512805654 1.0 91.87437742604693 375.6334865275437 1.0
0.9987526411825999 0.0499315704818174 -473.93652739808385 457.74860023310936 335.63742850286394 1.0 457.3730223477993 343.14989809481875 1.0 458.1241781184194 328.1249589109091 1.0
0.9975310405915689 -0.07022693967632028 -458.65787094423814 469.7822678351839 141.8903285090708 1.0 470.3983188064568 150.6409585274612 1.0 469.166216863911 133.1396984906804 1.0
-0.2040645422106403 0.9789574365682923 -18.559661119679205 554.9452950901748 134.63743549080104 1.0 549.0551069851377 133.40962057843626 1.0 560.8354831952119 135.86525040316582 1.0
-0.47112611590483994 0.8820658608700483 128.05769583933338 484.431793152978 113.56382525771913 1.0 479.7292290308488 111.0521071786781 1.0 489.1343572751072 116.07554333676016 1.0
-0.08613128693617707 -0.996283795617854 399.4048308793487 13.72476417347184 399.7080962570818 1.0 26.913291077244185 398.5679143129302 1.0 0.5362372696994955 400.8482782012334 1.0
0.9942387265119852 0.10718840750671643 -379.7606249670006 356.28861534683597 238.1291631023036 1.0 355.6010048956643 244.5071750087353 1.0 356.9762257980077 231.7511511958719 1.0
-0.06438327140963973 -0.9979252448768858 405.2424619733053 259.99585817154014 389.31080265355376 1.0 284.35013089898763 387.7395349067507 1.0 235.64158544409267 390.8820704003569 1.0
0.9986731607570422 0.05149677643832752 -48.87689831089823 35.27798225127603 264.98210596206206 1.0 34.535383406688695 279.3832702016668 1.0 36.02058109586336 250.58094172245737 1.0
0.9954821417799101 0.09494896206532666 -191.52974176875327 159.55092818555937 344.3917800083154 1.0 158.9489090780842 350.7035843447281 1.0 160.15294729303454 338.0799756719027 1.0
0.6684826017805306 0.7437277802507666 -140.82586859908463 75.10193946988088 121.84771244250074 1.0 70.81760724040083 125.69858588263139 1.0 79.38627169936093 117.99683900237008 1.0
-0.7407229426713925 -0.6718106297166135 506.8496125699955 490.78330371802247 213.32672227357915 1.0 494.3129502106535 209.43501526424782 1.0 487.2536572253914 217.21842928291048 1.0
-0.9986522935438764 -0.05189987090114257 28.911410261633286 14.461891496183483 278.7869969377594 1.0 14.690330916414704 274.3913877196887 1.0 14.233452075952261 283.1826061558301 1.0
0.9981297524588079 -0.06113098442295156 -341.547826752459 355.6998167845154 220.62041780647502 1.0 356.31932582115314 230.73558946978395 1.0 355.08030774787767 210.5052461431661 1.0
0.999949282104347 -0.010071406009146515 -237.40160343158203 239.2643070974529 183.7448199416865 1.0 239.38396237381724 195.62490973171626 1.0 239.1446518210886 171.86473015165674 1.0
-0.32740429441539065 0.9448843463611619 55.50920665646447 573.3452286935046 139.91816449230325 1.0 566.6271360146574 137.59033209481908 1.0 580.0633213723518 142.24599688978742 1.0
0.11644379516759353 0.9931972828028517 -434.5220705297728 600.1044836902557 367.1411846020642 1.0 590.639753926891 368.2508423437484 1.0 609.5692134536205 366.03152686038004 1.0
-0.9988543700224934 -0.047853395772583636 109.36963574837374 102.78725794414504 140.01376203428902 1.0 103.65503830579188 121.9003932240604 1.0 101.9194775824982 158.12713084451764 1.0
-0.11464566133805312 -0.9934064487088659 395.91360866393256 455.0462857690479 346.0260669127733 1.0 463.20685596839303 345.0842832464648 1.0 446.8857155697029 346.96785057908176 1.0
0.07284645825170784 -0.9973431673803066 374.4244400678579 120.5899533057935 384.22982540050674 1.0 136.7991290238747 385.41375193739105 1.0 104.38077758771229 383.0458988636224 1.0
-0.06331122212727451 0.9979938322217984 -372.2780311468986 177.4265978488059 384.282060181468 1.0 130.58152689678707 381.3102795984072 1.0 224.2716688008247 387.25384076452883 1.0
0.07917592876679705 0.996860658419177 -433.73982361282634 518.0917360827985 393.9561922775077 1.0 501.74628611165633 395.25443408457096 1.0 534.4371860539408 392.6579504704444 1.0
-0.13050666215669868 0.9914474323597381 -174.75008144906542 104.90891633717715 190.066954434688 1.0 21.74405734188266 179.11975965465223 1.0 188.07377533247163 201.01414921472374 1.0
-0.9988966791912881 0.04696194523885134 473.4388619846451 489.41749216840253 328.7480022809894 1.0 489.15086590032234 323.07677012874603 1.0 489.6841184364827 334.41923443323276 1.0
0.9622832000772246 0.27204970657792693 -322.5718166328064 229.25715648473744 374.78998868488577 1.0 227.22607354803097 381.9742529597538 1.0 231.28823942144388 367.60572441001773 1.0
0.11759856716413533 -0.9930612151327542 190.7909152432364 96.8199971376235 203.58947172499253 1.0 119.30079156015942 206.25165324262264 1.0 74.33920271508758 200.92729020736243 1.0
-0.47603884700671495 -0.879424252645171 479.27172134356044 177.56340486380049 448.86713282500455 1.0 192.08229409229938 441.0079507892989 1.0 163.0445156353016 456.72631486071026 1.0
-0.9997306849683409 0.023206842368836772 389.1233755592964 396.3806647460293 308.12196686696734 1.0 396.0613200018328 294.3648716627816 1.0 396.70000949022585 321.87906207115316 1.0
-0.9993411033025554 -0.03629544392938511 85.00701361819462 75.66536994704782 258.7514662112312 1.0 76.36977752012203 239.35665063547404 1.0 74.9609623739736 278.1462817869884 1.0
-0.014905598142827119 -0.9998889054009973 353.89006268721613 432.49973165248343 347.48199886364654 1.0 438.13279687155057 347.39802532817254 1.0 426.8666664334163 347.56597239912054 1.0
0.1006125543525408 -0.994925682604815 370.640854731297 53.70328213553344 377.9619781645873 1.0 71.83249610193751 379.7953075855228 1.0 35.574068169129376 376.1286487436519 1.0
-0.9995318879705737 -0.03059419765217772 138.19406426408568 134.04983165031214 137.5091774048256 1.0 134.91047566983724 109.39139012089367 1.0 133.18918763078705 165.62696468875757 1.0
-0.9999897170661876 -0.004534948939753214 497.67644618013367 496.92767112495255 166.23890137438644 1.0 496.96451720619837 158.11406847120176 1.0 496.8908250437068 174.3637342775711 1.0
0.9971767440817021 0.07509021948706515 -48.42586896530582 29.789074406933217 249.31205244668934 1.0 28.752450697623182 263.078120282804 1.0 30.825698116243252 235.54598461057466 1.0
-0.27754069961537836 -0.9607138804331944 298.2037075641034 65.5089145226501 291.4731672974043 1.0 73.91820867628094 289.04380572555124 1.0 57.099620369019256 293.9025288692573 1.0
0.07376130167711585 -0.9972759248948596 409.5391536016835 33.12626277522517 413.1079268830405 1.0 41.92060685394489 413.75838103564746 1.0 24.33191869650545 412.45747273043355 1.0
0.99973623872983 0.022966344296217498 -134.64055114783187 131.5462569875271 136.24244798286094 1.0 130.92853996721718 163.13197304261337 1.0 132.16397400783703 109.35292292310852 1.0
0.12214052409567305 -0.9925128172339308 379.3173256933769 628.1883974709984 459.48483271205805 1.0 634.4209243206266 460.25181937725347 1.0 621.9558706213703 458.7178460468627 1.0
-0.9991094883654745 -0.04219277495116522 92.70303206764524 86.58247853527271 146.88904069541746 1.0 86.95244919488307 138.1282707090543 1.0 86.21250787566235 155.64981068178062 1.0
0.9806084070262299 0.19597742744887747 -365.3593612429987 354.0846083179006 92.56687244049232 1.0 352.97960758754857 98.09594290569133 1.0 355.1896090482525 87.0378019752933 1.0
-0.9995586974251192 -0.029705393479957223 90.94886207134589 87.19906773878735 127.52820487750486 1.0 87.44086905614675 119.39181678426117 1.0 86.95726642142795 135.66459297074857 1.0
0.999656977501412 -0.026190214446267263 -379.3786337026884 387.99046854839264 323.73715011573904 1.0 388.46543205784474 341.8660809519665 1.0 387.51550503894055 305.60821927951156 1.0
-0.06521663856669228 -0.9978711289811232 373.99233629758817 402.5640702574649 348.4803305039285 1.0 411.9398700396935 347.8675678656351 1.0 393.18827047523627 349.0930931422219 1.0
-0.9999961046196848 0.0027911906879167048 235.13511554718406 235.64193177316497 181.24820823903286 1.0 235.59831471933708 165.62158548204613 1.0 235.68554882699289 196.87483099601957 1.0
-0.9999562691836161 0.009351990183021255 235.77469325056137 236.5740846545182 84.37196903094572 1.0 236.46882470354834 73.117108214542 1.0 236.67934460548807 95.62682984734944 1.0
0.24109292570896562 -0.9705020356357277 54.55625167193495 587.4329165969332 202.14503935948005 1.0 595.6705974194094 204.19145090486796 1.0 579.195235774457 200.09862781409214 1.0
0.9989799962432268 0.04515492338475021 -27.23768565029808 12.321271642910595 330.6169212944189 1.0 11.192275658637897 355.5941401575176 1.0 13.450267627183296 305.6397024313202 1.0
-0.3342608273429214 -0.9424806095108936 356.38331059568543 104.69093085627999 341.0035497697419 1.0 126.48458814072885 333.27419614568333 1.0 82.89727357183114 348.7329033938005 1.0
0.08530929371757148 0.9963545174311246 -436.69222015672426 489.4399398729439 396.3834535394616 1.0 480.5411237839607 397.1453828549737 1.0 498.3387559619271 395.62152422394945 1.0
0.06990106260973303 -0.9975539290915706 368.4637538092366 158.18096112231004 380.45138213422524 1.0 178.21398185058192 381.85514527459424 1.0 138.14794039403816 379.04761899385625 1.0
-0.1006098814694845 0.9949259528983532 -205.84543031440074 465.0458040642013 253.92204596053054 1.0 458.1152709806753 253.2212097726488 1.0 471.9763371477274 254.6228821484123 1.0
-0.014178508665080957 -0.9998994798938712 430.12578812306884 522.5125469063639 422.7598353126564 1.0 541.9190946566218 422.4846517457387 1.0 503.1059991561061 423.03501887957407 1.0
-0.9962853272140902 0.08611356906964919 555.8164757074759 588.6817029384098 356.2559032323069 1.0 588.0779672015016 349.27102195639605 1.0 589.285438675318 363.2407845082177 1.0
-0.0429268292002385 0.9990782188271415 -286.5220563921025 171.23308472106532 294.14368588511786 1.0 156.8577691780916 293.5260298263789 1.0 185.6084002640391 294.7613419438569 1.0
0.998871776573652 -0.04748867196075535 -386.47713529275114 401.53369221652133 307.51622656055304 1.0 402.15909679441444 320.6709212699284 1.0 400.90828763862817 294.36153185117763 1.0
-0.1605236955525715 0.9870319869012074 -141.70658179593156 110.67496898186702 161.56774951410836 1.0 103.17017538041345 160.3472245268212 1.0 118.1797625833206 162.78827450139553 1.0
0.42209475686927295 0.9065517173462689 -248.5740802025681 113.74418950512948 221.23752054125816 1.0 108.40389180126742 223.7239883486543 1.0 119.08448720899155 218.751052733862 1.0
0.9989001239153806 0.046888617401636294 -243.69027870753482 239.47110728578025 95.60017364596337 1.0 238.29605887538392 120.63302954566628 1.0 240.64615569617658 70.56731774626044 1.0
-0.3972853668743745 -0.917695122177019 363.48181356401733 126.08612618319731 341.49646553869957 1.0 138.36549545882954 336.18052388251795 1.0 113.80675690756509 346.81240719488113 1.0
0.9987117987814844 0.05074192521625294 -57.62562940279639 52.587241212686266 100.62943249703798 1.0 52.142212103521466 109.38857634563875 1.0 53.03227032185107 91.87028864843721 1.0
-0.05326412248844338 0.9985804590795556 -389.70468793077936 458.7312070118786 414.72732553976175 1.0 420.5813989017939 412.6924208572095 1.0 496.8810151219634 416.76223022231403 1.0
-0.2398891401369825 0.9708002886507292 -48.912462956208074 476.70694606828135 168.1800925015953 1.0 463.02045066689305 164.79809761375793 1.0 490.39344146966965 171.56208738943266 1.0
0.04074135542091319 0.9991697263020265 -417.24491753008846 467.5418970925739 398.5275138391314 1.0 455.5593968788637 399.0161028017341 1.0 479.52439730628413 398.0389248765287 1.0
-0.013052355011509286 -0.9999148143860324 393.9961206572935 203.76788075674736 391.36980901518257 1.0 223.16405103568746 391.11662174692526 1.0 184.37171047780726 391.6229962834399 1.0
-0.9590348294385487 0.28328818528800953 377.9915185740303 483.29325070679147 301.82530061897927 1.0 480.95468069863 293.9083799516839 1.0 485.63182071495294 309.7422212862746 1.0
0.657082475466335 0.753818692017539 -141.38940122217747 58.18210703232347 136.84850136766153 1.0 54.85847055532749 139.74562146693856 1.0 61.505743509319444 133.95138126838452 1.0
0.03861172519586992 -0.9992542892964726 363.77428812379765 175.61701311094137 370.831697139521 1.0 191.891015214473 371.4605333664848 1.0 159.34301100740976 370.20286091255724 1.0
0.5083023825822971 -0.8611786619866751 69.60653612773352 480.1854665516438 364.251887214292 1.0 484.98795790524173 367.0865113232234 1.0 475.38297519804587 361.41726310536063 1.0
0.9998196726696434 -0.018990053785259847 -235.98110451432046 238.86077696889825 149.37289595998652 1.0 239.1220685114314 163.12980404887318 1.0 238.5994854263651 135.61598787109986 1.0
0.9994902322388818 -0.03192609683418922 -21.988388824866618 33.43801129405075 358.0950376867732 1.0 33.638084728458196 364.3586108526161 1.0 33.2379378596433 351.8314645209303 1.0
0.030180719653889177 0.9995444583214763 -385.7190026493407 313.7363125646094 376.4216907234084 1.0 295.5901134753404 376.9696056689993 1.0 331.8825116538784 375.8737757778175 1.0
-0.9905773295660143 -0.13695456965674366 450.7609897069453 391.6279399628478 458.71584214068133 1.0 394.326768821132 439.1955100327758 1.0 388.9291111045635 478.23617424858685 1.0
0.998504647630503 0.054666888152567386 -107.65113390053756 100.66255581461323 130.59283816113964 1.0 100.25129945751179 138.10454035986987 1.0 101.07381217171468 123.08113596240938 1.0
-0.996965695535954 -0.0778421603278792 267.31415182252266 249.78427548004862 234.93435700629752 1.0 250.5194056403915 225.51915644494818 1.0 249.04914531970576 244.34955756764685 1.0
-0.13591447843333118 0.9907205733970581 -375.93297083334073 578.5680359433195 458.8263894814603 1.0 533.9187062037636 452.70105956816144 1.0 623.2173656828754 464.9517193947591 1.0
-0.32138159581199305 -0.9469497715683428 365.13369853635004 101.43304234290736 351.16433363659337 1.0 108.35878077013763 348.8138342386862 1.0 94.50730391567707 353.5148330345005 1.0
-0.9974880261294233 -0.07083528589924032 261.5176777381033 235.41718048095674 376.8158584291855 1.0 236.04484035992706 367.97728022897434 1.0 234.7895206019864 385.6544366293967 1.0
0.9997802922850906 -0.020961086764261547 -314.8670431367568 321.95998161312184 335.01132185976155 1.0 322.18291883302106 345.6447513846116 1.0 321.7370443932227 324.37789233491156 1.0
-0.9997572076614589 -0.02203464837392478 20.173940998890455 13.662700614223887 295.6506259209758 1.0 13.80068718361772 289.3898921452005 1.0 13.524714044830052 301.91135969675116 1.0
-0.998587217330057 -0.053137269265684094 41.81672766903144 24.083801817684396 334.3595046321895 1.0 24.949591994519395 318.0890598873803 1.0 23.218011640849394 350.6299493769987 1.0
-0.05642884833184722 -0.9984066231130188 403.3202177685406 367.5038415928415 383.19297005166095 1.0 439.4316708247206 379.12768795857005 1.0 295.57601236096247 387.25825214475185 1.0
-0.0054447051275848275 -0.9999851774831834 358.54382837981956 264.37287484181354 357.109689296949 1.0 286.8756107237648 356.98716671941486 1.0 241.8701389598623 357.2322118744831 1.0
-0.045322364123073236 0.9989724136883338 -370.1778935283598 204.97807219132315 379.8583215650734 1.0 184.3388436086957 378.92194071989326 1.0 225.6173007739506 380.79470241025365 1.0
-0.12131704723453789 -0.9926138091172684 335.93069836335894 426.26014260495305 286.3329866038312 1.0 435.7229523173614 285.17644402674114 1.0 416.7973328925447 287.4895291809213 1.0
-0.47075954483850135 0.8822615547236811 -100.00637901771084 202.46920860635996 221.38637965044938 1.0 194.81423563958936 217.30181813885025 1.0 210.12418157313056 225.47094116204852 1.0
-0.014070536019739443 0.9999010051080643 -266.23865229084356 40.60795265445727 266.8364433962345 1.0 36.85869507939683 266.78368410957745 1.0 44.35721022951771 266.88920268289155 1.0
0.47567248052425987 0.879622470877079 -221.66735227594864 64.76865561156474 216.9779553388028 1.0 53.18754519155791 223.240659741087 1.0 76.34976603157156 210.71525093651857 1.0
0.03368223216544098 0.9994325926426221 -430.2590632042624 524.968360801065 412.811189102154 1.0 510.58862968415553 413.2958055190308 1.0 539.3480919179746 412.3265726852772 1.0
-0.999190251007992 -0.04023483926382698 58.983262054555844 54.95405800528599 101.24815003321848 1.0 55.28171313725683 93.11117671486494 1.0 54.62640287331514 109.38512335157202 1.0
-0.38893842479403845 0.9212637525262415 -209.55290128137415 520.1807191038545 447.07193748635575 1.0 507.0256573597045 441.5181436039765 1.0 533.3357808480044 452.62573136873505 1.0
0.9987989044635153 0.048997433019309235 -244.03542508502875 241.23224777162466 63.12412914039365 1.0 240.92488116371555 69.38971107664139 1.0 241.5396143795338 56.8585472041459 1.0
-0.9994291868489514 0.0337831389075049 598.8244537307169 605.1676345409271 177.5365865867574 1.0 604.9347947246788 170.6483306181145 1.0 605.4004743571754 184.42484255540032 1.0
0.06238248875392516 -0.9980523158115843 358.18549239227815 211.2367070278153 372.0876731705958 1.0 224.38845634142035 372.90971309841586 1.0 198.08495771421025 371.2656332427757 1.0
-0.9996172298618441 -0.027665750727806197 239.063441404413 235.9724158074797 114.99231748428615 1.0 236.30129921669865 103.10912205953537 1.0 235.64353239826076 126.87551290903693 1.0
-0.9995377999233855 0.03040043625210073 353.71664505032993 363.5381625621469 317.5444610457391 1.0 362.7969168070959 293.1729966015393 1.0 364.2794083171979 341.91592548993896 1.0
0.004666283446836771 0.9999891128401318 -349.78450166427774 123.1242476514632 349.21377097171 1.0 116.87438374022074 349.2429349257367 1.0 129.37411156270565 349.1846070176834 1.0
0.34452969629446983 0.9387754195606319 -372.09427973886994 175.28672628089237 332.031272521756 1.0 161.90034556370145 336.9440616584107 1.0 188.6731069980833 327.1184833851013 1.0
-0.9992237341025537 -0.03939453269362127 94.81138061186553 84.11744639042058 273.1148459136361 1.0 86.82759791765345 204.37313116640544 1.0 81.40729486318772 341.8565606608667 1.0
-0.30251258319867436 -0.9531453913262474 366.61777293269586 173.964682351381 329.4264131648814 1.0 185.65401296112657 325.7164129584102 1.0 162.2753517416354 333.13641337135266 1.0
-0.9996471547052884 0.0265624940399275 315.24996239256643 324.3122377834502 336.860060290822 1.0 324.0462655887553 326.85052025072514 1.0 324.57820997814514 346.86960033091884 1.0
0.036726601552780645 -0.9993253507934157 375.65813727607025 202.46866018414443 383.35275171536546 1.0 224.33709287778416 384.1564471419705 1.0 180.60022749050466 382.5490562887605 1.0
0.07595723596415026 0.9971110762120168 -433.08985112684456 540.864428655353 393.1430443878669 1.0 533.3603637922564 393.7146838361637 1.0 548.3684935184496 392.57140493957 1.0
-0.9955731162067879 -0.09399026697645761 97.55958955989489 87.84146982296403 107.53223755172003 1.0 88.60728141616121 99.42053132092947 1.0 87.07565822976686 115.64394378251059 1.0
0.9999818877289843 0.006018655495782539 -358.2608985742329 356.69877613477905 260.62017762223604 1.0 356.6610922988512 266.88123599555666 1.0 356.7364599707069 254.35911924891536 1.0
-0.9996077286498375 -0.02800694241635195 124.38964882473576 117.66149813547254 241.87952484394717 1.0 118.22288798642136 221.84272020273886 1.0 117.10010828452373 261.9163294851555 1.0
-0.009908689522100368 0.9999509077309519 -354.0591257056555 207.50735523425294 356.13273502626885 1.0 193.1337666023436 355.9903046069644 1.0 221.8809438661623 356.2751654455733 1.0
0.20093681742283326 -0.9796042034434024 98.03843729535788 94.4856468578873 119.46057607324329 1.0 99.65284111798337 120.52047308673055 1.0 89.31845259779125 118.40067905975602 1.0
0.9995329135520475 0.030560672868166657 -104.67238840318099 101.33886494298798 110.62771704154538 1.0 101.10918323334391 118.13980388009423 1.0 101.56854665263205 103.11563020299653 1.0
0.20481882266891133 -0.9787999028813402 271.6127797437405 420.04854804706986 365.3929958163128 1.0 425.4375750776478 366.5206769373312 1.0 414.6595210164919 364.2653146952944 1.0
0.13909896546030742 -0.9902784849767625 344.17505221375774 547.3163682437644 424.4323179714661 1.0 551.7789018501461 425.0591454926094 1.0 542.8538346373826 423.80549045032274 1.0
-0.04648883268501792 -0.998918809731594 393.68128837235963 313.72704704164835 379.50680323612846 1.0 333.08919767347004 378.6057051965523 1.0 294.3648964098267 380.4079012757046 1.0
0.0477340747031306 -0.9988600793465698 352.9844779576958 169.98753820864027 361.5107693976221 1.0 176.87667302169032 361.8399911601148 1.0 163.0984033955902 361.1815476351294 1.0
-0.5793872467242936 0.8150524022007679 28.586208760341187 220.38397561142543 121.58906080606249 1.0 209.66389550535246 113.96859655057337 1.0 231.1040557174984 129.2095250615516 1.0
0.49290371094320273 0.8700838647730572 -219.82325183693442 22.725056487926707 239.7722743853618 1.0 18.340811622125017 242.25595515629644 1.0 27.1093013537284 237.28859361442716 1.0
-0.9990148018762041 -0.044378211233086835 53.1790237329711 38.37860204061759 334.3585017688806 1.0 39.601493186000724 306.8295338052 1.0 37.15571089523445 361.88746973256127 1.0
-0.0546237365467157 0.9985070091920613 -368.06005470266405 163.71218057468377 377.56632878212304 1.0 145.57308336069323 376.574022009821 1.0 181.85127778867434 378.558635554425 1.0
0.40915530488827523 0.9124647590355381 -478.688286837411 170.3289221336712 448.2335352905267 1.0 153.24554735749183 455.8938348756377 1.0 187.4122969098506 440.5732357054157 1.0
0.051168344201142274 -0.9986900422812443 366.5306260390632 196.2402215296725 377.0658535657593 1.0 218.12182506153337 378.18696759893186 1.0 174.35861799781168 375.94473953258677 1.0
-0.9996201163636446 0.027561258337265335 354.56929964852094 361.28676906690157 238.74898621312724 1.0 360.64918232389437 215.62433325143706 1.0 361.9243558099087 261.8736391748174 1.0
-0.1428573123461716 0.9897432941471381 -136.0007719186629 59.41314746380213 145.9857069381552 1.0 54.42681848043443 145.26599147127592 1.0 64.39947644716985 146.70542240503445 1.0
-0.9994369645654433 0.03355225566505237 230.6774727800975 235.77997856716865 148.1197971901254 1.0 235.27557090650035 133.09476679233336 1.0 236.284386227837 163.14482758791746 1.0
-0.02811613690493695 -0.9996046632772092 378.49289138619775 262.5178235817368 371.2586765068655 1.0 286.90868600305134 370.57262845981177 1.0 238.12696116042235 371.9447245539193 1.0
0.998061463288337 0.062235966279503875 -54.71796724215314 34.40227251362302 327.5017006279679 1.0 33.111460758660655 348.20210179474157 1.0 35.69308426858539 306.80129946119433 1.0
-0.4647074279997499 0.8854642885864215 -134.98860673259819 338.9118959106139 330.31651978496694 1.0 322.08063664707964 321.4831751733614 1.0 355.7431551741482 339.14986439657247 1.0
0.9999465785862613 -0.010336342371934563 -81.44303830437501 82.93979828360628 144.37691441061904 1.0 83.00453052226027 150.63916639852124 1.0 82.87506604495229 138.11466242271683 1.0
0.9995849089214163 0.028809891644429635 -88.34368517593398 85.28178754976715 107.50812163999584 1.0 85.0472855886689 115.6443765179834 1.0 85.51628951086539 99.37186676200827 1.0
-0.9986231574837667 -0.05245750029454551 109.39430835425541 103.70132596642367 111.24744316150537 1.0 104.12867619070437 103.11206065325858 1.0 103.27397574214295 119.38282566975218 1.0
-0.02120588060582715 0.9997751300306141 -403.11212310207975 410.0259892156738 411.8997091496601 1.0 400.65520505353885 411.7009487242841 1.0 419.3967733778088 412.09846957503606 1.0
0.08438168566996038 0.9964335056206691 -436.91949966419725 427.07124356216303 402.3173708731829 1.0 417.0898957891391 403.1626284298537 1.0 437.05259133518695 401.4721133165121 1.0
0.3621231866770372 0.9321302471601636 -360.902542232386 126.79592066169324 337.92144428781944 1.0 119.4355547404125 340.78087210988997 1.0 134.156286582974 335.0620164657489 1.0
-0.9998975638418947 0.014312994901282735 356.7252510623508 359.0341588635254 158.7459324189678 1.0 358.667297901101 133.11723729772515 1.0 359.40101982594985 184.37462754021047 1.0
-0.9987867246926023 -0.04924508683943862 46.08675942311739 33.568912780952495 255.02188707849902 1.0 34.77083676709419 230.644516695094 1.0 32.3669887948108 279.399257461904 1.0
-0.4225333075696335 0.9063473969699839 -126.65401850554237 407.9179185331791 329.90984123738747 1.0 397.75373912780685 325.1713663907219 1.0 418.0820979385514 334.6483160840531 1.0
-0.03249731277252039 0.9994718228457294 -398.3127065818431 264.326467684285 407.1176367110464 1.0 259.29114787542926 406.9539158747029 1.0 269.3617874931407 407.28135754738986 1.0
-0.0928483497029233 -0.9956802619101393 246.98331033526924 436.1805738783585 207.3804932941664 1.0 448.1843198607284 206.2611299329022 1.0 424.17682789598854 208.4998566554306 1.0
-0.1526908625404013 0.9882740007187624 -363.22165120345 631.0076080212383 465.02361370179403 1.0 623.5881540115158 463.8772890676345 1.0 638.4270620309608 466.16993833595365 1.0
-0.06141575004726025 0.9981122710627961 -360.7701318117013 206.8868388915909 374.18259751426046 1.0 195.60264793587353 373.4882597415328 1.0 218.17102984730826 374.8769352869881 1.0
-0.996561180430918 -0.08286020551588928 45.65165871893972 37.649441112201615 98.13742545015069 1.0 38.376265807660005 89.39589177952207 1.0 36.92261641674323 106.87895912077929 1.0
0.9993367390067448 0.03641540980636124 -96.78554606276276 87.76231448077544 249.38455862918147 1.0 86.80621518623691 275.62249351036155 1.0 88.71841377531399 223.14662374800136 1.0
0.019932651922374308 -0.9998013249577846 362.57191999291996 216.87315218766037 366.9676843669674 1.0 228.11868244326797 367.1918821497389 1.0 205.6276219320528 366.74348658419586 1.0
0.9979396615703962 0.06415942537743921 -45.8692045684899 32.10003714898333 215.6394680632741 1.0 30.974414992317403 233.1474645497004 1.0 33.22565930564926 198.13147157684782 1.0
-0.9998067141928642 -0.019660474431416792 122.55675898310402 116.7055736488541 298.75895852563076 1.0 117.40656742397111 263.1108725440715 1.0 116.00457987373709 334.40704450718994 1.0
-0.9981855585711362 -0.06021287785871857 434.03316686925734 421.7777762375956 216.24413523619896 1.0 422.04526158581444 211.80986766393835 1.0 421.5102908893768 220.67840280845957 1.0
0.08598308879668583 0.9962965966222013 -455.28266560349243 504.4560475808257 413.4391082603705 1.0 499.4394726269113 413.8720522362709 1.0 509.47262253474014 413.0061642844701 1.0
-0.03300864994510376 0.9994550660378894 -253.7016990686938 6.864539211252897 254.06673783464126 1.0 0.6007298658161964 253.85986521271735 1.0 13.128348556689597 254.27361045656517 1.0
-0.06153216077492846 -0.9981051012745944 382.13312069151084 393.1171906399454 358.6233253958585 1.0 404.3629805405633 357.93003392653105 1.0 381.87140073932756 359.31661686518595 1.0
0.6087836251967899 -0.7933363080637709 -40.80431492441753 222.44165887362334 119.26155855689018 1.0 229.87873472044632 124.96855815954599 1.0 215.0045830268004 113.55455895423437 1.0
0.9959881149030442 0.08948561321173766 -98.38962564775727 78.41491276106788 226.73258614842132 1.0 77.40723363305631 237.9482039344962 1.0 79.42259188907944 215.5169683623464 1.0
0.9983580989475789 0.05728094155804386 -101.24945865989095 89.18850959925302 213.1143000860537 1.0 88.68812429495463 221.83559040622816 1.0 89.68889490355141 204.39300976587924 1.0
0.053231540282418645 0.9985821964761644 -368.53549624350643 276.9042007748818 354.29778377190655 1.0 263.0934951037114 355.0339927067922 1.0 290.7149064460522 353.5615748370208 1.0
0.02082896930630822 0.9997830534859234 -373.53621197862947 318.12738675765013 366.9895635108637 1.0 309.3811829098208 367.17177745303644 1.0 326.8735906054795 366.807349568691 1.0
0.997703434881743 -0.06773371409550666 -319.664055391422 343.5258120619404 340.6402200355028 1.0 343.95104296702107 346.903782284852 1.0 343.1005811568598 334.37665778615366 1.0
0.21525571512623431 -0.9765577182663058 131.99218560033287 170.69955661119155 172.78675655747756 1.0 176.6599627181009 174.10056674502417 1.0 164.73915050428224 171.47294636993095 1.0
-0.03257170714767317 -0.9994694011791888 384.77549894018273 261.8813651935375 376.4453172470973 1.0 285.6265149514067 375.67148658937185 1.0 238.1362154356683 377.21914790482276 1.0
0.35531299877340367 0.9347473845390804 -381.39410868545434 101.8480963290956 369.30422258375233 1.0 90.7728991478301 373.5140888936994 1.0 112.92329351036109 365.0943562738053 1.0
-0.999070167922463 0.043113797877032664 241.1766458959403 250.248364159189 205.01625331436702 1.0 249.8960667717909 196.85251392424604 1.0 250.60066154658708 213.17999270448803 1.0
-0.059780570760323476 0.9982115423894726 -391.80944715259477 440.03061167560804 418.86384850821605 1.0 401.8926754831655 416.5798560913908 1.0 478.16854786805055 421.14784092504135 1.0
-0.04774352655303762 -0.9988596276115475 390.20216649400777 400.60704805926053 371.4994209396219 1.0 419.3739198295578 370.60240136258176 1.0 381.8401762889633 372.39644051666215 1.0
0.04536822841840724 0.998970331816804 -395.5238509964322 258.1174668662593 384.2091267143345 1.0 236.8545533416967 385.1747817362097 1.0 279.38038039082187 383.24347169245937 1.0
0.04199709515798042 0.9991177328014409 -385.2421676373341 400.5984565270684 368.7435264565005 1.0 381.8290768989773 369.53248194834924 1.0 419.36783615515947 367.9545709646517 1.0
0.9984746110651045 -0.05521277984659339 -108.34057263953494 120.67321877395307 220.03189434613606 1.0 121.39487582738293 233.08242807669274 1.0 119.95156172052322 206.98136061557938 1.0
-0.9994263271803552 0.033867632612650876 226.1548641779617 235.03174173889363 258.1239243653863 1.0 234.8617838351951 253.10850432078502 1.0 235.20169964259213 263.1393444099876 1.0
0.19257103607277515 0.9812830356557979 -490.0021460602928 503.72457493835407 400.4954416708637 1.0 497.8357534833414 401.651088316769 1.0 509.6133963933667 399.33979502495845 1.0
0.02705776683143215 0.999633871602046 -370.9209912261754 263.75453716618495 363.9176230351095 1.0 240.62956259204984 364.5435623792885 1.0 286.87951174032 363.2916836909304 1.0
0.9985999913060031 -0.052896666848211 -617.8511160050301 628.1526764466965 178.12353395574485 1.0 628.7504283927669 189.4080840742222 1.0 627.5549245006262 166.83898383726748 1.0
-0.9999923283017534 0.003917057267661298 236.11494365617438 236.30528323109098 48.12967980990454 1.0 236.212263424269 24.382492356184184 1.0 236.398303037913 71.87686726362489 1.0
-0.9999732027999032 -0.007320770594921085 190.78348076151798 189.69046493519357 149.99773390407444 1.0 189.81403312456158 133.1190629384482 1.0 189.56689674582557 166.87640486970068 1.0
0.8850958014294495 0.465408876464513 -286.05435958068625 275.9489307280031 89.84168910146023 1.0 269.8388393478433 101.4616140758436 1.0 282.0590221081629 78.22176412707687 1.0
0.12531799271442337 -0.9921166265626374 367.8665059865823 21.899531260313744 373.5557910863346 1.0 31.97560413767046 374.8285378518126 1.0 11.823458382957025 372.2830443208565 1.0
0.46119960215613726 0.887296414379671 -480.1489262866314 248.75577570730567 411.8385418607336 1.0 238.83672267106311 416.99427475894316 1.0 258.67482874354823 406.68280896252395 1.0
-0.9996496215432626 -0.026469494676168145 63.18699179229585 53.61024374915117 362.512848658728 1.0 53.958409933739766 349.36396920650657 1.0 53.262077564562574 375.6617281109494 1.0
0.9953811649054151 -0.09600175285659629 -500.1942251486562 515.3572876005433 133.15082011847866 1.0 516.204943466407 141.9396250943919 1.0 514.5096317346794 124.36201514256543 1.0
0.9999981841585277 0.0019056966304788045 -517.395689545908 516.7093820227315 360.6270665069193 1.0 516.6879384349689 371.8794077669858 1.0 516.7308256104939 349.3747252468528 1.0
0.9997333462781378 -0.02309191069437519 -308.4488916146644 316.29752978620763 336.2344658600013 1.0 316.54348245885546 346.882657415332 1.0 316.05157711355974 325.5862743046706 1.0
0.0563120577094291 0.99841321713834 -398.88367891502 327.5236763619738 381.0447820802501 1.0 306.8938008453687 382.2083391332698 1.0 348.1535518785789 379.8812250272304 1.0
0.9952588897195263 0.0972612072424353 -271.7090615268169 240.2631699066187 335.02571815543877 1.0 238.73293162185314 350.68440983202765 1.0 241.79340819138432 319.3670264788498 1.0
-0.104879120745049 0.994484977278061 -211.3276505649154 8.100858647254727 213.35391317610018 1.0 0.5529799845027839 212.55790831355674 1.0 15.64873731000667 214.14991803864362 1.0
0.36780644721978123 0.9299023698128542 -360.3286888451311 139.54210045768218 332.297469787493 1.0 134.3634481535091 334.3457941785447 1.0 144.7207527618553 330.2491453964413 1.0
0.08200882312184686 -0.9966316034173157 159.02878315859104 183.15484151040323 174.63734399264132 1.0 189.41389033176821 175.1523760525743 1.0 176.89579268903822 174.12231193270836 1.0
0.03445599424364762 0.9994062159405862 -382.486371266522 262.49702298727334 373.6636508729686 1.0 238.12943915677954 374.50375904400386 1.0 286.8646068177672 372.8235427019334 1.0
0.0 -1.0 355.625 357.5 355.625 1.0 366.875 355.625 1.0 348.125 355.625 1.0
-0.9985040622553232 -0.05467757913091705 47.16673003465074 35.49870600162151 214.3680842043101 1.0 36.32137982184364 199.3446840381087 1.0 34.67603218139937 229.39148437051145 1.0
0.9994941428997042 0.03180343234913176 -194.97305934866023 189.0853494409085 188.13567066108692 1.0 188.72710965544826 199.39415884533176 1.0 189.4435892263687 176.87718247684208 1.0
0.42705302701102393 -0.9042265822904796 -69.99192179115059 603.6584708173439 207.69380056990155 1.0 610.4863747727707 210.91852002563732 1.0 596.8305668619171 204.46908111416582 1.0
0.17618322946477966 -0.9843573891912231 404.87303297335865 238.69985584578083 454.0301615618031 1.0 246.89782765630918 455.497459074373 1.0 230.5018840352525 452.56286404923316 1.0
0.19414967103263162 -0.9809719186795924 79.83064103754029 162.42088123665238 113.52476006486049 1.0 175.5272846811598 116.11872210262926 1.0 149.31447779214494 110.9307980270917 1.0
0.09827157034801547 -0.9951596346623667 154.25359971352557 156.88769279065662 170.49646483089697 1.0 164.43750790417317 171.2420057081595 1.0 149.33787767714009 169.7509239536344 1.0
-0.9997545340578776 -0.022155623004460487 193.76779943742162 187.0284736584339 306.25340113938125 1.0 187.3751838816221 290.6083832779192 1.0 186.68176343524573 321.8984190008433 1.0
-0.0708305147638607 0.9974883649337903 -359.62867202072204 169.37066697718615 372.56102087294187 1.0 156.88922111598302 371.67472759231305 1.0 181.85211283838925 373.44731415357074 1.0
0.40323509670929075 0.9150964193907923 -243.44553647594077 386.09594403356573 95.90038741810861 1.0 368.96667763085463 103.44835859152299 1.0 403.2252104362769 88.35241624469421 1.0
0.9994082239292205 0.034397702577950134 -37.56894590195096 26.211762250558035 330.623683930449 1.0 25.393081759449558 354.41004040963753 1.0 27.030442741666512 306.8373274512604 1.0
0.999681962357545 0.025218527652659358 -86.63957858459932 83.48126778428545 126.29052059561027 1.0 83.27722738086258 134.37884017173295 1.0 83.68530818770832 118.2022010194876 1.0
0.15740764568054802 -0.9875337123771052 144.51925914097177 136.2599252648735 168.0627315274333 1.0 148.22930979945264 169.97058805548852 1.0 124.29054073029434 166.15487499937808 1.0
-0.03921360953292974 0.9992308506183137 -360.37392435838643 211.86653253813347 368.96576562892943 1.0 198.11318635650085 368.42603214631725 1.0 225.61987871976606 369.5054991115416 1.0
0.9994352963680054 0.03360191027006191 -38.47416429890487 35.2176197146144 97.50731656981702 1.0 34.94405268629279 105.64413206124821 1.0 35.49118674293601 89.37050107838581 1.0
0.3774938268686511 0.9260121007179447 -360.97424465150954 100.64093333398752 348.78908530160504 1.0 93.11730821758364 351.8561316554426 1.0 108.1645584503914 345.72203894776754 1.0
0.9978509199321132 0.06552512182846851 -95.45793100123534 76.1718852927911 296.8288290981859 1.0 75.10402344050578 313.0907894262071 1.0 77.23974714507641 280.5668687701648 1.0
0.9983803089804809 0.05689251831339148 -49.9096883117299 37.77567213952736 214.35509361610946 1.0 36.91962064104129 229.37754269902436 1.0 38.63172363801343 199.33264453319455 1.0
0.4702866258137085 -0.8825137333666581 134.30840260026284 333.73258436702804 330.0326812085001 1.0 341.87635762068095 334.37245236451577 1.0 325.58881111337513 325.69291005248436 1.0
-0.9964992085430593 0.0836021971784039 515.9322549062819 529.9623765172486 145.6281564559174 1.0 528.5954917744621 129.3355276695032 1.0 531.3292612600351 161.92078524233162 1.0
0.9985384498784705 0.05404594447598458 -92.92251363445553 75.29969397818213 328.10739279499444 1.0 74.55399716077433 341.8846882304469 1.0 76.04539079558994 314.33009735954204 1.0
-0.9997067096601 0.024217651838621124 228.82137473713334 234.80890936325534 244.3947695971413 1.0 234.62733024549073 236.89916830709564 1.0 234.99048848101995 251.89037088718698 1.0
-0.012881316436161654 -0.9999170324016246 360.6204960170756 314.37146460965926 356.6005639953131 1.0 333.11835345378813 356.359059350858 1.0 295.62457576553044 356.84206863976823 1.0
-0.0387683425177833 -0.9992482252265569 391.6016828107698 253.13277421970133 382.07537934909215 1.0 269.4067747203205 381.4439886599573 1.0 236.8587737190821 382.70677003822703 1.0
-0.9972051296113065 -0.07471231141450203 79.29727526900543 68.98235260009912 140.64240825362916 1.0 69.35835880696048 135.62375321339636 1.0 68.60634639323777 145.66106329386196 1.0
-0.8495700324297324 -0.5274758383066883 279.96680290331835 267.63926184049706 99.6984178665665 1.0 271.7635048877479 93.05577559758781 1.0 263.51501879324627 106.34106013554518 1.0
-0.998238768439802 -0.05932420402995268 35.4085438169204 22.137942040770973 224.3534833038717 1.0 22.65831419474424 215.5972653889989 1.0 21.617569886797703 233.10970121874453 1.0
0.9994538176573831 0.03304642749349365 -71.4845187479571 60.261390393183376 340.6129774349796 1.0 60.053597946981334 346.8974374928145 1.0 60.46918283938542 334.32851737714475 1.0
-0.9960047914197809 0.08929980665622222 496.4357271940671 510.13751919274534 130.61267030296494 1.0 509.57664118743696 124.35692125258115 1.0 510.6983971980537 136.8684193533487 1.0
-0.025471356339248404 -0.9996755523699872 373.13502887864763 302.5139676505225 365.5481890546159 1.0 309.40042165195166 365.3727248018707 1.0 295.6275136490933 365.7236533073611 1.0
-0.9995366320497907 -0.03043881059702119 87.51199057599513 76.30396170220908 369.3766432914816 1.0 76.53272607466128 361.86457675901846 1.0 76.07519732975686 376.88870982394474 1.0
0.36920094966935235 0.9293495891015654 -254.84101184805016 393.0952676186497 118.0501578945946 1.0 360.7363618229551 130.90531906336543 1.0 425.45417341434427 105.1949967258238 1.0
0.9696116138642611 -0.2446493782120506 5.141915446602863 49.37816509209276 216.71650334319682 1.0 52.233874094093416 228.03445000789907 1.0 46.5224560900921 205.39855667849457 1.0
0.9997393646100557 0.022829867478416557 -152.15587742330678 148.82722135263003 147.5017634128548 1.0 148.41321210147242 165.6315815594696 1.0 149.24123060378767 129.37194526624006 1.0
0.9944973677473166 -0.10476156520240898 -497.0470726032419 517.8915152093084 171.76791904852354 1.0 518.6866221974996 179.31583803298972 1.0 517.0964082211171 164.2200000640574 1.0
0.9991233282654568 0.04186376614396139 -98.24326269800359 84.9737273897166 318.7488991645157 1.0 84.1600419203321 338.16836877307946 1.0 85.7874128591011 299.329429555952 1.0
0.36332287764256266 0.9316632903477133 -371.51040051204507 143.81832646652038 342.6752085115842 1.0 129.43684491641866 348.2835879719322 1.0 158.19980801662211 337.06682905123614 1.0
0.0635120811465436 -0.997981069734509 364.1295832924347 162.48682789107912 375.2069766116022 1.0 171.863626071023 375.80372136454406 1.0 153.11002971113524 374.61023185866037 1.0
-0.9999362232712442 -0.011293776606640422 190.70909051113608 187.99639338106056 241.2556065135198 1.0 188.32820662902066 211.87729511664818 1.0 187.66458013310046 270.6339179103914 1.0
0.05921748316712079 -0.9982451050154725 255.3925443858116 6.875038111047427 256.2493575517819 1.0 13.140067148282697 256.6210090126205 1.0 0.6100090738121577 255.87770609094326 1.0
-0.18053013090016845 0.9835694545059682 -114.04769679525303 10.664411962078205 117.91027461399943 1.0 0.5464134377781038 116.05315756987865 1.0 20.782410486378307 119.7673916581202 1.0
0.9994591195899247 0.032885684857284034 -86.67723365056803 78.25068178279571 257.5247000443072 1.0 77.5721054764148 278.14793719729033 1.0 78.9292580891766 236.9014628913241 1.0
0.9991042908034817 0.04231567201488893 -98.46781354799171 86.3791969352809 287.50547195642037 1.0 85.98172371136046 296.89010853642486 1.0 86.77667015920133 278.1208353764158 1.0
-0.9998546901240922 0.01704695388787867 172.88296519754488 175.40163471250264 146.2538082511326 1.0 175.15662035854396 131.8829856065374 1.0 175.6466490664613 160.6246308957278 1.0
-0.9969739843284262 -0.07773592845205413 156.63477988921525 147.16700875828894 127.5227684696878 1.0 148.3855107626655 111.89531251198716 1.0 145.94850675391243 143.15022442738845 1.0
-0.15113083671505334 -0.9885137683380075 448.4333674285283 248.04417107211094 415.72131565049824 1.0 255.4662389191353 414.5865784725198 1.0 240.62210322508656 416.85605282847666 1.0
0.10119344081753123 -0.9948667687361503 213.57827951693238 8.136907511633794 215.50793324619565 1.0 15.685949157504396 216.27578832290197 1.0 0.587865865763193 214.7400781694893 1.0
-0.022891276180407358 -0.9997379604050415 372.3115294577367 263.1280727970534 366.3841992396888 1.0 286.87993084568046 365.84034638631846 1.0 239.37621474842635 366.9280520930592 1.0
0.05703556516315681 -0.9983721472008918 386.3998669889397 593.8026732453512 420.95298755196086 1.0 616.923624732013 422.2738542636865 1.0 570.6817217586895 419.63212084023525 1.0
0.9978789726331122 0.06509651278436232 -42.89894967604149 20.56324675268169 343.7867433330516 1.0 20.114008996263863 350.67320916152397 1.0 21.012484509099515 336.90027750457926 1.0
0.023553919258480334 0.999722567959514 -374.58034814242217 263.1187588285672 368.48509971468513 1.0 239.36721790708341 369.04469684198716 1.0 286.870299750051 367.92550258738316 1.0
-0.03194353684351877 -0.9994896750111663 370.4673918770372 309.3596420288201 360.76946042485486 1.0 323.1155661945981 360.32982319658504 1.0 295.60371786304205 361.2090976531246 1.0
-0.9957988489902125 -0.09156774732277678 74.07964491903192 52.38167502993085 239.36411953857723 1.0 52.967290361765706 232.99555538315957 1.0 51.79605969809598 245.7326836939949 1.0
-0.0051815341558195055 0.999986575761791 -418.8503315073036 489.3742657779306 421.3916978429419 1.0 481.87122872477863 421.35282007827425 1.0 496.87730283108255 421.43057560760957 1.0
-0.9979246580717227 0.06439236610371828 519.6149282095897 533.1972156239037 193.74534019441728 1.0 532.5896070598274 184.32888906462574 1.0 533.80482418798 203.1617913242088 1.0
-0.04433618066499469 -0.9990166680711794 393.2693331694808 400.60846834299 375.87749608432387 1.0 411.86403711736233 375.3779759595683 1.0 389.35289956861766 376.3770162090795 1.0
-0.9972705528488853 0.07383389750296535 621.7153585778497 636.0538314641317 170.68579601301445 1.0 635.58681483497 164.37782707591523 1.0 636.5208480932934 176.9937649501137 1.0
0.09603298088912159 0.9953781525538672 -378.40772251643057 258.1499652299915 355.2587636484561 1.0 251.89786160691827 355.861959676228 1.0 264.4020688530647 354.6555676206843 1.0
-0.011318403461456659 0.9999359448200087 -356.97191737828797 217.4990754000574 359.4566847287992 1.0 205.62559666185825 359.32228729709755 1.0 229.37255413825653 359.59108216050083 1.0
-0.5150568509037076 0.8571560186670545 -93.85246091648726 219.6230279090816 241.46223272063327 1.0 209.5165880075362 235.38936967566238 1.0 229.72946781062697 247.53509576560418 1.0
0.03523751891862017 0.999378965788484 -387.72128424616284 255.632009101238 378.9487866501753 1.0 238.13172877717128 379.56583631812975 1.0 273.1322894253047 378.33173698222083 1.0
0.5887958578630332 0.8082817811650432 -324.35334982979793 277.0914598958835 199.439168060334 1.0 271.3344188377441 203.63290594676016 1.0 282.8485009540228 195.24543017390783 1.0
-0.40254991029188836 -0.915398038955728 245.47156877870822 403.28298078335206 90.81299883158809 1.0 441.217978354103 74.13093352320114 1.0 365.34798321260115 107.49506413997503 1.0
0.9623840698072541 -0.27169266125758035 17.02664921664047 55.354825689649886 258.74549324197267 1.0 58.15409483588129 268.661005942855 1.0 52.55555654341848 248.82998054109038 1.0
0.1444525386899017 -0.9895117301305945 146.59732544641676 111.2475905698693 164.39150479388502 1.0 122.00822732927301 165.96238187445343 1.0 100.4869538104656 162.8206277133166 1.0
0.9997202110612947 0.02365374379586233 -239.42979210122053 238.50650911911933 41.85445118988483 1.0 238.29889739439997 50.62911447559866 1.0 238.71412084383869 33.079787904171 1.0
-0.9991742700964081 -0.04062976713334839 43.52575040347448 30.321221505259004 325.61264735054647 1.0 30.98297351892496 309.33872722027826 1.0 29.65946949159305 341.88656748081473 1.0
-0.9978378258159283 0.06572422210221458 500.1519114432882 514.9444053389177 208.12866183337422 1.0 514.6137949686313 203.10927137842526 1.0 515.2750157092041 213.1480522883232 1.0
0.19346579243583686 -0.98110702125567 77.16650917184533 12.406540934135915 81.09895120638528 1.0 24.31159802495633 83.446525175555 1.0 0.5014838433155 78.75137723721556 1.0
0.36896668018259643 0.9294426227126845 -352.81265596981217 95.54272800795493 341.66775338351874 1.0 81.94993686576069 347.063769124128 1.0 109.13551915014916 336.27173764290944 1.0
-0.02611664412437604 -0.9996589022760116 350.45018708257726 174.36884175669792 346.01428278036155 1.0 185.62748570169214 345.72014445321315 1.0 163.11019781170373 346.30842110750996 1.0
0.034684926052432334 -0.9993982969290759 294.7258426151043 30.010591217972785 295.9448286645211 1.0 44.38996249411958 296.44387637245313 1.0 15.631219941825991 295.4457809565891 1.0
0.9973992066833871 0.07207511711644966 -53.71528771084718 36.60071773419814 238.77534393610676 1.0 36.103243275775334 245.6595593217647 1.0 37.09819219262096 231.89112855044885 1.0
0.15244273292710986 -0.9883123054873463 145.67972143521385 68.15731796446137 157.91547710997975 1.0 94.55060495454627 161.98652305098327 1.0 41.76403097437646 153.84443116897626 1.0
0.999881046569521 0.015423770973389562 -180.0280174517101 177.71626059789452 151.2533359507553 1.0 177.417311899856 170.6333654896432 1.0 178.015209295933 131.87330641186733 1.0
-0.3166949534069007 -0.948527441082545 349.1874639689522 95.80044477190404 336.15047152632275 1.0 105.92396478836555 332.77042413805947 1.0 85.67692475544251 339.530518914586 1.0
-0.012604307718684796 -0.9999205625583127 446.09233261648393 264.99574468219976 442.78741860611296 1.0 274.36925528932727 442.6692626080062 1.0 255.62223407507227 442.9055746042198 1.0
0.9998640377706736 0.016489571641653912 -192.21890022962677 190.53403734093814 103.74849986075441 1.0 190.3588594630591 114.37061085979207 1.0 190.70921521881718 93.12638886171673 1.0
0.0 -1.0 361.875 209.375 361.875 1.0 228.125 361.875 1.0 190.625 361.875 1.0
-0.19648844966547713 0.9805061392709671 -74.78206896352876 12.495418652365888 78.77286159562573 1.0 0.4768285587551002 76.3643971912985 1.0 24.514008745976675 81.18132599995296 1.0
0.05942295816956619 0.9982328946906017 -469.10155671001996 465.6451195125826 442.2129831617906 1.0 455.68043039215877 442.80616267723747 1.0 475.6098086330064 441.61980364634377 1.0
-0.9996230698223414 0.027453930118627838 533.4841658487223 543.6755167990293 363.7520456276532 1.0 543.4863710995158 356.86507520213115 1.0 543.8646624985428 370.6390160531753 1.0
-0.9840854515936293 -0.17769587491487498 665.2583665710397 608.6650031881866 372.9967961895914 1.0 609.5788125946984 367.93609040276027 1.0 607.7511937816747 378.05750197642254 1.0
0.1673533524086815 -0.9858969801341191 116.5652866551002 10.61901236341909 120.03527382474445 1.0 20.648303101710546 121.73771886834939 1.0 0.5897216251276349 118.3328287811395 1.0
0.9998059812025283 -0.019697714376286226 -445.81800738945503 452.5537690630729 337.4989406668227 1.0 452.6647897091957 343.1340668500006 1.0 452.44274841695005 331.8638144836449 1.0
0.15825459240520923 -0.987398341087659 145.2594271463103 31.82077102122441 152.2133510258255 1.0 39.328262553607374 153.41660908592522 1.0 24.31327948884144 151.01009296572576 1.0
0.17084536742913922 -0.9852978536605073 136.32640457890756 74.98060789418366 151.36183797679917 1.0 79.54353523449825 152.15302512402815 1.0 70.41768055386909 150.57065082957016 1.0
-0.996690220178479 -0.08129332691294582 184.88569465336937 172.39922568559473 160.6167805160324 1.0 173.11231837284424 151.87396564485002 1.0 171.6861329983452 169.35959538721482 1.0
-0.2932860239977674 -0.9560247424243691 286.54432643011967 426.8804784808532 168.76785820945412 1.0 443.3098936503902 163.72769801499837 1.0 410.4510633113161 173.8080184039099 1.0
-0.1564942482045088 -0.987678870017429 322.68161583006645 401.25082880365915 263.13023081117 1.0 434.33741296780215 257.8877777511674 1.0 368.1642446395161 268.37268387117257 1.0
0.24961417727940238 0.9683453735631348 -293.45483429343477 401.1571612355408 199.63984422266705 1.0 374.29489319883106 206.56423619984926 1.0 428.0194292722505 192.71545224548484 1.0
-0.9952723007673361 0.09712387618548318 604.0063396219704 624.3797694654281 179.37453457062014 1.0 623.4013311191658 169.34803416423486 1.0 625.3582078116904 189.40103497700542 1.0
-0.9934720111274012 -0.11407612855666525 45.71644554123045 16.59642787579216 256.2180127581879 1.0 17.108519633432586 251.75828192070526 1.0 16.084336118151736 260.6777435956706 1.0
-0.2880613777112421 -0.9576119478531485 284.5469562338545 383.8756630279971 181.66774575255323 1.0 404.3408757537773 175.51155964171963 1.0 363.410450302217 187.82393186338686 1.0
-0.9977031543290082 -0.06773784645194321 254.99821794364465 232.46199247471407 340.5799859076325 1.0 233.13781510543964 330.62587006605196 1.0 231.7861698439885 350.534101749213 1.0
-0.999646956261227 -0.026569961190498988 68.46271578545728 60.49656983670477 300.6215864103991 1.0 60.663455920452236 294.34279795209443 1.0 60.32968375295731 306.9003748687038 1.0
0.9927307971251115 -0.12035599045889209 -24.369443012555507 63.55562289526098 321.74701914206935 1.0 64.77759431205513 331.82619055707664 1.0 62.333651478466834 311.66784772706205 1.0
0.6754969422390498 0.7373627879312151 -180.64329792976247 244.95841612460404 20.579607637166625 1.0 238.10741251399992 26.855801752163764 1.0 251.80941973520817 14.303413522169487 1.0
0.8374801728944098 0.5464677117714729 -499.95628529828434 549.2955766391462 73.07317512859204 1.0 542.2805295595662 83.82397103934103 1.0 556.3106237187262 62.32237921784306 1.0
0.08930920629892113 -0.9960039486218198 381.5217100329166 592.6173802291578 436.19093930428573 1.0 612.0046282304978 437.9293457972679 1.0 573.2301322278179 434.4525328113036 1.0
0.02820293043787696 0.9996022182421948 -366.82978174073827 308.73631681734 358.2650241649653 1.0 295.6041366918177 358.6355375109932 1.0 321.8684969428623 357.8945108189375 1.0
-0.09793128236332106 0.9951931792042565 -345.5615475510504 525.6050810087186 398.9524199395893 1.0 519.3541090189776 398.3372974530565 1.0 531.8560529984595 399.567542426122 1.0
-0.9984647779953758 -0.055390315964479915 128.5044574934805 120.86539189542549 141.26333585654334 1.0 121.59510879816875 128.10947290034983 1.0 120.13567499268223 154.4171988127368 1.0
-0.9999517797710434 -0.009820291885821265 202.99569849030271 199.7032836979045 336.2470860187933 1.0 199.80767954169664 325.6169732874853 1.0 199.5988878541124 346.8771987501013 1.0
-0.3889805634800115 0.921245961312598 -122.29624232282228 484.2334229227467 337.210305469937 1.0 472.8938801931802 332.42237487834143 1.0 495.57296565231314 341.9982360615325 1.0
0.10963604396770708 0.993971799329896 -329.1376773343169 425.67261910672016 284.18171978371504 1.0 415.72471026815526 285.27898368149056 1.0 435.620527945285 283.0844558859396 1.0
0.13411185511451926 0.990966200391185 -329.8172598899125 373.7988645000661 282.2360647837449 1.0 366.8813927847688 283.1722369398432 1.0 380.7163362153634 281.2998926276466 1.0
-0.1444869423470321 0.9895067071481656 -368.05991714113384 110.01427674214148 388.02722692877467 1.0 99.43237580686277 386.48206659856913 1.0 120.5961776774202 389.57238725898014 1.0
-0.08162689750615568 -0.9966629568733452 399.4819747745118 60.64365679063743 395.8527990795996 1.0 73.16206304196753 394.827539078743 1.0 48.12525053930733 396.87805908045624 1.0
-0.9995085531855016 0.03134728232279649 440.7570048282871 448.52059419140306 240.63219478450247 1.0 448.1674964198264 229.37366719772857 1.0 448.8736919629797 251.8907223712764 1.0
-0.9999902305997224 -0.004420260751824314 622.1884704140646 620.440232155509 396.87694595992957 1.0 620.4844465428849 386.87437871100036 1.0 620.396017768133 406.8795132088587 1.0
-0.9989465092789964 -0.045889776631706854 35.69429719276534 21.463264652874443 310.60608563077653 1.0 21.637802363040464 306.80668085905165 1.0 21.288726942708422 314.4054904025014 1.0
-0.019726771763273854 0.9998054083049359 -359.8585381137102 196.87375664063802 363.8130167687584 1.0 189.3643483988837 363.66485155457593 1.0 204.38316488239232 363.96118198294096 1.0
-0.32070407650377913 0.9471794419822772 73.10090314552143 475.02974372274366 83.66215377422719 1.0 439.461613167024 71.61919342558889 1.0 510.5978742784633 95.7051141228655 1.0
-0.9994416882449323 0.03341125256735841 440.70759973278984 449.9381487016454 268.7520676837631 1.0 449.540913897538 256.86945351219555 1.0 450.33538350575276 280.6346818553306 1.0
0.15883644617292145 0.9873049090160326 -321.34781475107826 401.29738866500054 260.9195612465782 1.0 368.2239998257775 266.24036893034923 1.0 434.3707775042235 255.59875356280722 1.0
-0.3695697164564127 -0.9292030050954025 257.1456726591174 397.46261932133626 118.65601437996631 1.0 431.6498152406504 105.05882169649716 1.0 363.2754234020221 132.25320706343547 1.0
0.40686885843070375 0.9134865801090326 -478.2358001683501 198.75160803028345 435.0036102888041 1.0 189.30251385848686 439.21225685526406 1.0 208.20070220208004 430.7949637223442 1.0
-0.9999988047061578 0.001546152080399553 249.48478269506106 249.97888386443887 319.3750326487959 1.0 249.96148818020916 308.12409319899615 1.0 249.99627954866858 330.62597209859575 1.0
-0.2499885544415952 -0.9682487917101686 295.67772965181354 397.5592220235519 202.72937711238367 1.0 429.4088822486714 194.50623179343046 1.0 365.7095617984325 210.9525224313369 1.0
-0.5393967851081622 -0.8420517253797294 296.58702219477146 266.1553200093379 181.72719517116707 1.0 271.84698246891446 178.08126186317233 1.0 260.46365754976136 185.37312847916184 1.0
0.04799266520533883 0.9988476881319234 -398.0957002757519 143.14552128385773 391.67709936718666 1.0 124.4087472305563 392.5773644775259 1.0 161.88229533715915 390.77683425684745 1.0
0.40957552633425093 0.9122762126834291 -245.89467419747976 422.1588664118883 80.00727551085211 1.0 405.8324931533927 87.33716401118748 1.0 438.48523967038386 72.67738701051675 1.0
-0.9930496676697478 0.11769603876513195 489.79314232040105 513.4392189999362 170.58775882989414 1.0 512.7087314238003 164.42433606452542 1.0 514.1697065760723 176.75118159526286 1.0
0.03996674899103899 0.9992010102952696 -393.24539057211456 415.6274111846817 376.93528156482085 1.0 399.35344945637394 377.58621900061553 1.0 431.9013729129894 376.2843441290262 1.0
0.9993356288879244 -0.0364458617016578 -426.5156272480895 441.0228180983754 390.00828534471134 1.0 441.31957417740483 398.1452564305031 1.0 440.72606201934605 381.87131425891965 1.0
0.06017347335298332 -0.9981879347621057 259.5687114715038 151.8482498661938 269.1937447155821 1.0 180.6067713337528 270.92738631245413 1.0 123.08972839863482 267.4601031187101 1.0
0.3205052628359968 -0.9472467347499429 -70.84052524508672 476.2179253369861 86.3447960090866 1.0 510.6670218478195 98.00080529011298 1.0 441.76882882615274 74.68878672806021 1.0
-0.0869267720915662 -0.9962147039136398 399.6516908771703 39.34118289788524 397.7374428233112 1.0 46.89275808074001 397.07851452976814 1.0 31.78960771503047 398.3963711168543 1.0
-0.9980160893724894 0.06295939448281886 433.54464687665666 445.76114741571496 179.99141120173803 1.0 445.32420544940976 173.06511980270557 1.0 446.19808938202016 186.9177026007705 1.0
-0.9990368625450711 0.043878779336949066 503.32324639914606 519.5386105356413 358.1452647242099 1.0 519.1538376607341 349.38471368910007 1.0 519.9233834105484 366.9058157593197 1.0
0.047143292973024026 -0.9988881368439909 356.9061652753576 195.64095862891617 366.53686313896696 1.0 203.12428995337362 366.8900447095858 1.0 188.1576273044587 366.1836815683481 1.0
0.9961565752665233 -0.0875903964671435 -589.8352978026918 602.3339853206571 116.2645973955742 1.0 602.8295827093395 121.9009755526939 1.0 601.8383879319748 110.6282192384545 1.0
0.997259835186884 -0.07397851798345985 -387.85359876709475 411.91543362514324 309.997000561379 1.0 412.6139228201554 319.41291261916507 1.0 411.21694443013115 300.581088503593 1.0
0.9999529720340641 -0.009698129729087165 -360.5894021538669 362.5339514784306 198.74967071867223 1.0 362.62492595243486 208.1298500110736 1.0 362.4429770044263 189.3694914262709 1.0
0.9978529646057867 0.06549397703180601 -116.60601381782196 107.2179990150036 146.85649089426056 1.0 106.88855130613639 151.87588943858898 1.0 107.5474467238708 141.83709234993213 1.0
0.28352421092739066 0.9589650785185039 -280.6447978776061 426.1834584248189 166.64993616273722 1.0 409.3055227206708 171.64000671879396 1.0 443.0613941289671 161.65986560668046 1.0
-0.9996029737959866 0.02817613845473177 435.2489207285113 446.3971191495061 389.3708531040478 1.0 446.15017963711216 380.6101965884888 1.0 446.6440586619001 398.1315096196068 1.0
-0.08928577362953334 -0.9960060494933631 399.42880531569944 83.10978065012844 393.58022418997757 1.0 91.9567682881218 392.7871465415527 1.0 74.26279301213508 394.3733018384025 1.0
0.31956463393823487 0.9475644805161926 -292.7458698799198 390.16463815038145 177.36318062723896 1.0 376.8659430814773 181.84814466814038 1.0 403.4633332192856 172.87821658633754 1.0
0.2530917362843991 0.9674422840792871 -290.99707998733993 66.48469379086086 283.39711620151246 1.0 60.76090872866169 284.89451064389965 1.0 72.20847885306002 281.89972175912527 1.0
0.19281560514998244 -0.981235008757151 348.8054593168522 18.07059075871574 359.02688761138654 1.0 23.239446637033705 360.0425832044059 1.0 12.901734880397774 358.01119201836724 1.0
-0.9636585550343051 -0.2671370234714672 162.70989631133716 109.50491003281006 214.0644984242165 1.0 111.38144873043629 207.29515381476892 1.0 107.62837133518383 220.8338430336641 1.0
-0.9963590678271049 -0.08525613150209428 260.86083821125584 235.17982920333122 311.26538756729593 1.0 235.662191756674 305.6281824122449 1.0 234.69746664998843 316.902592722347 1.0
0.998662726985691 0.051698720772406524 -130.79916068370227 124.05288415563598 133.70096975560037 1.0 123.69626028196087 140.58986303712769 1.0 124.4095080293111 126.81207647407307 1.0
-0.10454249297951174 0.9945204206860856 -112.48823278580753 158.64129155318096 129.78415144580282 1.0 151.77644831388378 129.06252943460814 1.0 165.50613479247815 130.5057734569975 1.0
-0.9988673322964116 0.047582060390974554 436.5786720041304 443.86161034252984 142.49468332791872 1.0 443.35520854887653 131.8640337818437 1.0 444.3680121361832 153.12533287399376 1.0
-0.03238572551704725 0.9994754448122948 -287.001331924926 138.11277804948716 291.6271890000995 1.0 121.85959116088229 291.10054149506703 1.0 154.36596493809205 292.153836505132 1.0
-0.3935065224903361 -0.9193218243670508 480.9949422126118 138.77377415572235 463.8055419007368 1.0 155.52281861082975 456.63628075206003 1.0 122.02472970061496 470.9748030494136 1.0
-0.9965453639031311 0.08305021181897153 491.4778145035054 523.1311694968709 359.37448584576225 1.0 522.2949147891733 349.3400050931448 1.0 523.9674242045686 369.4089665983797 1.0
1.0 0.0 -189.375 189.375 336.25 1.0 189.375 345.625 1.0 189.375 326.875 1.0
-0.9994845742263446 0.03210273950276891 397.0704604588005 407.13221431045883 306.8868130169176 1.0 406.7304927827388 294.3796414698852 1.0 407.5339358381789 319.3939845639499 1.0
-0.08458709521442569 -0.9964160894541927 399.41092071913937 106.81387396521657 391.7799496851342 1.0 120.51817050005529 390.6165736135233 1.0 93.10957743037787 392.94332575674514 1.0
-0.9915069682538604 0.1300535732074987 401.6400406620581 452.37412383474157 360.55953113265 1.0 451.70823629945374 355.48291451206825 1.0 453.04001137002933 365.6361477532318 1.0
0.020229066246366584 -0.9997953715029891 291.28749393969673 144.98926204414676 294.28070954589344 1.0 158.12153167493287 294.54641746963284 1.0 131.85699241336067 294.01500162215405 1.0
-0.9999488839995612 0.010110854960506024 188.0535150540095 191.46943793318462 336.87910078885096 1.0 191.36833455184424 326.8801230827313 1.0 191.57054131452503 346.8780784949706 1.0
-0.007680121362926552 -0.9999705074330195 393.9075474586457 21.87980882404172 393.7511206027774 1.0 28.129440172390787 393.70312125992467 1.0 15.630177475692655 393.7991199456301 1.0
-0.07578311697561478 0.9971243248369083 -405.4169979258474 490.56836172567284 443.8702240459644 1.0 484.25979949410333 443.39076276151405 1.0 496.8769239572424 444.34968533041473 1.0
0.16407469952050505 -0.9864479170119708 338.63172925292895 538.8886120099623 432.91663855609755 1.0 545.8820044221367 434.0798411326027 1.0 531.895219597788 431.7534359795924 1.0
0.9385710186401599 -0.3450861384767183 -23.819407007054025 110.00327333318666 230.1642066807775 1.0 111.84599590629657 235.17607418188746 1.0 108.16055076007673 225.15233917966756 1.0
0.9999424465151611 0.010728637251496026 -201.06560125048247 197.4694655453882 336.24967238805755 1.0 197.3688184201552 345.63029830363377 1.0 197.5701126706212 326.8690464724814 1.0
0.9957282919066894 -0.09233184010181225 -475.75677955994075 495.88289839939796 195.03404057769916 1.0 496.63521821147793 203.1472344729351 1.0 495.13057858731804 186.92084668246318 1.0
-0.9991894337656593 -0.040255129499993346 80.66259012037361 70.17737382909766 261.8821459987655 1.0 70.48005537663904 254.36916050211644 1.0 69.87469228155629 269.3951314954146 1.0
0.057743621419496696 -0.9983314450548785 385.8025613916076 64.36515220364045 390.17025888796974 1.0 70.63034221293297 390.53263829794406 1.0 58.09996219434792 389.8078794779954 1.0
0.007846772621415615 0.9999692136058129 -441.3699986244176 376.2573062827885 438.43109080725276 1.0 371.86786341387676 438.465534827787 1.0 380.6467491517002 438.3966467867185 1.0
0.9989013548898547 -0.046862385760998604 -116.80521784701973 123.94377904710517 149.42455147322715 1.0 124.17920610225484 154.4428278701249 1.0 123.7083519919555 144.40627507632945 1.0
-0.029027988380697235 -0.9995785991559494 428.3573125067636 347.5093262506399 418.4461493827167 1.0 355.62747992975073 418.2103963655264 1.0 339.391172571529 418.68190239990713 1.0
0.998073166683416 0.062047997119472675 -30.95596076245677 27.21388295237778 61.15450300706634 1.0 26.863129250697096 66.79655229172418 1.0 27.564636654058468 55.5124537224085 1.0
-0.23441017131109537 0.9721377842599798 -306.5160322024712 555.6470892122641 449.28339238013314 1.0 541.798079785909 445.94400086106765 1.0 569.4960986386191 452.62278389919857 1.0
0.05182971272384603 0.9986559371870593 -404.2839837471938 424.3906968065833 382.80244638192056 1.0 410.6452836630386 383.5158260234688 1.0 438.13610995012806 382.08906674037235 1.0
0.06525931520489647 -0.9978683388999713 383.0626613552421 43.177012457348724 386.70468695919163 1.0 51.93044827570316 387.2771504846158 1.0 34.42357663899429 386.1322234337675 1.0
-0.06474764845081858 0.9979016695146318 -414.75174332601773 586.8376842783704 453.70011619038365 1.0 570.5750437374362 452.6449343375077 1.0 603.1003248193045 454.7552980432596 1.0
-0.09541502430865453 -0.9954375787241402 388.74679748558293 21.28482819912156 388.48835261093404 1.0 30.693202573237873 387.5865378826195 1.0 11.876453825005244 389.39016733924865 1.0
0.07133066914653574 0.9974527235107975 -411.5522783784302 316.87092062923364 389.9429561010746 1.0 304.39005332736355 390.83549826892596 1.0 329.3517879311038 389.05041393322335 1.0
