0.08301465777338807 0.99654832627162 -198.81372281278408 38.80372198087535 196.26990478623026 1.0 13.251904814059339 198.3984271084014 1.0 64.35553914769136 194.14138246405915 1.0
0.11596157081491021 0.9932537007704217 -177.79484749483527 74.33978165591029 170.32334187001533 1.0 66.79666072600543 171.20399517259062 1.0 81.88290258581515 169.44268856744006 1.0
0.04368811442387541 0.9990452185252109 -209.55647819480737 6.20017494308711 209.48561722901078 1.0 0.5859111068853751 209.73112823925703 1.0 11.814438779288846 209.24010621876454 1.0
0.05661902358140796 -0.9983958564460732 241.39379176215894 473.75576564177317 268.6483311174943 1.0 481.8900493409811 269.109626301774 1.0 465.62148194256525 268.1870359332147 1.0
0.9997508795343162 0.022319920930888477 -69.27628990855547 65.21904258734901 182.50489023148685 1.0 64.98226386796144 193.11065060562564 1.0 65.45582130673657 171.89912985734807 1.0
0.9997384504934889 0.02286986237120306 -472.2485122505605 465.5239845992412 299.35839178383446 1.0 465.26643904645084 310.61679761501085 1.0 465.7815301520316 288.09998595265813 1.0
-0.08517501849006238 0.996366005153336 -240.19093859745516 473.82928029809796 281.5725896477208 1.0 465.7101844831982 280.87852327795315 1.0 481.9483761129977 282.26665601748846 1.0
-0.051871780747921016 0.9986537529905145 -258.8217821901263 228.72786215450537 271.0512055816772 1.0 190.5759395206571 269.0695295903255 1.0 266.8797847883537 273.032881573029 1.0
-0.9999981852383626 -0.0019051299119531664 213.8277483081693 213.28636346769485 284.3753074189269 1.0 213.3030333241726 275.62533917722675 1.0 213.26969361121715 293.12527566062704 1.0
-0.9995153047556005 -0.03113126337492797 471.77272890407585 462.67689270111316 299.3805095637268 1.0 463.02755538308344 288.12196495489434 1.0 462.3262300191429 310.6390541725592 1.0
0.9986416543157767 0.0521041866403153 -231.47185794173922 216.94922013243882 284.3788724397449 1.0 216.49053422710347 293.1701592988513 1.0 217.40790603777418 275.58758558063846 1.0
-0.05461531703674807 0.998507469749213 -258.37655373405244 157.54076209594803 267.3797647895302 1.0 123.1319624702797 265.4977082628206 1.0 191.94956172161633 269.26182131623983 1.0
0.9999045298262792 -0.013817786830289698 -9.908987380041115 12.725652622146509 203.7555186238024 1.0 12.786338332129157 208.14695388421322 1.0 12.664966912163859 199.36408336339156 1.0
0.02895384010322221 0.9995807496862257 -285.01072359259837 328.7675877928707 275.6071878244952 1.0 321.8802627130127 275.8066859732578 1.0 335.6549128727287 275.4076896757326 1.0
-0.23660202142091438 0.9716066505842459 -42.3515620689038 388.8635275347094 138.28379896297713 1.0 316.8454778928846 120.74623258897049 1.0 460.8815771765342 155.8213653369838 1.0
0.02383007128757154 -0.9997160235298969 257.13784029185075 456.84578456299494 268.10064217941135 1.0 465.5908156803912 268.3090960903567 1.0 448.1007534455986 267.89218826846593 1.0
-0.9426885398635636 0.3336739678337261 405.9654424967418 544.1615607455142 320.7005489431812 1.0 540.99172408411 311.74519436953915 1.0 547.3313974069183 329.6559035168233 1.0
-0.0790438233637534 0.9968711421181977 -261.2489596427481 4.33238383661435 262.4124591164631 1.0 0.5073179260666827 262.1091623096706 1.0 8.157449747162017 262.7157559232556 1.0
0.1456174959955507 0.9893409649155268 -166.6530579143827 201.7828428987966 138.7488747201698 1.0 84.43330437529994 156.0211262108215 1.0 319.13238142229324 121.47662322951811 1.0
-0.05451996468452957 0.9985126806659982 -258.14599833096344 289.96652791708124 274.3630286297148 1.0 269.3007613219955 273.23465351064135 1.0 310.632294512167 275.4914037487882 1.0
0.10936745299090807 0.9940013884428339 -183.19006496951212 221.24478249927228 159.9525800151165 1.0 123.13842052575704 170.74697432482276 1.0 319.3511444727875 149.15818570541026 1.0
0.044477252845677974 -0.9990103973329314 254.84081058388813 586.2524940257141 281.19398130594334 1.0 596.8842461480177 281.6673208513562 1.0 575.6207419034105 280.7206417605305 1.0
0.023519147808343063 0.9997233865856942 -283.21916756571767 389.384104786829 274.1370152267864 1.0 339.39706690120016 275.3129930505607 1.0 439.3711426724579 272.961037403012 1.0
-0.08998871071511536 -0.9959427854770732 385.7048223120873 258.7631433188952 363.8954626199983 1.0 400.66555394557196 351.07382751618593 1.0 116.86073269221839 376.7170977238107 1.0
0.8998831813298575 0.4361310123800586 -619.1872990676579 533.3768265022238 319.19414037426725 1.0 529.6011543931716 326.984606387245 1.0 537.1524986112762 311.4036743612895 1.0
-0.00986064407716299 0.9999513826673692 -259.3977950559493 43.120457739147845 259.83562305707494 1.0 31.87155160254103 259.7246962044367 1.0 54.36936387575466 259.9465499097131 1.0
0.9999152191627985 0.013021308943902554 -85.38867225335882 83.2797438366427 162.50201513814918 1.0 83.20650518359403 168.12606139416198 1.0 83.35298248969136 156.87796888213637 1.0
-0.9999482744327637 -0.01017096155425626 225.33806295688277 222.47627648369095 282.4997586965461 1.0 222.5716889713731 273.11937200368897 1.0 222.3808639960088 291.88014538940325 1.0
-0.9988557853870755 -0.04782384341276351 47.72009459410693 34.609033029620896 274.9812810383195 1.0 35.05829800467279 265.5978670866378 1.0 34.159768054569 284.3646949900012 1.0
-0.9985640528550364 0.053570816175638275 187.2165486407897 202.64088091880294 282.492442041367 1.0 202.2044494066517 274.3573257471041 1.0 203.07731243095418 290.62755833562994 1.0
0.993175417790905 -0.11663013974038258 -583.1695039444484 600.2292211907325 111.14968747206217 1.0 600.7529989990683 115.60996887772235 1.0 599.7054433823965 106.68940606640199 1.0
0.9998389630457241 0.017945695184396444 -325.0921289362407 319.93941891549855 289.9989126552209 1.0 319.70371831641984 303.13090002883064 1.0 320.1751195145773 276.86692528161115 1.0
-0.09586227273664961 -0.995394607512902 387.8183712364691 458.6123464867819 345.4456622548072 1.0 518.0380953847241 339.72261804154994 1.0 399.18659758883973 351.16870646806444 1.0
-0.19283670423441499 0.9812308624885423 -84.68715423678778 389.91448584348944 162.9351304897114 1.0 320.3992651562052 149.27362985420686 1.0 459.4297065307737 176.596631125216 1.0
-0.12281979381467352 -0.9924289890200312 357.1993623871928 417.05274662766215 308.3112579557709 1.0 424.59197376927597 307.3782276500265 1.0 409.51351948604827 309.24428826151535 1.0
0.9996502157941852 0.026447042606668685 -178.44003046093712 171.06176613732777 281.2450200290987 1.0 170.78042744514434 291.87911203458873 1.0 171.34310482951122 270.6109280236087 1.0
0.9999705025572067 0.007680756179429545 -248.57811349886157 246.42515940177776 281.25134539634337 1.0 246.36279196990125 289.37106573895704 1.0 246.4875268336543 273.13162505372964 1.0
0.9998748217877578 0.015822160247570084 -345.3749078345862 340.83913871519303 289.3684984730627 1.0 340.6412300064983 301.87525682591263 1.0 341.0370474238878 276.8617401202128 1.0
-0.9999887697028893 -0.0047392476303412005 338.7877500360598 337.42012137537534 289.3746214311661 1.0 337.4793753432577 276.8719401905129 1.0 337.360867407493 301.8773026718193 1.0
0.019494629521626852 -0.9998099616526205 302.4072492053805 399.3822725196512 310.25201842650927 1.0 405.629897266025 310.3738367064746 1.0 393.1346477732774 310.130200146544 1.0
-0.9998326837001003 -0.01829220066190414 172.85000037373743 167.74515434379094 280.6066160856939 1.0 167.95111629755303 269.3489496749516 1.0 167.53919239002883 291.8642824964361 1.0
0.9997052469158904 -0.02427795891006642 -261.27101573500954 268.3454368187309 288.13482486420037 1.0 268.61885173848793 299.3933631490177 1.0 268.07202189897384 276.8762865793831 1.0
-0.07463383958146756 -0.9972110057502012 384.15785390341904 60.49065667653845 380.70498795913244 1.0 120.48205645316325 376.2150771164137 1.0 0.49925689991364486 385.1948988018512 1.0
-0.0677921978340764 0.9976994627205256 -257.9123638818316 21.833170853596727 259.990600588651 1.0 11.794583375273845 259.308493467485 1.0 31.871758331919605 260.67270770981696 1.0
-0.9999177940075007 -0.012822060176647177 155.09731017949915 151.51153169755293 280.62835365085425 1.0 151.65587076974262 269.37219008083093 1.0 151.3671926253632 291.8845172208776 1.0
-0.054498814098504204 -0.998513835288153 321.63404098229466 336.25055791923245 303.76022205862233 1.0 358.16261994036836 302.56426327227246 1.0 314.33849589809654 304.9561808449722 1.0
0.9991388146674943 0.04149251769698303 -372.05015157039935 360.43070821291724 287.5178865718 1.0 359.93733287350335 299.3983527177234 1.0 360.92408355233107 275.63742042587654 1.0
-0.036025905336076164 -0.9993508563786374 325.5088901363529 490.59920917772024 308.034568143632 1.0 514.3858895874374 307.1770748106045 1.0 466.8125287680031 308.8920614766594 1.0
0.00305669730084368 -0.9999953282898931 307.9814509897955 441.8808579061229 309.3335921323208 1.0 460.6287722905151 309.39089909933756 1.0 423.13294352173074 309.27628516530405 1.0
0.999994066308652 0.0034449016658582984 -292.4033476298078 291.4254308652255 284.3756043456658 1.0 291.3952955716 293.12334745560975 1.0 291.45556615885096 275.6278612357219 1.0
0.9986386200599486 -0.052162309427032726 -174.14788710963768 188.84885511794545 276.90248234605576 1.0 189.17782685550984 283.2005908011577 1.0 188.51988338038103 270.60437389095387 1.0
-0.9998984803927964 -0.014248821290781404 379.41909390458926 375.3784002438598 286.25539230487584 1.0 375.5299054937103 275.6236448778027 1.0 375.2268949940092 296.88713973194893 1.0
0.09110753273704718 -0.9958410603497768 288.2659359650498 98.09577757792448 298.4444125327667 1.0 116.9169632106644 300.1663256516962 1.0 79.27459194518455 296.7224994138373 1.0
-0.9995206274014423 -0.03095989985492548 296.3596108030308 287.5776713874642 288.10804663398903 1.0 287.965682763304 275.58134675331775 1.0 287.1896600116244 300.63474651466026 1.0
-0.05455006159251101 0.998511036884547 -212.90878100226305 396.9140483725256 234.91023946993036 1.0 360.6357457353343 232.92830479897754 1.0 433.19235100971684 236.89217414088318 1.0
-0.02727421521181756 -0.9996279893963452 319.9852466856419 386.8797354980552 309.54856086556464 1.0 396.9063767560442 309.27499032289984 1.0 376.85309424006624 309.82213140822944 1.0
0.026995685946865838 -0.9996355500582491 285.4073413765298 200.0259738346425 290.91320304729106 1.0 210.6769629938461 291.2008386344294 1.0 189.3749846754389 290.62556746015275 1.0
-0.9895307746318711 0.14432202207719083 -33.10798086851156 10.558017975310388 301.7936136655707 1.0 9.652430682134607 295.5845370269845 1.0 11.463605268486171 308.00269030415694 1.0
0.999636932955193 0.02694442933028963 -162.3101135126673 154.82201333669363 279.9952025091179 1.0 154.5353789641291 290.62932288916363 1.0 155.10864770925815 269.36108212907226 1.0
-0.9998368082614575 -0.018065349305827823 362.3867781417155 357.25116787047403 287.50679671314515 1.0 357.466066830663 275.6130941991984 1.0 357.03626891028506 299.4004992270919 1.0
0.07779549556109977 0.9969693379790588 -392.33434187831415 360.60651789796805 365.38814709618623 1.0 354.29739411289387 365.88046054326884 1.0 366.91564168304217 364.89583364910357 1.0
0.10452911291694306 0.9945218270871671 -400.8875618152526 428.05719508779794 358.1048834072452 1.0 406.58457009696747 360.3617614175184 1.0 449.52982007862846 355.8480053969721 1.0
0.09011821310255175 0.9959310757613717 -393.6890008699829 483.0986306792017 351.5835824815472 1.0 470.5879574222105 352.71562820847464 1.0 495.6093039361929 350.4515367546197 1.0
0.1224318207222277 0.9924769263185116 -406.5282559153974 306.9362075893456 371.7461710099774 1.0 276.7023961023403 375.4758099462268 1.0 337.1700190763509 368.01653207372794 1.0
0.0593759900554095 0.9982356895067116 -310.38300064314103 53.8379869798073 307.72924680285064 1.0 35.665753255143194 308.8101482174789 1.0 72.01022070447141 306.64834538822237 1.0
-0.007522268585807543 -0.9999717073374241 309.2546087256647 276.24763260684506 307.18529092678693 1.0 288.126661950465 307.0959311492995 1.0 264.36860326322505 307.27465070427434 1.0
0.9995772391184261 0.02907478351398078 -234.01484411391354 225.9151807687058 281.865261086102 1.0 225.66035562577042 290.62602839192914 1.0 226.17000591164114 273.1044937802748 1.0
-0.9968717217916859 -0.07903651239825547 264.33626216835046 242.91785356119883 280.60857649061495 1.0 243.51658150555537 273.05694068755696 1.0 242.31912561684229 288.1602122936729 1.0
0.01756958515390693 0.9998456429257067 -301.44001707739704 582.5219707183893 291.2503042536903 1.0 576.8657692142705 291.3496967095933 1.0 588.1781722225081 291.15091179778733 1.0
0.04554493512507122 -0.9989622910222653 256.8899909305746 473.7497192007356 278.7561589258094 1.0 480.6388941510268 279.0702518890735 1.0 466.8605442504444 278.4420659625453 1.0
-0.07838764324847122 -0.9969229545887437 320.78082720812245 237.5954483234415 303.08889827111193 1.0 258.289081584303 301.4617663707974 1.0 216.90181506258 304.7160301714264 1.0
-0.13568632091312258 0.9907518469914961 -137.61019241162367 404.8338925439 194.3378803244325 1.0 375.4955911143757 190.31991538709684 1.0 434.1721939734242 198.3558452617681 1.0
0.9987378190420622 0.050227172079514514 -51.632117382023345 37.899442745588956 274.36365657951956 1.0 37.45735624195081 283.1542870727616 1.0 38.34152924922711 265.57302608627754 1.0
-0.06488312165646606 0.9978928702641944 -161.45387670318206 104.38592432778694 168.5819854450168 1.0 85.67439194014642 167.3653592234418 1.0 123.09745671542747 169.79861166659185 1.0
-0.19997803303166856 -0.979800380845397 401.2702136409084 524.6233462879788 302.46678258283816 1.0 535.7908299206423 300.18749033675175 1.0 513.4558626553153 304.7460748289245 1.0
0.0471660022997683 0.9988870648011507 -321.0343960779815 83.71761091262836 317.4390601526789 1.0 13.073049870608795 320.7747941370181 1.0 154.36217195464792 314.1033261683397 1.0
0.06413533686291498 -0.9979412099745558 259.5144541734812 301.9101609031515 279.45289888615014 1.0 310.6641712253939 280.0154985616689 1.0 293.1561505809091 278.89029921063144 1.0
0.07315628131879091 0.9973204893631766 -383.9017803085044 531.8508265120108 345.92044914754587 1.0 516.7943036501727 347.0248877246243 1.0 546.907349373849 344.8160105704674 1.0
-0.15741871513292618 -0.9875319479013823 380.97316298789707 553.2395046648869 297.59332002099654 1.0 570.5001632700793 294.84186402430527 1.0 535.9788460596944 300.3447760176878 1.0
-0.04525065283682989 -0.9989756645773914 316.11136085837876 68.70236934040241 313.3234821357753 1.0 109.35719546610277 311.4819383540917 1.0 28.04754321470206 315.16502591745893 1.0
0.12854897407459634 0.9917031618707126 -410.7230319191013 458.09632210026757 354.7787616428274 1.0 450.4812288457004 355.7658638957943 1.0 465.7114153548347 353.7916593898605 1.0
-0.9995732644699098 -0.02921111016322443 59.90165684407113 51.92723004458075 273.7515263489334 1.0 52.20096733906179 264.384525932905 1.0 51.65349275009971 283.1185267649618 1.0
0.07730309235095753 0.9970076388438454 -380.5908641936638 163.1508370458158 369.0832302920892 1.0 86.82662091908755 375.0010364331743 1.0 239.47505317254402 363.165424151004 1.0
0.06888170665244889 0.9976248345388391 -321.65780335223224 248.1450415013947 305.2902642876385 1.0 236.90547044514622 306.0663083571045 1.0 259.38461255764315 304.5142202181725 1.0
0.085256291106172 0.9963590541701419 -381.31616029634887 306.83897908964946 356.4540368112249 1.0 240.53961443506893 362.127130169977 1.0 373.13834374423 350.7809434524728 1.0
-0.9997848648077176 -0.02074184421438683 318.1491167702836 312.2012759755788 289.9938025795391 1.0 312.4737230032601 276.8614884071741 1.0 311.92882894789756 303.12611675190414 1.0
-0.08970223483778608 -0.9959686285546884 379.96082292735593 255.60050623543316 358.4780444445129 1.0 341.8823888632523 350.70703893708196 1.0 169.31862360761406 366.24904995194385 1.0
0.11242604768522221 0.9936600947013422 -403.72358576688845 386.8780326071286 362.52680322530796 1.0 367.06100413284736 364.76896852922766 1.0 406.6950610814098 360.2846379213882 1.0
0.030710850025677663 -0.9995283105999051 249.37565383486523 211.88257373807278 256.0035019182318 1.0 300.6447947532576 258.730751590537 1.0 123.12035272288793 253.27625224592654 1.0
-0.01417107065187667 -0.9998995853367374 315.7960032495042 20.632586561127887 315.53530177869106 1.0 26.89018747064938 315.4466159687353 1.0 14.374985651606398 315.6239875886469 1.0
0.12779135423177868 -0.991801073695531 282.91489465571027 36.79516041638064 289.994642739003 1.0 43.2599529833684 290.8276168291445 1.0 30.33036784939288 289.1616686488615 1.0
0.12037905649766065 0.9927280003891967 -406.6676314620079 215.27790518382432 383.54179614346833 1.0 154.70984150388347 390.88633196478395 1.0 275.84596886376517 376.19726032215266 1.0
0.08058943958865412 0.99674738134935 -388.6577934588028 503.16493870951194 349.24397047955335 1.0 495.66344407226455 349.85048448721966 1.0 510.66643334675933 348.6374564718871 1.0
0.1509660232212571 -0.9885389521069764 262.77029909390933 161.2772588203445 290.4465068190573 1.0 165.73909407511144 291.12790184476154 1.0 156.81542356557756 289.76511179335307 1.0
0.9999804987802043 0.006245162871673772 -380.561495607334 378.80852526854153 281.875365506962 1.0 378.7695181380575 288.12121859341426 1.0 378.8475323990256 275.6295124205097 1.0
0.07353430332528461 -0.9972926883490448 277.69937489479497 145.01689250708864 289.1458991172072 1.0 149.45990462567585 289.47349983525413 1.0 140.5738803885014 288.81829839916026 1.0
0.03733942223950705 -0.9993026406183564 288.20639889030457 20.008215206616498 289.15513913518976 1.0 29.416786006421813 289.5066948936603 1.0 10.599644406811183 288.8035833767192 1.0
0.9943847700826005 0.10582499245345445 -564.986163355517 540.3765208974268 261.2235562129009 1.0 539.3759838537375 270.6251047042528 1.0 541.377057941116 251.822007721549 1.0
0.10684556339081834 0.9942756285777595 -401.2760944061983 345.5793475966036 366.45017120372137 1.0 337.899382555473 367.27546568752075 1.0 353.2593126377342 365.624876719922 1.0
-0.2420739710774859 0.9702577969420172 -39.85331680805186 480.83327117880617 161.04022733024328 1.0 468.1849906801915 157.88455107878562 1.0 493.4815516774208 164.19590358170097 1.0
-0.9990190062536229 -0.04428346355044645 288.62114853586047 276.0501398827169 289.99114081097207 1.0 276.5214157545218 279.3593266895338 1.0 275.578864010912 300.6229549324103 1.0
0.011221045894662727 -0.9999370420826652 309.4576049087139 128.75368151048542 310.92193087527147 1.0 149.3830972902973 311.1534290711611 1.0 108.12426573067357 310.69043267938184 1.0
0.9997363400026341 0.02296193541793986 -145.55450075383868 139.19032795323704 278.76011344853674 1.0 138.94609218315082 289.39385883800287 1.0 139.4345637233233 268.1263680590706 1.0
0.040677130930581284 -0.9991723430015745 266.1225757061087 234.3644483022788 275.88418653291296 1.0 240.65491120142227 276.1402764705045 1.0 228.0739854031353 275.6280965953215 1.0
0.031152723652968145 -0.9995146361154507 299.4494800502133 245.63276895370228 307.2507382333813 1.0 256.8913119185823 307.6016428275182 1.0 234.37422598882225 306.89983363924443 1.0
-0.004316440459695868 0.9999906841274863 -307.64454413622957 90.00038461974728 308.0358950609184 1.0 85.62007063294172 308.01698752025936 1.0 94.38069860655283 308.0548026015775 1.0
0.04250167316769872 -0.9990963956385521 265.52819907135296 255.6614052550506 276.6442134769652 1.0 263.1743968561792 276.9638169856324 1.0 248.14841365392198 276.324609968298 1.0
-0.05492971885476535 -0.9984902232803967 298.19821149651403 349.3436833837168 279.4307392093585 1.0 355.60910466316017 279.0860609928249 1.0 343.0782621042734 279.77541742589204 1.0
-0.9998290171356898 -0.01849152490954079 189.3937797287738 184.23657168326972 280.5993214526045 1.0 184.42145531502618 270.60274081753926 1.0 184.05168805151325 290.5959020876697 1.0
-0.016829928956013356 0.9998583667156741 -339.4379959170606 513.7498539497869 348.1336767762247 1.0 510.60470466352916 348.08073663909545 1.0 516.8950032360448 348.186616913354 1.0
0.04014254963759702 -0.9991939630064791 248.97921094393547 47.4814141972912 251.08762188206566 1.0 61.88338771467419 251.66622019050757 1.0 33.07944067990821 250.50902357362378 1.0
0.0693772063310406 0.9975904987727681 -379.9660410291342 43.10836623601355 377.88581935567527 1.0 0.5533894412391316 380.84529562287673 1.0 85.66334303078797 374.92634308847374 1.0
-0.046788506064478874 0.9989048181384721 -253.51226500154982 48.13461025584039 256.0448271558556 1.0 34.38550047487358 255.4008215462253 1.0 61.883720036807205 256.688832765486 1.0
0.010917948287726046 -0.9999403974263599 335.81312216051543 527.496258645554 341.5926588359795 1.0 535.6271134435649 341.6814363795692 1.0 519.3654038475432 341.5038812923897 1.0
-0.07011728377353538 -0.9975387543931421 376.9363240373272 84.37923886529389 371.9353051370183 1.0 168.15464198550794 366.04670813970574 1.0 0.6038357450798237 377.82390213433087 1.0
-0.02816304712496929 0.9996033427198195 -305.0368407183857 340.6143099331566 314.754427215496 1.0 316.8479575721524 314.08482871284355 1.0 364.38066229416086 315.42402571814847 1.0
-0.9999824268318702 -0.005928408508461627 410.3953685663803 408.7203662053462 283.7498243156723 1.0 408.7685556442746 275.62140468694054 1.0 408.67217676641775 291.878243944404 1.0
-0.9999445805750293 -0.010527857266729957 427.43659987862145 425.28225629503083 206.87139144321088 1.0 425.3481903011225 200.60892507455364 1.0 425.21632228893924 213.1338578118681 1.0
-0.04209811168373862 -0.9991134815388408 222.58826026576156 49.37837854761705 220.70518299009632 1.0 63.15658608492936 220.12463180104206 1.0 35.60017101030473 221.28573417915055 1.0
0.10043542280125492 0.9949435792278541 -403.7529566719114 77.91699900011885 397.93947938354137 1.0 0.38685116727149804 405.7658258618803 1.0 155.4471468329662 390.11313290520246 1.0
-0.028986666671624497 0.9995797982928968 -257.0052540573641 523.7557531086143 272.30160909105666 1.0 510.6236720319359 271.92079381495313 1.0 536.8878341852926 272.6824243671602 1.0
-0.006207374989658056 0.9999807340622807 -307.59734124338974 24.381178856030637 307.75461354445645 1.0 13.127732800829365 307.6847578390303 1.0 35.63462491123191 307.82446924988267 1.0
0.08963792305147059 -0.9959744187232014 275.36283493293917 297.48876197120603 303.24986667266074 1.0 303.06856533668054 303.7520502381362 1.0 291.9089586057315 302.7476831071853 1.0
-0.07089609392143112 -0.99748370606576 374.13277049160445 366.22668980998253 349.04703362778343 1.0 374.39924860203723 348.4661695072203 1.0 358.0541310179278 349.6278977483465 1.0
-0.002827281088829735 -0.9999960032328354 281.37937227799495 328.7495081243743 280.4510259081642 1.0 335.62445316893564 280.4315884283659 1.0 321.87456307981296 280.4704633879625 1.0
0.2463354524402204 -0.9691846288871238 269.71291535656707 56.22960820175935 292.5802296917249 1.0 66.95594759743642 295.3065189758374 1.0 45.50326880608228 289.85394040761247 1.0
0.006464487021566246 -0.9999791049854732 257.2554527128922 378.1269052810286 259.7052757300954 1.0 438.12843812544776 260.09316296535167 1.0 318.12537243660944 259.3173884948392 1.0
0.0618418803508512 -0.9980859591411309 291.91448604886074 169.42321536559865 302.9718367367576 1.0 183.23636120169738 303.8277058172123 1.0 155.6100695294999 302.11596765630287 1.0
-0.16131090107932525 0.9869036392642273 -252.14623340053686 474.4896916480988 333.04831397540624 1.0 465.66888036641996 331.6065389535215 1.0 483.31050292977767 334.49008899729097 1.0
0.9992764177687556 0.038034732695833164 -73.69638069209196 65.04384149231343 228.72787978571222 1.0 64.21062544096941 250.61874353051513 1.0 65.87705754365746 206.8370160409093 1.0
0.03613602248372848 -0.9993468806570897 284.7139362906465 127.495111679063 289.51018721608705 1.0 134.4062747474171 289.76009237800895 1.0 120.5839486107089 289.26028205416515 1.0
-0.025723986816997647 0.9996690834982539 -328.6212002334888 563.1064694891357 343.2201208329078 1.0 549.3494960157767 342.86611948374923 1.0 576.8634429624948 343.57412218206633 1.0
0.09622916386823012 0.9953592055239261 -385.48711798409676 435.6412013891688 345.16758123216783 1.0 406.8581073082584 347.95026818736477 1.0 464.4242954700793 342.3848942769709 1.0
0.9999027564784789 0.013945522103520618 -415.8237986477132 412.45597891747445 244.37438604331732 1.0 412.3687063315337 250.6318856621451 1.0 412.54325150341515 238.1168864244895 1.0
-0.08628334139129534 -0.9962706384303179 181.68394849407014 293.75416408208264 156.9230805755558 1.0 315.7886646024734 155.0147534027476 1.0 271.7196635616919 158.831407748364 1.0
-0.10983549828646734 -0.9939497790714396 187.87184288117447 175.03299313943825 169.67356944400615 1.0 225.72957996516925 164.07139014614535 1.0 124.33640631370724 175.27574874186692 1.0
-0.042843454955925724 0.9990817976359291 -318.7143635950361 616.36519354396 345.438760687742 1.0 594.4768413096793 344.500126198326 1.0 638.2535457782406 346.377395177158 1.0
0.0035873005620950032 0.9999935656166379 -344.8455781212342 587.4986197747685 342.740249314443 1.0 578.1192563222183 342.77389612672494 1.0 596.8779832273186 342.7066025021611 1.0
0.9996777598986879 0.025384569406262474 -13.062900241414173 7.131792632885933 233.74065020165364 1.0 6.830045272582932 245.62385847575686 1.0 7.433539993188933 221.8574419275504 1.0
0.9995219252118852 0.030917972454976957 -63.50253788208858 55.02637695412807 275.00081591200814 1.0 54.73606208456655 284.38616864703374 1.0 55.31669182368958 265.61546317698253 1.0
-0.1271158545042383 0.9918878764929318 -288.6978671157297 131.81706715181798 307.9520513195348 1.0 125.43164863912115 307.1337250249554 1.0 138.20248566451482 308.7703776141141 1.0
0.10233597881303477 0.9947498919026724 -387.57396049897034 390.01250395006065 349.49654379247136 1.0 371.8228240180487 351.36782693136956 1.0 408.2021838820726 347.6252606535732 1.0
0.012756407736139617 -0.999918633720599 354.9528702074179 200.63244637687177 357.54131130473354 1.0 210.63081911748844 357.6688650026806 1.0 190.63407363625507 357.41375760678653 1.0
-0.25967852241919703 0.9656951201047784 -124.00388629316657 565.9239020908697 280.58769620833357 1.0 558.0333318354217 278.4658964991694 1.0 573.8144723463178 282.7094959174978 1.0
-0.19101326855270545 0.9815874547063098 -111.37461427830667 452.9346517458995 201.60317004895018 1.0 442.8307718632969 199.63699259610436 1.0 463.038531628502 203.56934750179596 1.0
0.2021830156633289 0.979347756508015 -431.71002636558234 497.4963639211968 338.10738731573656 1.0 488.00957620005005 340.0659023964862 1.0 506.9831516423436 336.14887223498687 1.0
-0.10399884452301043 -0.9945774179710087 385.11746778378574 349.9993931693055 350.6191966652802 1.0 356.9293284494505 349.8945620126811 1.0 343.0694578891605 351.3438313178793 1.0
-0.9996927847652024 -0.024785804170834636 399.58078403143037 392.6373696073954 285.0034058625208 1.0 392.87004909489616 275.61867889485313 1.0 392.40469011989467 294.38813283018845 1.0
-0.09628600581626824 -0.9953537085297615 382.75486901025954 420.574896078553 343.8570522089233 1.0 465.63689447217445 339.4979587507497 1.0 375.51289768493154 348.2161456670969 1.0
0.006343302919465032 -0.9999798810516499 257.8460420959534 37.49626318191485 258.0890847326297 1.0 51.87464925253018 258.1802930259836 1.0 23.11787711129951 257.99787643927584 1.0
0.27142868368939194 -0.9624585547807469 265.21958459168434 22.327571822833576 281.8614128099629 1.0 31.82825390921378 284.5407568918959 1.0 12.826889736453374 279.18206872802995 1.0
-0.9994493211281501 -0.033182141228076396 75.28366519265106 67.21279703585927 244.34471447481639 1.0 68.58218293059402 203.0986781371412 1.0 65.84341114112452 285.59075081249154 1.0
-0.9974442401399856 -0.07144919741723195 543.6422263123003 521.2144502946878 332.5422236640184 1.0 521.7107893386341 325.6132372171899 1.0 520.7181112507416 339.4712101108469 1.0
-0.9999661323496312 0.008230076167334099 262.1133918990477 264.4781591328574 286.2440069919055 1.0 264.43182418844515 280.61424437312394 1.0 264.5244940772697 291.8737696106871 1.0
0.9998133356537927 -0.01932081387614325 -59.19441504402005 64.27816328313199 262.5018713134905 1.0 64.48340861142817 273.12290506634656 1.0 64.0729179548358 251.88083756063438 1.0
0.9992651894071363 0.03832859557980592 -406.45647260017705 395.75249128414214 286.85591716736485 1.0 395.4643198734545 294.36883682764756 1.0 396.04066269482985 279.3429975070822 1.0
-0.9998469423590262 0.017495480996708924 405.4822010959797 409.8093160751305 243.74240026816395 1.0 409.7105364424258 238.09725603087549 1.0 409.90809570783523 249.3875445054524 1.0
-0.9990652098627384 -0.04322853735580853 147.85042675569292 135.9293062201686 278.70908079023764 1.0 136.3881800774639 268.10393579618307 1.0 135.47043236287328 289.31422578429226 1.0
-0.964508561091698 -0.26405157750110536 99.23513381425882 11.97559517899891 332.0736447392701 1.0 13.698076289897845 325.7818899483948 1.0 10.253114068099975 338.3653995301454 1.0
0.9984567069886263 0.055535612623152306 -201.4795009164575 184.09720817652334 318.109548815196 1.0 183.60816625330884 326.90187440896386 1.0 184.5862500997378 309.3172232214281 1.0
-0.05246111046664219 -0.9986229678355124 323.5571342677214 79.98955476853128 319.8011698960195 1.0 143.10453937471877 316.4855219626435 1.0 16.874570162343783 323.1168178293955 1.0
-0.050427538125899764 -0.9987277223540763 171.20778710576624 261.1925812898617 158.2378106838424 1.0 270.5437412592232 157.76565399356363 1.0 251.84142132050022 158.7099673741212 1.0
-0.08321552981512426 0.9965315728051912 -293.11347022954044 424.8757468919076 329.6129691988781 1.0 388.0487825347254 326.53772759680925 1.0 461.70271124908993 332.68821080094693 1.0
0.39071083484860314 0.9205134673278319 -431.3285894065374 425.02091936999216 288.17428596826176 1.0 415.72835489197166 292.11850379228935 1.0 434.3134838480127 284.23006814423417 1.0
0.1911406402253062 -0.9815626600753821 90.14008300482618 368.65332390010633 163.62145983013045 1.0 374.30733660724667 164.7224711589455 1.0 362.99931119296605 162.52044850131543 1.0
-0.06304239989086632 0.9980108495482402 -301.2636345021771 358.1180070444317 324.4857039950836 1.0 350.5691683769709 324.0088585718088 1.0 365.66684571189245 324.96254941835844 1.0
-0.03567211825405908 -0.9993635474537125 291.8388138539291 368.1297952768962 278.884340912863 1.0 373.14571366094475 278.70529852713224 1.0 363.1138768928476 279.0633832985938 1.0
-0.030489368717032988 0.9995350911274886 -303.35779146739975 424.3500458487408 316.4430736729672 1.0 388.0956499144898 315.3371858906725 1.0 460.6044417829919 317.54896145526186 1.0
0.05810833905904636 0.9983102828939503 -307.8780167108718 248.75987387181516 293.9196346501149 1.0 235.64293512683244 294.68312826234205 1.0 261.87681261679785 293.1561410378878 1.0
-0.05873110508228944 0.998273838831717 -293.2787478573635 514.3575330925901 324.04689134383204 1.0 508.09244790591043 323.67829971883367 1.0 520.6226182792697 324.4154829688305 1.0
-0.00857373093749782 0.9999632448934367 -321.6368873950046 336.8736103230291 324.53707948479837 1.0 333.1131692115009 324.5048372894365 1.0 340.6340514345573 324.5693216801603 1.0
0.017764186289486297 -0.9998422043930095 303.31445287157 340.63540456447754 309.4143878861963 1.0 356.9135792053269 309.70360204969364 1.0 324.3572299236281 309.125173722699 1.0
-0.05103690093352758 0.9986967681649428 -306.9235566528872 323.12057119260817 323.8366634836394 1.0 314.2977934110695 323.3857886536124 1.0 331.9433489741468 324.28753831366646 1.0
0.1769732180142383 -0.984215667476232 96.31507152149955 338.2498070245481 158.68090046138232 1.0 360.91601689639253 162.75654387345315 1.0 315.5835971527037 154.6052570493115 1.0
0.9996056841201809 0.028079819704286278 -38.279945057873825 31.58807711295891 238.75949688915222 1.0 31.11392420315739 255.63873431913385 1.0 32.06223002276043 221.88025945917062 1.0
0.02991622667425534 -0.9995524095221693 165.20465106533237 446.8405092181806 178.65239613769572 1.0 453.1036048621005 178.83984822843263 1.0 440.57741357426073 178.4649440469588 1.0
-0.9999497123019614 0.010028602456204381 375.4786611392689 377.50336506728996 199.99996625138078 1.0 377.43435903452945 193.1193901285049 1.0 377.5723711000505 206.88054237425663 1.0
-0.17018226666939493 0.9854126019649165 -307.8534813723688 536.2463209864779 405.02130272653136 1.0 522.9773855681208 402.7297372429125 1.0 549.5152564048352 407.3128682101502 1.0
0.07838140795275848 0.9969234448478695 -377.59699513023793 476.2553083054821 341.3175156816621 1.0 465.6467468702864 342.1515957566581 1.0 486.86386974067784 340.4834356066661 1.0
0.15533558369415004 0.9878617597813967 -413.28637091460644 630.5985182215097 319.20658825763337 1.0 623.0876741943908 320.3876253100712 1.0 638.1093622486287 318.0255512051956 1.0
0.051517712218551524 -0.9986720809794206 299.0678118543435 341.2721605789368 317.070416648383 1.0 365.6789349479297 318.32946974706556 1.0 316.86538620994384 315.81136354970045 1.0
0.08894091083071111 0.9960369041258479 -353.95456208299447 486.8761070162137 311.887397320784 1.0 465.57273376194104 313.789677661154 1.0 508.17948027048647 309.9851169804139 1.0
0.19161967295557775 -0.9814692562359748 90.33693139644501 407.55136945744107 171.61188743744162 1.0 437.023205409297 177.36589708228095 1.0 378.07953350558506 165.8578777926023 1.0
0.9989654325549422 -0.04547597783794603 -350.59198340233894 362.01868416659414 243.0331032902339 1.0 362.3632787616828 250.60277204954104 1.0 361.6740895715055 235.46343453092678 1.0
-0.04149354627004847 0.9991387719520926 -310.1474794173099 303.7539656041994 323.02951071875077 1.0 298.0868279840182 322.7941583896621 1.0 309.4211032243805 323.2648630478394 1.0
-0.02468937566450007 0.9996951709042597 -305.5807095669579 233.74514287925763 311.44666921580426 1.0 210.61881292012734 310.8755204649449 1.0 256.8714728383879 312.0178179666637 1.0
0.9996307886521288 0.02717142577640749 -128.0739788701635 121.53003316511885 242.49062329726564 1.0 121.07168464512061 259.3531647146247 1.0 121.98838168511708 225.6280818799066 1.0
-0.0941623952706618 -0.9955568508713561 184.96452592551935 239.82096627578628 163.10711855655703 1.0 251.76644594837342 161.9772835525155 1.0 227.87548660319914 164.23695356059855 1.0
0.07718319192681408 0.9970169280829633 -334.5123429268658 52.46721507641895 331.451499455643 1.0 16.76586837524745 334.21528792990745 1.0 88.16856177759045 328.68771098137853 1.0
-0.006865490960681471 -0.9999764322392147 227.26677367333838 49.375399138999114 226.93313562272417 1.0 61.87480995192247 226.84731900826876 1.0 36.875988326075756 227.01895223717958 1.0
0.9976433603501405 -0.0686128672282373 -107.91274082120356 122.78394201349205 212.52345624426067 1.0 123.60268433109859 224.428115967644 1.0 121.96519969588552 200.6187965208773 1.0
-0.0721494328150251 0.9973938336206366 -292.9799965630288 620.0111482584018 338.5958864643592 1.0 601.8455710589291 337.28182571170566 1.0 638.1767254578746 339.9099472170127 1.0
0.08082469440089371 0.9967283324833314 -398.31261128921557 342.39702080417 371.85506284897303 1.0 335.5669326438418 372.40891465622957 1.0 349.22710896449814 371.3012110417165 1.0
0.04840321778992953 0.9988278773179996 -332.86056515429016 135.6155137603771 326.6792460600992 1.0 89.3530053587003 328.9211280905523 1.0 181.8780221620539 324.4373640296462 1.0
0.09860052601924121 0.9951270955354039 -312.6561952063411 233.72806687251114 291.0286396246026 1.0 226.85858102624124 291.7092912930807 1.0 240.59755271878103 290.3479879561245 1.0
0.20159816285053783 0.9794683153299487 -406.2165956337404 536.8463556175548 304.2358307505359 1.0 516.9187207043209 308.33741783159513 1.0 556.7739905307886 300.13424366947663 1.0
0.11138385615207955 -0.9937774582816279 274.8692073562732 109.3640202757773 288.84796215365134 1.0 118.21300978116665 289.83976828282624 1.0 100.51503077038797 287.8561560244765 1.0
0.03611341423369235 0.9993476979071828 -331.2882715960828 234.37174853773456 323.0350239786594 1.0 213.10435001312388 323.8035636713016 1.0 255.63914706234527 322.2664842860172 1.0
0.04909442205080463 0.9987941418147673 -339.0922470367294 173.11234423089087 330.99252659429834 1.0 164.35278701259767 331.42309119319725 1.0 181.87190144918404 330.56196199539943 1.0
0.9997862089756823 0.02067695195219523 -99.01877701924286 93.89566424864907 248.74008667832112 1.0 93.10698956838846 286.8746275195379 1.0 94.68433892890968 210.60554583710433 1.0
0.010539151575077439 0.9999444615997819 -225.6437842300747 48.751501794645264 225.14248881679825 1.0 35.62137303326208 225.2808769198686 1.0 61.88163055602844 225.0041007137279 1.0
-0.999927169082167 -0.01206882476977733 427.90743735831376 424.98171184576324 244.98469213762326 1.0 425.0496850761426 239.3529689894956 1.0 424.9137386153838 250.61641528575095 1.0
0.003447927300162425 0.9999940558810002 -293.55511015780826 129.3749509598998 293.11077701777504 1.0 121.87073023791321 293.13665117906794 1.0 136.8791716818864 293.0849028564822 1.0
-0.07884175719452026 0.996887143724143 -292.4087349216534 151.22769000120581 305.28209101072616 1.0 119.30521217987724 302.75740778927906 1.0 183.15016782253437 307.8067742321732 1.0
-0.09417332995034994 -0.9955558165798956 186.64414415847293 261.89427569697426 162.70377353388142 1.0 270.62527206032655 161.87787609284598 1.0 253.16327933362197 163.52967097491685 1.0
0.007614008250320878 0.9999710130190597 -372.541778456115 32.508033422884616 372.30505402093627 1.0 23.12881830368545 372.3764695123549 1.0 41.88724854208378 372.2336385295177 1.0
-0.08682542980939985 0.9962235415499943 -291.7245287606507 98.11354493274152 301.38143393240875 1.0 79.3427118366813 299.7454701316435 1.0 116.88437802880173 303.017397733174 1.0
0.0 -1.0 305.6249999999999 95.0 305.62499999999994 1.0 108.125 305.62499999999994 1.0 81.875 305.62499999999994 1.0
0.9998469529657042 0.017494874826559967 -98.87198114412644 95.56259960139239 189.99890814573217 1.0 95.24517093724357 208.1402258618978 1.0 95.88002826554121 171.85759042956653 1.0
1.0 0.0 -120.625 120.625 273.75 1.0 120.625 283.125 1.0 120.625 264.375 1.0
0.9999046841075756 -0.013806617968543065 -593.2133779130196 597.7920878507173 327.50459682901305 1.0 597.9732824391841 340.62709490607915 1.0 597.6108932622503 314.382098751947 1.0
0.07067323001975767 0.9974995210818772 -370.75139139666044 375.58570479338357 345.0703776943584 1.0 363.0600179700288 345.9578274898854 1.0 388.1113916167383 344.1829278988314 1.0
0.0759894285987611 -0.997108623341125 293.86931886531903 619.9926857141625 341.97097568525885 1.0 638.1077369795205 343.35151975284424 1.0 601.8776344488043 340.59043161767346 1.0
0.1858339812575662 -0.982581157670939 154.94768002493325 379.2480741183409 229.42110965871274 1.0 383.21093992695074 230.17060004396404 1.0 375.28520830973105 228.67161927346146 1.0
0.03374279197348765 0.999430549858185 -323.84586795713926 126.2632510849175 319.7674849815553 1.0 98.12811906378367 320.71738380851275 1.0 154.39838310605134 318.81758615459785 1.0
-0.05742861121188988 0.99834961542251 -299.2113937239192 329.3447367795366 318.6511014305148 1.0 314.3225401704255 317.7869713950181 1.0 344.36693338864774 319.5152314660116 1.0
0.03414795301425495 0.9994167885846906 -360.7628173718651 313.73731012948036 350.2536023458861 1.0 301.8761573614843 350.6588727916528 1.0 325.59846289747645 349.84833190011943 1.0
0.17229923013479642 0.9850446564978445 -394.1218862039799 310.6500485935127 345.76820425676397 1.0 305.58633067208416 346.65392521746014 1.0 315.7137665149412 344.8824832960678 1.0
-0.056675783775551554 -0.9983926359571302 211.82624358872417 41.898491375000276 209.78882075811543 1.0 63.15096416153386 208.58238101791179 1.0 20.646018588466692 210.9952604983191 1.0
-0.0599957966271605 -0.9981986297261043 347.2865940512719 558.0871349545685 314.3700085907826 1.0 570.6544307381241 313.6146630117264 1.0 545.5198391710127 315.12535416983883 1.0
0.9992640067008876 0.038359417514981516 -134.57768209025375 124.04777821236837 276.88643101192326 1.0 123.66354670689098 286.8956735535778 1.0 124.43200971784574 266.8771884702687 1.0
-0.07654137601377749 0.9970664058917628 -292.06536946593343 53.162935872004475 297.00582827845864 1.0 43.17382367274776 296.23899831771666 1.0 63.15204807126119 297.7726582392006 1.0
0.02797269607403928 -0.9996086875744676 348.35684787502674 149.9597137014185 352.68963720714225 1.0 158.09583221240416 352.91731547080605 1.0 141.82359519043285 352.4619589434785 1.0
0.14988233306641674 -0.9887038415190708 388.99413976837207 329.9496515405924 443.45712530264507 1.0 335.63352407376016 444.318770661294 1.0 324.2657790074247 442.5954799439961 1.0
-0.0661084390254977 -0.9978124444451533 308.2579800821832 55.641388454287764 305.2473603048961 1.0 64.39437549378593 304.6674453988304 1.0 46.888401414789605 305.8272752109619 1.0
-0.9997472420724288 -0.022482258973962645 607.0226868806457 599.853593073658 325.6217076093885 1.0 600.078674745186 315.61271426882126 1.0 599.6285114021298 335.6307009499558 1.0
0.04501215302982909 0.9989864393872517 -325.6998068320237 32.48047908705895 324.56675861961907 1.0 20.601434870810714 325.1020024778218 1.0 44.35952330330719 324.0315147614163 1.0
-0.012002840030924397 0.9999279633209543 -336.0685648932763 74.38117439894751 336.9856255562503 1.0 65.6249337608082 336.8805182290156 1.0 83.13741503708681 337.0907328834849 1.0
0.056664755909212744 -0.9983932619152381 206.31006558562058 425.65052404422977 230.8002842398771 1.0 433.1618009040678 231.22659387763724 1.0 418.1392471843918 230.373974602117 1.0
0.9999475584702406 0.010241108797610855 -320.7076167704922 319.3353514290926 135.63099496205515 1.0 319.2200794468445 146.88621541591073 1.0 319.45062341134076 124.37577450819958 1.0
-0.20514914103181772 -0.9787307239143499 419.49717963839754 526.6631401582346 318.22101954272534 1.0 532.1768965561831 317.06529574530134 1.0 521.149383760286 319.37674334014935 1.0
-0.03390651799077983 0.9994250087113794 -329.47051024562813 119.3763561192157 333.7100271706066 1.0 111.86379912015869 333.4551559728429 1.0 126.8889131182727 333.9648983683703 1.0
0.9996196712765837 0.02757739648507142 -323.9764570532904 316.04766039783283 291.8694178775249 1.0 315.73705736223275 303.1280914260655 1.0 316.35826343343297 280.61074432898425 1.0
0.0 1.0 -321.875 78.75 321.875 1.0 66.875 321.875 1.0 90.625 321.875 1.0
-0.30020351488454133 -0.9538751750889458 480.140835032273 612.4906054022317 310.59514933820975 1.0 623.2318951059838 307.21465154597104 1.0 601.7493156984797 313.97564713044846 1.0
0.16083052712669355 0.9869820370929503 -391.0780028040288 520.0398810899982 311.4947415932232 1.0 508.1744137067422 313.42824119314946 1.0 531.9053484732541 309.5612419932969 1.0
-0.07955184192552897 0.9968307300872379 -320.27747424063944 133.69293318733583 331.9650802691033 1.0 125.5697898882935 331.31681472896764 1.0 141.81607648637817 332.613345809239 1.0
-0.06885762394456607 -0.9976264970542374 352.4238810556626 485.650335125107 319.74206163624376 1.0 504.3973021307844 318.44811885506283 1.0 466.9033681194296 321.03600441742464 1.0
-0.07894102760595761 -0.9968792876574954 357.9417996822509 579.9514613068151 313.13704600949086 1.0 588.0750130314735 312.49375696848614 1.0 571.8279095821566 313.78033505049564 1.0
-0.020487314927773344 -0.9997901129372356 330.4716441696829 449.37669190890557 321.3325659097727 1.0 460.6347718299007 321.1018696607912 1.0 438.1186119879104 321.5632621587543 1.0
