0.08844687655297734 0.9960808953232777 -90.47502265823928 153.7217010681182 77.18129993388013 1.0 0.4180086578048048 90.79388182496233 1.0 307.02539347843157 63.568718042797926 1.0
-0.7415130576410128 0.670938436332184 189.4774036852213 347.02150703367613 101.11743699376098 1.0 318.7248435402203 69.84430620880349 1.0 375.318170527132 132.39056777871846 1.0
-0.7395904549775308 0.6730571735789828 188.70962063825226 412.2450154200735 172.61959672860573 1.0 375.88409502144515 132.66431400273552 1.0 448.60593581870194 212.57487945447593 1.0
0.9998267521029263 -0.0186135912524654 -563.2294052270245 565.2237277092786 101.88247041263371 1.0 566.89952685755 191.89781440871278 1.0 563.5479285610071 11.867126416554648 1.0
-0.9997759568101328 0.021166865246978514 570.2097339136063 572.4811479706772 101.25039912778617 1.0 570.5624905100374 10.626323426455393 1.0 574.399805431317 191.87447482911693 1.0
0.9999699482953082 0.007752580620581559 -365.6215596508723 364.57140693098216 136.87167719782315 1.0 364.51322675959835 144.3760716463025 1.0 364.629587102366 129.36728274934376 1.0
0.015742967799084427 0.9998760718033396 -213.05107640816718 462.52235944790823 205.79510561334223 1.0 448.1509221627881 206.02138272986343 1.0 476.8937967330283 205.56882849682103 1.0
-0.6985501126745048 -0.7155611365092689 406.39651886838897 576.7726678106428 4.87995588849939 1.0 582.1521004112767 -0.37159154409244777 1.0 571.3932352100088 10.131503321091229 1.0
0.1793415539556897 0.9837868707320495 -293.23303415275706 491.09776049011765 208.5398827183356 1.0 481.58320763386484 210.27435869600768 1.0 500.61231334637046 206.80540674066353 1.0
0.5348829317813157 -0.8449261797867459 -291.6119197110596 556.7572370359369 7.323744574643236 1.0 561.9027674186455 10.581137282450728 1.0 551.6117066532283 4.066351866835743 1.0
0.03867175293194388 -0.999251967986639 289.1048821833791 238.10908269124565 298.53629250400957 1.0 254.38308427505808 299.16610779447257 1.0 221.8350811074332 297.9064772135465 1.0
-0.019200922041462797 0.9998156453030517 -204.24853189431477 300.6118587286712 210.05928217380938 1.0 288.0924704434351 209.8188540512841 1.0 313.13124701390734 210.29971029633467 1.0
-0.020769756461525728 0.9997842853418577 -218.59613822224662 300.00258373779 224.87562779348315 1.0 284.37134579620636 224.55090073985895 1.0 315.6338216793737 225.20035484710738 1.0
0.9997045960987484 0.024304743138706078 -571.3214865475971 566.5814024401889 201.913446937483 1.0 566.3380576056244 211.92272570923186 1.0 566.8247472747535 191.90416816573418 1.0
-0.2869210295564516 -0.9579542383633289 458.92066764421725 431.9672123952156 349.6828730581826 1.0 439.1933563366266 347.5185393391366 1.0 424.74106845380464 351.84720677722856 1.0
-0.9999201275173452 -0.012638773108814042 287.85092790262615 285.9464027526948 152.4961625967719 1.0 286.8390446448765 81.87454553212505 1.0 285.05376086051314 223.11777966141878 1.0
0.9999508194913125 0.009917590365235074 -318.4539180686669 317.18646004748564 129.3718902862505 1.0 316.9756601428332 150.62599835516232 1.0 317.3972599521381 108.1177822173387 1.0
0.9999835545093866 0.005735042351435069 -351.46365263271196 350.61276763981544 149.37134538532467 1.0 350.4980481224042 169.37427191363165 1.0 350.7274871572267 129.36841885701773 1.0
-0.9998286229978071 0.018512823509907197 570.7376407720341 574.5268293608242 199.36061623009837 1.0 574.387364370852 191.828481069535 1.0 574.6662943507963 206.89275139066174 1.0
0.999892480164041 0.014663836858164164 -319.35816104436697 316.6430557368135 187.4782666743281 1.0 316.1021161066211 224.36366533797616 1.0 317.1839953670059 150.59286801068006 1.0
-0.9999904439141798 -0.004371736533914484 315.09698221071847 314.15186817669166 216.87402451713436 1.0 314.1737266504778 211.87412007753596 1.0 314.13000970290557 221.87392895673275 1.0
-0.02256037077075793 0.9997454824457503 -125.68857213284855 301.8460688176722 132.53206309763036 1.0 289.3383343038134 132.24981213166996 1.0 314.35380333153097 132.81431406359076 1.0
-0.9999997833478231 -0.0006582585409205335 361.5995684234349 361.4741661061046 190.6251475592859 1.0 361.4889771908817 168.12474589713383 1.0 361.4593550213275 213.12554922143792 1.0
0.9992631601486335 0.03838146388253595 -293.9409010334441 289.3546133341058 125.04722916009976 1.0 289.1868181589603 129.41578418673203 1.0 289.52240850925125 120.6786741334675 1.0
0.11325498728802018 0.9935659554626408 -255.73861152175897 510.7447704008091 199.17572452494662 1.0 503.2003127173315 200.0357051375466 1.0 518.2892280842867 198.31574391234662 1.0
0.9999641105425147 0.008472167781471956 -365.93833598145534 364.27811868020166 197.50447447065352 1.0 364.09275180031057 219.38319924988966 1.0 364.46348556009275 175.62574969141735 1.0
0.999957960090755 0.00916940843980417 -338.7129995510091 336.9850220673523 189.99527775847545 1.0 336.6239392395713 229.37269782456116 1.0 337.3461048951333 150.61785769238975 1.0
-0.03927412634351156 0.9992284738736952 -83.95140499493948 301.8404161128747 95.87989747882696 1.0 288.08709750579476 95.33933084492888 1.0 315.5937347199547 96.42046411272506 1.0
0.9998700679314092 0.016119778374380504 -290.2750391722425 287.68283203580984 163.1279475948841 1.0 287.19913911432866 193.13022572967532 1.0 288.1665249572911 133.12566946009287 1.0
0.999999728304252 -0.0007371508815054323 -371.81770204991267 371.94173690020955 168.1254115242479 1.0 371.95832313015677 190.62586001711668 1.0 371.9251506702624 145.62496303137914 1.0
0.0522649062710513 -0.9986332557913732 65.3125363217451 298.76109453103584 81.0380151627487 1.0 309.4549338268305 81.5976926071269 1.0 288.0672552352412 80.47833771837051 1.0
0.04285508910648987 -0.999081298662764 116.19106358277557 301.9072538208395 129.24806621843328 1.0 313.1633523596876 129.73089089598398 1.0 290.65115528199146 128.7652415408826 1.0
0.9994944045223044 0.03179520920837259 -354.89743093207414 351.16091342858033 123.10228398295334 1.0 351.0007540909476 128.1369532234283 1.0 351.321072766213 118.06761474247837 1.0
-0.015399426371340355 0.9998814218033225 -143.15470297323128 327.50822862778796 148.21571697843137 1.0 319.3947789094495 148.0907596896663 1.0 335.6216783461264 148.34067426719648 1.0
-0.03330403368199974 0.9994452668057957 -110.59110755676495 301.24780651657795 120.69082585896149 1.0 290.59298437879875 120.33578034807883 1.0 311.9026286543571 121.04587136984414 1.0
0.01817361446177766 -0.9998348462308136 217.16996897558923 300.6219076043547 222.67013043448162 1.0 313.12913573421014 222.89746952240637 1.0 288.11467947449927 222.44279134655687 1.0
0.9999992808959706 0.0011992529098629765 -394.9045960289102 394.66053253872985 203.74959289236648 1.0 394.61031296036214 245.62528219995536 1.0 394.7107521170976 161.87390358477762 1.0
-0.12957750067623836 0.9915692972851163 -129.17803968944528 524.4487149607677 198.8109090778383 1.0 519.2114539259514 198.12650789968703 1.0 529.6859759955839 199.49531025598952 1.0
0.9999872650230107 0.005046760525252979 -372.9161672948473 371.83269591490586 215.62478649869433 1.0 371.71280504161285 239.3804899614577 1.0 371.95258678819886 191.869083035931 1.0
-0.9995090264218607 -0.03133218953766451 70.07386328572305 64.95495617153543 164.39318022269907 1.0 66.83641881241586 104.37379057312138 1.0 63.073493530654986 224.41256987227675 1.0
-0.9998786037156583 -0.015581329584653636 316.93507534192435 314.4219426345412 163.7409920041327 1.0 314.87974036396685 134.3633864541435 1.0 313.9641449051155 193.11859755412192 1.0
-0.9999984861514063 0.001740027268716035 405.063446679852 405.4414294264891 216.87531941828718 1.0 405.4153290569704 201.87536483371062 1.0 405.46752979600774 231.87527400286373 1.0
-0.0475491813739717 -0.9988688979794422 302.82759125115473 307.5193580681068 288.531656257755 1.0 333.2051603699647 287.30893436216127 1.0 281.8335557662489 289.7543781533487 1.0
0.02068786822793402 0.9997859831524863 -204.80290740950034 548.1328552175096 193.50462037819224 1.0 531.863955719907 193.84126127403542 1.0 564.401754715112 193.16797948234907 1.0
0.12912507949461802 -0.9916283143625481 239.67104117347105 525.0726764034506 310.06687465572327 1.0 530.763944274983 310.807964241098 1.0 519.3814085319182 309.3257850703485 1.0
0.021533898678830155 0.9997681187193808 -209.16252678088514 631.2632319366505 195.61432760548288 1.0 624.3510532370273 195.7632082838929 1.0 638.1754106362737 195.46544692707286 1.0
0.9998265316668915 0.018625428181774387 -367.31657152480346 364.50423929607655 154.38905046715206 1.0 364.36435600001874 161.89808754112727 1.0 364.64412259213435 146.88001339317685 1.0
0.9997613312772183 0.021846749936865684 -340.2277801067925 337.5371122858626 126.84849601973661 1.0 337.0447828294357 149.37871008850033 1.0 338.02944174228946 104.3182819509729 1.0
0.9999986370142577 -0.0016510510672362606 -317.7924788384634 317.9507995452402 95.62838333920925 1.0 317.9714427666442 108.13144498112055 1.0 317.9301563238362 83.12532169729793 1.0
-0.9998736534756028 -0.015895819744529773 138.98587354266147 134.8402327164481 261.87246004714535 1.0 135.19800139529286 239.3682116494639 1.0 134.4824640376033 284.3767084448268 1.0
0.02637866581182509 -0.9996520224508066 109.19503713938046 302.50750549779235 117.21556991922347 1.0 315.63985360555364 117.56210432747675 1.0 289.37515739003106 116.86903551097018 1.0
0.03331195819265703 -0.9994450027096892 203.4628163503466 326.26831600964107 214.45047228387168 1.0 331.9078824415901 214.63844160754277 1.0 320.628749577692 214.26250296020058 1.0
0.999876926494733 0.015688590231319532 -353.52292400183285 350.38931998866013 202.48649548193342 1.0 349.8891538884593 234.36345419089952 1.0 350.88948608886096 170.60953677296732 1.0
0.9985478741542171 -0.053871541857401804 -364.36920449188415 372.6203108372383 143.1185092443017 1.0 372.8238496026238 146.89124702896828 1.0 372.4167720718528 139.3457714596351 1.0
-0.017862933397490597 0.9998404450763316 -200.8834555458223 326.2634982111242 206.74446578185706 1.0 320.6291305087664 206.64380338567193 1.0 331.897865913482 206.8451281780422 1.0
0.9999824885051936 0.00591799653263724 -381.623278511703 380.4426489633485 200.62392082829945 1.0 380.19113851511247 243.12243236427364 1.0 380.69415941158456 158.12540929232526 1.0
-0.9995922590865394 -0.028553731354567586 96.40264972832692 91.83583771840506 161.2488813145983 1.0 93.71095058681358 95.60603117708453 1.0 89.96072484999655 226.89173145211205 1.0
-0.014755712057630644 -0.9998911285543403 213.1606522583176 9.989469828220257 213.0364441035718 1.0 19.371649915724635 212.89798828184226 1.0 0.6072897407158762 213.1748999253013 1.0
-0.9999372261335947 -0.011204632624605219 270.0770247957925 267.05458816760995 271.2450090107477 1.0 267.4117918778496 239.3670082633342 1.0 266.69738445737033 303.12300975816123 1.0
0.0012316288192009749 0.9999992415449381 -217.90425490038155 327.4992315398548 217.50106237333324 1.0 319.37424386474487 217.5110693498994 1.0 335.6242192149647 217.49105539676708 1.0
-0.9999389907443536 -0.011046030470884533 336.95755454633957 335.0380312251337 175.62542011970285 1.0 335.3280480940976 149.37171966006792 1.0 334.7480143561698 201.87912057933778 1.0
-0.9999592868874031 -0.009023556263259657 22.61395025739851 20.624018797140447 220.61935119341575 1.0 20.65790664581846 216.8640170424905 1.0 20.590130948462434 224.37468534434097 1.0
0.9999995371966307 -0.000962084468430609 -410.5834845621102 410.7905226848517 214.99984075312204 1.0 410.8247969281773 250.6248077783896 1.0 410.7562484415261 179.37487372785446 1.0
-0.05215600333690832 0.9986389494286313 -162.40615101400164 582.5690244459256 193.05337840796975 1.0 575.6476198851552 192.69189360951063 1.0 589.490429006696 193.41486320642886 1.0
-0.9999561222579 0.009367686958044736 572.6772085943279 575.4249036735853 290.6210194607414 1.0 575.0384486957008 249.3687847475947 1.0 575.8113586514696 331.8732541738882 1.0
0.9999410722007759 0.010855971903176035 -289.66386938251173 288.5274508849278 106.24758387068252 1.0 288.4256084881181 115.62826358961702 1.0 288.6292932817376 96.86690415174802 1.0
0.9997212024051084 -0.023611807675067226 -274.0523455207411 280.373025019513 264.3809512439707 1.0 280.9336491075601 288.1177102042557 1.0 279.81240093146596 240.6441922836857 1.0
0.023771333332603117 -0.9997174219306125 269.24422931615703 9.371001542078274 269.5431575025378 1.0 18.14576289464859 269.7518042385556 1.0 0.5962401895079561 269.33451076651994 1.0
-0.08133928362421163 -0.9966864707316438 102.66718246445404 14.371786777541056 101.83562695404257 1.0 28.132152894868252 100.71264760671717 1.0 0.6114206602138594 102.95860630136795 1.0
0.038136999936488926 -0.9992725200043502 132.5812787340082 326.8691728499395 145.15268403217505 1.0 333.13390094268345 145.39177590160227 1.0 320.60444475719555 144.91359216274782 1.0
0.014300025798595859 0.9998977494034875 -237.29249902571436 10.620207285839836 237.16488003799617 1.0 0.613315590960477 237.30799348083158 1.0 20.627098980719197 237.02176659516073 1.0
-0.1487258177144054 -0.9888784713730912 90.17525268025649 567.0121121765233 5.91165933131667 1.0 573.3996256698216 4.950987019244293 1.0 560.624598683225 6.872331643389048 1.0
0.9999999073706335 0.00043041691923893604 -388.1046873988027 388.01890910291615 199.37468532607923 1.0 387.9995402275578 244.37494599998624 1.0 388.0382779782745 154.37442465217222 1.0
-0.9998257752107641 -0.01866599111203889 67.14182313122335 62.124626235556306 269.36799205569156 1.0 62.68472616858157 239.36678042052137 1.0 61.564526302531036 299.36920369086175 1.0
-0.9998977606335369 -0.014299240540606523 432.16859426294866 428.91465020618875 230.62735461363755 1.0 429.0756280080611 219.37071877016592 1.0 428.7536724043165 241.88399045710918 1.0
0.01598584467674683 -0.9998722182208939 312.69822218663217 489.3959826251047 320.5625924086734 1.0 516.8889550762789 321.00214696304295 1.0 461.90301017393045 320.1230378543039 1.0
0.03507370498228364 -0.9993847283297937 81.86755431864701 301.87456713297126 92.51233404620675 1.0 313.1326353573862 92.90743930685392 1.0 290.6164989085563 92.11722878555956 1.0
-0.038840536314039116 0.9992454216751947 -325.9552780513562 254.3812507458607 336.0891878749334 1.0 241.87585106907073 335.603104656805 1.0 266.8866504226507 336.57527109306176 1.0
0.9996829599120509 0.025178952747897526 -32.044336604050606 27.048881415858467 198.73863770418293 1.0 24.608462509648778 295.6308802057598 1.0 29.489300322068157 101.84639520260606 1.0
0.005762350169146471 -0.9999833975224429 299.97568613399096 355.62770862633556 302.0299519664463 1.0 374.38068744765786 302.13801499124327 1.0 336.87472980501326 301.9218889416493 1.0
-0.9999967574005277 -0.0025466033122237166 393.3731586803345 392.83964765697147 209.99927331842173 1.0 392.88262144851797 193.12438275597648 1.0 392.7966738654249 226.87416388086697 1.0
-0.9991977207797166 -0.04004890496155301 359.0984404438656 353.4492409054914 148.1379959195649 1.0 353.751371608157 140.6000043122829 1.0 353.14711020282584 155.67598752684688 1.0
-0.9999999997930062 -2.0346688268602767e-05 280.95205068955823 280.9459594580379 299.3749938137819 1.0 280.94608662458086 293.12500653304943 1.0 280.94583229149504 305.6249810945143 1.0
0.057532984904676385 -0.9983436060034432 115.34275281052697 328.743999336069 134.4791267800927 1.0 335.66803989066614 134.87814843787817 1.0 321.81995878147194 134.08010512230726 1.0
-0.03628349095540115 0.9993415373555176 -103.16281449821868 328.743950259294 115.16662556492017 1.0 321.85533889007087 114.91651801012776 1.0 335.6325616285171 115.41673311971259 1.0
-0.9997403966631474 -0.022784628147344516 25.70261918010099 20.966158723119847 208.11853110270607 1.0 21.05190335960166 204.35624117926673 1.0 20.88041408663803 211.88082102614544 1.0
-0.9995793942141112 -0.029000597624021605 27.108800136973535 22.061469082721175 174.36227698995066 1.0 22.822940224263018 148.11623639996455 1.0 21.299997941179328 200.60831757993674 1.0
-0.016202823811725463 0.9998687256337836 -192.83195704068217 301.8608382601672 197.74891438207686 1.0 289.36411990391065 197.54640567212311 1.0 314.3575566164238 197.95142309203058 1.0
0.026776722008161724 0.9996414392963597 -215.87673430596968 9.984911473472248 215.68670788491346 1.0 0.5999038307814109 215.93809776413823 1.0 19.369919116163086 215.43531800568866 1.0
-0.9998925102753771 -0.014661783493324336 316.5577988827619 315.0246773823191 106.87536185333227 1.0 315.15308855289834 98.1180801927264 1.0 314.8962662117399 115.63264351393812 1.0
0.9999490004301373 0.01009933358044222 -571.3003161555156 568.0722578964127 322.4994673127353 1.0 567.9270873802053 336.8730011124905 1.0 568.21742841262 308.1259335129801 1.0
0.02855219048421584 -0.9995923031008958 185.81886402116226 301.26428430971134 194.4999162656016 1.0 314.3964222913578 194.8750204995516 1.0 288.1321463280649 194.1248120316516 1.0
0.9999810498856769 0.006156286992917451 -409.02927033994183 407.68260591261844 220.00112419570831 1.0 407.59408727669796 234.3794269915403 1.0 407.7711245485389 205.62282139987633 1.0
0.11822835964184059 0.992986432423122 -407.69695601015894 529.3071861444605 347.55543920523894 1.0 515.6026339422201 349.1871500459833 1.0 543.011738346701 345.9237283644946 1.0
0.014436083427465708 0.9998957943182254 -203.73511564031855 9.998007628684954 203.61200109547406 1.0 0.6159397714757808 203.74745552490404 1.0 19.380075485894128 203.47654666604407 1.0
-0.9985852802830355 -0.053173658911640914 345.80071435657516 334.40933996701983 223.12682856860542 1.0 334.61199338860223 219.32105841975317 1.0 334.20668654543744 226.93259871745767 1.0
-0.9997706329343902 -0.02141685135515591 352.0417971736428 348.1731893008972 184.36264369686825 1.0 348.68200952892505 160.61015492111827 1.0 347.6643690728693 208.11513247261823 1.0
-0.99999293254238 -0.0037596363243331795 362.21195254250284 361.66231499674564 146.8742003760848 1.0 361.6905120698951 139.37430638757448 1.0 361.63411792359614 154.37409436459512 1.0
0.009758109574719271 0.9999523885153372 -140.73708659024263 326.8755264607664 137.5539485334553 1.0 320.62002306204647 137.6149933274983 1.0 333.1310298594864 137.49290373941227 1.0
0.9999777482608069 0.006671055632065588 -402.1432982983066 400.7137645554471 215.6255921664643 1.0 400.59702367963126 233.12481336425748 1.0 400.8305054312629 198.12637096867107 1.0
-0.9997497371910216 -0.02237103007202369 403.4941414500603 398.81179773003464 213.7653682187656 1.0 399.1618831749427 198.1202311636354 1.0 398.46171228512657 229.41050527389578 1.0
0.02985941613855856 -0.9995541082241943 197.64140505626233 300.6485765597403 206.71076664604288 1.0 311.9072000452978 207.04709253479328 1.0 289.3899530741828 206.3744407572925 1.0
-0.018734578152293298 -0.9998244923892671 201.4880921305164 10.001612433727392 201.3360521501951 1.0 19.385029011110564 201.16022694032807 1.0 0.6181958563442203 201.51187736006207 1.0
-0.999905832423635 -0.013723202439576013 23.700330032478128 20.219930052732575 253.7530184288743 1.0 20.41730021519447 239.37214942537474 1.0 20.02255989027068 268.13388743237385 1.0
-0.9999636042305416 -0.008531718130861937 371.6839574553893 370.02307336710373 196.25019686262942 1.0 370.1990791429937 175.62136603104085 1.0 369.8470675912137 216.87902769421797 1.0
0.004590001449857087 0.9999894658878614 -208.34529328056325 44.372217591437305 208.1438173477981 1.0 33.11958588702563 208.19546748772441 1.0 55.62484929584899 208.09216720787177 1.0
-0.0016954565718824987 0.9999985627124734 -259.7236102468546 9.375441024118384 259.73987922084183 1.0 0.6244065177976321 259.72504220055225 1.0 18.126475530439137 259.7547162411314 1.0
0.0881618426166337 0.9961061637729384 -116.54070337158554 11.903124183590503 115.9427641459628 1.0 0.6307917330930435 116.94043852602984 1.0 23.17545663408796 114.94508976589574 1.0
-0.07412929430701902 -0.9972486388687344 99.90288590159253 250.64707419218604 81.54696030857255 1.0 281.9563673643842 79.21962114996568 1.0 219.3377810199879 83.87429946717944 1.0
0.09655071705543745 -0.9953280660345517 274.04898947684615 540.4781522160122 327.7638336130025 1.0 548.0884237309348 328.50205972841763 1.0 532.8678807010897 327.0256074975874 1.0
0.12527713502963264 -0.9921217865961653 296.3263120300173 412.63777020048315 350.7839404270719 1.0 424.63712510638163 352.2991221568998 1.0 400.6384152945847 349.268758697244 1.0
-0.07759475986536787 -0.9969849814522965 100.31250670004053 136.96883587382052 89.95566075702578 1.0 153.45944903372896 88.67220594879807 1.0 120.47822271391207 91.2391155652535 1.0
0.0144319708618905 -0.9998958536852933 226.27599624485126 10.006220985486975 226.44398904149762 1.0 19.415344513335018 226.5797953818173 1.0 0.5970974576389321 226.3081827011779 1.0
0.07233813235405007 0.9973801655374585 -136.65635378023651 11.24634708612023 136.1996345325551 1.0 0.6318527569015253 136.96948410665865 1.0 21.860841415338932 135.42978495845156 1.0
-0.07874602331419205 -0.9968947104946444 100.94378944123586 184.98193150083057 86.6462596714031 1.0 219.24190118701796 83.94001964098565 1.0 150.72196181464315 89.35249970182056 1.0
0.013529182223223942 0.9999084764259032 -228.29374598144187 186.243839392184 225.79468467690583 1.0 90.5940676497707 227.08886631654792 1.0 281.8936111345973 224.50050303726377 1.0
-1.0 0.0 409.375 409.375 219.375 1.0 409.375 205.625 1.0 409.375 233.125 1.0
-0.026913440235428025 -0.9996377677612497 207.0231770544986 45.614771863083035 205.8700994051081 1.0 61.869816254596635 205.43246171287186 1.0 29.35972747156944 206.30773709734436 1.0
-0.9999798952917297 -0.006341057667391732 320.8849319626701 319.69444671550366 188.75598891149207 1.0 319.7935488802345 173.12765409594599 1.0 319.5953445507729 204.38432372703818 1.0
-0.05275084506386378 0.9986077049297428 -324.72589781897625 183.78897471751156 334.88718332317944 1.0 168.14160689921727 334.0606206285743 1.0 199.43634253580584 335.7137460177845 1.0
-0.9999353218739309 -0.01137330509914496 388.2611985341236 385.94756416155434 205.62156008244898 1.0 386.14666497276136 188.11671588771995 1.0 385.7484633503473 223.12640427717804 1.0
-0.999370300415243 -0.03548242731193675 28.207994327195937 23.831947677548726 123.75290953464476 1.0 24.120847737046507 115.61597637863295 1.0 23.54304761805095 131.88984269065656 1.0
-0.999922154291034 -0.012477393877624374 380.73708513957627 378.24773441506596 201.86873254657127 1.0 378.4817646415282 183.11385388292953 1.0 378.01370418860375 220.62361121021297 1.0
0.08527034330609817 -0.9963578516539427 296.2129400009158 443.15946994646004 335.22222923035156 1.0 449.4702257199957 335.76231662007507 1.0 436.8487141729243 334.682141840628 1.0
-0.9999843977322687 0.0055860802027737876 334.5674135846925 335.27089614306885 124.99848672880773 1.0 335.22549044687736 116.87024901802594 1.0 335.3163018392603 133.1267244395895 1.0
-0.9987523334856353 -0.04993772478796432 30.115202071719718 23.123124711492604 140.59365616771615 1.0 23.311716143569264 136.8218356920793 1.0 22.934533279415945 144.365476643353 1.0
-0.23242318379029503 0.9726147560245951 -271.4695847573519 237.44508690445588 335.85479328548115 1.0 229.4764309896612 333.9505445921793 1.0 245.4137428192506 337.75904197878305 1.0
0.9999979859917746 0.002006990880510518 -419.81854094343356 419.3577777003014 229.99996543493194 1.0 419.32641853095123 245.62490249723828 1.0 419.3891368696517 214.3750283726256 1.0
0.9994390486924299 -0.03349011718060514 -424.07650119096434 431.4356585252973 212.5147218557143 1.0 431.6657739249294 219.3820109385665 1.0 431.20554312566514 205.64743277286212 1.0
0.9999363008016309 0.011286910079840427 -285.0177712130045 283.3216736779474 151.87016521134598 1.0 282.5174529397044 223.11814223412696 1.0 284.1258944161904 80.62218818856502 1.0
-0.00224632109403155 0.9999974770175885 -246.76137061657138 522.5004252299236 247.93569988081595 1.0 479.37564283688215 247.83882752804368 1.0 565.6252076229651 248.03257223358818 1.0
-0.061778801194405784 -0.9980898655546916 134.4391538351584 11.226883400456988 134.00153137833863 1.0 21.88840780423649 133.3416146520984 1.0 0.5653589966774852 134.66144810457885 1.0
0.10287075440333457 0.9946947310046882 -330.31680799685074 364.3131058781606 294.40152322950433 1.0 342.9682160937194 296.60899939916663 1.0 385.6579956626019 292.19404705984203 1.0
0.08480521528383728 0.9963975489033794 -95.61915858871801 168.7269524182135 81.6042082341476 1.0 28.057070448519923 93.57687881881667 1.0 309.39683438790706 69.63153764947855 1.0
0.015741698336394973 0.9998760917901207 -257.2934519026908 607.5139465150996 247.7608502249268 1.0 576.8768607379983 248.24318975296367 1.0 638.1510322922011 247.27851069688995 1.0
0.0 1.0 -271.8749999999999 10.0 271.8749999999999 1.0 0.625 271.8749999999999 1.0 19.375 271.8749999999999 1.0
0.04099927718512342 -0.9991591761427693 88.32994440190187 98.12783818798098 92.43083288878445 1.0 105.69204014003584 92.74122068276317 1.0 90.56363623592611 92.12044509480573 1.0
-0.02988094374967457 0.9995534649035183 -316.3146940630359 439.3498870946182 329.5900568535724 1.0 426.8423807290731 329.2161537985781 1.0 451.85739346016334 329.96395990856666 1.0
-0.04658510253923027 0.9989143247653471 -328.4314552525367 89.35375785440104 332.95549075500395 1.0 74.2990581943666 332.2534037892126 1.0 104.4084575144355 333.6575777207953 1.0
0.9999754806910254 0.007002714955846812 -424.6910905179354 423.07333529012516 232.49963819789232 1.0 422.9639205517796 248.12387197888057 1.0 423.1827500284707 216.87540441690408 1.0
-0.0757028724308659 -0.9971304203090566 114.32319773836566 11.827869988641922 113.7542208072743 1.0 23.107754129838217 112.89784373484352 1.0 0.5479858474456267 114.61059787970505 1.0
-0.05560055877702154 0.9984530924703888 -327.3830269021204 36.84342943701359 329.9419318247542 1.0 0.4973139275025851 327.9179365595356 1.0 73.18954494652459 331.96592708997287 1.0
-0.14354588135114515 -0.9896436631167417 373.42796719398683 243.1528403594337 342.06693887719484 1.0 252.07769111358522 340.772406698413 1.0 234.2279896052822 343.3614710559766 1.0
-0.42510097300941596 0.9051459345025241 -126.48400033980312 433.17540690499897 343.1792327163138 1.0 427.6360420257447 340.5776749892502 1.0 438.71477178425323 345.78079044337727 1.0
-0.04010633141684474 -0.9991954174135719 268.7719490719345 468.75694849679223 250.17311247146029 1.0 490.62180845858654 249.29548702930148 1.0 446.892088534998 251.05073791361906 1.0
0.018896278677321642 -0.9998214493859134 325.97203442203244 396.879136654479 333.53112537672405 1.0 405.6378203631448 333.6966614614991 1.0 388.1204529458132 333.365589291949 1.0
-0.10502499378543426 -0.9944695825817749 103.23966662772287 113.18941863379975 91.85997263181184 1.0 119.69686758095972 91.17272709187266 1.0 106.68196968663977 92.54721817175103 1.0
0.07080835923439292 0.9974899379254576 -148.3790035938713 11.23790681715437 147.95464118450934 1.0 0.577890412043307 148.7113588639152 1.0 21.897923222265433 147.19792350510352 1.0
0.11826628717713361 0.9929819159064963 -335.67438637894276 406.2102568034614 289.66631001627684 1.0 398.12550280749036 290.6292216489334 1.0 414.2950107994324 288.70339838362025 1.0
0.013667085658822515 -0.9999066010231128 258.71720320939477 459.35764068740616 265.0200360329243 1.0 466.88186316036627 265.12287983148383 1.0 451.8334182144461 264.91719223436473 1.0
-0.15664106963592195 -0.9876555954903077 360.5193285215227 463.0784707434215 291.5816230413229 1.0 468.14917290607497 290.7774153659045 1.0 458.0077685807681 292.3858307167413 1.0
0.0865269199916627 0.9962495129819419 -362.1901124069722 403.0531190112632 328.5473801098141 1.0 391.7795937225728 329.5265157660603 1.0 414.32664429995367 327.56824445356796 1.0
0.999914069786763 -0.0131092731481312 -144.31267344160747 148.08602052123476 286.867317036718 1.0 148.15166866271377 291.8746503631716 1.0 148.02037237975574 281.85998371026443 1.0
0.021915852970131697 -0.9997598188508036 196.53913360242473 328.7353655344031 203.79259667962805 1.0 335.6070634401997 203.94323198034627 1.0 321.86366762860655 203.6419613789098 1.0
-0.9999947570618916 0.0032381860243532305 339.58783860429253 340.02677617615046 134.999913293306 1.0 340.0004594989902 126.87297463517271 1.0 340.0530928533107 143.12685195143928 1.0
0.9999926564527126 0.0038323674989779884 -454.492413400502 453.43225670802923 277.50117752926894 1.0 453.4011189507633 285.6260581970636 1.0 453.46339446529515 269.3762968614742 1.0
0.9999807938183944 -0.006197741067001988 -430.0125933092199 431.48508778689103 236.24854295878464 1.0 431.57420261109837 250.62686430013613 1.0 431.3959729626837 221.87022161743315 1.0
0.0007864241813710356 -0.9999996907684556 306.5854316521602 274.3750579581391 306.8013017051446 1.0 280.6260371226681 306.806217627837 1.0 268.12407879361007 306.7963857824522 1.0
-0.003700791528439045 0.9999931520475842 -334.2399971404742 136.24862508278136 334.7465172261633 1.0 105.61941856069869 334.63316414190706 1.0 166.87783160486404 334.8598703104196 1.0
0.07577684448362138 0.9971248015369515 -104.52731654207653 11.841094814369084 103.9288518168224 1.0 0.5612450648968692 104.78606790346157 1.0 23.1209445638413 103.07163573018322 1.0
0.9989821917303195 0.04510632556180105 -82.5429991549633 70.71545052508522 263.81052440001883 1.0 69.6683419542502 287.0011257634389 1.0 71.76255909592024 240.61992303659878 1.0
-0.00902459976842638 0.9999592774703477 -252.99289299549585 453.11739587301315 257.09256560098754 1.0 435.6019006970355 256.9344888299925 1.0 470.63289104899076 257.2506423719825 1.0
0.972467878288051 0.23303696208528063 -140.29757634662863 73.62072871092515 294.8192504927735 1.0 72.49349644632258 299.52321315554946 1.0 74.74796097552772 290.11528782999756 1.0
0.002680824988792925 -0.9999964065822333 339.04308808082857 174.99795332490186 339.51344698074206 1.0 228.1242470345473 339.6558697882655 1.0 121.87165961525639 339.37102417321864 1.0
-0.09499567404212009 -0.9954776852914802 364.5669437803438 258.89481141717926 341.51750630574463 1.0 264.52815421150905 340.97993202983207 1.0 253.26146862284943 342.0550805816572 1.0
-0.041136793645926706 0.9991535238433243 -71.75840683262336 301.8545357289331 84.24704769713733 1.0 291.845769354141 83.83497032645823 1.0 311.8633021037253 84.65912506781643 1.0
0.9999206753577695 -0.012595355972026233 -564.0659034433803 567.6219651391755 278.75633640577155 1.0 567.992122675382 308.1424192139421 1.0 567.251807602969 249.37025359760094 1.0
0.9944257643972638 0.10543907768430835 -215.1123579778493 185.57005094906762 289.99417374583663 1.0 185.22849377699035 293.2154960429195 1.0 185.9116081211449 286.77285144875384 1.0
-0.1011086548442974 -0.994875389139553 378.4979529755059 523.1660091734651 327.2785165681139 1.0 532.0780345535604 326.3727921849839 1.0 514.2539837933698 328.18424095124396 1.0
0.9997420403172379 0.022712393584259208 -420.5329611312157 415.45863127424803 228.13541930177053 1.0 415.08932767731983 244.39122827759675 1.0 415.82793487117624 211.87961032594433 1.0
1.0 0.0 -426.875 426.8749999999999 231.25 1.0 426.8749999999999 241.875 1.0 426.8749999999999 220.625 1.0
0.0015632306215371237 -0.9999987781542655 257.50550292816564 9.37496799622879 257.5204728155045 1.0 18.125923631886195 257.53415259403647 1.0 0.6240123605713865 257.50679303697257 1.0
0.7106967752841398 -0.7034984673762444 -165.24099957271616 438.9476408512909 208.55436095841503 1.0 444.5438643963167 214.20784595043264 1.0 433.35141730626515 202.90087596639742 1.0
-0.9998844390622648 0.015202253817783763 446.6568559356383 450.92766549680886 277.5049007772701 1.0 450.7470151517391 265.62314488031427 1.0 451.1083158418786 289.386656674226 1.0
-0.05855798824975345 -0.9982840086929881 146.0726749511882 11.215735455585312 145.6658654049309 1.0 21.840837866496166 145.04261128414703 1.0 0.5906330446744579 146.28911952571477 1.0
0.9997088800513464 0.024127891463674493 -76.77640498909514 73.07223734952777 154.40389522480203 1.0 71.89488967819547 203.18581732979385 1.0 74.24958502086005 105.62197311981019 1.0
-0.9996598692030544 -0.02607960707012479 135.321348685951 127.72005566695535 293.13074091799075 1.0 127.91601128259033 285.61954780190734 1.0 127.52410005132035 300.64193403407415 1.0
-0.060478761205569456 -0.9981694843277066 308.6393869958503 367.54157475539336 286.93616901743394 1.0 393.18603679215624 285.38237948557776 1.0 341.89711271863047 288.4899585492901 1.0
0.01948861673199587 0.9998100788739197 -212.19438230683684 546.2443885596468 201.5871204291095 1.0 528.1019164024079 201.94075927904143 1.0 564.3868607168857 201.23348157917755 1.0
-0.05817767060934663 -0.9983062449180965 301.88274589874436 8.127696805000003 301.9212761269853 1.0 15.747509824528775 301.47722103446074 1.0 0.5078837854712293 302.36533121950987 1.0
0.999976765314803 0.0068168050099399165 -147.83618223757355 146.0585782743882 261.2657374936024 1.0 145.9094350864774 283.143981392074 1.0 146.20772146229902 239.38749359513076 1.0
0.3323319211089838 0.943162496186109 -452.94485377050887 421.3935567314058 331.75865747875184 1.0 415.050227381892 333.9937875199435 1.0 427.7368860809196 329.5235274375601 1.0
-0.999926953495336 0.012086673385850542 319.07623740519614 320.5877410117586 123.11789564740727 1.0 320.48189904011736 114.36162029549034 1.0 320.6935829833999 131.8741709993242 1.0
0.12176427186929134 -0.9925590471584758 61.37686260670173 328.9413080068748 102.19055657622357 1.0 335.9409847394068 103.04925666373695 1.0 321.94163127434285 101.3318564887102 1.0
-0.9999993634922905 0.001128279670146315 468.72803525472256 469.0428421850038 278.7503747671485 1.0 469.03085422113895 268.125388292933 1.0 469.0548301488687 289.375361241364 1.0
-0.998438106564821 -0.055869019673295134 408.0949101587241 398.58975213796543 181.27600586472857 1.0 398.8376990143693 176.8449345616525 1.0 398.3418052615616 185.70707716780464 1.0
-0.9997254104985231 -0.02343295976950907 351.9042757598261 348.8072823464196 136.2513426636005 1.0 348.9686828977796 129.36547617254698 1.0 348.6458817950596 143.137209154654 1.0
-0.9997949184949046 -0.020251443202078428 373.2694048030448 370.19361439673 155.62892177524205 1.0 370.32041628486 149.36883047493708 1.0 370.0668125086 161.889013075547 1.0
0.015709139589938782 0.9998766038533674 -243.98849229430527 471.8707580847971 236.6050048330112 1.0 444.3775444541302 237.036952864434 1.0 499.36397171546406 236.17305680158844 1.0
-0.05804953482288136 0.9983137039562499 -295.4507769373551 11.852379236004479 296.6390232498777 1.0 0.6040691277262211 295.9849611381973 1.0 23.10068934428274 297.29308536155804 1.0
0.004131638516130558 -0.9999914647451607 218.87088832676508 462.5045090021325 220.78367421496603 1.0 475.6292849526492 220.83790150764253 1.0 449.3797330516159 220.72944692228953 1.0
-0.044070507722302255 0.9990284231938041 -306.5863833074812 361.2358891636365 322.81987665517715 1.0 350.60400783502786 322.35086856960424 1.0 371.86777049224514 323.28888474075006 1.0
-0.7057830587553948 -0.7084280302005835 552.310250269032 398.05716078978844 383.0569065575968 1.0 428.74050191336295 352.4881240873435 1.0 367.3738196662139 413.62568902785 1.0
0.9999967833836482 0.0025363797738563133 -567.7495548694036 567.1664328075756 230.6225687017407 1.0 567.1220463043079 248.12245612034945 1.0 567.2108193108432 213.12268128313195 1.0
0.7362980211750381 -0.676657390422748 -185.58407168807165 350.1202130334045 106.71389888565878 1.0 380.35975686121117 139.61875826765623 1.0 319.8806692055979 73.80903950366134 1.0
0.051095360351736493 -0.9986937789685716 332.3535770417883 60.61147844590153 335.8892880266851 1.0 120.64619161437349 338.96079539716686 1.0 0.5767652774295762 332.8177806562034 1.0
-0.10526460830918158 -0.9944442479282158 327.29906284262506 228.67555270250838 304.9216896666079 1.0 233.26377437290623 304.4360140161365 1.0 224.08733103211054 305.4073653170794 1.0
-0.053385390906988 -0.9985739832569784 323.4150804739947 310.08949717303494 307.29904503459454 1.0 333.28186408002125 306.05914334063146 1.0 286.89713026604863 308.53894672855756 1.0
-0.5411730186770823 0.8409112699066021 25.762946421734547 599.174643233392 354.96516059869 1.0 594.9432455405849 352.2420216129395 1.0 603.406040926199 357.6882995844405 1.0
0.999976484568588 -0.006857864817019735 -336.7524550204688 338.54347058202745 260.00141638413606 1.0 338.6335073350828 273.1300851760389 1.0 338.45343382897204 246.87274759223322 1.0
-0.9999963014009391 0.0027197765427387707 574.4521333592488 575.1036063200879 238.7497182129187 1.0 575.0815035941702 230.6230784609902 1.0 575.1257090460056 246.87635796484722 1.0
-0.9999194858280996 -0.012689438965888967 428.03131703440823 425.1628132841862 228.75206617558894 1.0 425.3135888781233 216.8710480493876 1.0 425.01203769024903 240.63308430179023 1.0
-0.011186598876365946 -0.9999374280451649 235.6569642342561 536.2533280470493 229.67248441359902 1.0 564.3887908583425 229.3577245817902 1.0 508.1178652357561 229.98724424540785 1.0
-0.9999670971551459 -0.00811200388997062 337.46937321887026 335.32056408837434 266.2526005026958 1.0 335.47777012027933 246.87380563134485 1.0 335.1633580564693 285.63139537404675 1.0
-0.999924732202272 -0.012269063950221837 420.4076363719909 417.6861754396414 224.37728437031444 1.0 417.83962127690774 211.87149840663912 1.0 417.532729602375 236.88307033398976 1.0
0.9996920841848428 0.024814044776407255 -77.37910458973633 72.0359191993141 216.22296717641274 1.0 71.83436716567999 224.34296431476514 1.0 72.23747123294821 208.10297003806033 1.0
0.12308828774456448 0.9923957242048715 -356.7594179025228 207.57714836241922 333.7470064182966 1.0 198.19149606103394 334.91112254955965 1.0 216.96280066380453 332.5828902870336 1.0
0.03471639970199812 -0.9993972041144258 298.17112510667 112.50836436699859 302.2592110626582 1.0 150.65246904543164 303.58423576638927 1.0 74.36425968856554 300.9341863589272 1.0
-0.01391950345128271 -0.9999031190188726 237.2359415351137 588.7369590469416 229.06320727002236 1.0 600.6183570819203 228.8978080850331 1.0 576.8555610119629 229.22860645501163 1.0
-0.99980586462009 -0.019703630916006094 417.67545857065306 413.3717976419944 222.49254659335634 1.0 413.6306002380557 209.36032977382675 1.0 413.11299504593313 235.62476341288595 1.0
0.9998296120497671 -0.018459330118188597 -456.0574906188688 461.20086913482567 274.3759070774143 1.0 461.3395034881492 281.8848865914454 1.0 461.0622347815022 266.8669275633832 1.0
-0.00769096743087276 -0.9999704240726209 236.44737957532985 176.25556655628318 235.09875701719994 1.0 315.63193581339675 234.02678619607903 1.0 36.87919729916963 236.17072783832086 1.0
-0.0131181190534888 -0.9999139537742726 345.7764370965236 321.8547793001952 341.583699771865 1.0 338.1183791560344 341.3703335733617 1.0 305.5911794443561 341.79706597036824 1.0
-0.0340632221962004 0.9994196800611904 -327.7457885346759 420.5901987793576 342.2710726571838 1.0 414.32617351462926 342.05757587630995 1.0 426.854224044086 342.4845694380577 1.0
0.030240754448923216 -0.9995426437978321 298.3208357148131 184.4419366957082 304.0375524928364 1.0 218.17996403899053 305.0582827306207 1.0 150.70390935242585 303.0168222550522 1.0
-0.10160285411170078 0.9948250399122233 -207.52662013270663 291.90878549947615 238.41919570164973 1.0 278.1112091801071 237.01003019251095 1.0 305.70636181884515 239.8283612107885 1.0
0.020204865572745197 -0.999795860867201 282.2987659400907 436.90155975477865 291.185745629055 1.0 456.90602048602796 291.5900155963057 1.0 416.8970990235293 290.78147566180434 1.0
-0.46451252105874447 -0.8855665518636359 482.2584895812069 615.0456199769114 221.96197187657623 1.0 628.8898788673157 214.70014430885905 1.0 601.2013610865073 229.2237994442934 1.0
0.0950340402072864 -0.9954740233687064 294.73867100843887 49.97852280645143 300.8499718966575 1.0 67.05588146434114 302.4802810270114 1.0 32.90116414856172 299.2196627663036 1.0
-0.0063248456102683245 0.9999799979639624 -327.97693620384536 163.12332232007014 329.01524700778134 1.0 153.1197694073523 328.95197481448156 1.0 173.12687523278802 329.0785192010811 1.0
0.052178358575405 -0.9986377816287427 306.15154403846384 245.623543605176 319.40287383382497 1.0 266.88082285704496 320.5135567656609 1.0 224.36626435330703 318.29219090198904 1.0
0.08357153227060048 -0.9965017807279343 294.023732772678 352.531789009521 324.62094981706593 1.0 370.68634883014715 326.14348034460767 1.0 334.37722918889483 323.09841928952414 1.0
0.9998496087605538 -0.017342429511676617 -414.08127947319343 418.87004978949165 272.4979177318329 1.0 419.07614814308124 284.3801835968306 1.0 418.6639514359021 260.61565186683526 1.0
0.1827820356507232 -0.9831534607798408 254.56162594818613 251.85241275986715 305.7464929203901 1.0 257.13462337438 306.72853005637364 1.0 246.57020214535427 304.7644557844066 1.0
-0.9998592568192656 -0.016776964946796834 342.70826606151064 339.4951672431963 194.3665292463343 1.0 339.72599396071337 180.60991528412103 1.0 339.2643405256792 208.12314320854756 1.0
0.02652416560569125 -0.9996481724281409 326.5650900883618 161.88228798453594 330.9753289498213 1.0 171.89182444197073 331.24091699365107 1.0 151.87275152710114 330.7097409059915 1.0
0.7422174733554103 0.6701591021883613 -559.1621816232482 391.18239847893216 401.12828330659426 1.0 345.54072217144 451.6775477395211 1.0 436.8240747864243 350.5790188736674 1.0
-0.04664127748520412 -0.9989117034225539 303.326779429439 405.6118506939488 284.71838259124536 1.0 413.124654201922 284.36759407619786 1.0 398.0990471859756 285.0691711062929 1.0
-0.06585406356778192 0.9978292651108257 -282.9618845795768 294.38285780198294 303.00593757084596 1.0 288.07782364771737 302.58982217464546 1.0 300.6878919562485 303.42205296704645 1.0
-0.018900155052888848 -0.9998213761162424 346.15441382280466 286.86636994808106 340.7934688042837 1.0 298.1241617565407 340.5806567802404 1.0 275.60857813962144 341.00628082832696 1.0
-0.6968316793037405 -0.7172346970962356 552.6166449275296 358.459766258492 422.21956811183935 1.0 366.70942929052444 414.2045814309456 1.0 350.21010322645947 430.2345547927331 1.0
-0.9994706028752512 -0.03253481194324003 359.406095224229 353.0854352301652 200.0190571138997 1.0 353.47224316018253 188.13630347494225 1.0 352.6986273001479 211.9018107528571 1.0
-0.00757930796564292 -0.9999712766328651 310.020129226117 402.5007827322115 306.97826928690813 1.0 411.87524417681243 306.9072153156982 1.0 393.12632128761066 307.04932325811814 1.0
-0.9995988171817183 0.028323218194791437 595.4587916017924 602.4449926592984 238.12655861020062 1.0 602.2321523658206 230.6148802357385 1.0 602.6578329527762 245.63823698466274 1.0
-0.034033993588962995 0.9994206758319473 -287.39366247949715 326.2739705480265 298.67109608563555 1.0 320.61296821098193 298.47831788732015 1.0 331.9349728850711 298.863874283951 1.0
0.007340759218337387 -0.9999730562640669 340.6915055165555 393.1261994551454 343.5866077960062 1.0 406.88004636328355 343.68757419489674 1.0 379.37235254700727 343.4856413971157 1.0
0.9991939213775565 0.04014358581568821 -30.83532004255264 19.435057149687253 284.3774128542926 1.0 19.031930496041237 294.4114368131328 1.0 19.83818380333327 274.34338889545234 1.0
-0.9999407045140203 -0.010889786774998385 423.84512914740435 421.3994781323918 226.87662788151528 1.0 421.52205508647455 215.62115627723296 1.0 421.27690117830906 238.1320994857976 1.0
0.030742730523401957 -0.9995273305517791 149.49651117289386 300.6422504768575 158.81414145586473 1.0 311.9584384261419 159.16219648752153 1.0 289.326062527573 158.46608642420796 1.0
-0.03769571549479283 0.9992892639437971 -236.69659558865948 45.584090256523545 238.5844910863242 1.0 29.3336378923627 237.97148297037234 1.0 61.83454262068439 239.19749920227602 1.0
-0.0241867683948971 -0.999707457326698 274.1070896898867 9.989611502454437 273.9456140523961 1.0 19.38935174557019 273.7181981833174 1.0 0.5898712593386879 274.17302992147484 1.0
0.015657016132616546 -0.9998774214101561 336.88088612453834 354.38523341016275 342.47148111241904 1.0 370.63124985015736 342.725876437331 1.0 338.13921697016815 342.21708578750713 1.0
0.21960352861088178 -0.9755892015708505 179.31442279861258 548.0589716563172 307.1683310748782 1.0 553.08564664635 308.2998273677993 1.0 543.0322966662844 306.0368347819571 1.0
-0.1257061567699612 -0.9920675189472368 343.2447931972724 412.3404896274217 293.7411510809313 1.0 418.1104325302596 293.01003416273244 1.0 406.5705467245837 294.4722679991301 1.0
0.031053413544121403 -0.9995177264597451 161.3197535862827 326.26059478749187 171.5339850616195 1.0 333.16776317198486 171.7485797112034 1.0 319.35342640299893 171.31939041203557 1.0
-0.698174419219472 -0.7159277060901841 552.5529368200232 324.9295851320855 454.9277946119581 1.0 349.62259818155263 430.84710895342755 1.0 300.23657208261835 479.00848027048863 1.0
-0.9998683637165167 -0.01622514218289919 161.0074723267706 156.55594540308527 275.6299646611948 1.0 156.81973379104866 259.37410317984774 1.0 156.2921570151219 291.8858261425418 1.0
-0.2686521276751719 -0.9632372679125342 295.2588105278355 28.43123178719256 298.59797704784967 1.0 33.555566473946925 297.16877215475034 1.0 23.30689710043819 300.02718194094905 1.0
-0.99988128449218 -0.015408339374136614 218.92853816731133 216.5660286741214 154.9952386997138 1.0 217.6158939502855 86.86715458983672 1.0 215.51616339795729 223.1233228095909 1.0
0.03341527298224522 -0.9994415538347012 308.47772423658125 358.74934822772536 320.644494328095 1.0 370.65283460010113 321.0424748253509 1.0 346.84586185534954 320.24651383083904 1.0
0.027284455374960347 0.9996277099475043 -232.80953225426538 489.3624247504946 219.53927730305048 1.0 478.10375328139975 219.8465784274821 1.0 500.6210962195894 219.23197617861888 1.0
0.2509802940531918 -0.9679921962479726 142.45395193746052 359.29170766843185 240.3212456470713 1.0 399.3533748626505 250.70840481182387 1.0 319.2300404742131 229.9340864823187 1.0
0.1010697108338652 0.9948793462284554 -463.6556273717349 109.98664430942891 454.8685333064261 1.0 103.11902792386051 455.56621388934167 1.0 116.85426069499731 454.17085272351056 1.0
-0.7639814125498796 -0.6452382515616155 560.9081484752118 384.80541278846636 413.68279857901615 1.0 395.746799725564 400.7278687880001 1.0 373.86402585136864 426.6377283700322 1.0
-0.02153031277311358 0.9997681959493869 -321.6974648026761 360.6214865908596 329.5381464788676 1.0 350.6261221345407 329.32289325927354 1.0 370.61685104717856 329.7533996984616 1.0
-0.022921050509779915 -0.9997372782103948 479.0700863536615 555.0050746599597 466.471339189229 1.0 560.6414413209861 466.3421137939729 1.0 549.3687079989335 466.60056458448514 1.0
0.04134506176419253 0.999144927359247 -168.84870412755348 10.01877117889107 168.57862438388736 1.0 0.6081598004649325 168.96803967092504 1.0 19.429382557317208 168.18920909684968 1.0
0.9998576650990016 -0.01687156017600348 -514.3067669498821 521.2561189176895 407.49989674961586 1.0 521.3722722901573 414.3834830082369 1.0 521.1399655452217 400.6163104909948 1.0
0.9998604457190352 0.016705959611234653 -216.79251056240136 214.23302358782337 154.9976278167441 1.0 213.0947400537697 223.12449440800293 1.0 215.37130712187704 86.87076122548528 1.0
-0.04296936177227207 0.9990763904471388 -329.77045712181723 395.0187213495266 347.0647117495377 1.0 384.38650794203267 346.60742997537614 1.0 405.6509347570205 347.5219935236993 1.0
0.0031931365497148423 0.9999949019264921 -238.9934391626667 211.2526186908342 238.32009567806827 1.0 145.62629211110718 238.52965056841975 1.0 276.8789452705612 238.1105407877168 1.0
0.004681838268724655 -0.9999890401351533 247.06288592393778 528.749222154592 249.54113920393894 1.0 565.6234138689889 249.71378009795657 1.0 491.8750304401951 249.36849830992134 1.0
-0.9997766028302566 -0.0211363297000909 155.86984949818122 152.57492889615918 157.5015840757313 1.0 153.96252831066204 91.86627991433973 1.0 151.18732948165632 223.1368882371229 1.0
0.04419981006314045 -0.9990227108481479 309.2918492552455 209.99401886907623 318.885188038611 1.0 218.13074356429073 319.2451815424215 1.0 201.8572941738617 318.5251945348004 1.0
-0.05578326815910225 0.998442901218437 -319.52926488137194 360.6152089460437 340.17524624570615 1.0 353.1037369885299 339.7555783268254 1.0 368.1266809035575 340.59491416458684 1.0
-1.0 0.0 434.375 434.375 275.0 1.0 434.375 263.125 1.0 434.375 286.875 1.0
0.9997706017265791 0.02141830813286001 -153.71123875540297 150.37217956855037 157.50797328573793 1.0 148.96606538929095 223.14301833104173 1.0 151.77829374780978 91.87292824043413 1.0
0.023751064171426663 0.9997179036861973 -241.3788376571266 106.26894055388436 238.92223631275112 1.0 70.6640370812648 239.7681292832356 1.0 141.87384402650395 238.07634334226663 1.0
-0.007823776634742742 0.9999693937912149 -335.2978726892085 309.3732108338713 337.7286761819222 1.0 301.8687802092409 337.66996139590714 1.0 316.8776414585018 337.7873909679372 1.0
-0.01563779963515125 0.9998777221353473 -334.79949187329413 391.87938981298527 340.96931625223857 1.0 378.12297981900093 340.7541699614246 1.0 405.6357998069696 341.1844625430525 1.0
-0.35317517319446545 0.9355572120608442 -82.58316815351492 48.269079110001485 106.49333599669535 1.0 31.980888155598528 100.34450342164203 1.0 64.55727006440445 112.64216857174868 1.0
0.0 -1.0 245.625 588.75 245.62500000000003 1.0 600.625 245.62500000000003 1.0 576.875 245.62500000000003 1.0
0.10477882789707929 0.9944955491225258 -96.24281379865185 13.718929727773013 95.33010027588672 1.0 0.6077712917188638 96.71147580292129 1.0 26.830088163827163 93.94872474885216 1.0
-0.1947220238431803 0.9808584675835836 -173.13817714004685 374.9354919732707 250.94994138565175 1.0 339.2288126254752 243.86137856327926 1.0 410.64217132106626 258.0385042080242 1.0
0.002267198659231415 -0.9999974299018171 344.24099188990243 480.6256653036976 345.33155328986913 1.0 510.6255110980048 345.3995690748384 1.0 450.62581950939045 345.2635375048999 1.0
-0.0665351578507714 -0.9977840812369042 92.70292058846286 305.0046808517705 72.57019566097276 1.0 318.11306975771504 71.69608998878651 1.0 291.89629194582596 73.444301333159 1.0
0.048509983834204407 -0.9988226977138662 286.65822230886226 440.5815857770672 308.393900756947 1.0 463.0589214056809 309.4855611592143 1.0 418.1042501484535 307.30224035467967 1.0
0.9988199925332713 0.048565651605183814 -47.1470854459254 38.11785141285006 186.84426302209033 1.0 37.44938754688979 200.59214967735613 1.0 38.78631527881032 173.09637636682453 1.0
-0.08705479007010934 -0.9962035251522899 102.59601174979221 63.176663677395666 97.46620856534665 1.0 91.92559147563692 94.95393892262075 1.0 34.42773587915442 99.97847820807254 1.0
-0.062209793791284766 0.9980630949776901 -223.7538755646271 326.7857530868117 244.55683323662373 1.0 317.99200447403126 244.00871429443833 1.0 335.5795016995922 245.10495217880916 1.0
0.999784179534242 0.02077484904981352 -167.88592703742262 162.22095889084812 274.36920171168936 1.0 161.77931887936788 295.62301181006984 1.0 162.66259890232834 253.1153916133089 1.0
-0.033843372069224664 0.9994271490043604 -451.98686279326074 233.12025819279017 460.14003010253083 1.0 225.6077085060004 459.8856343574364 1.0 240.63280787957996 460.39442584762526 1.0
-0.9997256947094572 0.023420831276738763 369.45909104788745 374.4801298135733 209.99753709678674 1.0 374.26061974964693 200.62767961557762 1.0 374.69963987749964 219.3673945779959 1.0
0.0 -1.0 245.62500000000043 539.375 245.62500000000009 1.0 556.875 245.62500000000009 1.0 521.875 245.62500000000009 1.0
-0.033711777224216845 -0.9994315964969211 232.47581959485626 9.992275136285052 232.27098588353851 1.0 19.377678484083624 231.95440731234925 1.0 0.6068717884864794 232.58756445472778 1.0
-0.9995212139838602 -0.030940956614663402 41.04374859591878 35.316939216133406 185.6348110999533 1.0 35.70411433684743 173.1274490458329 1.0 34.92976409541939 198.14217315407376 1.0
0.05455441153971575 0.998510799231313 -93.31620140096636 302.43479851602524 76.9316155598202 1.0 286.85630138818846 77.78275882650951 1.0 318.0132956438621 76.0804722931309 1.0
-0.023473242511941113 0.9997244654833528 -330.542131473026 289.3766972580503 337.4277138471065 1.0 278.1182291963184 337.1633682596468 1.0 300.6351653197821 337.6920594345661 1.0
0.9993744769880984 0.035364597336383634 -44.665048707972595 39.00946902056296 160.61206505299123 1.0 38.70022235585221 169.35112182397452 1.0 39.318715685273716 151.8730082820079 1.0
0.0012260802400184752 0.9999992483633401 -229.23595879584315 470.6248885575451 228.65910678808905 1.0 448.1241560816081 228.68669451229968 1.0 493.12562103348216 228.63151906387841 1.0
-0.9996967802491141 -0.02462412555918302 57.99882438704493 53.30551417105312 191.25444635183493 1.0 53.62860782092641 178.13740466355407 1.0 52.982420521179826 204.37148804011576 1.0
-0.999378040879651 -0.03526374069140913 41.89767308419159 36.27800316401624 160.00098811087895 1.0 36.60917232195473 150.61562008777082 1.0 35.94683400607776 169.38635613398708 1.0
-0.9990622465598232 -0.04329696870266056 61.29142974325318 54.1974141967045 165.01938986138106 1.0 54.550043819314425 156.8825859805458 1.0 53.84478457409458 173.1561937422163 1.0
0.7344541958734192 0.678658260219331 -559.3701165268794 330.7107726375989 466.3292565545058 1.0 319.6102655477155 478.34239260010935 1.0 341.8112797274822 454.3161205089022 1.0
-0.9992851907502622 -0.03780353881863389 42.21426936532272 37.421179894454696 127.49701818965471 1.0 37.68178663760517 120.60823298122965 1.0 37.16057315130422 134.38580339807976 1.0
0.0 1.0 -275.625 296.25 275.625 1.0 285.625 275.625 1.0 306.875 275.625 1.0
-0.012079203533043878 -0.9999270437596972 310.95779516028483 343.11697400331263 306.83560096749443 1.0 349.37361103500007 306.76002026127213 1.0 336.86033697162526 306.9111816737167 1.0
-0.9997041340832085 -0.02432373937005392 136.61570421932774 130.11712716861575 268.75284981388535 1.0 130.4366515706118 255.62041730602985 1.0 129.79760276661972 281.8852823217408 1.0
0.9985736814627044 0.053391035670990364 -47.008842080149066 40.1915254125617 128.76024034612948 1.0 39.75656036112285 136.89540100117748 1.0 40.62649046400055 120.62507969108148 1.0
0.9999606273944558 0.008873762498864759 -439.3864471267933 436.9854941855588 272.5065268577014 1.0 436.9133484892056 280.636432948654 1.0 437.05763988191205 264.3766207667487 1.0
0.0 -1.0 226.875 465.625 226.87499999999994 1.0 484.375 226.87499999999994 1.0 446.875 226.87499999999994 1.0
1.0 0.0 -258.125 258.12499999999994 261.875 1.0 258.12499999999994 271.875 1.0 258.12499999999994 251.875 1.0
0.11309928540815667 0.993583691311489 -372.40641419719367 325.10582026391717 337.80463707117156 1.0 318.17829446454044 338.5931949193 1.0 332.03334606329395 337.01607922304316 1.0
-0.08442112476929038 -0.9964301649853279 97.8070456521791 221.82111360731454 79.36397403729492 1.0 289.31321970503285 73.64580159527381 1.0 154.32900750959624 85.08214647931605 1.0
0.9993072794350861 0.0372150677554999 -63.09994489966285 55.99844368488132 191.86563182516113 1.0 55.57919859282046 203.1232943159661 1.0 56.41768877694219 180.6079693343562 1.0
0.1041396189555844 0.9945626876993655 -363.68518613343974 209.99322491134117 343.6852959953811 1.0 199.41872031427317 344.7925413133511 1.0 220.56772950840917 342.57805067741117 1.0
-0.04069441618279124 -0.9991716391549261 321.76115847945727 363.1143673451539 307.238935997425 1.0 370.6273600204166 306.93294567631864 1.0 355.6013746698912 307.5449263185314 1.0
1.0 0.0 -438.125 438.1249999999999 236.875 1.0 438.1249999999999 245.625 1.0 438.1249999999999 228.125 1.0
-0.002376562668361389 -0.999997175970954 251.07626679487663 597.5006701308847 249.65697404646858 1.0 616.8755606999136 249.61092827480405 1.0 578.1257795618558 249.70301981813313 1.0
0.0 -1.0 324.375 205.0 324.375 1.0 215.625 324.375 1.0 194.375 324.375 1.0
1.0 0.0 -101.875 101.875 280.625 1.0 101.875 293.125 1.0 101.875 268.125 1.0
0.045243205324498485 -0.9989760018999282 260.2364499460928 296.24230553316113 273.91989485303395 1.0 306.8738047623434 274.40139100671365 1.0 285.6108063039789 273.43839869935425 1.0
0.04884821685146709 -0.9988062132918637 315.7041725003723 21.892011170537423 317.152170254652 1.0 34.392678005979995 317.7635353785764 1.0 9.39134433509485 316.5408051307276 1.0
-0.0949734464365424 -0.9954798061598061 98.4620374823671 80.0025290911524 91.2765090850613 1.0 89.35205710060768 90.38452022489712 1.0 70.65300108169711 92.1684979452255 1.0
0.0 -1.0 294.37499999999983 114.375 294.3749999999999 1.0 125.625 294.3749999999999 1.0 103.125 294.3749999999999 1.0
0.0 1.0 -334.375 507.5 334.37500000000006 1.0 495.625 334.37500000000006 1.0 519.375 334.37500000000006 1.0
0.0 -1.0 330.625 325.0 330.625 1.0 334.375 330.625 1.0 315.625 330.625 1.0
-0.08875731801483686 -0.9960532809537916 98.0482409097924 40.66404846922885 94.81321013029171 1.0 53.17608397273568 93.69827508069851 1.0 28.152012965722022 95.92814517988491 1.0
-0.9990971513794812 -0.04248390407443833 101.27777390966683 89.30259458351186 283.7734975900447 1.0 89.70164964301759 274.38888989257026 1.0 88.90353952400613 293.1581052875192 1.0
0.0 -1.0 200.625 301.25 200.62500000000003 1.0 310.625 200.62500000000003 1.0 291.875 200.62500000000003 1.0
