line_hom_a line_hom_b line_hom_c centroid_x centroid_y centroid_z point1_x point1_y point1_z point2_x point2_y point2_z
-0.5409018728941128 -0.8410857054424602 344.745794371843 603.7562106374671 21.60651304497484 1.0 612.2209049882805 16.162871572762985 1.0 595.2915162866539 27.050154517186694 1.0
0.007438299577422619 0.999972335467035 -72.67144558047593 256.2185170708969 70.76757324508254 1.0 204.34173841786549 71.153458941163 1.0 308.0952957239283 70.3816875490021 1.0
-0.7465282133144685 0.6653537605856809 110.83302885629209 170.69255817116064 24.9397878306026 1.0 166.8593636466996 20.638936119606356 1.0 174.5257526956217 29.240639541598846 1.0
-0.015824346379982993 -0.9998747871916994 20.579503672735207 226.27177749325023 17.001029436307295 1.0 304.35743626060497 15.765220185516702 1.0 148.1861187258955 18.236838687097887 1.0
0.01860754268913871 0.9998268646896181 -122.44685382132721 259.31948266371114 117.64192344846698 1.0 199.3402571024068 118.75818271245457 1.0 319.29870822501545 116.5256641844794 1.0
-0.034380053654377705 0.9994088312150949 -98.61439441798738 531.8932300995114 116.9700612561919 1.0 499.3242705585385 115.8496763431183 1.0 564.4621896404843 118.09044616926549 1.0
-0.1710350953551336 -0.9852649370381857 231.9048019575559 321.8956922634974 179.4941998732752 1.0 329.80822554388527 178.12063949044045 1.0 313.98315898310943 180.86776025610993 1.0
0.039748035381691846 -0.9992097345819323 170.40151174050808 226.8676028458156 179.56095405781065 1.0 231.8597033142321 179.7595371772301 1.0 221.87550237739916 179.36237093839117 1.0
-0.007280564887129619 0.99997349633624 -26.951390328354496 189.3826014496035 28.330953520767856 1.0 174.3651956191659 28.221615425322877 1.0 204.40000728004108 28.440291616212832 1.0
0.008939483079564239 0.9999600420228151 -244.34102453838085 245.6219154654803 242.1549676037777 1.0 214.36882583548694 242.43436523387325 1.0 276.8750050954737 241.87556997368213 1.0
0.012169268619320774 -0.9999259517090607 55.37038587255186 590.0221478106957 62.55515598299873 1.0 638.1552313859515 63.140943783087685 1.0 541.8890642354398 61.969368182909776 1.0
-0.007401371795442583 -0.9999726094726524 96.0821538791749 268.74330647548777 94.09566208021876 1.0 309.3707067562868 93.79495534914236 1.0 228.1159061946888 94.39636881129516 1.0
0.007163478089617657 0.9999743419616625 -100.31068813167565 269.3768520736796 98.38353728256703 1.0 229.36995057255217 98.67013319839285 1.0 309.383753574807 98.09694136674122 1.0
0.0024970556535913037 -0.9999968823516716 111.80343776168542 277.5015688416622 112.49672534826962 1.0 311.8763545036737 112.58256136875447 1.0 243.12678317965066 112.41088932778479 1.0
-0.012663511724506136 -0.9999198145205461 184.60192645294666 271.87403210020506 181.17357394974857 1.0 296.8779370471593 180.85691131454917 1.0 246.87012715325076 181.490236584948 1.0
-0.0006442516560060651 0.9999997924698802 -69.9243731907782 587.5002075226741 70.30288576234491 1.0 536.8744232206936 70.270270010203 1.0 638.1259918246545 70.33550151448682 1.0
0.0657167753120372 0.9978383162830475 -147.8037167159529 469.3560672034232 117.21252591489713 1.0 446.7483168421246 118.70145295503963 1.0 491.96381756472175 115.72359887475464 1.0
0.004226567313511797 0.9999910680244821 -243.05678899489467 311.2573686549048 241.74339802056096 1.0 281.8749686631943 241.86758582120083 1.0 340.63976864661527 241.61921021992106 1.0
-0.011184977434839209 -0.9999374461834012 66.55818399823318 255.617484266083 63.703093076367765 1.0 306.8750530476366 63.12974246091212 1.0 204.3599154845294 64.2764436918234 1.0
0.16466297225803206 0.986349890032513 -190.35614024614884 569.3446324359661 97.9430948452797 1.0 560.4258407508057 99.43201349642928 1.0 578.2634241211266 96.45417619413013 1.0
0.024803080829954634 0.9996923562683385 -128.57311158271048 495.5956389260784 116.31659696339787 1.0 493.0196911258825 116.38050806675021 1.0 498.17158672627426 116.25268586004555 1.0
0.14061819238231382 0.9900638989333621 -68.70695352108469 301.1261105697313 26.62771988965013 1.0 296.576580160212 27.27388701387736 1.0 305.6756409792506 25.981552765422897 1.0
-0.03592601206896138 -0.9993544524625988 38.65347178454466 623.9970155386526 16.246235190426376 1.0 638.3534620374694 15.730132151196464 1.0 609.6405690398358 16.762338229656287 1.0
0.009704167850582975 -0.9999529134545924 86.57344211113914 534.3639530273897 91.76332042237183 1.0 578.1340923289537 92.1880932020804 1.0 490.59381372582584 91.33854764266329 1.0
-0.9848512144531031 0.17340151495949546 153.41778329510612 210.68713793554537 311.86405945182184 1.0 206.4808985594423 287.9743030168609 1.0 214.89337731164846 335.75381588678283 1.0
-0.10353245859388517 -0.9946260754763598 200.30145888331964 211.9346459011928 179.32301226520997 1.0 220.78393506942533 178.4018734704558 1.0 203.08535673296026 180.2441510599641 1.0
-0.03649400861967326 0.9993338718040469 -4.85074788879982 619.4899698250463 27.476723207457074 1.0 600.6281799415242 26.787922054996294 1.0 638.3517597085684 28.165524359917853 1.0
-0.11977375745770232 -0.9928012122396223 201.1462386440669 195.58089689456307 179.00943063429997 1.0 200.6578075441835 178.39694078508805 1.0 190.50398624494264 179.6219204835119 1.0
0.07506137042828268 -0.997178916077465 162.9309426864601 238.21358898048084 181.32310883709897 1.0 247.0546326788439 181.98860711961973 1.0 229.37254528211776 180.6576105545782 1.0
-0.9956601916180768 -0.09306332697176913 313.0457596764423 293.2146062985038 226.7665392024634 1.0 293.9203781517776 219.21567076120965 1.0 292.50883444523004 234.31740764371716 1.0
0.0043078611853904795 -0.999990721122955 109.22683325870847 503.1270666361281 111.39526844338896 1.0 536.8764403148334 111.54065740933703 1.0 469.3776929574229 111.24987947744089 1.0
-0.03411931020216206 -0.9994177668379368 189.09828564457231 337.6129194047311 177.68261843191806 1.0 345.7284608701856 177.40556044285066 1.0 329.49737793927653 177.95967642098546 1.0
0.9990487378428506 -0.04360756143843551 -202.5933600316533 213.7234833639476 250.57159607290285 1.0 214.05379449446605 258.1390203258223 1.0 213.39317223342917 243.0041718199834 1.0
0.0009505190592496664 -0.9999995482566569 247.20674094323869 526.250397256431 247.70706387578568 1.0 566.8753605522927 247.7456786951237 1.0 485.62543396056935 247.66844905644766 1.0
-0.9995409561488117 0.030296484633028656 133.6437537618706 139.61601075333215 195.01163886706127 1.0 139.25583147575466 183.12861204545078 1.0 139.97619003090963 206.89466568867175 1.0
-0.07317207081802377 0.9973193310330458 -251.29799564684112 201.2599310283664 266.7396422541266 1.0 192.02634610377515 266.06218568732504 1.0 210.4935159529576 267.41709882092806 1.0
-0.05087470084928135 0.9987050439511639 -191.3478263529075 453.1413388820031 214.67925661288245 1.0 445.62899513318456 214.29657281328326 1.0 460.65368263082155 215.06194041248165 1.0
-0.9995415284638496 0.030277596934884347 133.80724448038384 138.86718037262608 165.01538261048228 1.0 138.31750461275797 146.8691687494644 1.0 139.41685613249422 183.1615964715002 1.0
-0.034781170588163074 0.9993949520447445 -184.24033325275528 458.13644840404874 200.29604392917685 1.0 450.60207121986485 200.03383081955235 1.0 465.6708255882326 200.55825703880132 1.0
0.9927626175047735 -0.12009323580065154 -259.1554285998964 287.9355861390271 222.29609678075383 1.0 289.3784140034637 234.22337609634 1.0 286.49275827459047 210.36881746516764 1.0
0.9969489932801308 -0.0780557800405172 -231.01404958633353 246.84189071641867 193.12759228002028 1.0 247.433138832399 200.67916903320113 1.0 246.25064260043834 185.5760155268394 1.0
0.9998246674352804 -0.018725233988677373 -402.49464529627386 407.44636682998674 260.62600446977433 1.0 407.6572079234897 271.88376105218845 1.0 407.2355257364838 249.36824788736018 1.0
0.9780787612526226 -0.20823529188525033 -342.5361921998295 410.55128720264184 283.40682159929236 1.0 412.9509853533905 294.67817610128435 1.0 408.1515890518932 272.13546709730036 1.0
0.9990974544018665 0.04247677727547576 -209.47387095518243 196.08399605636143 319.3945142857891 1.0 195.49821215995385 333.172753532492 1.0 196.669779952769 305.61627503908625 1.0
-0.039031945776808005 -0.9992379632544374 229.4150512761803 453.1499679983439 211.88919364805398 1.0 460.66291817866045 211.59572495006046 1.0 445.6370178180274 212.1826623460475 1.0
0.979835734563539 0.1998047378625688 -261.1608822902164 213.1592847644922 261.75454337791666 1.0 212.5949915843745 264.5218182111599 1.0 213.72357794460996 258.9872685446734 1.0
0.9957600012114243 0.09198923843267978 -378.33668554693025 362.458710176178 189.31344752410791 1.0 361.87563762511144 195.62505890440298 1.0 363.04178272724454 183.00183614381288 1.0
-0.01424227715654757 0.9998985736270435 -90.84283966943946 527.5232749642297 98.36594925946551 1.0 494.36049151875216 97.89358779644253 1.0 560.6860584097072 98.83831072248849 1.0
-0.9999362213478897 -0.011293946896626963 568.6453667418662 566.1969759201008 219.98528277659193 1.0 566.5005611053165 193.106652503208 1.0 565.8933907348853 246.86391304997585 1.0
0.009689045524317739 0.9999530600967366 -30.568082012595596 250.61910048067412 28.141143081308737 1.0 205.59304812681233 28.577423031284265 1.0 295.6451528345359 27.70486313133321 1.0
-0.9998088341265055 -0.019552370766684885 472.94543548355387 469.01501553661444 205.60573753624675 1.0 469.50397029663225 180.6030770206738 1.0 468.5260607765966 230.6083980518197 1.0
0.0011156771890079827 0.9999993776320113 -178.78093055068817 279.3746868846215 178.46934965895488 1.0 254.37402070520213 178.49724234928078 1.0 304.3753530640409 178.44145696862898 1.0
-0.26697740058271796 0.9637027900644964 -112.57489439183188 255.59116881637013 187.62211972243387 1.0 251.62604443952904 186.52364972729632 1.0 259.5562931932112 188.72058971757144 1.0
-0.007392651305633543 -0.999972673979981 234.94749098277848 451.86844486196634 231.6133142039556 1.0 468.1129364976411 231.49322105998814 1.0 435.6239532262916 231.7334073479231 1.0
-0.985436911970482 -0.17004144355444872 474.32586073709996 429.3180664284429 301.45586882354866 1.0 431.8352428041631 286.8681397221987 1.0 426.80089005272265 316.0435979248986 1.0
-0.9931114810051661 -0.11717331733686476 475.5621610291044 447.97400399142487 261.78344328325267 1.0 448.58157779930286 256.6339046521412 1.0 447.36643018354687 266.9329819143641 1.0
0.06981124889371644 -0.9975602184970588 188.39236577058333 597.4970496653639 230.66715848464 1.0 615.620766631432 231.93549225791705 1.0 579.3733326992958 229.39882471136295 1.0
0.0014332953875917968 0.9999989728316384 -251.78615459832614 526.2496877436668 251.03214120043464 1.0 483.1238805281953 251.09395328449418 1.0 569.3754949591381 250.97032911637513 1.0
-0.9999825593287981 -0.005906017120445343 193.0017049243792 191.80167984262127 203.75325828742223 1.0 191.90874633661437 185.6251993099179 1.0 191.69461334862817 221.8813172649266 1.0
0.9999365016959488 0.011269098281039391 -404.04401871274524 401.46342550133716 231.25944889936497 1.0 400.76619432100676 293.1265912337208 1.0 402.16065668166755 169.39230656500916 1.0
0.009391424854495638 0.9999558995971783 -184.98776354390196 435.6217563642299 180.9046325211902 1.0 403.11875344552533 181.20989549286668 1.0 468.1247592829345 180.5993695495137 1.0
0.685504655300413 -0.7280682437529203 133.46338659215897 160.53948134405545 334.4658285846933 1.0 169.5447848018222 342.9446731101345 1.0 151.53417788628872 325.98698405925217 1.0
-0.0021360460805394258 -0.9999977186509685 198.2879179085599 441.251005728922 197.34583564196953 1.0 450.62596295367644 197.32581025564946 1.0 431.8760485041675 197.36586102828957 1.0
0.0021138913983603717 -0.999997765729082 196.4536227623244 459.997513109756 197.42644865272703 1.0 466.8738035677373 197.44098441645562 1.0 453.1212226517747 197.41191288899844 1.0
0.9997438718568074 0.02263163018343103 -627.1092933181822 621.0878308823883 273.09303212290075 1.0 620.1824774197697 313.0866856415016 1.0 621.9931843450069 233.09937860429986 1.0
-0.2558589431163529 -0.9667141259066109 379.6053004564 440.88624964067424 275.9870818465507 1.0 449.5272085036953 273.7000907465386 1.0 432.24529077765317 278.2740729465629 1.0
0.009161762989053177 -0.9999580301687327 195.9024660231436 515.0056874356455 200.6292464450641 1.0 529.3852066898623 200.76099372177873 1.0 500.62616818142885 200.49749916834946 1.0
0.15715204868943203 0.9875744192680946 -130.4734839366539 556.9331918308189 43.49068892360264 1.0 546.9861603158652 45.07355331382432 1.0 566.8802233457726 41.90782453338096 1.0
0.0038094081254301452 -0.9999927441785436 172.75461484740387 278.7473610571815 173.81773850003384 1.0 304.3719891976809 173.91535387496313 1.0 253.12273291668205 173.72012312510458 1.0
-0.9971659238119382 -0.07523377159417208 210.79006068608933 192.18827278412397 254.49294517318697 1.0 192.85177777645296 245.6986955348925 1.0 191.52476779179497 263.2871948114814 1.0
0.9994870415270671 -0.0320258305039991 -403.28235017777047 413.4208390468531 309.9504678127439 1.0 413.8809742089821 324.310724039089 1.0 412.960703884724 295.59021158639877 1.0
-0.007727530835890111 0.9999701421878459 -190.47696476798734 525.614030658288 194.54447206997844 1.0 485.6164192476008 194.23538006562939 1.0 565.6116420689752 194.85356407432747 1.0
0.022920806941446627 0.9997372837946743 -49.01566234955625 236.87151122487586 43.597830027307374 1.0 168.14330821720034 45.1735498670158 1.0 305.5997142325514 42.02211018759895 1.0
-0.635600939166793 -0.7720177757864716 314.3215322718001 205.4911146642101 237.96237931652138 1.0 209.6979099532199 234.4989318151304 1.0 201.28431937520028 241.42582681791234 1.0
-0.11158335343225173 0.9937550780935981 -205.0109920567739 417.9727198079232 253.23119883714315 1.0 410.4274929885171 252.3839863504091 1.0 425.5179466273293 254.07841132387725 1.0
-0.9976953975725315 -0.06785199822104347 187.3566135259759 166.96132020758307 306.25587052780395 1.0 167.9459545703948 291.7778124333506 1.0 165.97668584477137 320.73392862225734 1.0
-0.9997564299316625 -0.022069907346813473 585.5169709033853 579.3816532893677 284.38894392589464 1.0 579.6853450268213 270.631850954675 1.0 579.0779615519142 298.1460368971143 1.0
-0.9996203618027071 0.02755235506131315 147.94981744042627 156.5325638052343 309.34998498314144 1.0 156.05058064037345 291.8632697978564 1.0 157.01454697009518 326.83670016842655 1.0
0.0061258824738978845 -0.9999812366059255 177.8836589675885 165.6164140320115 178.90156245621392 1.0 189.3846658026906 179.04716670520102 1.0 141.8481622613324 178.75595820722683 1.0
-0.02547166133824848 -0.9996755445986811 214.3709789546738 542.483899345756 200.61810441666682 1.0 554.3671094031465 200.315321074783 1.0 530.6006892883654 200.92088775855063 1.0
-0.11162065306019982 -0.9937508892123892 306.16538798119564 175.51286000078326 288.3766254081779 1.0 180.58921805387664 287.80643582927576 1.0 170.4365019476899 288.94681498708013 1.0
0.12170881520799812 -0.9925658488486622 173.8419480797578 599.3883375464475 248.64122897064925 1.0 609.4667147147278 249.87704354737843 1.0 589.3099603781671 247.4054143939201 1.0
0.9999464567928054 0.010348118066304242 -558.6809042611352 556.3953554003915 223.74503631528177 1.0 556.1688685835693 245.63062831767348 1.0 556.6218422172138 201.85944431289005 1.0
-0.013399618984936036 0.9999102210754016 -198.9326163967897 441.25182766845467 204.86361519901493 1.0 431.87013693773747 204.73789283056976 1.0 450.6335183991718 204.98933756746007 1.0
-0.18453387737662438 0.982826153549217 -8.273972507660922 341.3649654020266 72.51269506460613 1.0 323.1770538268268 69.09776167864112 1.0 359.5528769772264 75.92762845057116 1.0
-0.9998163770580858 -0.019162780759678585 501.4403430073661 497.36358610930415 217.50936438801128 1.0 497.6634085937856 201.86615300057008 1.0 497.0637636248226 233.15257577545248 1.0
-0.01137473516906366 -0.9999353056072346 51.31726053964887 281.87487624835853 48.11412118536472 1.0 431.8839035565523 46.40769783074246 1.0 131.86584894016477 49.820544539987 1.0
-0.9992322210654926 -0.03917867257223812 158.28277590366176 145.10064478977557 339.3054297035837 1.0 145.3961779403519 331.76800622645163 1.0 144.80511163919925 346.84285318071574 1.0
0.015663062812124505 -0.9998773267073033 195.67755460526476 419.99364384049983 202.28075587580443 1.0 429.3663438573437 202.4275790761729 1.0 410.620943823656 202.13393267543597 1.0
0.990920807761571 -0.13444683984815672 -565.3672444405927 611.4174767154101 301.22727697818164 1.0 612.5338317673468 309.45520893302097 1.0 610.3011216634734 292.99934502334224 1.0
0.9983124642592676 0.05807085073071302 -261.9569995254957 250.36485946158598 206.89622351477118 1.0 249.99620620404855 213.23384621804487 1.0 250.73351271912338 200.55860081149746 1.0
0.9999606841665977 0.0088673626896596 -488.82129245076504 486.8839738094042 220.63616421631525 1.0 486.66220017020527 245.64528223086586 1.0 487.1057474486032 195.6270462017646 1.0
0.8878387719419876 -0.4601546642559904 -392.1298818193079 595.033360000918 295.90878103687743 1.0 597.3500920785813 300.3787662886336 1.0 592.7166279232549 291.4387957851213 1.0
-0.9993341208966064 0.03648718695387253 571.0847820486318 580.4573222441279 246.27894185324794 1.0 579.8850933585661 230.60637572674767 1.0 581.0295511296897 261.9515079797482 1.0
0.9418011734341032 -0.33617041767256434 -463.91464514077967 592.5943337430263 280.18941821510066 1.0 595.9863016841991 289.692215663385 1.0 589.2023658018533 270.6866207668163 1.0
0.9999958460456241 -0.002882341321989523 -140.8547786530506 141.2480740273203 136.24640260971475 1.0 141.2823068807704 148.12310540934627 1.0 141.21384117387024 124.36969981008322 1.0
0.31151866634686876 -0.9502400331060928 97.88000406213581 153.4807251450468 153.32138174924154 1.0 164.75836190335912 157.01854692866485 1.0 142.20308838673444 149.62421656981826 1.0
0.9999875003827517 0.004999907824750627 -577.4622938544251 575.885139902946 316.8763006917944 1.0 575.8163607808407 330.6322067611282 1.0 575.9539190250513 303.12039462246065 1.0
0.2922366082450099 0.9563460486672449 -258.4319220211297 145.25709599642198 225.84134818626217 1.0 139.58845983396813 227.5735485835965 1.0 150.92573215887586 224.10914778892783 1.0
-0.9917368683651605 -0.12828867418936205 243.6992278547985 217.0362731622937 221.81501342181275 1.0 219.2936325219309 204.36447450052873 1.0 214.7789138026565 239.26555234309677 1.0
-0.9915504592409183 0.12972157406971213 170.2623138881027 204.6220566730984 251.54474582148774 1.0 203.39515813016564 242.1667235271142 1.0 205.84895521603116 260.9227681158613 1.0
0.9952685988171394 -0.09716180426776808 -165.11858245208464 194.33680562200595 291.25372867654335 1.0 195.7386987261535 305.6139003095354 1.0 192.93491251785844 276.89355704355137 1.0
-0.9971699525206535 0.07518035508001764 262.3995414102149 279.58829552694976 218.1089188561463 1.0 279.21345757142166 213.13717928509607 1.0 279.96313348247793 223.0806584271965 1.0
0.6840118079804917 -0.7294709360510938 123.93954402004015 168.743922059189 328.131481878121 1.0 176.14455150795538 335.07091932417956 1.0 161.34329261042262 321.1920444320624 1.0
0.10090504701467234 0.9948960606450137 -234.75142206061562 423.17933558869663 193.0357339870152 1.0 418.0420134179353 193.5567750843476 1.0 428.31665775945794 192.51469288968275 1.0
-0.32913664367948514 0.9442823040740537 -92.64544089696366 588.1304781376214 303.10928340169784 1.0 580.6659653435937 300.50747176429985 1.0 595.5949909316491 305.7110950390958 1.0
-0.9997176265920168 0.02376272461703294 274.35363007980925 279.9426925912778 231.8763621648111 1.0 279.7641695644358 224.36574965876056 1.0 280.12121561811983 239.3869746708616 1.0
0.07296742070299109 -0.997334324845963 133.43795218257364 30.640631250049612 136.0363487284526 1.0 55.643974350315744 137.8656545184244 1.0 5.6372881497834815 134.20704293848078 1.0
-0.3182543689138304 0.9480053568768795 -100.25488617357387 606.6565911686719 309.41385996985605 1.0 602.3475831750278 307.9672852119036 1.0 610.9655991623158 310.8604347278085 1.0
-0.897641690588555 -0.4407259866598756 665.7521715900751 603.122438680298 282.180606239534 1.0 607.4338587076386 273.3993896121469 1.0 598.8110186529576 290.961822866921 1.0
0.06631720555871252 -0.997798591022699 246.76110478020934 198.71591191389592 260.5128841602831 1.0 204.35753033170153 260.88784597288094 1.0 193.0742934960903 260.1379223476853 1.0
-0.19523924329262138 0.9807556463658645 -145.38907111849295 587.5822136859797 265.2120116305857 1.0 581.9322769850986 264.08727748276954 1.0 593.2321503868607 266.3367457784019 1.0
-0.002120300361354546 -0.9999977521606624 126.85671223363515 456.25321141703853 125.88960136419647 1.0 466.88081402000034 125.8670676039048 1.0 445.62560881407666 125.91213512448813 1.0
-0.9527539257311726 0.3037432419064489 483.27859943285335 595.5890318797115 277.11295989555924 1.0 594.2076144565912 272.7798564997751 1.0 596.9704493028318 281.4460632913433 1.0
0.9954742924612544 -0.09503122144203481 -151.2803505686877 175.057763465219 241.8694857112875 1.0 175.41816206559977 245.64474542355885 1.0 174.69736486483828 238.09422599901615 1.0
0.9999704071777407 -0.007693163769441613 -0.6859254258266284 1.402383783284037 93.12382765190628 1.0 1.6909058777775354 130.62641630814377 1.0 1.1138616887905384 55.6212389956688 1.0
0.0008305134636048162 0.999999655123634 -37.179365421411404 322.5005494156602 36.91153710301853 1.0 249.37508078308431 36.97226881019523 1.0 395.62601804823606 36.85080539584184 1.0
-0.003903165207162514 0.9999923826216706 -35.03403727782985 471.8749956118634 36.87612424222172 1.0 415.6258525636616 36.656572871737424 1.0 528.1241386600652 37.095675612706025 1.0
0.17782564537424497 0.9840620101636041 -236.20208160144927 285.67549643355153 188.40444013250868 1.0 277.9751824795832 189.79593099823276 1.0 293.37581038751983 187.01294926678463 1.0
-0.9990296942396696 0.04404168511072523 252.03740992667645 261.45808938500346 208.1433792795458 1.0 261.2356700414194 203.0980789406703 1.0 261.68050872858754 213.1886796184213 1.0
0.09006567550534926 -0.9959358283020875 130.99524310898707 121.87039388120401 142.55093392918673 1.0 134.43718286953109 143.68738901695727 1.0 109.30360489287693 141.4144788414162 1.0
0.20140955777469013 -0.9795071158684882 145.93492478829083 584.2962291805192 269.1330830028958 1.0 588.0174087025606 269.8982444905385 1.0 580.5750496584777 268.367921515253 1.0
0.9997348456397704 0.02302690629729104 -582.6464363924056 576.9854056784893 252.4881473419935 1.0 576.0210782538246 294.3553316088059 1.0 577.9497331031539 210.6209630751811 1.0
0.9962852891881563 -0.08611400900708162 -119.18325952996662 136.36424805214352 193.63208109632342 1.0 137.07522957239968 201.8576931388145 1.0 135.65326653188737 185.4064690538323 1.0
0.9998885688599708 0.01492815672343507 -138.67612304294624 136.21855448948293 165.64319279963945 1.0 135.93826489732862 184.4170015395713 1.0 136.4988440816372 146.86938405970758 1.0
0.008034043330681244 -0.9999677265530927 122.18936427754814 485.61620327890336 126.09489541368416 1.0 499.3703368884628 126.20540028545246 1.0 471.8620696693439 125.98439054191587 1.0
0.004314834378791309 -0.9999906910588136 44.99689640197517 535.6231296663345 47.3084618876246 1.0 638.1266148350389 47.75075156662506 1.0 433.11964449763013 46.86617220862414 1.0
-0.07373567384189235 0.9972778200697547 -131.0022175126955 81.8813688783539 137.41386067570642 1.0 59.36582220915252 135.74912997362782 1.0 104.39691554755528 139.07859137778502 1.0
0.0032077423553006825 -0.9999948551812564 341.503448572395 199.99912827699828 342.1467545302281 1.0 209.3820511265251 342.1768526841186 1.0 190.61620542747144 342.11665637633763 1.0
0.022923483547994443 0.9997372224249854 -223.01261712427024 608.7726400827496 209.11237756834734 1.0 579.3844294121644 209.7862348067305 1.0 638.1608507533349 208.43852032996418 1.0
0.7745208738340745 -0.6325483507173989 -236.7029840629707 585.7546161951016 343.0191429298969 1.0 595.2674117451289 354.66704101334915 1.0 576.2418206450742 331.3712448464446 1.0
-0.7277635349510789 0.6858281396935456 -108.26942702463485 165.67243545108613 333.66928396190684 1.0 158.6953034855248 326.2655308506011 1.0 172.6495674166475 341.07303707321256 1.0
0.01833040098433808 -0.9998319840852029 198.06195820694697 237.5009265712776 202.4494601563988 1.0 245.6346511177664 202.5985796432791 1.0 229.36720202478884 202.3003406695185 1.0
0.9863781455603071 -0.16449362893744426 -298.48519384923395 339.7034078353198 222.44523297495346 1.0 342.3062551056567 238.0530816209822 1.0 337.10056056498286 206.83738432892474 1.0
0.36608103497596445 -0.9305829763277033 84.08827824583025 180.56819877307146 161.39438949239116 1.0 195.4742307930013 167.2582573774181 1.0 165.6621667531416 155.53052160736425 1.0
-0.20928634985971267 0.9778543980380707 -135.65420219069242 607.756381584142 268.8021012369066 1.0 599.3477267108861 267.0024297426794 1.0 616.165036457398 270.6017727311338 1.0
0.01441805990818549 0.9998960543718952 -191.52192629195588 159.37310738016728 189.2437463420735 1.0 141.8407038850341 189.4965558644454 1.0 176.90551087530048 188.9909368197016 1.0
1.0 0.0 -189.375 189.37500000000003 205.625 1.0 189.37500000000003 220.625 1.0 189.37500000000003 190.625 1.0
-0.9999648517635104 0.008384225520629703 2.8479711114781954 3.6288881759903315 93.12601546453749 1.0 3.3144468353460312 55.62341157917809 1.0 3.9433295166346314 130.6286193498969 1.0
0.9976889826016688 0.06794625814014242 -369.16343962729934 359.59496544060346 153.05485089012058 1.0 358.7476000261606 165.49714221517996 1.0 360.44233085504635 140.61255956506116 1.0
-0.07212004322431129 0.9973959591683352 -131.2462165207061 29.9994152305918 133.75808716438183 1.0 5.616323984148965 131.99498638332184 1.0 54.38250647703464 135.52118794544185 1.0
-0.004507811156835349 0.999989839767672 -170.17472783401027 345.62281605562873 171.73447508244843 1.0 335.6202019058952 171.68938472865827 1.0 355.62543020536225 171.77956543623858 1.0
0.9994451509693479 -0.03330750972164412 -128.18297467049177 137.64357848354996 281.74524260104016 1.0 139.47516845194625 336.70503178300436 1.0 135.81198851515364 226.78545341907594 1.0
-0.013746728687333957 -0.9999055092609485 304.1565121782695 279.37114302712786 300.3444526413062 1.0 284.3701981643798 300.2757254925623 1.0 274.3720878898759 300.4131797900501 1.0
0.06530595569608205 -0.9978652875767458 133.9973795559256 81.89830348872208 139.64392615914826 1.0 104.4245312363507 141.11817007724161 1.0 59.37207574109345 138.16968224105491 1.0
-0.0632021554444262 0.9980007452638392 -165.84355106043685 434.4579944157129 193.68946734250147 1.0 428.19353774464565 193.29274703324458 1.0 440.72245108678015 194.08618765175834 1.0
-0.999423161511079 -0.03396092217828955 369.0080875815159 364.103066155256 150.61575954561124 1.0 365.03789447135955 123.10504984681518 1.0 363.16823783915237 178.12646924440733 1.0
-0.12753633369866002 0.9918338991921501 -160.6995458648565 599.9463068652958 239.16756470183108 1.0 581.7208229154711 236.82401564110867 1.0 618.1717908151204 241.5111137625535 1.0
-0.7031457033546596 0.7110457930779711 -111.10770325556685 173.14447297630875 327.48030823794136 1.0 165.91529161665278 320.3314468547529 1.0 180.3736543359647 334.62916962112973 1.0
-0.9999096962842977 0.01343872302874834 67.82201802755895 72.01969728383351 311.87305527766387 1.0 71.63314313770162 283.1114506200397 1.0 72.4062514299654 340.6346599352881 1.0
-0.4543360859084966 -0.8908303548046322 361.9757877752939 186.77455511596997 311.0775985146779 1.0 193.49521000003676 307.6499694287355 1.0 180.05390023190316 314.5052276006203 1.0
-0.9998266101435859 0.018621215019056978 55.87883859358999 59.822787633792196 211.24166020415225 1.0 58.484186432190754 139.3683103522972 1.0 61.16138883539364 283.11501005600735 1.0
-0.9997370942439112 0.022929073089438153 0.6347755369309862 5.737943442919078 222.49740963051926 1.0 3.7451895608899632 135.6107758886283 1.0 7.730697324948193 309.38404337241025 1.0
0.0067943283375796 -0.9999769182848379 124.97178346924773 289.3703064351905 126.94079035347978 1.0 314.37339871994703 127.11067349311146 1.0 264.36721415043394 126.7709072138481 1.0
0.026176735036330948 0.9996573305602464 -51.437914645763215 534.9985919928266 37.44622993699031 1.0 528.1119480371764 37.6265615852518 1.0 541.8852359484769 37.26589828872883 1.0
-0.055378318258122256 0.9984654435016277 -174.53833701962733 232.48883986458284 187.70121610603792 1.0 224.2850822673518 187.24620757060111 1.0 240.69259746181388 188.15622464147475 1.0
-0.44383780666930106 0.8961071372168532 -47.17364003861099 156.99214581912835 130.40035599560488 1.0 142.4659591019977 123.20560150249365 1.0 171.518332536259 137.59511048871613 1.0
0.9997913092655824 -0.02042885011479634 -53.27203730086327 57.599610812650226 211.24796464087797 1.0 59.068410497714744 283.1312645783484 1.0 56.1308111275857 139.36466470340753 1.0
-0.028573045010963104 0.9995917071978946 -231.4519328653375 423.78829381135733 243.66033962235542 1.0 413.1184156768532 243.3553441867157 1.0 434.4581719458615 243.96533505799516 1.0
0.9997627232865633 -0.021782954956442512 1.9710994876922439 6.567096969914506 391.89532620761884 1.0 6.975727025027681 410.6500405029747 1.0 6.158466914801331 373.1406119122629 1.0
-0.9998218211418936 0.018876598435816013 105.06349606405253 109.6489355485178 241.88162808366008 1.0 107.784535478602 143.13142795737815 1.0 111.5133356184336 340.631828209942 1.0
-0.0076110361503518706 0.9999710356448921 -32.72659134109043 603.1263845716682 37.31808895167677 1.0 568.1236552873495 37.05167419720129 1.0 638.1291138559868 37.584503706152255 1.0
-0.9998675203808506 -0.016277029441799738 486.69421274467163 483.2993251067068 212.50283787085436 1.0 483.65533795505047 190.63363347026728 1.0 482.94331225836316 234.37204227144142 1.0
-0.9997305673002848 0.023211910853071088 169.33938627287907 172.8240403780875 148.11747637652084 1.0 172.62065413553802 139.35768727806524 1.0 173.02742662063696 156.87726547497644 1.0
0.9997349349191732 -0.02302302982138868 1.6845550345980305 3.424428646278555 221.8681044175692 1.0 5.410963768770003 308.1299290690585 1.0 1.4378935237871067 135.6062797660799 1.0
-0.03775345577774081 -0.9992870841639244 77.04448933612336 330.0332720191718 64.6306690232072 1.0 336.9220520086009 64.37040822847163 1.0 323.14449202974276 64.89092981794278 1.0
-0.6823368965083924 -0.7310378647260999 381.6737315521803 535.7652735015843 22.02528535258847 1.0 540.9314258391374 17.20329661166831 1.0 530.5991211640312 26.84727409350863 1.0
0.9959630096677785 -0.08976459977909268 -160.2939455126577 180.7249437904403 219.47865278064796 1.0 182.20794619365208 235.93297375441963 1.0 179.24194138722854 203.02433180687632 1.0
0.08867119540690803 0.9960609515010163 -73.59695093843924 405.0847137300866 37.82660596638091 1.0 394.43285125801015 38.77485454221923 1.0 415.7365762021631 36.87835739054258 1.0
0.9995208239695305 0.030953553128372398 -605.0987751559024 591.8202891196674 438.14266093726195 1.0 591.5091054307948 448.19108981448863 1.0 592.1314728085401 428.09423206003527 1.0
-1.0 0.0 191.875 191.87499999999994 289.375 1.0 191.87499999999994 280.625 1.0 191.87499999999994 298.125 1.0
0.9553623365963613 0.2954366358682363 -315.20243881873563 265.80491078594406 207.36236043119473 1.0 264.4064159979727 211.88471509593583 1.0 267.2034055739154 202.84000576645363 1.0
-0.08471624235235642 0.9964051175509372 -129.42640197191196 121.28568445503724 140.20529094977744 1.0 108.14936588081551 139.08841636899766 1.0 134.42200302925897 141.3221655305572 1.0
-0.014761115633392842 0.9998910487974465 -253.59580002408825 250.62760740989592 257.3233788095529 1.0 223.12437470748128 256.91735617468606 1.0 278.1308401123106 257.72940144441964 1.0
0.5334006432661785 0.845862727493786 -300.4711044990513 535.7719383995723 17.366893510342024 1.0 530.0554033235538 20.971737875380327 1.0 541.4884734755907 13.762049145303722 1.0
-0.9999999916140453 -0.00012950640583133725 370.9212292472509 370.8877225810659 258.7499530827531 1.0 370.89217437421144 224.37487271778457 1.0 370.8832707879203 293.1250334477217 1.0
0.9995422289587761 0.03025446294551798 -604.6948079217881 593.1286907080744 391.26902941084484 1.0 592.0118518430952 428.1669776738613 1.0 594.2455295730535 354.37108114782836 1.0
0.9997901139743052 -0.02048726431825447 -102.40285852724367 107.38054102494621 241.86464067312028 1.0 109.40428307231156 340.62439994401416 1.0 105.35679897758088 143.10488140222637 1.0
0.9952623638626754 0.09722565031142455 -371.7627790151183 360.70410972638564 131.3187833967445 1.0 359.9001698023376 139.54841360902628 1.0 361.5080496504337 123.0891531844627 1.0
-0.13808692123911867 -0.9904201139833043 357.300955523556 100.69031436906414 346.7184633727276 1.0 131.94278221846903 342.36116387373784 1.0 69.43784651965925 351.0757628717174 1.0
0.053681962710698646 0.9985580838787131 -205.20288440604364 337.4922473187952 187.35578950362788 1.0 326.7973573997817 187.93074121760074 1.0 348.18713723780877 186.78083778965504 1.0
0.14330423219629257 0.9896786837325694 -354.823663008629 123.65855949696319 340.6184993436806 1.0 112.98583344617023 342.1638966906073 1.0 134.33128554775615 339.07310199675385 1.0
0.01692075715743801 0.9998568337403205 -50.55451794976878 152.50813724085884 47.9808340315276 1.0 133.12811057712779 48.30880571088788 1.0 171.8881639045899 47.65286235216732 1.0
-0.004614259643874076 0.9999893542473035 -170.58371633850228 315.0021269682751 172.03904942588088 1.0 299.37457576470007 171.96693907936074 1.0 330.6296781718502 172.11115977240104 1.0
0.9991650687700273 -0.04085542007844843 2.872735867634549 11.817555333647652 359.3262369370729 1.0 13.656600677888893 404.3021511320979 1.0 9.978509989406412 314.3503227420479 1.0
0.9958781991992095 -0.09070067452747804 -152.7161935819728 180.50134423904677 298.1362620809821 1.0 181.1890786876058 305.6874710188022 1.0 179.81360979048776 290.5850531431619 1.0
-0.9990965272093256 0.042498580191168256 12.497465620157868 29.712452897819148 404.440402658342 1.0 29.496765485945787 399.3698204601577 1.0 29.928140309692512 409.51098485652625 1.0
0.13965435331424264 0.9902003138761271 -354.67483202722235 90.59436999818412 345.40782211264934 1.0 74.31558478596311 347.70372445654476 1.0 106.87315521040513 343.1119197687539 1.0
-0.6919850632619786 0.7219118174834898 -136.59400535921193 155.15585578615497 337.93537400631396 1.0 149.08864548962927 332.1196790707465 1.0 161.22306608268067 343.7510689418815 1.0
0.9749394447748554 -0.2224704003279913 -125.10432238736055 183.93168921763936 243.7085405296707 1.0 185.51564302475626 250.64995405247117 1.0 182.3477354105225 236.76712700687023 1.0
-0.0008045645981160189 0.9999996763378513 -13.764347508008054 445.00020324636773 14.122383488575505 1.0 401.87523116222354 14.087686651511808 1.0 488.125175330512 14.157080325639201 1.0
-0.026321286780232246 0.9996535349120877 -181.96463622085656 218.79177110485114 187.7885793599193 1.0 213.17066816187608 187.64057341844455 1.0 224.4128740478262 187.9365853013941 1.0
-1.0 0.0 138.12500000000003 138.12500000000003 119.375 1.0 138.12500000000003 94.375 1.0 138.12500000000003 144.375 1.0
0.020143939268765256 0.9997970902691887 -176.23154290884474 211.8648987754201 171.99864945439026 1.0 199.35738359661875 172.25065121416444 1.0 224.37241395422149 171.7466476946161 1.0
0.009778662871804953 -0.9999521877332135 301.8327748396592 440.6259178187039 306.1561451618787 1.0 450.6310729683106 306.2539868791011 1.0 430.62076266909713 306.0583034446563 1.0
-0.05273543229746689 -0.9986085189804857 81.61133520320621 351.2526816941915 63.175781088696425 1.0 364.4070082952397 62.481115374652084 1.0 338.0983550931433 63.87044680274077 1.0
-0.17135012438915354 -0.9852101983190296 436.9716834811931 21.93440171180255 439.7165414635624 1.0 25.785318330111167 439.04678079453436 1.0 18.083485093493934 440.3863021325905 1.0
0.00838852414449752 0.9999648157123715 -21.637383714669944 110.6204714627676 20.710169891503117 1.0 61.86865922733692 21.119140034851192 1.0 159.37228369819826 20.301199748155042 1.0
-0.19446835125911863 0.9809087930886135 -124.12978732417052 319.8780557214851 189.96255996195083 1.0 310.8628510816992 188.17526638795556 1.0 328.893260361271 191.74985353594607 1.0
-0.0035549417702699653 -0.9999936811745413 192.44620814884124 501.87513606992525 190.663276032129 1.0 518.1249307087467 190.6055085933868 1.0 485.62534143110383 190.72104347087122 1.0
0.999270931327484 -0.03817860400673176 7.854287679069739 4.986922802687421 336.2504996334048 1.0 5.7746934207057805 356.8692807444384 1.0 4.199152184669062 315.63171852237116 1.0
0.9999999999752208 7.039771667932317e-06 -105.35249852149687 105.35175934806482 105.0000024763055 1.0 105.35153495531193 136.8750068745831 1.0 105.3519837408177 73.12499807802787 1.0
-0.0178915332987417 0.999839933707501 -4.539925241709591 568.7662234011414 14.718380983566325 1.0 541.899826275793 14.237622991631577 1.0 595.6326205264899 15.199138975501073 1.0
0.14620159969505447 -0.9892548166405897 271.83392679465413 630.1238004493123 367.9123197623015 1.0 638.3463117676264 369.1275216375176 1.0 621.9012891309982 366.69711788708537 1.0
0.9999999418378026 0.0003410636175106292 -201.9251910837351 201.8574164322713 198.74999400288442 1.0 201.85251364305475 213.1249923307213 1.0 201.86231922148787 184.37499567504753 1.0
0.24583540073452032 0.9693115885749525 -101.06883866848369 289.87353865915605 30.751371882078494 1.0 283.2650976491457 32.427395116583256 1.0 296.48197966916644 29.075348647573733 1.0
-0.27504425578793085 -0.9614315666536352 387.8520118333475 46.71000277152901 390.04824356708366 1.0 52.8177396671935 388.3009554528983 1.0 40.602265875864525 391.79553168126904 1.0
0.5116188112961747 -0.8592125417659412 88.45975064994364 610.9538231250382 466.7473993917532 1.0 617.0296611389347 470.36526211045714 1.0 604.8779851111417 463.1295366730493 1.0
0.0036843472510646284 0.9999932127696335 -167.09455259475249 280.6266091636508 166.06175381808316 1.0 264.37682974788913 166.12162405455712 1.0 296.8763885794125 166.0018835816092 1.0
0.035936776174421745 -0.999354065443369 224.95416827778425 268.78092808064366 234.76493111186193 1.0 275.7368332573783 235.0150654897272 1.0 261.825022903909 234.51479673399663 1.0
0.006179001495568093 0.9999809097880408 -167.5919896171974 315.0001468499175 165.64876550875204 1.0 300.6256956882726 165.73758695959813 1.0 329.3745980115624 165.55994405790594 1.0
0.19941045287018905 0.9799160531831828 -308.01081346175334 10.680986142442595 312.1501195784657 1.0 4.435257566979402 313.42110963898324 1.0 16.92671471790579 310.8791295179482 1.0
0.1655162504460985 0.9862070628616814 -368.88202485110105 79.89629138337241 360.6320656888851 1.0 71.68781844179591 362.009703017131 1.0 88.10476432494892 359.2544283606392 1.0
0.9987478512844796 -0.050027288099946804 -126.3211620825124 137.21828560788384 214.38911107622226 1.0 137.78195208692887 225.64218327279224 1.0 136.65461912883882 203.1360388796523 1.0
0.0 -1.0 39.375 283.75 39.375 1.0 290.625 39.375 1.0 276.875 39.375 1.0
-0.1833720285574061 -0.9830435896453127 370.1949117868709 143.59514673424627 349.7948433428892 1.0 148.04836441448776 348.96416241659557 1.0 139.14192905400475 350.62552426918285 1.0
-0.017035337824429963 0.9998548881038726 -168.7573112628112 241.85749321420553 172.90252557841694 1.0 229.36112074839045 172.68961475598874 1.0 254.35386568002062 173.11543640084517 1.0
-0.006704975417867364 -0.9999775213996792 257.42877911465456 516.8764673764302 253.96884397095897 1.0 531.879983541437 253.8682435025333 1.0 501.8729512114234 254.06944443938463 1.0
-0.9998739143314505 0.01587940299580563 106.08369065422973 107.76454881813757 104.9957985929675 1.0 107.23845231847218 71.86922786638189 1.0 108.29064531780297 138.12236931955312 1.0
0.7595666072579301 -0.6504295266504106 -156.922698042063 596.0565037836909 454.810100326112 1.0 601.4796204279102 461.1431743048209 1.0 590.6333871394716 448.47702634740307 1.0
-0.9993149100436891 0.037009600975607494 32.681038406046056 45.52693720100271 346.253631753139 1.0 44.48504314208716 318.1209245551749 1.0 46.56883125991827 374.38633895110314 1.0
0.9997930599565904 -0.020342990503792156 -155.79968839317746 162.03776522674622 304.99668818319043 1.0 162.30471172375468 318.1162565691183 1.0 161.77081872973775 291.87711979726254 1.0
-0.0020686685960790417 -0.9999978603028307 77.16177648279104 460.6236223918693 76.20906192485086 1.0 508.1234191208557 76.11080037678751 1.0 413.1238256628829 76.3073234729142 1.0
0.022795668426449485 -0.9997401449881821 294.44871415159537 292.54399072265466 301.19571718090674 1.0 301.91411907422645 301.4093710389483 1.0 283.17386237108286 300.98206332286526 1.0
-0.006354582861064471 0.9999798094345015 -70.82564284088748 470.62456942964354 73.81775608602018 1.0 431.87216264857386 73.57149573392843 1.0 509.3769762107132 74.06401643811193 1.0
-0.17672417964371775 -0.9842604148949885 118.47757216523087 550.5610477913548 21.51881994845622 1.0 559.472629265181 19.918743483470966 1.0 541.6494663175285 23.118896413441476 1.0
0.9999344323117436 0.011451247853015099 -572.2914959012903 569.80236892279 220.6298942283628 1.0 569.4873163408613 248.14060124501097 1.0 570.1174215047189 193.11918721171457 1.0
-0.09385758110232977 0.9955856339208695 -176.53949382199787 234.99050728009416 199.4756931507726 1.0 228.05926676889047 198.82225918562185 1.0 241.92174779129786 200.12912711592338 1.0
0.0 -1.0 168.12499999999977 314.375 168.12499999999994 1.0 330.625 168.12499999999994 1.0 298.125 168.12499999999994 1.0
0.0 -1.0 39.375 258.75 39.374999999999986 1.0 275.625 39.374999999999986 1.0 241.875 39.374999999999986 1.0
0.9904776096458356 0.13767390744172167 -344.442716441824 296.84687784236667 366.24609109051084 1.0 293.11104640040344 393.1230604845979 1.0 300.58270928432995 339.36912169642386 1.0
-0.0051157332177045045 -0.9999869145512083 169.75454807369903 280.62600342769457 168.32114286390765 1.0 296.8755781533913 168.238013286922 1.0 264.37642870199784 168.4042724408933 1.0
0.0015281817731013893 0.9999988323295524 -295.8208166785572 554.3749602296361 294.9739754012637 1.0 534.3740518239338 295.0045404606247 1.0 574.3758686353384 294.94341034190273 1.0
0.006490789170440437 -0.999978934606097 288.4085788297224 279.3735197624284 290.2280472144397 1.0 285.6354264211019 290.2686927865811 1.0 273.1116131037548 290.18740164229825 1.0
0.9998784201940402 -0.015593102009233807 -358.9941729839149 362.4882209153913 221.25018369480142 1.0 362.79045250109175 240.63021726759177 1.0 362.18598932969087 201.8701501220111 1.0
0.014004084462524784 0.9999019380011054 -250.14590039580287 529.3698371072762 242.75636565950023 1.0 518.1220433940697 242.91389616043284 1.0 540.6176308204829 242.59883515856762 1.0
0.9999596766531428 0.008980259892796966 -56.243586893940055 53.47872263361798 308.1225637605095 1.0 53.343973763770705 323.126966520605 1.0 53.613471503465256 293.118161000414 1.0
-0.12183830136885067 0.9925499626313796 -167.0493962642838 218.26664365529962 195.0961066577987 1.0 211.8826773505448 194.31245682670587 1.0 224.65060996005442 195.8797564888916 1.0
0.9999686218093065 -0.007921830394300429 -65.0609608125468 67.53864962584413 312.4996938146117 1.0 67.76148333669951 340.6278798077153 1.0 67.31581591498876 284.3715078215081 1.0
-0.0028201670618098963 0.9999960233209646 -119.32057588648871 364.3757793420376 120.3486550454839 1.0 326.8760775923722 120.24289920122474 1.0 401.87548109170297 120.45441088974304 1.0
0.2549872300215548 -0.9669444205981721 297.4123459117422 628.1018928599776 473.2126252513458 1.0 638.0681041837198 475.8407562639622 1.0 618.1356815362354 470.58449423872935 1.0
-0.9996377268226789 0.026914960761386792 204.89221334981562 214.59189553049004 357.4941601496864 1.0 214.40601669152196 350.59050899084554 1.0 214.77777436945814 364.39781130852725 1.0
-0.9993823163080611 0.035142365468685446 -4.558136144693148 8.208674622946383 363.1440352119779 1.0 6.538127740850888 315.6368458050078 1.0 9.879221505041876 410.65122461894794 1.0
-0.11403641661561352 0.9934765702750469 -55.67014194281516 88.61145751671711 66.20697155535154 1.0 70.5097370797947 64.12916177607033 1.0 106.71317795363952 68.28478133463275 1.0
-0.9942612488817227 0.10697929225862805 116.70586062839871 140.63986451820927 216.18115264888738 1.0 139.7684930742066 208.08266141883269 1.0 141.5112359622119 224.27964387894207 1.0
-0.9998034750193084 0.01982451359592607 54.34984652751177 60.87926540017121 328.7573510777852 1.0 60.37111644249991 303.13003410736525 1.0 61.387414357842495 354.3846680482051 1.0
0.004113006279315918 -0.9999915415539005 13.933655228709856 454.37426938769215 15.802633117581479 1.0 493.1236138608918 15.962010762806345 1.0 415.62492491449245 15.64325547235661 1.0
-0.00020144678417907512 0.9999999797095964 -295.0488118897503 518.1249691398655 295.15319248736387 1.0 503.12484384434 295.1501707602995 1.0 533.1250944353909 295.15621421442825 1.0
-0.9658495863996751 0.2591034087996074 170.2369085970113 232.23079226981986 208.6545534716451 1.0 230.96809055271157 203.94762994306112 1.0 233.49349398692812 213.36147700022906 1.0
0.0026866795623135273 0.9999963908699518 -250.46567175740205 311.8756815127983 249.62866268020653 1.0 284.3758800145927 249.70254610151432 1.0 339.37548301100384 249.55477925889875 1.0
-0.005869392771205421 -0.9999827749658977 257.107540647847 551.8757204114089 253.87273825043434 1.0 566.8788719721306 253.7846773442664 1.0 536.8725688506872 253.96079915660223 1.0
0.0021247891080553066 0.9999977426330754 -296.10906881501074 451.2503206809345 295.15092331255346 1.0 436.8740575899656 295.18146990873856 1.0 465.6265837719034 295.12037671636836 1.0
0.04389086084846284 -0.999036331838828 219.82792746722976 506.85598670747635 242.3077773402445 1.0 514.3963493557603 242.63904958450175 1.0 499.3156240591924 241.97650509598725 1.0
-0.2535009401697902 0.9673351401313985 -37.65199496878354 129.29467025609367 72.80653055576954 1.0 116.83164069104767 69.54045494140296 1.0 141.75769982113965 76.07260617013614 1.0
0.04467506574900487 0.999001570819747 -76.52467637389216 344.9686629653402 61.174256837676296 1.0 323.0815343595709 62.15304299585752 1.0 366.8557915711094 60.195470679495074 1.0
0.010145807693626028 -0.9999485299685399 229.69580619951452 533.7487497674924 235.12322017090742 1.0 540.6293828762032 235.19303334452505 1.0 526.8681166587817 235.0534069972898 1.0
-0.5916515278850487 0.806193816368798 20.387023673457577 177.91759418299102 105.28261447705418 1.0 157.2495182836513 90.11467540829977 1.0 198.58567008233075 120.45055354580857 1.0
0.9999733688840362 -0.007298049240130707 -302.45641167176757 303.98799560319986 208.7528244523623 1.0 304.102024585777 224.37699224106993 1.0 303.87396662062275 193.12865666365468 1.0
-0.010168206125857594 0.999948302455773 -124.89898264969318 485.00165453693063 129.83729171353713 1.0 471.8716567621041 129.703776287311 1.0 498.13165231175714 129.97080713976328 1.0
0.00933321658362044 0.9999564445855645 -299.18876091226423 387.5054598228142 295.58496285396046 1.0 373.1258790074141 295.7191764418207 1.0 401.8850406382143 295.4507492661002 1.0
-0.9999998849811679 0.0004796224048361654 1.7678633303202684 1.9600121183665233 400.6246594622411 1.0 1.9552157510962858 390.6243619986491 1.0 1.964808485636761 410.62495692583315 1.0
1.291895883200182e-16 -1.0 29.374999999999993 105.625 29.375000000000004 1.0 133.125 29.375000000000007 1.0 78.125 29.375 1.0
-0.35044758400221604 0.9365823460150259 -85.84198790866414 184.3689646336187 160.6411297091563 1.0 174.36626339852324 156.89834884610664 1.0 194.37166586871413 164.38391057220593 1.0
-0.0031304309470620724 -0.9999951001890388 247.55987785492252 245.62474072329138 246.79217580020634 1.0 273.12447123434873 246.70608937097143 1.0 218.12501021223403 246.87826222944125 1.0
0.0 -1.0 296.875 481.875 296.875 1.0 515.625 296.875 1.0 448.125 296.875 1.0
3.6673173458585816e-16 1.0 -69.37500000000018 422.5 69.375 1.0 403.125 69.375 1.0 441.875 69.37499999999999 1.0
0.012556820982478987 -0.9999211600155355 290.2886499188699 526.8743353600016 296.92792642135356 1.0 536.8727586224697 297.05348473138264 1.0 516.8759120975335 296.8023681113245 1.0
-0.9989618948059518 0.04555362472627925 565.1579665608072 580.1649316929374 316.21397835384255 1.0 579.681426880674 305.61102663905314 1.0 580.6484365052007 326.81693006863196 1.0
-0.6237271919354731 -0.781642111225009 372.22614801834595 17.376156295184256 462.34480161175316 1.0 34.69444481464944 448.52532168321477 1.0 0.057867775719073755 476.1642815402915 1.0
0.0 -1.0 80.625 471.875 80.625 1.0 500.625 80.625 1.0 443.125 80.625 1.0
-0.9999622299967716 0.008691293337786102 57.37700095221974 58.23750451470306 98.75445441684033 1.0 57.92784167255707 63.12671362558143 1.0 58.547167356849044 134.38219520809923 1.0
0.43188534157542496 -0.901928518083489 62.17734296484734 610.3488707249928 361.20165506057265 1.0 621.4481135875266 366.51648899563867 1.0 599.2496278624592 355.8868211255066 1.0
0.9991176584868093 0.041998863077888235 -560.0528083738723 551.1409464129233 223.77168829923863 1.0 550.8524589984781 230.63456145580227 1.0 551.4294338273686 216.90881514267502 1.0
-0.9993776595236434 0.035274546702185994 12.39454136383806 25.043547962743972 358.14552322947964 1.0 23.72002032353811 320.64811849876384 1.0 26.367075601949832 395.6429279601955 1.0
-0.15904897623537947 0.9872706939631489 -51.714421978047234 27.608120870312124 56.828857253963214 1.0 0.7259846529316505 52.49815416458946 1.0 54.4902570876926 61.15956034333697 1.0
0.018144686607659506 -0.9998353716227038 291.06162302097 294.3713395580977 296.45170308635454 1.0 304.3793858237501 296.63332584966054 1.0 284.36329329244523 296.2700803230485 1.0
2.643879947014326e-16 1.0 -26.875000000000025 113.75 26.875 1.0 86.875 26.875000000000007 1.0 140.625 26.874999999999993 1.0
0.019500924836270448 0.9998098388846403 -270.361456451817 251.2599891884941 265.51214437380577 1.0 226.88207290111328 265.9876267052414 1.0 275.6379054758749 265.0366620423702 1.0
0.017858383018318946 0.9998405263620649 -270.61059996448495 312.49012816189264 265.072303610899 1.0 281.85257572451974 265.6195280249375 1.0 343.12768059926555 264.5250791968605 1.0
-0.9992140840659217 0.03963854442712407 416.64495536551755 427.6089334719702 268.1206786395056 1.0 427.3108960241166 260.6077081261232 1.0 427.9069709198238 275.63364915288804 1.0
0.10141891043867712 0.9948438091506784 -345.66790672631356 436.2990517407511 302.98116096301203 1.0 431.77987214213846 303.4418667207925 1.0 440.8182313393637 302.52045520523154 1.0
-0.001424457245338764 -0.9999989854602634 254.67574756181693 490.62532353792176 253.9771304348481 1.0 498.1261986047086 253.9664457481728 1.0 483.124448471135 253.9878151215234 1.0
0.0 -1.0 296.875 554.375 296.87499999999983 1.0 570.625 296.87499999999983 1.0 538.125 296.87499999999983 1.0
0.9999108599108376 -0.013351862505621403 -54.503952419022745 55.827500636456634 98.75564165630848 1.0 56.303229757980745 134.38263487822996 1.0 55.35177151493252 63.128648434387 1.0
1.9829099602607447e-16 -1.0 23.124999999999975 96.25 23.124999999999993 1.0 123.125 23.125 1.0 69.375 23.12499999999999 1.0
-0.9999917790048533 0.004054864080188052 258.27038576130326 259.6030390360805 328.1291439468713 1.0 259.56751816225346 319.36915073683207 1.0 259.6385599099075 336.8891371569106 1.0
0.9949941415723595 0.0999332689182305 -337.1398040393031 317.0521166504145 216.89278889454346 1.0 316.5424682420096 221.9671468747623 1.0 317.56176505881945 211.81843091432458 1.0
-0.007766439373189824 0.9999698407549412 -247.88157483930053 246.87650316039492 249.80646020801134 1.0 219.3733080156452 249.59285186808438 1.0 274.37969830514464 250.02006854793834 1.0
0.989269320541907 0.14610342718277902 -346.90448078283356 285.30861037978093 442.5455781183282 1.0 280.039455831797 478.22313230049826 1.0 290.5777649277648 406.8680239361582 1.0
0.0004510350095413356 0.999999898283705 -295.3158728666102 485.6250436913087 295.0968689865563 1.0 470.6247648459451 295.1036346381566 1.0 500.6253225366723 295.090103334956 1.0
-0.11729813138878067 -0.9930967467335197 341.1613293013546 275.73890121855004 310.9643370124635 1.0 287.19814036486827 309.61084618347684 1.0 264.27966207223176 312.31782784145014 1.0
-0.0014044898850167683 -0.999999013703595 278.5401208307394 309.37497314767904 278.1058811051066 1.0 335.6249213671433 278.06901328198757 1.0 283.12502492821477 278.14274892822567 1.0
0.9999999041620908 -0.0004378079592205474 -296.3886157318117 296.4548626777882 151.25018393948125 1.0 296.46060890670225 164.37518142373625 1.0 296.4491164488741 138.12518645522624 1.0
-0.003337821754043483 -0.9999944294574536 3.8215099068196654 199.37301750939457 3.156055892751145 1.0 233.12472762579534 3.0433980729232744 1.0 165.62130739299383 3.2687137125790153 1.0
0.6177380161650396 0.7863839668917986 -371.5999237118953 14.678818987438305 461.01176327877954 1.0 4.851477016205502 468.73155791991326 1.0 24.506160958671106 453.2919686376458 1.0
-0.9999588952842883 -0.009066848505727164 264.68762338688845 263.3497874917281 148.74637118465597 1.0 263.49150255618383 133.11698913323733 1.0 263.20807242727227 164.37575323607464 1.0
-0.9884894651074295 -0.15128971337016892 351.3102655712862 287.2045067244863 445.57977433545494 1.0 290.0800639258764 426.7915967616557 1.0 284.3289495230962 464.3679519092542 1.0
1.0 0.0 -468.125 468.125 152.5 1.0 468.125 165.625 1.0 468.125 139.375 1.0
0.9998410414159604 0.017829523275951855 -484.82833839948484 480.92647755792757 223.13037605570645 1.0 480.3912795194469 253.14312266009924 1.0 481.4616755964082 193.11762945131366 1.0
0.39278979478619097 -0.91962828203129 91.8306722135658 315.8229063445282 234.7499429971489 1.0 326.38898086962286 239.2629036416828 1.0 305.2568318194335 230.236982352615 1.0
-1.9829099602607447e-16 -1.0 25.625000000000068 396.25 25.625 1.0 423.125 25.624999999999993 1.0 369.375 25.625000000000004 1.0
0.8211513785048926 0.5707104463556935 -384.13467410528966 147.31495550289907 461.1213917673397 1.0 139.1034623142591 472.9362779228189 1.0 155.52644869153906 449.3065056118604 1.0
0.013355270768748323 0.9999108143943105 -277.2323117080861 281.8882497352515 273.49200935684894 1.0 231.88882159832255 274.15982481742657 1.0 331.88767787218046 272.82419389627137 1.0
-0.19010842148900287 0.9817631018117149 -49.34838941644159 63.72954292264762 62.605644997513345 1.0 56.75306106667682 61.254720369425584 1.0 70.70602477861841 63.956569625601105 1.0
-0.9999312866194768 0.011722714682088678 143.67701022035212 147.3577443596691 313.1193405367263 1.0 147.1819157220481 298.1214018673191 1.0 147.53357299729012 328.11727920613356 1.0
0.09422865886489706 -0.9955505812607027 269.3203597193718 339.3613217687947 302.6445141127026 1.0 353.0478658392771 303.9399427092323 1.0 325.67477769831225 301.3490855161729 1.0
0.02668578379577933 0.9996438710576906 -79.87874300512686 383.7410069575608 69.66312251402158 1.0 365.6122416578303 70.14707517484383 1.0 401.8697722572913 69.17916985319931 1.0
0.036961495323399096 0.9993166904757762 -45.69639917089921 226.24480635404825 37.359580976402896 1.0 204.3766057825466 38.16841505358607 1.0 248.11300692554988 36.55074689921973 1.0
0.02169522016716543 0.9997646310116687 -411.11322276399346 276.2546697363142 405.2151919716471 1.0 263.12229112403605 405.50016889168836 1.0 289.3870483485923 404.9302150516057 1.0
-0.007316687058147274 -0.9999732326870021 248.77437567176327 306.2475507275976 246.54025740100184 1.0 328.12137967332717 246.38020915578102 1.0 284.3737217818681 246.70030564622266 1.0
0.04455341122483649 0.9990070037533425 -69.45621613612228 259.39537304456 57.95681831410221 1.0 250.63492361985377 58.347514179363316 1.0 268.15582246926624 57.5661224488411 1.0
-0.00011872106690315574 -0.9999999929526541 54.15281234311193 261.8750441313087 54.12172263989186 1.0 274.3751181557913 54.12023861775684 1.0 249.37497010682605 54.12320666202687 1.0
0.9999592593424194 -0.009026608186923012 -319.68337448748326 320.57084090863583 96.8698470328454 1.0 320.7175682405212 113.1241643887189 1.0 320.42411357675047 80.6155296769719 1.0
0.9863089166787379 -0.16490821956474533 -288.3003128302369 348.52854106763414 336.2870273426769 1.0 349.29112687661683 340.8480200276837 1.0 347.76595525865145 331.7260346576701 1.0
0.9995576263262859 0.02974141309623555 -571.3911501620408 567.1439660608143 151.23940636119147 1.0 566.716069532034 165.62027109135394 1.0 567.5718625895945 136.858541631029 1.0
0.9996514750843098 -0.026399400784175017 -26.661358442172535 35.682550095258605 341.2484801822758 1.0 36.45863337880856 370.635995661568 1.0 34.906466811708654 311.8609647029835 1.0
0.010540491636736225 0.9999444474749865 -260.4049259689881 307.50319371463553 257.17797801342556 1.0 288.13034631518696 257.38218869383815 1.0 326.8760411140841 256.973767333013 1.0
0.6179482240778863 0.7862187942036152 -369.8040822272472 103.47687367381937 389.0274999304668 1.0 95.41797056331022 395.3615953525932 1.0 111.53577678432853 382.69340450834034 1.0
-0.004668626933964809 -0.9999891019018914 255.76377463379833 256.25091136819924 254.57020905824555 1.0 274.37551631429545 254.4855911172521 1.0 238.126306422103 254.654826999239 1.0
1.0 0.0 -331.87500000000017 331.8750000000001 143.75 1.0 331.8750000000001 164.375 1.0 331.8750000000001 123.125 1.0
1.0 0.0 -534.375 534.375 178.75 1.0 534.375 190.625 1.0 534.375 166.875 1.0
-0.005785431212988495 -0.9999832642527973 256.0346504896341 305.62439678335016 254.27073697580784 1.0 328.12364368102794 254.14056695204468 1.0 283.1251498856724 254.40090699957102 1.0
0.02125198983525026 0.9997741509601267 -79.28706688920214 460.0032264737417 69.52678555376252 1.0 450.63246066504126 69.72597796089144 1.0 469.3739922824421 69.32759314663362 1.0
-0.020402973172612505 -0.9997918376770825 275.58837361984433 257.5079737237948 270.39073050278057 1.0 276.88765747710704 269.9952450098892 1.0 238.12828997048257 270.786215995672 1.0
1.0 0.0 -566.875 566.875 177.5 1.0 566.875 188.125 1.0 566.875 166.875 1.0
0.0025015202398631837 0.99999687119335 -121.55766819964968 424.3762419072515 120.49645945132535 1.0 403.1248114360679 120.54962050110571 1.0 445.627672378435 120.443298401545 1.0
-1.6240976817373719e-16 -1.0 33.125 22.5 33.125 1.0 44.375 33.12499999999999 1.0 0.625 33.125 1.0
-0.040193983324184765 0.9991918953356933 -119.02316773365312 279.385734989105 130.35813632481492 1.0 264.3597664555635 129.75369434376384 1.0 294.41170352264646 130.962578305866 1.0
1.0 0.0 -466.875 466.8749999999999 265.625 1.0 466.8749999999999 293.125 1.0 466.8749999999999 238.125 1.0
0.9999676503328271 -0.008043524590932176 -149.95379920487116 152.4371455770815 308.125505587452 1.0 152.56788905977723 324.3794812805155 1.0 152.3064020943858 291.87152989438846 1.0
0.0011424809340577814 0.9999993473684446 -166.53070983880957 243.7500026718186 166.25233860960276 1.0 228.1243090164303 166.2701906783363 1.0 259.3756963272069 166.23448654086923 1.0
-1.0 0.0 403.12500000000017 403.12500000000006 143.125 1.0 403.12500000000006 121.875 1.0 403.12500000000006 164.375 1.0
-0.8328506677930478 -0.5534977553311977 380.8649656659284 182.38341966681554 413.67252278202 1.0 187.85216376891185 405.4436778887018 1.0 176.91467556471923 421.9013676753382 1.0
0.0 -1.0 168.125 345.0 168.125 1.0 354.375 168.125 1.0 335.625 168.125 1.0
-0.008047108111539268 -0.999967621501337 19.624731781717525 15.001043327631773 19.504648295502946 1.0 29.37511246086549 19.388974861852958 1.0 0.6269741943980556 19.620321729152934 1.0
0.0 1.0 -171.875 283.75 171.87500000000003 1.0 273.125 171.87500000000003 1.0 294.375 171.87500000000003 1.0
0.28577960035355304 -0.9582953720131197 82.04362729382372 17.67468745964925 90.88501828977199 1.0 30.86544563763735 94.81872152006808 1.0 4.483929281661149 86.9513150594759 1.0
-0.9999947685157727 -0.0032346469801283503 470.4064747349723 469.9176719531523 151.8747336964387 1.0 469.95811136821703 139.37284283941597 1.0 469.8772325380876 164.37662455346145 1.0
0.0006610878678546549 0.9999997814813916 -120.60666212878074 601.8751380325623 120.20879604492282 1.0 565.6247406953325 120.23276074804411 1.0 638.125535369792 120.18483134180154 1.0
-0.002985102384160203 0.9999955445719526 -14.272414323930438 27.50006098956332 14.354568777303271 1.0 6.8752447755608515 14.293001314940588 1.0 48.12487720356579 14.416136239665954 1.0
0.05456553533360085 -0.9985101914120644 274.7271007965417 258.2343637186974 289.248722324953 1.0 272.0455824569312 290.0034632885835 1.0 244.42314498046366 288.49398136132254 1.0
0.0010760876967247776 -0.999999421017467 305.64514260308005 372.4988742380939 306.0461612540728 1.0 380.6245373840515 306.05490518527444 1.0 364.3732110921363 306.0374173228711 1.0
0.9944393329090158 -0.10531103058783398 -579.6693413295368 620.7683223536797 357.48482217640355 1.0 621.5021727082983 364.4144823746618 1.0 620.0344719990609 350.55516197814524 1.0
0.0 -1.0 39.375 230.0 39.375 1.0 240.625 39.375 1.0 219.375 39.375 1.0
0.0 -1.0 38.125 133.75 38.12500000000001 1.0 148.125 38.12500000000001 1.0 119.375 38.12500000000001 1.0
-1.340646671245472e-16 -1.0 9.37500000000003 230.0 9.375 1.0 263.125 9.374999999999996 1.0 196.875 9.375000000000005 1.0
-0.043876315151732286 -0.9990369707717056 301.6609942401946 309.3307040440069 288.36640806287517 1.0 331.8969737482473 287.3753288632962 1.0 286.76443433976647 289.3574872624542 1.0
0.0059650084924153975 -0.999982209178586 64.19277283275994 488.1236242759883 67.10562826116305 1.0 526.8722454995935 67.3367682280011 1.0 449.375003052383 66.87448829432498 1.0
0.5859406999805807 -0.8103539326160311 -15.607877030325891 175.51665332574638 107.64984307041684 1.0 195.47565141143937 122.08154857407033 1.0 155.55765524005338 93.21813756676335 1.0
-0.9998510370118998 -0.01725988951958719 264.7244781940305 258.5485610635368 360.0504678588035 1.0 258.9904074686975 334.45467329136915 1.0 258.106714658376 385.64626242623774 1.0
0.9999789968793067 0.006481188182378124 -356.42944173624966 355.01508686970885 219.3750977828954 1.0 354.9745540407262 225.62888590417955 1.0 355.05561969869154 213.12130966161124 1.0
0.0 -1.0 70.625 418.125 70.62499999999997 1.0 434.375 70.62499999999997 1.0 401.875 70.62499999999997 1.0
-0.014082731409927276 -0.9999008334210128 142.1164034977548 478.7290571372277 135.38801673441918 1.0 485.6202953329675 135.29095965300803 1.0 471.8378189414879 135.48507381583036 1.0
2.5077978909180006e-16 1.0 -30.625000000000007 21.875 30.625 1.0 0.625 30.625000000000004 1.0 43.125 30.624999999999993 1.0
0.8111268039576716 -0.5848703342634273 -61.2508005550911 132.8764931022348 79.5541881511664 1.0 135.51069139059115 83.20742325893798 1.0 130.24229481387846 75.90095304339482 1.0
1.0 0.0 -533.125 533.125 276.875 1.0 533.125 293.125 1.0 533.125 260.625 1.0
-0.9356839665688813 -0.3528392193420743 422.7701908065699 328.2287550439812 327.7748079159172 1.0 329.9065728854332 323.3254520421649 1.0 326.5509372025292 332.22416378966955 1.0
-1.0 0.0 403.125 403.125 265.625 1.0 403.125 238.125 1.0 403.125 293.125 1.0
-0.015379432780730938 -0.9998817295297194 282.63634290284705 258.124223257286 278.6995006831959 1.0 278.1291037268879 278.3918005768908 1.0 238.11934278768413 279.0072007895009 1.0
0.028101242963778295 0.9996050820918683 -288.65333071073 253.72567007360556 281.63454653581925 1.0 243.09150408127692 281.933497879326 1.0 264.3598360659342 281.33559519231244 1.0
0.053777660658029136 -0.9985529346079506 110.73338007745008 451.8290948564982 135.22737467001002 1.0 460.6880391367881 135.70447836955586 1.0 442.9701505762083 134.75027097046416 1.0
0.018567355652266054 -0.9998276117931942 16.216049364360995 19.993683426719553 16.59013913968066 1.0 33.12576122312258 16.83400913889156 1.0 6.8616056303165225 16.34626914046976 1.0
0.0 1.0 -166.875 212.5 166.87500000000003 1.0 200.625 166.87500000000003 1.0 224.375 166.87500000000003 1.0
0.10760213580691816 -0.9941940355734334 284.87114291983175 334.96876504297745 322.7885965760843 1.0 343.2002746365461 323.67949712616877 1.0 326.7372554494088 321.8976960259997 1.0
-0.9999999916287894 0.00012939250788355583 228.13253206353275 228.15153849758843 146.8749965661172 1.0 228.1492741287194 129.3749968591096 1.0 228.15380286645743 164.37499627312482 1.0
-0.0034544601218691046 0.9999940333348327 -280.9199855337878 300.62470580276334 281.96016395352086 1.0 283.1249146354212 281.8997112620913 1.0 318.1244969701055 282.02061664495045 1.0
-0.11785966535849157 0.9930302610099978 -301.86756293383337 338.228313162076 344.12953175295297 1.0 330.7593460335557 343.2430633331028 1.0 345.6972802905964 345.0160001728032 1.0
3.2297397080004555e-16 1.0 -20.625000000000167 455.625 20.625 1.0 428.125 20.625000000000007 1.0 483.125 20.62499999999999 1.0
0.9999329572666645 0.011579333829842935 -502.6908619332843 500.66917429132513 177.49327397429113 1.0 500.54606831707133 188.12408596241403 1.0 500.7922802655789 166.86246198616823 1.0
2.3684757858670006e-16 1.0 -10.625000000000016 71.875 10.625 1.0 49.375 10.625000000000005 1.0 94.375 10.624999999999995 1.0
-0.9991106030362067 0.04216637167966218 292.32900487948535 298.9985087016306 151.86451196169196 1.0 298.5234476731547 140.60818395117607 1.0 299.4735697301066 163.12083997220788 1.0
-0.017371242968165328 -0.9998491085747594 275.1274882166631 303.74811893497645 269.8917301893491 1.0 328.12661892159423 269.4681814330067 1.0 279.3696189483587 270.3152789456916 1.0
0.0 -1.0 71.875 373.125 71.875 1.0 381.875 71.875 1.0 364.375 71.875 1.0
1.0 0.0 -434.375 434.3749999999999 151.875 1.0 434.3749999999999 163.125 1.0 434.3749999999999 140.625 1.0
-1.0 0.0 65.625 65.625 338.75 1.0 65.625 328.125 1.0 65.625 349.375 1.0
-0.0011784185766797208 -0.9999993056645881 314.2022661973381 337.500801050463 313.8047668694977 1.0 346.87578803167855 313.79371920301213 1.0 328.1258140692475 313.8158145359833 1.0
1.0 0.0 -366.8749999999998 366.8749999999999 146.875 1.0 366.8749999999999 164.375 1.0 366.8749999999999 129.375 1.0
-1.0 0.0 603.1249999999994 603.1249999999998 151.25 1.0 603.1249999999998 138.125 1.0 603.1249999999998 164.375 1.0
0.0 1.0 -69.375 486.875 69.375 1.0 471.875 69.375 1.0 501.875 69.375 1.0
0.933725896072015 -0.35798875820968556 -153.6405772590736 294.2556167695296 338.31652364999445 1.0 296.19860384723484 343.38432901701117 1.0 292.3126296918243 333.2487182829778 1.0
-0.0014381547568110774 -0.999998965854913 262.3486695084693 298.75006369816316 261.9192915458125 1.0 310.62503913723003 261.9022134757366 1.0 286.8750882590963 261.9363696158884 1.0
-1.0 0.0 501.87500000000045 501.87500000000017 276.875 1.0 501.87500000000017 260.625 1.0 501.87500000000017 293.125 1.0
-0.002922983025086829 -0.9999957280759929 169.90784524339543 212.4997440487216 169.28743528176454 1.0 224.37464259074312 169.25272500662192 1.0 200.62484550670007 169.32214555690715 1.0
-1.0 0.0 503.125 503.1249999999999 179.375 1.0 503.1249999999999 170.625 1.0 503.1249999999999 188.125 1.0
0.0 -1.0 168.12500000000026 385.0 168.12500000000003 1.0 399.375 168.12500000000003 1.0 370.625 168.12500000000003 1.0
0.0 -1.0 168.125 416.875 168.12499999999994 1.0 428.125 168.12499999999994 1.0 405.625 168.12499999999994 1.0
0.0 -1.0 23.125 437.5 23.124999999999993 1.0 448.125 23.124999999999993 1.0 426.875 23.124999999999993 1.0
-1.2111523905001707e-16 -1.0 1.8750000000000704 601.875 1.875 1.0 629.375 1.8749999999999967 1.0 574.375 1.8750000000000033 1.0
-0.9939943324040348 -0.10943156376775871 296.3360968550959 254.9011907874485 392.6267377528811 1.0 255.5205310716298 387.0011146592353 1.0 254.28185050326726 398.252360846527 1.0
-0.4666737934273423 -0.8844295169928095 394.90290128638344 257.2459952012462 310.76861590550055 1.0 265.4072345517867 306.4622958951337 1.0 249.08475585070576 315.0749359158674 1.0
2.842170943040401e-16 1.0 -24.375000000000146 388.125 24.375000000000004 1.0 375.625 24.375000000000007 1.0 400.625 24.375 1.0
0.0 1.0 -165.625 518.125 165.62499999999994 1.0 504.375 165.62499999999994 1.0 531.875 165.62499999999994 1.0
-2.5077978909180006e-16 -1.0 15.625000000000021 83.75 15.624999999999996 1.0 94.375 15.624999999999995 1.0 73.125 15.625 1.0
-1.0 0.0 469.3750000000003 469.37500000000006 266.875 1.0 469.37500000000006 240.625 1.0 469.37500000000006 293.125 1.0
0.0 1.0 -73.125 390.0 73.125 1.0 379.375 73.125 1.0 400.625 73.125 1.0
0.0 1.0 -93.125 402.5 93.12499999999997 1.0 390.625 93.12499999999997 1.0 414.375 93.12499999999997 1.0
0.0 1.0 -79.375 466.25 79.37499999999999 1.0 454.375 79.37499999999999 1.0 478.125 79.37499999999999 1.0
0.024527770761082986 -0.9996991489750763 128.87022039047307 280.01155289506994 135.779128860419 1.0 294.4238804633716 136.1327375106728 1.0 265.5992253267683 135.42552021016522 1.0
0.028668961219414882 -0.9995889608547104 117.83312344712738 616.2519747758835 135.55614629587703 1.0 628.1530360739445 135.8974776612537 1.0 604.3509134778225 135.21481493050035 1.0
0.055829209052415917 0.9984403334283836 -43.19508793824585 128.11654234611785 36.09874471794564 1.0 115.62066476959725 36.79746945707699 1.0 140.61241992263848 35.40001997881429 1.0
-0.038675161517680474 -0.9992518360661548 272.40199691971236 261.87385258646464 262.4703542264094 1.0 275.6274396661843 261.93803376168086 1.0 248.12026550674494 263.00267469113805 1.0
0.02891431881965655 -0.9995818936771491 298.76284106863295 338.12735404635043 308.66861948664916 1.0 344.3901927033705 308.8497809450455 1.0 331.86451538933034 308.4874580282528 1.0
1.0 0.0 -21.875 21.875 357.5 1.0 21.875 369.375 1.0 21.875 345.625 1.0
-1.0526559048297781e-16 -1.0 13.125000000000007 72.5 13.125000000000002 1.0 89.375 13.125 1.0 55.625 13.125000000000004 1.0
0.0 1.0 -165.625 485.625 165.62499999999991 1.0 471.875 165.62499999999991 1.0 499.375 165.62499999999991 1.0
0.0 1.0 -6.875000000000001 43.125 6.875000000000001 1.0 31.875 6.875000000000001 1.0 54.375 6.875000000000001 1.0
-1.2434497875801754e-16 -1.0 0.6250000000000102 83.75 0.625 1.0 99.375 0.624999999999998 1.0 68.125 0.6250000000000019 1.0
-1.0 0.0 568.125 568.125 273.125 1.0 568.125 256.875 1.0 568.125 289.375 1.0
1.0 0.0 -600.6250000000005 600.6250000000001 184.375 1.0 600.6250000000001 199.375 1.0 600.6250000000001 169.375 1.0
-0.015487195985648213 -0.9998800661881914 140.7483698383872 306.8519585752367 136.01240590364552 1.0 313.1101378290819 135.91547262945085 1.0 300.5937793213916 136.1093391778402 1.0
0.9999672592392704 0.008091999104154176 -309.8951958166868 306.72913826503543 392.4988196483257 1.0 306.6735075926445 399.3733694702354 1.0 306.7847689374263 385.624269826416 1.0
-0.001070209835895932 -0.9999994273252896 167.82686655545794 585.6253480541623 167.20022029915782 1.0 599.3753323056122 167.18550492234138 1.0 571.8753638027123 167.21493567597426 1.0
0.0 1.0 -4.375 604.375 4.375000000000001 1.0 594.375 4.375000000000001 1.0 614.375 4.375000000000001 1.0
1.0 0.0 -43.125 43.125 348.75 1.0 43.125 358.125 1.0 43.125 339.375 1.0
-0.0240566064477013 0.9997105979663415 -71.26147213336411 174.3785308143145 75.47827138732896 1.0 161.88576481823674 75.17765083211805 1.0 186.87129681039224 75.77889194253986 1.0
0.954683836046267 -0.29762186275874347 -176.99748659858767 302.08931550645616 374.3081873256451 1.0 303.6207128810949 379.2204619367224 1.0 300.5579181318174 369.3959127145679 1.0
0.0 -1.0 258.125 518.125 258.125 1.0 531.875 258.125 1.0 504.375 258.125 1.0
-0.5487734263246162 0.8359711278267576 -81.20146930340437 10.173543637964936 103.812723687101 1.0 4.385511304535511 100.01316861927099 1.0 15.96157597139436 107.61227875493101 1.0
0.0720157524975035 -0.997403494776421 93.90617054059601 513.1285975576124 131.20017456027603 1.0 518.1475591915859 131.56255979425572 1.0 508.1096359236388 130.83778932629636 1.0
-1.5225915766287861e-16 -1.0 5.625000000000078 581.875 5.625 1.0 590.625 5.624999999999998 1.0 573.125 5.625000000000001 1.0
0.0 -1.0 86.875 248.125 86.87499999999997 1.0 259.375 86.87499999999997 1.0 236.875 86.87499999999997 1.0
0.0 -1.0 15.625 116.875 15.624999999999996 1.0 125.625 15.624999999999996 1.0 108.125 15.624999999999996 1.0
2.6645352591003756e-16 1.0 -10.625000000000137 555.625 10.625 1.0 545.625 10.625000000000002 1.0 565.625 10.624999999999996 1.0
1.0 0.0 -565.625 565.6249999999999 273.125 1.0 565.6249999999999 285.625 1.0 565.6249999999999 260.625 1.0
0.0 -1.0 25.625 125.625 25.625000000000004 1.0 136.875 25.625000000000004 1.0 114.375 25.625000000000004 1.0
