0.9998258598358329 -0.018661457701292516 -265.017560174863 268.7031350640625 194.9892092778582 1.0 270.2083237084251 275.632777141303 1.0 267.19794641969986 114.34564141441345 1.0
-0.14052673895203563 0.9900768837012135 -15.37710307988745 396.7898865182889 71.84966445789536 1.0 324.24331900428 61.55275446763653 1.0 469.3364540322978 82.1465744481542 1.0
-0.9705301572306065 0.24097969604498698 189.93898773652927 260.7594378277793 261.9968051003074 1.0 258.60412125665135 253.316406855187 1.0 262.9147543989073 270.67720334542787 1.0
0.10574521916980403 0.9943932565251689 -349.98186258096604 585.656963607153 289.67557524734184 1.0 574.2698808530167 290.88649412037256 1.0 597.0440463612892 288.46465637431106 1.0
-0.9981160794158095 0.06135382638119213 463.91848844606994 474.8985773677976 164.38123441170382 1.0 469.90650153786055 83.16916583482661 1.0 479.89065319773465 245.593302988581 1.0
0.09550284804342352 0.9954291567035771 -344.30486104367424 619.9550521506532 286.4065071677175 1.0 605.5923306648157 287.7844865028762 1.0 634.3177736364906 285.02852783255884 1.0
0.6123672568052249 0.7905734265663399 -249.4273363614402 308.10438967222615 76.84839182121557 1.0 302.38264522778513 81.28037603905202 1.0 313.8261341166672 72.41640760337913 1.0
-0.09719999936756729 0.9952648693302425 -305.96740306199456 285.0356110556053 335.2603659173425 1.0 281.8192108743842 334.9462444154041 1.0 288.2520112368263 335.5744874192809 1.0
0.6979125624686439 0.7161829760252971 -270.8993841501415 319.43459273288215 66.96887611178556 1.0 314.3708369771687 71.90345131601448 1.0 324.4983484885956 62.03430090755665 1.0
-0.9997995194728737 -0.020023008310712645 135.68348133085786 133.94597932184746 88.11640799286576 1.0 134.14667041379923 78.09539345887455 1.0 133.74528822989566 98.13742252685697 1.0
-0.9999496709989282 0.01003271992707756 230.95991415538134 232.93437044700318 195.63318339473153 1.0 232.18201723239847 120.64700268928561 1.0 233.68672366160789 270.61936410017745 1.0
0.6825011528606015 0.7308845164209937 -266.42034694763737 285.7970572687078 97.63994758984754 1.0 267.2969007556345 114.91542389915992 1.0 304.2972137817812 80.36447128053514 1.0
-0.9999711419793652 0.007597052618237441 312.8718214082511 314.3908074001793 198.74987990688342 1.0 314.34807521240367 193.12520455493114 1.0 314.43353958795495 204.3745552588357 1.0
-0.9995617435950962 -0.029602715097288956 314.8112625837881 311.89460726827906 103.14409049184283 1.0 312.04310367633127 98.12997850709986 1.0 311.7461108602269 108.15820247658579 1.0
-0.06440870468014268 0.9979236036698532 -167.856146821359 161.2588107053445 178.6134903329927 1.0 134.3747855761022 176.87832220108854 1.0 188.14283583458678 180.34865846489689 1.0
-0.10891772277905999 0.9940507681525244 -62.64425659989521 72.46340843746015 70.95895732046688 1.0 12.980755143668476 64.44146812456087 1.0 131.9460617312518 77.47644651637287 1.0
-0.9996449162755437 0.026646601367927635 227.47288464042586 230.6024888520169 114.3756000586577 1.0 230.46930315404956 109.37915026548 1.0 230.73567454998425 119.37204985183538 1.0
-0.0992404411469066 0.9950634828195472 -85.23677035510312 182.42733325130553 103.85361453662864 1.0 135.52023673561425 99.1754396950121 1.0 229.33442976699683 108.53178937824516 1.0
0.3316376893451976 -0.9434068279410417 199.72932255308817 411.04562193642175 356.2063924860041 1.0 419.0591786871708 359.0234141203028 1.0 403.0320651856727 353.3893708517054 1.0
0.9998040747395964 -0.019794244974222656 -277.28750287272317 281.0169592430701 185.6296137697857 1.0 281.4872253367174 209.38267721083935 1.0 280.54669314942277 161.87655032873204 1.0
-0.02811032486651232 -0.9996048267369957 335.1972125177192 163.12829930697288 330.74232355249046 1.0 183.11249549969085 330.1803392241362 1.0 143.1441031142549 331.30430788084465 1.0
-0.031187073450442717 0.9995135649152525 -236.9326479590071 161.2436309746432 242.0791206992223 1.0 134.35580562260563 241.24016001513417 1.0 188.13145632668076 242.91808138331044 1.0
0.118868158651007 -0.9929100467106369 338.27891361619737 487.53759906203493 399.0609336691583 1.0 638.247298209383 417.10343861493953 1.0 336.82789991468695 381.01842872337716 1.0
-0.06972138684755097 0.9975665031545787 -9.871945563459594 66.90490588996967 14.572109571686994 1.0 48.11564151078253 13.258900310730862 1.0 85.69417026915681 15.885318832643124 1.0
0.9997256853859914 -0.02342122924848411 -276.39994866697015 281.9962079225511 235.63680266738365 1.0 282.58192088036384 260.6377230706853 1.0 281.4104949647383 210.635882264082 1.0
0.008886422957326282 0.9999605149639778 -308.7967453066774 163.12374958440842 307.3592947663109 1.0 138.12017000218495 307.5814959235464 1.0 188.12732916663188 307.1370936090754 1.0
-0.0859690377963175 0.996297809161686 -102.13258553717907 174.4235073593888 117.56284672800717 1.0 118.16097903393164 112.70803787502228 1.0 230.68603568484593 122.41765558099208 1.0
0.14208060691709262 0.9898550909795184 -20.05694175435098 31.88375736728584 15.686011314489427 1.0 16.834962819998918 17.84606674293941 1.0 46.932551914572755 13.525955886039446 1.0
0.05815263697030238 0.9983077034729323 -343.1367198900213 151.94010723388038 334.86769743421587 1.0 146.92073198889793 335.16008214228106 1.0 156.95948247886284 334.5753127261506 1.0
-0.30816909506907647 0.9513315977325186 11.37053856447466 104.56309107362328 21.919354554196442 1.0 86.70948381045896 16.135955782283695 1.0 122.4166983367876 27.70275332610919 1.0
-0.12917163262786613 0.9916222513257009 -137.144577458326 386.8015120880391 188.6891505586127 1.0 379.26654008666486 187.70762293161405 1.0 394.33648408941326 189.67067818561134 1.0
-0.05505515514066602 0.9984833147791891 -182.2854845104033 161.8619186860788 191.4872434271109 1.0 135.58841242552631 190.0385542583952 1.0 188.13542494663128 192.93593259582664 1.0
-0.13201191429465212 0.9912481296245967 -117.24966492587295 384.9760266397769 169.5550106347141 1.0 378.05726756128166 168.63358783128186 1.0 391.8947857182721 170.47643343814633 1.0
-0.0786630697036587 0.9969012596364784 -138.06768675217398 449.4078617686662 173.9585410606188 1.0 435.64492095693214 172.87254065492613 1.0 463.1708025804003 175.0445414663115 1.0
0.9965314171169215 -0.08321739420902494 -609.6874059004974 634.0930682795753 266.84635138163065 1.0 635.4536450585591 283.1393093448602 1.0 632.7324915005914 250.55339341840113 1.0
0.03135389743484762 -0.9995083456958452 208.44466359392294 360.0050093928358 219.84030916868699 1.0 376.88300669050994 220.36976047187596 1.0 343.12701209516166 219.31085786549804 1.0
0.04509757587482234 -0.9989825867602572 194.1227629469547 161.26239563900864 201.60041700343749 1.0 188.13905211273823 202.81372349210847 1.0 134.38573916527906 200.38711051476648 1.0
-0.99985332191037 0.01712701564190635 185.02685601728308 190.43914933476267 314.3781835342053 1.0 190.11806489443822 295.6336835591702 1.0 190.76023377508713 333.1226835092403 1.0
-0.4316402898067356 0.9020458193548471 27.297523281121432 127.20853960411132 30.609096596929355 1.0 121.4148042688823 27.836721241373265 1.0 133.00227493934034 33.38147195248544 1.0
0.04641542546159442 -0.9989222233383434 222.76063161289613 365.62546703451324 239.989948790736 1.0 378.12751551300306 240.57086278555263 1.0 353.12341855602347 239.40903479591938 1.0
-0.12056460497285186 0.9927054830249202 -120.29212264485345 422.501329535334 172.48905286492482 1.0 415.6514601098837 171.65713260708708 1.0 429.35119896078425 173.32097312276255 1.0
-0.999953566700834 0.009636619857643441 187.7773553790397 189.57499500225686 185.62909580178243 1.0 189.53880131548945 181.87342143569248 1.0 189.61118868902423 189.38477016787238 1.0
0.04208611231595387 0.9991139870656045 -382.5816949105261 223.1417008078912 373.5214730843787 1.0 215.60242408492016 373.8390533115117 1.0 230.68097753086226 373.20389285724576 1.0
0.0225993672705437 -0.9997446016853361 371.1141641413495 223.1249380420384 376.25274087928705 1.0 235.6326748966694 376.53548002929057 1.0 210.61720118740737 375.9700017292835 1.0
0.03239399970194147 -0.9994751766718925 361.68575885012626 418.7759731525455 375.4486318000851 1.0 438.15087720933167 376.0765920044902 1.0 399.40106909575934 374.82067159568004 1.0
0.05078451497770559 -0.9987096339970288 181.52089675601528 360.6202701501493 200.09301549134156 1.0 376.8600596772534 200.91881090414165 1.0 344.38048062304523 199.26722007854147 1.0
-0.9991719961488981 0.04068564994966266 181.3926859878941 189.61013875633552 198.11542529898082 1.0 189.45562474591515 194.32081780430664 1.0 189.76465276675586 201.91003279365498 1.0
-0.13924908554784515 0.9902573868313675 -93.65904314375837 422.46662080188776 153.98737317460336 1.0 415.63874639595764 153.02724373764596 1.0 429.29449520781793 154.94750261156076 1.0
0.0017477071973527121 0.9999984727586099 -334.4733097674138 166.25075721714774 334.1832625009707 1.0 159.3746859013707 334.19527987865223 1.0 173.12682853292478 334.17124512328917 1.0
-0.1348871343370476 0.9908609695564454 -338.21098893201514 505.60337776595975 410.1588337382236 1.0 411.63783384541074 397.36718754840683 1.0 599.5689216865088 422.95047992804035 1.0
-0.11713140214447954 0.9931164255170026 -346.11626575755076 346.9416694459395 389.4347329526461 1.0 281.8883125996462 381.7621270971496 1.0 411.99502629223275 397.1073388081426 1.0
0.03760095203194759 -0.999292834161384 246.1782946455265 363.74851460953977 260.0394761292625 1.0 376.8784420460743 260.5335232742502 1.0 350.6185871730052 259.5454289842748 1.0
-0.014703550743728533 0.9998918969546291 -240.78417848744542 364.37619973380254 246.1684139852643 1.0 353.11944319507467 246.00288179975394 1.0 375.6329562725304 246.33394617077462 1.0
0.06243972991281454 -0.99804873634929 121.58903281970541 443.19202610136324 149.5536418140907 1.0 451.9858096694087 150.10379678238309 1.0 434.39824253331784 149.0034868457983 1.0
0.9997755261618505 0.02118719631747003 -137.14544893464924 133.21623484188993 186.86368847366595 1.0 132.7923054741612 206.8679495531264 1.0 133.64016420961866 166.85942739420548 1.0
-0.04883685248913173 0.9988067690193908 -208.1423574571364 358.0810208405443 225.8994576824934 1.0 340.5312991730305 225.04136060617589 1.0 375.630742508058 226.75755475881093 1.0
0.9976571847401197 -0.06841156142362663 -530.8991476597606 549.7188189696748 256.26928120563 1.0 550.4469139696042 266.887211753289 1.0 548.9907239697453 245.651350657971 1.0
-0.12551400188629838 0.9920918482330587 -32.075715511845075 74.31387083250517 41.73317915013044 1.0 30.552665059924802 36.19675218152982 1.0 118.07507660508556 47.26960611873107 1.0
0.9972640027581909 0.07392231599937386 -16.92812958305483 11.591754661098584 72.61798900865344 1.0 10.989363817030021 80.7446649150981 1.0 12.194145505167146 64.49131310220879 1.0
-0.08169433402804345 0.9966574315118081 -112.99234689321406 4.946576266096662 113.77676076220405 1.0 0.49899827812359077 113.41220027203232 1.0 9.394154254069734 114.14132125237579 1.0
-0.09803983944425888 0.9951824907431521 -188.2439928880146 388.6326520042477 227.44117566244978 1.0 380.5247682542021 226.642432086793 1.0 396.74053575429326 228.23991923810652 1.0
-0.010829604396363612 -0.9999413581148738 319.5574674526366 162.5034251389433 317.8162569897614 1.0 188.1321879362816 317.53869135052565 1.0 136.874662341605 318.09382262899715 1.0
0.016739865916771356 -0.9998598786275448 250.18092576888185 161.24304274776625 252.91555155869145 1.0 188.12097270185038 253.36554755629996 1.0 134.36511279368213 252.4655555610829 1.0
-0.05412461621469799 0.9985341886583612 -204.94951193454105 451.26567548420746 229.71080613592108 1.0 436.89900837427655 228.9320743183815 1.0 465.6323425941384 230.48953795346065 1.0
-0.9998647757142191 0.01644476469744928 215.32136926527556 220.70584965183025 325.61339089873144 1.0 220.4179361659985 308.10784684063196 1.0 220.99376313766203 343.1189349568309 1.0
0.9990290495239521 -0.04405630723595448 -220.5975838331079 234.6499780524215 313.7929976150391 1.0 235.28752495237705 328.2501301676683 1.0 234.01243115246592 299.3358650624099 1.0
-0.0991701409912167 0.9950704915410677 -148.71933135444266 405.57504349186536 189.87626224091616 1.0 399.26315887108876 189.24721083894633 1.0 411.8869281126419 190.50531364288597 1.0
0.0677195038881907 -0.9977043995057541 155.7167953458582 355.65282006911707 180.21512981845686 1.0 368.17995098773326 181.06541281948537 1.0 343.1256891505008 179.36484681742834 1.0
-0.0029272156257939322 -0.9999957156951623 390.37595062348197 199.99939166129838 389.7921792675808 1.0 223.12602301455206 389.72448234087733 1.0 176.87276030804472 389.8598761942843 1.0
0.9999965917646889 0.0026108349251030907 -308.51364954569516 308.2797240376034 90.00040396029792 1.0 308.25198401106906 100.62533153542098 1.0 308.3074640641378 79.37547638517486 1.0
0.07473200526195173 -0.9972036539190616 153.74392645596066 386.29685755911976 183.12474541189954 1.0 393.18003845286773 183.64058177967553 1.0 379.4136766653718 182.60890904412358 1.0
-0.13175848147741046 0.9912818481939265 -79.3610113565922 403.05757218056834 133.63229161960885 1.0 396.7528118007833 132.79428005384383 1.0 409.36233256035337 134.47030318537384 1.0
0.0039776988901192595 -0.9999920889244772 388.5783229984494 254.37413194466836 389.59322880221714 1.0 265.628926030451 389.6379973383279 1.0 243.11933785888576 389.5484602661063 1.0
-0.08733365859227285 0.9961791164629422 -172.07368355257483 424.3803893198587 209.93852624541628 1.0 418.12368414009444 209.3900094726273 1.0 430.63709449962295 210.48704301820527 1.0
0.05693476744952354 -0.9983779005243799 179.09467160239944 450.6557763510702 205.0853222223661 1.0 464.43225781157423 205.87095736895188 1.0 436.87929489056614 204.29968707578033 1.0
-0.10217446733333058 0.9947664943217328 -110.44939485155398 385.5600732685824 150.6321240392601 1.0 378.07484559646986 149.86330125056307 1.0 393.04530094069503 151.40094682795714 1.0
-0.07716879763771084 0.9970180422997118 -157.8967501922332 424.3295711628006 191.2119389146257 1.0 416.874233837767 190.6348987880204 1.0 431.78490848783423 191.788979041231 1.0
-0.044710817879576245 0.998999971353623 -28.442785370952983 7.497457415226186 28.80681045967547 1.0 0.5524519853808008 28.49598275011534 1.0 14.44246284507157 29.117638169235605 1.0
0.014561276445221573 -0.9998939789939161 263.0951222134323 161.25223821569585 265.47130616646785 1.0 188.1397395545111 265.86286401974115 1.0 134.3647368768806 265.07974831319456 1.0
-0.1248827702247813 0.9921715041770675 -81.89970085367347 422.33270386900324 135.7041381480031 1.0 415.56492434980896 134.8522904068925 1.0 429.10048338819746 136.55598588911366 1.0
-0.11134440028131243 0.9937818797532962 -180.20520796234678 424.97784546080686 228.94773584974888 1.0 418.1189212625584 228.1792545391231 1.0 431.83676965905534 229.71621716037464 1.0
-0.9988573533328887 -0.047791083821321634 330.3062496524037 322.39960753502953 173.15010024338935 1.0 322.64114489713893 168.1018495874801 1.0 322.15807017292013 178.1983508992986 1.0
0.9979148061521582 -0.0645448654991261 -343.9576161485243 355.9158350918977 173.77161369779765 1.0 356.20023382831084 178.16864369736427 1.0 355.63143635548454 169.37458369823105 1.0
-0.06874123685459686 0.9976345234381677 -161.04577262109245 358.0492924414044 186.0987360367091 1.0 339.2593079639788 184.8040266585638 1.0 376.83927691883 187.3934454148544 1.0
0.05055755493723037 -0.9987211490895589 180.89819493139998 161.25415668765328 189.29288819940655 1.0 188.12357852839776 190.6530799527137 1.0 134.38473484690877 187.9326964460994 1.0
0.07977586411432291 -0.9968128267156342 131.70394020574247 358.16188810158815 160.7890769724085 1.0 373.11612627704255 161.9858786593902 1.0 343.2076499261338 159.5922752854268 1.0
-0.11875733465113034 0.9929233079480808 -65.88093222621143 354.9929486302945 108.8089561003035 1.0 339.36721852819534 106.94006044235178 1.0 370.6186787323937 110.67785175825523 1.0
0.03268257987307282 -0.999465781791873 354.0473117830791 409.93406312181247 367.6414152818556 1.0 418.0503843947168 367.9068193838366 1.0 401.81774184890816 367.3760111798746 1.0
0.9956200630201828 -0.09349165797913432 -201.34237974028602 234.45339470350794 343.1763278481695 1.0 235.63331062758044 355.74159829129036 1.0 233.27347877943544 330.6110574050486 1.0
-0.9999042897462349 0.013835148972005043 186.3070538125244 189.9311506953262 260.6346004273536 1.0 189.87903458811843 256.8680259388972 1.0 189.98326680253402 264.40117491581003 1.0
-0.06069499435487739 0.9981563593246608 -183.13002599433224 451.8555840727616 210.94430361722823 1.0 436.83511343961453 210.0309523453861 1.0 466.87605470590864 211.85765488907032 1.0
-0.07620436179092434 0.9970922200298415 -215.59282155535408 408.13159912597484 247.41365406108082 1.0 400.6276631764733 246.84015379855282 1.0 415.6355350754764 247.98715432360882 1.0
-0.9890115405112295 -0.14783833310614825 337.6230705687662 321.2732667824729 134.47190350072088 1.0 322.03165608625204 129.398417092434 1.0 320.5148774786938 139.54538990900775 1.0
0.10379176728100581 -0.9945990493885893 84.62120946944603 358.8126385364871 122.5247575098947 1.0 371.92528543403864 123.8931328326595 1.0 345.69999163893556 121.1563821871299 1.0
-0.056904128590167545 0.998379647303266 -185.2400397497285 359.352343849667 206.02250084816546 1.0 341.8379953422627 205.02424458129306 1.0 376.8666923570713 207.02075711503787 1.0
-0.10596159831072009 0.9943702226451864 -89.2917736173096 356.2226206220045 127.75693495216453 1.0 339.3395312809014 125.95784735856479 1.0 373.10570996310764 129.55602254576428 1.0
0.999556039266813 -0.02979470364412551 -350.1657967073279 354.3454234207803 135.0008816168159 1.0 354.47571737813007 139.37199782271796 1.0 354.2151294634306 130.62976541091382 1.0
0.9998673858489485 -0.0162852913879295 -156.33191129817112 161.9818021057947 345.6130808088154 1.0 162.14479917977033 355.62060565898935 1.0 161.8188050318191 335.60555595864145 1.0
0.11109384995085424 -0.9938099197045163 100.82447126447798 358.7852603462975 141.5595722608566 1.0 371.8862813630248 143.02408054778138 1.0 345.68423932957023 140.09506397393187 1.0
-0.10041591962569991 0.9949455477993381 -167.10177595951748 406.2298304378644 208.94984496604405 1.0 399.36171078405016 208.25667280937424 1.0 413.0979500916786 209.64301712271387 1.0
-0.09151722317981821 0.9958034935977356 -133.4472177121547 404.32507518210167 171.16823444651158 1.0 398.01350498225906 170.58818287779573 1.0 410.6366453819443 171.74828601522742 1.0
0.05067834801866285 -0.9987150269431713 373.31351673187635 606.2407828147391 404.5566424920304 1.0 613.0981257869036 404.9046084325153 1.0 599.3834398425747 404.2086765515455 1.0
0.05457910480478947 0.9985094497893887 -397.4754800436578 231.2392946078234 385.4291478457692 1.0 216.83899379898122 386.21627662780736 1.0 245.63959541666563 384.6420190637311 1.0
0.03658592552754486 -0.9993305109188315 207.53344021537256 451.8808200185787 224.21602842675287 1.0 466.8607420693781 224.76444990150108 1.0 436.9008979677793 223.6676069520047 1.0
-0.10806518296791986 0.994143810638134 -164.92441467239888 388.0620657439163 208.0789626172311 1.0 380.58250616419485 207.26592131892716 1.0 395.5416253236378 208.89200391553504 1.0
-0.03507781899484232 -0.9993845839388185 386.8599731873463 375.60883837950917 373.9145473597619 1.0 388.1372780016183 373.4748063987596 1.0 363.0803987574001 374.3542883207642 1.0
-0.14656708586341388 0.9892007325823746 -73.98090572210697 384.9154839032524 131.82041036413625 1.0 378.0975568710867 130.8102173226034 1.0 391.7334109354181 132.8306034056691 1.0
0.00884420784099526 0.9999608892290064 -271.91037939188334 453.74807909695494 267.907815154103 1.0 448.12351908452433 267.95756187749976 1.0 459.3726391093856 267.85806843070617 1.0
0.09189494417844073 -0.9957687076999564 97.3199315193305 180.6224811716754 114.40229388921381 1.0 228.17888938435496 118.79105750895606 1.0 133.06607295899582 110.01353026947154 1.0
-0.09893229374543089 0.9950941670285621 -207.33537702509324 389.2943503672849 247.06120103506652 1.0 381.80622801510486 246.31673167257418 1.0 396.78247271946486 247.80567039755886 1.0
0.998834348182627 0.04826950269670089 -15.19354738201 10.590201847064746 95.62331835024494 1.0 10.044890496740976 106.9073730168048 1.0 11.135513197388516 84.3392636836851 1.0
-0.08805124768835815 0.9961159459523391 -209.49711816311182 426.8269858398182 248.04317993037287 1.0 419.3303152240371 247.3805149023604 1.0 434.32365645559923 248.70584495838534 1.0
-0.015337250559136893 0.9998823774551115 -291.929018592478 167.50716699424456 294.5327616761013 1.0 146.87743398477758 294.2163210714178 1.0 188.13690000371153 294.8492022807848 1.0
-0.9999964174502393 -0.0026767679553348846 190.7456810581921 190.08219735564256 248.12187405210454 1.0 190.09558562565013 243.12023690355946 1.0 190.06880908563497 253.12351120064966 1.0
-0.09806292985150146 0.9951802157342857 -346.21574502190396 473.1725033019593 394.51791827591194 1.0 425.5803339987557 389.8282877084299 1.0 520.7646726051629 399.2075488433939 1.0
-0.10196710189208937 0.9947877714023873 -110.21104055513494 404.2748339472972 152.22721679335206 1.0 396.7894163550295 151.45995129182745 1.0 411.7602515395649 152.99448229487666 1.0
-0.9999226255690881 -0.012439568924256855 79.80185618238258 75.23648627275261 367.47184068616804 1.0 75.33745323561571 359.3558721010399 1.0 75.13551930988952 375.5878092712962 1.0
-0.9964492732667838 0.0841952837521095 344.5297021049859 358.80099055108406 154.37069153791128 1.0 358.3770783759188 149.3537005611247 1.0 359.22490272624924 159.38768251469784 1.0
0.9964974771729602 -0.08362283173826227 -339.05952704489243 356.50831651175434 193.72832291732544 1.0 356.8772554892647 198.12481072666657 1.0 356.139377534244 189.33183510798435 1.0
-0.04248499124763633 0.9990971051497889 -229.20369550590243 452.50413170195935 248.65283694674883 1.0 438.1285490652733 248.0415385060355 1.0 466.8797143386454 249.26413538746218 1.0
0.014380193432579763 0.9998965996726069 -271.56177634278407 365.6261726825738 266.3315400240284 1.0 356.868995403179 266.45748294976926 1.0 374.3833499619686 266.20559709828757 1.0
-0.0793132143910668 0.9968497449580638 -137.80813339067987 358.08646105913954 166.73437746046062 1.0 340.5483025183549 165.33897385484673 1.0 375.6246195999242 168.12978106607451 1.0
0.9985847655343437 0.053183324855818684 -330.4460065782096 319.33245452335836 217.46444739679032 1.0 319.0983389784127 221.86026539409187 1.0 319.5665700683041 213.0686293994888 1.0
-0.11704124944015254 0.9931270542732626 -47.86036197645441 354.30756969547343 89.94716460028829 1.0 346.76501356189607 89.05826504806295 1.0 361.8501258290508 90.83606415251364 1.0
0.03064586774580164 -0.9995303050883985 154.72486090943661 443.76062719817185 168.4033886160753 1.0 453.14596715779015 168.69114566124702 1.0 434.37528723855354 168.11563157090353 1.0
-0.07748674389749265 0.9969933823853419 -235.89929036847252 389.9481123635153 266.9176190997432 1.0 381.8236128449837 266.28617958910013 1.0 398.07261188204683 267.5490586103862 1.0
-0.12086641663752531 0.9926687812806465 -29.48412832038356 359.3349216428268 73.45416119363513 1.0 349.3310331514081 72.23609714528332 1.0 369.33881013424553 74.67222524198694 1.0
-0.9998718275382692 -0.016010262186537037 133.42687150187078 132.5734471573935 54.36616836240741 1.0 132.893931770249 34.35128466967326 1.0 132.252962544538 74.38105205514155 1.0
-0.07279669507706317 0.9973468008600905 -158.91120536001583 449.9778843109184 192.17799468582945 1.0 434.344932353704 191.03694000374463 1.0 465.61083626813286 193.31904936791426 1.0
0.08600775192683789 -0.9962944678198769 147.35300981595216 450.0108395991888 186.74943651922877 1.0 465.6273675742394 188.0975745521296 1.0 434.39431162413825 185.40129848632793 1.0
-0.9999929016526394 -0.00376784345941795 175.07056663903109 173.76953894252833 345.6250736201994 1.0 173.8072259825706 335.62286070119654 1.0 173.73185190248606 355.6272865392022 1.0
-0.10753734848688684 0.9942010454029958 -355.55085729514917 619.3488970430903 424.6163262686201 1.0 600.4148007767619 422.56832750831796 1.0 638.2829933094188 426.66432502892224 1.0
-0.10294252837591067 0.9946873055647061 -109.76918235406191 356.8325774701781 147.28490980646677 1.0 345.57380103412504 146.11971255677588 1.0 368.0913539062311 148.45010705615763 1.0
-0.09163012191601512 0.9957931114230788 -95.29803470103953 180.64131012165655 112.32274926135159 1.0 133.1409285672805 107.95189581503216 1.0 228.14169167603256 116.69360270767102 1.0
-0.023732777221889455 0.9997183379759201 -251.22203861920792 161.247133726936 255.12073874527732 1.0 134.37244212076772 254.4827479787105 1.0 188.12182533310428 255.75872951184417 1.0
-0.09656358926111898 -0.9953268172962134 433.29831952928396 577.4933115634728 379.3060591052774 1.0 596.9279296821998 377.4205713952593 1.0 558.0586934447458 381.1915468152955 1.0
-0.049095640646957435 0.9987940819155191 -266.2691167526752 410.5686158882998 286.77206960410535 1.0 403.0866937527788 286.4042963391601 1.0 418.0505380238208 287.1398428690506 1.0
0.11964018206256137 -0.9928173179573557 335.14768592498353 295.00040942418434 373.1216024506681 1.0 300.6933705059812 373.8076369184215 1.0 289.30744834238754 372.4355679829147 1.0
-0.08413404665304601 0.996454445618957 -193.03377489606493 407.9631963995894 228.16634568121043 1.0 400.4638880926264 227.53315350896648 1.0 415.4625047065523 228.79953785345435 1.0
0.9940154771802014 0.10923932957601068 -335.64787170092427 317.9578993187761 179.35663613464007 1.0 317.4000548582916 184.43270195940318 1.0 318.51574377926056 174.28057030987696 1.0
0.007418273003216969 -0.9999724842342661 239.24990965791787 451.8788298203659 242.6087457473125 1.0 465.62807314721863 242.71074419446413 1.0 438.1295864935132 242.50674730016087 1.0
0.9963403666290626 -0.08547440450488791 -431.5608034180849 447.03636155979615 161.91477478069675 1.0 447.3602837291438 165.69060375355238 1.0 446.7124393904485 158.13894580784114 1.0
-0.10688314400905999 0.9942715894194798 -342.60881087462457 559.3388739694074 404.7110594057153 1.0 540.670235498936 402.70420051994796 1.0 578.0075124398788 406.7179182914826 1.0
0.021020985439082075 -0.999779034672747 365.72666793930887 336.21579869543984 372.87664815866054 1.0 356.8973609468769 373.3114910628101 1.0 315.5342364440027 372.441805254511 1.0
0.011207208121833226 0.9999371972709655 -321.7605660464682 163.7493890120377 319.94548601365113 1.0 139.37044648376457 320.21872305638766 1.0 188.12833154031085 319.6722489709146 1.0
-0.9999782010788746 0.006602830230903007 218.40004959954956 220.34444648274805 293.75185248762733 1.0 220.25773172839993 280.61917134519956 1.0 220.43116123709618 306.8845336300551 1.0
-0.0010150348486809727 -0.9999994848519953 241.64777844085134 388.74936896120334 241.25330856511334 1.0 395.62436187792014 241.24633020412355 1.0 381.8743760444866 241.26028692610313 1.0
-0.10147809895647748 0.9948377734244812 -109.00824935042552 447.4776906739132 155.2187088693921 1.0 433.06143240329334 153.74818319933001 1.0 461.893948944533 156.68923453945416 1.0
-0.024422409155865025 -0.9997017284825628 309.43150546059354 182.50159694720355 305.06536909890895 1.0 188.13850134596981 304.9276612389774 1.0 176.8646925484373 305.2030769588404 1.0
0.9999933921761113 0.0036353272361611022 -133.3824927052212 132.4609042140504 253.74985787308535 1.0 132.42227085764313 264.37698952180074 1.0 132.49953757045765 243.12272622436996 1.0
0.11195325000482387 -0.9937134747065459 80.91954185197004 444.41722844728986 131.50017410538743 1.0 454.43095496175715 132.62833554879057 1.0 434.40350193282256 130.3720126619843 1.0
-0.13328425839904331 0.9910778508588601 -25.27261069150978 444.34045462691006 85.2568732011591 1.0 430.5870408948546 83.40725710072495 1.0 458.0938683589655 87.10648930159326 1.0
0.10310364466684253 -0.9946706180723414 67.39515462863558 445.6687917944347 113.9525279198167 1.0 459.40081703066824 115.37593565378253 1.0 431.93676655820116 112.52912018585089 1.0
-0.10808136340190623 0.9941420516632344 -342.03043647195625 600.6282529285132 409.3450792724633 1.0 590.6107584542127 408.25599501248047 1.0 610.6457474028138 410.4341635324461 1.0
0.9998856718078926 -0.015120956096729105 -349.0343066024333 352.29742713911446 213.13751512372775 1.0 352.37302327584024 218.13637190716136 1.0 352.2218310023887 208.13865834029414 1.0
-0.040785828879750574 0.9991679118959894 -289.62090327103033 410.0112797227723 306.5986702708092 1.0 403.09677630980855 306.3164216621099 1.0 416.925783135736 306.88091887950844 1.0
-0.9966750617602668 0.08147896210168917 345.82641106184684 358.0130248996513 134.95805981511958 1.0 357.65359041942685 130.56134962716416 1.0 358.37245937987586 139.354770003075 1.0
-0.07983701929052991 0.9968079305216244 -254.4167483222315 390.6036983758516 286.515962182366 1.0 383.1017641394843 285.9151121590002 1.0 398.10563261221887 287.11681220573183 1.0
-0.988365387085734 -0.1520981972637001 415.64035018413307 393.5264930175914 175.49442442129572 1.0 394.49496405468983 169.20110031434666 1.0 392.5580219804929 181.78774852824475 1.0
-0.11840899960296383 0.9929649081478285 -335.47046096149546 531.7989007503694 401.2631599766311 1.0 521.7921376854708 400.069874298501 1.0 541.805663815268 402.4564456547611 1.0
-0.10197812804889089 0.9947866411445441 -73.15563701753784 445.5772001292395 119.21628305295236 1.0 431.7799816359844 117.80189482533719 1.0 459.3744186224945 120.63067128056754 1.0
-0.9972049425774223 -0.0747148077636526 410.0992988741378 395.1893276948856 214.34235759006523 1.0 395.6619679204198 208.03411451120292 1.0 394.7166874693514 220.65060066892755 1.0
-0.05138346720813083 0.9986789971245369 -355.88036377609524 416.26833176031107 377.76870749975166 1.0 395.6336426504214 376.70702314043217 1.0 436.90302087020075 378.83039185907114 1.0
-0.09161856158100805 0.9957941751053915 -95.59839493451987 446.8529096723905 137.1150978489522 1.0 433.104285096308 135.8501484860533 1.0 460.601534248473 138.38004721185106 1.0
-0.13032255427246917 0.9914716495431927 -330.96039094334645 398.13944844103935 386.140078737709 1.0 371.93149286172826 382.695211993482 1.0 424.34740402035044 389.584945481936 1.0
0.02060311592596328 -0.9997877332784902 384.2054116939292 271.21391584884066 389.8760211477012 1.0 275.6385555685777 389.96720186741 1.0 266.78927612910354 389.7848404279924 1.0
0.9775335154119151 0.21078004233423783 -343.77802431294504 317.0645956920185 160.53111622310445 1.0 315.95106998899814 165.69530863392544 1.0 318.17812139503883 155.36692381228343 1.0
0.12385208672844059 -0.9923006906240723 85.33579031680712 343.80808126833017 128.90965392308868 1.0 348.2695947975069 129.4665090838043 1.0 339.3465677391534 128.35279876237303 1.0
-0.9931328071049571 -0.11699242476258066 408.1806871811584 392.53127119648263 156.8050579218832 1.0 393.2745615758879 150.49536682443903 1.0 391.78798081707737 163.11474901932735 1.0
0.9977566107589738 -0.0669458414448993 -345.7361387518541 352.97501743159273 96.30199851305187 1.0 353.270049517054 100.69913816058758 1.0 352.67998534613145 91.90485886551618 1.0
0.9989235325604819 -0.04638724066904315 -346.7567001226874 357.9564171749182 233.13282851922577 1.0 358.1881037064925 238.12206963874132 1.0 357.72473064334395 228.1435873997102 1.0
-0.07604033234617753 0.9971047426708404 -235.1045082718731 409.31763657318226 267.0021974611502 1.0 401.8136149542467 266.42993230843587 1.0 416.8216581921178 267.5744626138646 1.0
-0.9840485406809709 0.17790016746380968 498.7705328485524 551.0415078861811 244.4126920247629 1.0 548.793887003466 231.98005589422166 1.0 553.2891287688963 256.8453281553041 1.0
-0.9977996620540941 0.06630108901621054 379.7861891510368 396.2911901495745 235.78838126476347 1.0 395.7922787214651 228.28000302016514 1.0 396.7901015776839 243.29675950936183 1.0
0.03823273104913004 0.9992688618567702 -391.2895920071316 374.98961302769885 377.22852114655035 1.0 361.8599204017938 377.7308724416675 1.0 388.119305653604 376.7261698514332 1.0
0.9997305225921995 -0.023213836338007644 -352.81092417458757 358.7839292642185 253.138724717826 1.0 358.8999671678863 258.13603030683834 1.0 358.66789136055064 248.14141912881362 1.0
0.009480083729093581 -0.9999550629965775 350.3331527328811 619.3693511943284 356.22083353825417 1.0 633.1299650266533 356.3512911719235 1.0 605.6087373620034 356.0903759045849 1.0
-0.9973104673116024 -0.07329278130016027 398.7570937633064 391.063915937832 119.3153930784515 1.0 391.52747858987686 113.00759745468217 1.0 390.6003532857872 125.62318870222083 1.0
0.013942577157102747 -0.9999027975469507 369.3970117141591 308.1252872489131 373.729399720111 1.0 314.4002120683727 373.81689684849687 1.0 301.85036242945347 373.64190259172517 1.0
-0.9992300830042522 -0.03923316478841838 11.842229930039181 6.280812915239505 141.8762098196419 1.0 6.96975076641661 124.32964099377732 1.0 5.5918750640624 159.42277864550647 1.0
-0.03604746763950689 0.9993500788396321 -388.4694196543298 77.51287665105346 391.51801841188495 1.0 65.60827721310733 391.08860866640424 1.0 89.4174760889996 391.94742815736566 1.0
0.1253573825810822 -0.9921116502856018 34.36169324756318 75.0327756329055 44.115604928233964 1.0 116.8715746591781 49.402109057844406 1.0 33.19397660663289 38.82910079862352 1.0
-0.9977120065673816 0.06760733651970754 345.8304761526326 361.024090854571 212.5153081405429 1.0 360.7261287848238 208.11814727321868 1.0 361.32205292431826 216.91246900786712 1.0
0.09691062684040357 -0.9952930876909576 68.3064052857361 357.53001355709796 103.44175428030354 1.0 368.1155111157916 104.47245289211696 1.0 346.9445159984043 102.41105566849012 1.0
-0.9978430769792901 0.06564444930458775 418.30224572340586 431.09518022341496 180.7174179590295 1.0 430.6012155327319 173.2087976249128 1.0 431.58914491409803 188.22603829314616 1.0
0.44252887858599044 0.8967542537492788 -310.5657872247699 320.1126909041139 188.35336034553472 1.0 314.59714569056865 191.0751629218099 1.0 325.6282361176591 185.63155776925956 1.0
0.05180429932246356 -0.9986572558048674 373.8802308968776 626.9059676106142 406.9030219607371 1.0 638.1581103616711 407.4867150823828 1.0 615.6538248595574 406.31932883909144 1.0
-0.03664916468350927 0.9993281937021496 -251.3863872553664 429.4051347608196 267.303302797416 1.0 423.11774883933975 267.0727204486768 1.0 435.6925206822994 267.5338851461551 1.0
-0.9999972931203345 -0.0023267470863500236 428.8202348790706 428.5320136421351 124.37158435777329 1.0 428.54946081445104 116.87307917390591 1.0 428.51456646981916 131.87008954164068 1.0
-0.9999081110403208 0.013556160067556371 427.423595417717 428.93709315667354 108.73899012349226 1.0 428.8269594771239 100.61548325048295 1.0 429.0472268362232 116.86249699650156 1.0
-0.9962315289179342 0.086733735016054 413.53863814615073 432.47059055242977 199.48638772140964 1.0 431.8178372286076 191.988803976431 1.0 433.12334387625197 206.98397146638825 1.0
0.9795482217820882 0.20120954550803177 -160.3484387605499 105.32185424935246 284.1843490647012 1.0 104.01410401892096 290.55086815563146 1.0 106.62960447978395 277.8178299737709 1.0
-0.17412249704921234 0.9847239999214739 -24.640803729948683 383.7921568883222 92.88658796022112 1.0 376.9112693134622 91.66988426807482 1.0 390.67304446318224 94.10329165236742 1.0
-0.08354207657710468 0.996504250588619 -357.37987843637325 583.7439779927684 407.571831537463 1.0 578.1062051631542 407.0991880447958 1.0 589.3817508223825 408.0444750301303 1.0
-0.033671709456544206 0.9994329472167075 -390.03017659377423 625.0190733442248 411.3088710763565 1.0 611.8668884896824 410.86576326369715 1.0 638.1712581987671 411.7519788890159 1.0
0.9999224914691532 -0.012450343534266195 -230.43693153081645 234.08128291443353 291.2536571620784 1.0 234.1670661556204 298.1431531842394 1.0 233.99549967324668 284.3641611399175 1.0
0.9998217024244438 -0.01888288540152475 -292.15301905607043 296.58447201096567 231.880486985039 1.0 296.8912641886843 248.12469283042134 1.0 296.2776798332471 215.63628113965666 1.0
0.9998739000902641 -0.015880299691266288 -285.64412432049187 288.84665823024307 199.3734648447532 1.0 289.06514243151196 213.12992125161858 1.0 288.6281740289741 185.61700843788776 1.0
-0.9993499809433218 -0.03605018153327694 329.60852910587374 322.78899966325696 194.98787924814548 1.0 322.90320777095604 191.82190711157446 1.0 322.6747915555578 198.1538513847165 1.0
-0.9956771939917844 -0.09288124334141128 421.4428299997042 397.79708123760577 273.09441026413987 1.0 398.38586324271563 266.7827288779881 1.0 397.20829923249596 279.4060916502916 1.0
-0.9971968596511209 0.07482261090033178 415.6658759716168 433.1643200273775 217.6377364629659 1.0 432.55459142289556 209.5115906052812 1.0 433.7740486318595 225.76388232065057 1.0
0.11662521257322755 -0.9931759963834453 282.3600340868775 592.5578777320794 353.8821153744706 1.0 604.5609340338646 355.2915926451875 1.0 580.5548214302943 352.47263810375364 1.0
0.10412111980732391 -0.9945646245519035 49.261951228896 440.00312345436606 95.59516477325008 1.0 448.16948262073424 96.45010213997388 1.0 431.8367642879979 94.74022740652626 1.0
-0.9947740038630906 -0.10210132828810842 411.98383383269095 394.08588188903457 195.46702843770385 1.0 394.733711160213 189.15522301151643 1.0 393.4380526178562 201.77883386389126 1.0
-0.0031929698089651713 -0.9999949024589071 293.30399913853427 163.7509024653391 292.7826399223099 1.0 188.1276495568021 292.70480530804093 1.0 139.37415537387608 292.86047453657886 1.0
-0.1250982485932198 0.9921443585481445 -290.89100196661644 581.3761857032762 366.49923112399364 1.0 568.2238697301543 364.84087195578763 1.0 594.5285016763982 368.15759029219964 1.0
-0.9963407345126379 -0.08547011612731784 423.6297502070364 411.5696507022906 158.72380590893195 1.0 412.0577922685607 153.03345062780383 1.0 411.0815091360205 164.41416119006007 1.0
-0.13212776830323547 0.9912326935907666 -41.777935582133786 445.667869954693 101.55338629827611 1.0 433.2223800895612 99.8944470684132 1.0 458.1133598198248 103.212325528139 1.0
0.15421669155553175 -0.9880370499357126 312.32616002674183 529.3773367750368 398.7350287262002 1.0 543.0860205749935 400.874733772026 1.0 515.66865297508 396.59532368037446 1.0
0.9992413973879668 0.03894393079984998 -14.306585141259104 8.788023864983877 141.87648192295728 1.0 8.106074184328646 159.37426239479493 1.0 9.469973545639109 124.37870145111967 1.0
-0.9961538584524187 0.08762128902474807 592.7160164827362 624.4750137407324 335.04617757825963 1.0 623.9792412053627 329.4098107829275 1.0 624.9707862761021 340.6825443735917 1.0
-0.9825973978105986 0.18574809236124087 408.64808111052326 460.6410047777325 236.7538258396332 1.0 459.6637349033156 231.58412087333284 1.0 461.6182746521494 241.92353080593358 1.0
-0.999509175919277 0.031327420148612256 387.29836083385345 391.85881069592926 139.43427517559275 1.0 391.6233569871729 131.92206570255624 1.0 392.0942644046856 146.94648464862925 1.0
-0.06423030832509541 0.9979351018440343 -343.3561669260415 610.6494586692558 383.3699899201591 1.0 583.0626055654634 381.5944114508764 1.0 638.2363117730481 385.1455683894418 1.0
-0.9988360850081549 0.04823354937781409 421.7115044443646 429.11935232182 143.22788845340563 1.0 428.7565677025671 135.71522613703087 1.0 429.48213694107284 150.74055076978036 1.0
-0.9993229115314987 -0.0367929135596584 435.91288603688554 430.31695315806206 160.0116695314522 1.0 430.52631138867713 154.32534419513183 1.0 430.107594927447 165.6979948677726 1.0
0.009757129124363991 -0.999952398082654 277.6337578384888 163.7451725943386 279.2447332156929 1.0 189.37383096955585 279.4948072487476 1.0 138.11651421912137 278.99465918263826 1.0
-0.9974510886092928 0.07135352711770297 452.18576286288595 469.7066202546116 228.77098717406537 1.0 468.4960523692445 211.8484564475458 1.0 470.91718813997875 245.69351790058494 1.0
0.05129579298078125 0.9986835042306812 -411.7879712234142 300.62575187921755 396.8896384201928 1.0 290.5880291351349 397.40521011602806 1.0 310.6634746233002 396.3740667243575 1.0
0.9971283636172424 -0.07572995754653755 -373.36313345618123 387.87314887595426 176.89412760245114 1.0 388.25071131918014 181.86545247010116 1.0 387.4955864327283 171.92280273480114 1.0
-0.11550195106647336 0.9933072532201896 -68.37062763692253 402.42725354235324 115.62561353604336 1.0 396.8055894051945 114.97192539073157 1.0 408.04891767951193 116.27930168135515 1.0
-0.9999776758429321 0.006681902107028774 433.44239767322995 435.1560460461892 255.00730985641533 1.0 435.11843328102134 249.37838490479203 1.0 435.193658811357 260.63623480803864 1.0
-0.12014138448570316 0.992756791834666 -66.45299345055966 384.26120219704995 113.44033827109692 1.0 378.02686991407046 112.68587220450182 1.0 390.49553448002945 114.19480433769202 1.0
0.11640921152711872 -0.993201336825336 99.01153845703212 403.1177179626742 146.9371302138543 1.0 409.4275457900063 147.67668024768673 1.0 396.80789013534206 146.19758018002184 1.0
-0.00688431761137194 0.9999763028047344 -279.8086047895114 163.74781380354375 280.94255429847044 1.0 138.1240282704112 280.7661478401164 1.0 189.3715993366763 281.1189607568245 1.0
0.9930458579790357 -0.11772817823563352 -423.6032077951627 447.976501677979 180.56850948244335 1.0 448.42357467956435 184.339603192481 1.0 447.52942867639365 176.7974157724057 1.0
-0.9878894397994453 0.15515944938268536 376.2760853180441 415.07864590010297 217.68397469377652 1.0 413.8181962659617 209.6587794000236 1.0 416.3390955342442 225.7091699875294 1.0
-0.013433959453211106 0.9999097602951026 -228.16052691347275 176.24262452251966 230.54896785605956 1.0 163.11159774090825 230.3725502548241 1.0 189.37365130413107 230.72538545729503 1.0
0.9994763462825152 -0.03235789272733403 -206.67341509974503 216.7775329450153 308.75315548088895 1.0 217.6480047246989 335.64044264855 1.0 215.9070611653317 281.8658683132279 1.0
-0.9908753046200123 0.13478178917864939 379.9372309477436 415.6898963224362 237.12121565511154 1.0 414.6541952293124 229.5070517358 1.0 416.72559741556 244.73537957442312 1.0
-0.997068250717887 0.0765173405861232 414.4536895065769 433.90508827875885 237.5840260764753 1.0 433.3695958847359 230.60622914193203 1.0 434.4405806727819 244.56182301101862 1.0
-0.8832562645666289 0.4688905747653768 -99.63665801597658 60.303412771355575 326.0889285256619 1.0 58.32213493178816 322.3567655054933 1.0 62.284690610922986 329.82109154583054 1.0
0.9994877480080022 0.03200377449446254 -34.62975454862723 28.583852151694465 189.3696799165067 1.0 27.703559037032058 216.86150538581543 1.0 29.46414526635687 161.877854447198 1.0
-0.9956770324221139 0.09288297533505667 395.99156595948295 410.964643763855 142.07653152926372 1.0 410.26024886564005 134.52563407601173 1.0 411.66903866206997 149.62742898251568 1.0
-0.996480021307014 0.08383058592168491 359.16447546979447 378.57425828140686 215.63978457262112 1.0 377.9433497716062 208.14028163611255 1.0 379.2051667912075 223.13928750912973 1.0
0.061647062658336166 -0.99809801105182 178.1201782764685 405.6395919635789 203.51374851943643 1.0 413.1495453927124 203.97759732434398 1.0 398.12963853444535 203.0498997145289 1.0
0.5636520443103304 0.8260123321989723 -303.0575713987279 318.7544473006367 149.38151736334135 1.0 313.17059192906163 153.19181337543932 1.0 324.3383026722117 145.5712213512434 1.0
0.9999127752880733 -0.013207642321883211 -300.5230064269808 302.6708545462525 160.62274321741683 1.0 302.93509337816903 180.62750843753344 1.0 302.40661571433594 140.6179779973002 1.0
0.5072505141066896 0.8617986516225812 -307.6885079990339 319.9694741832739 168.6981378392676 1.0 314.42571712770734 171.9611664031023 1.0 325.5132312388405 165.43510927543286 1.0
0.0333330196571782 -0.9994443004992996 375.2920446945375 458.119839900477 390.77971841769187 1.0 473.1448166681285 391.28082472816317 1.0 443.0948631328255 390.27861210722057 1.0
-0.11170948565143787 0.9937409072869503 -290.7785887852121 626.8801044929631 363.07959164959095 1.0 615.6317304892591 361.81512717484236 1.0 638.1284784966672 364.34405612433955 1.0
0.1008372383978058 0.9949029356436255 -360.1725072096585 631.9226308570812 297.96994622512864 1.0 625.6734797458142 298.6033217211845 1.0 638.1717819683482 297.3365707290727 1.0
-0.9995556271891447 -0.02980852486312658 31.95239282193486 26.189238518228656 193.72954937411833 1.0 27.14007371406082 161.84562774808705 1.0 25.23840332239649 225.6134710001496 1.0
-0.9866716273271728 0.16272399892931697 350.2925184960594 397.3244882336493 256.4850984549639 1.0 396.00342817952327 248.4748941705448 1.0 398.6455482877753 264.4953027393831 1.0
-0.12182564241831692 0.9925515164712432 -65.4864712637865 421.07683589368366 117.66082199864368 1.0 415.4597453675764 116.97138104720801 1.0 426.6939264197909 118.35026295007937 1.0
-0.05627631950045553 0.998415232187231 -207.1733651961326 174.38449745008276 217.33150286099448 1.0 160.64292707283445 216.55695037014965 1.0 188.12606782733107 218.10605535183927 1.0
0.052975224781624725 -0.9985958269286611 375.0831984200312 296.9022568868513 391.36120107650225 1.0 305.69382715849247 391.82759138053154 1.0 288.1106866152102 390.89481077247297 1.0
-0.9983087673513477 -0.05813437046560917 362.9400513147255 343.35671903883747 346.8520981265105 1.0 344.0842819384842 334.35807065705325 1.0 342.6291561391907 359.34612559596775 1.0
-0.9980826355953487 0.06189549679130722 346.7835373257583 361.90671034208367 233.12303350213028 1.0 361.59782623923894 228.14218876474547 1.0 362.21559444492846 238.10387823951507 1.0
-0.9852867431816731 -0.1709094313092517 355.3708642461055 323.4993152715054 214.3315158217327 1.0 324.18556457328896 210.37531320385867 1.0 322.81306596972183 218.28771843960672 1.0
0.12078124717377609 -0.992679147726569 331.4657710456693 493.72172542160575 393.9823836277524 1.0 514.4205238643914 396.50084762152505 1.0 473.0229269788201 391.4639196339798 1.0
0.5894897942554767 0.807775824389809 -293.040839447052 318.5290889750124 130.3222863872028 1.0 313.07310793166096 134.30389247839346 1.0 323.98507001836384 126.34068029601214 1.0
0.9999906974729825 -0.004313347597637076 -287.19825249482665 287.86410077739197 153.74842949217685 1.0 287.94229110343764 171.87578809431133 1.0 287.78591045134635 135.62107089004235 1.0
0.9993496978354802 -0.03605802873334138 -390.3416961964085 394.70036130230267 113.76081141145545 1.0 395.1290845546158 125.64289336947586 1.0 394.27163804998946 101.87872945343504 1.0
0.06197194443677066 0.9980778918013994 -336.73704163714063 613.1599969841554 299.3136375699151 1.0 606.8953422287294 299.7026180689402 1.0 619.4246517395813 298.92465707089 1.0
0.03668567773109678 -0.9993268539619108 291.3718056625095 168.11620108043152 297.7396847258775 1.0 174.38070270131064 297.96965701842464 1.0 161.8516994595524 297.50971243333044 1.0
-0.06762763260609815 0.9977106310489503 -68.00244505651672 402.5124104762707 95.44190821289209 1.0 395.5845122560229 94.97231578700124 1.0 409.44030869651857 95.91150063878293 1.0
-0.017408213553776832 0.9998484655690911 -365.1466407148557 411.24152010395744 372.3620465898271 1.0 398.098740611871 372.1332196025714 1.0 424.38429959604383 372.59087357708285 1.0
-0.0031677922239083905 0.9999949825336256 -360.2263615190064 483.7464026854627 361.7605847333486 1.0 479.3635271473593 361.7467006246376 1.0 488.12927822356613 361.7744688420596 1.0
0.9824292575448245 -0.186635350134762 -539.9768814183437 607.873825002193 306.56651656924464 1.0 609.0415706512962 312.7134093750354 1.0 606.7060793530899 300.41962376345384 1.0
-0.9990241487841445 0.044167297247121734 403.6874814616185 409.5297994569844 123.22868234803286 1.0 409.1964295452787 115.68815772845824 1.0 409.86316936869 130.7692069676075 1.0
-0.9994460729209322 -0.033279833577208325 10.838214583506492 4.122411604176755 201.86658924127644 1.0 4.955331012735489 176.85270117562936 1.0 3.289492195618021 226.88047730692352 1.0
-0.9601795940028587 0.2793835128644949 -70.03906898831642 7.923373737074547 277.9223797789867 1.0 6.3168515957614675 272.40111704738536 1.0 9.529895878387626 283.443642510588 1.0
0.04325675165380016 -0.9990639886595659 355.37814838535303 547.4712025005674 379.4151110762275 1.0 558.103331732606 379.8754533355441 1.0 536.8390732685288 378.95476881691087 1.0
-0.06853562014040487 0.9976486700096232 -142.70024789407833 175.61805923807782 155.10103420507915 1.0 163.13403933450235 154.24341761954463 1.0 188.10207914165332 155.95865079061366 1.0
0.9998076690155792 -0.01961185808724102 -291.77677225932246 295.5108754518587 187.50223862499934 1.0 295.67019115157774 195.62411354705608 1.0 295.3515597521396 179.38036370294262 1.0
0.9990786869000158 0.04291593389570309 -36.16860889195899 30.21579317420396 139.35742231236057 1.0 29.409558548408654 158.12648448004995 1.0 31.022027799999265 120.5883601446712 1.0
0.032387159479603495 -0.9994753983469742 209.2865277748602 406.26827079313216 222.56115900445332 1.0 413.1360594124505 222.78370391716848 1.0 399.4004821738139 222.33861409173818 1.0
0.0961420412489723 -0.9953676245008579 343.27028992990046 370.68085591793505 380.6717184113518 1.0 384.4831919176454 382.00487886820486 1.0 356.8785199182247 379.3385579544987 1.0
-0.9987154838702386 0.05066934258341371 368.8934503228002 374.47121322221875 100.5884095992077 1.0 374.09007668082825 93.07603730566922 1.0 374.85234976360925 108.10078189274616 1.0
0.9900342381387314 -0.14082686999667976 -565.1582069892763 618.5787443563275 335.5604573862007 1.0 619.4749310088853 341.86078536917734 1.0 617.6825577037698 329.2601294032241 1.0
-0.9897146543391423 0.14305559404075063 345.9009113275067 377.96867577699504 196.98793436989172 1.0 376.8684224503407 189.37595073390062 1.0 379.06892910364934 204.59991800588278 1.0
-0.059443610933642595 0.9982316650553467 -206.8581220419741 146.8915666472763 215.9717976560429 1.0 134.3986493740872 215.22785800775247 1.0 159.3844839204654 216.71573730433332 1.0
0.05122996759383849 -0.9986868830721339 351.12166824239955 489.9440265518876 376.7161572084783 1.0 516.8763995985745 378.09771595506226 1.0 463.0116535052007 375.3345984618944 1.0
0.013915751732329382 0.9999031712389576 -406.3857729880347 227.50186434284453 403.25896059073034 1.0 219.36104472867385 403.37225718574774 1.0 235.6426839570152 403.14566399571294 1.0
-0.997535767120658 0.07015976991838326 453.5387129104345 463.71773508564695 128.79622747041896 1.0 461.9120153047543 103.12239659934949 1.0 465.5234548665396 154.47005834148842 1.0
0.03495613072374327 0.999388847708851 -339.8332190938527 608.1257105494337 318.7703144674539 1.0 594.3706778722147 319.2514312234359 1.0 621.8807432266528 318.28919771147196 1.0
-0.9996526161852459 -0.02635615590320084 31.507026986122945 27.892472218463887 137.5103476535849 1.0 28.337512001205738 120.63060294580775 1.0 27.44743243572204 154.390092361362 1.0
-0.9986582358819813 0.051785402432431814 360.7020794240387 372.30364601915534 214.3851819316678 1.0 372.1080352443236 210.61291596216338 1.0 372.49925679398706 218.15744790117222 1.0
0.062140881361606067 -0.9980673879371085 110.51362228834722 224.39376287664533 124.69864258643793 1.0 229.4132184229288 125.01115995287161 1.0 219.3743073303619 124.38612522000423 1.0
0.015647992586033083 0.9998775626685636 -313.2642969591363 391.24498746819575 307.1797085596992 1.0 384.36189208051087 307.2874283742213 1.0 398.1280828558807 307.0719887451771 1.0
-0.9998896061914354 0.014858513732411378 214.09126878083694 216.52033350593285 161.870982802416 1.0 216.27877132781592 145.61528485725617 1.0 216.7618956840498 178.12668074757585 1.0
0.9624492282942394 0.2714617522890159 -314.39227470673956 246.10841336423138 285.58506505578003 1.0 244.6639010636794 290.7064854297546 1.0 247.55292566478337 280.4636446818055 1.0
-0.9972815262722758 0.07368553016732743 376.443347151815 399.2308167373627 294.5241901587393 1.0 398.6762841290943 287.01898357766623 1.0 399.7853493456312 302.02939673981246 1.0
0.9986501063489751 -0.05194193959779076 -608.95545659074 627.0704134380796 332.4573285328114 1.0 627.7529173497413 345.5793376307055 1.0 626.3879095264181 319.3353194349173 1.0
0.6475690252038006 0.7620067962929198 -290.6646599128234 318.7208796557877 110.59073353675589 1.0 313.60425390077904 114.93894718606032 1.0 323.8375054107963 106.24251988745148 1.0
0.04724609598019838 -0.9988832796751729 220.07775931909282 176.25423639159715 228.6604336422989 1.0 189.3794346853545 229.28124128916195 1.0 163.12903809783978 228.03962599543584 1.0
0.0847506705046968 -0.9964021898054038 104.92149725115503 205.03276756830138 122.73975612386684 1.0 216.92803048110625 123.75152779398607 1.0 193.1375046554965 121.72798445374762 1.0
-0.9930451930086919 0.11773378717398744 355.22497621813255 376.38385636345413 157.48413021208123 1.0 375.5714026571238 150.63135441186736 1.0 377.1963100697845 164.3369060122951 1.0
-1.0 0.0 216.875 216.87500000000003 209.375 1.0 216.87500000000003 181.875 1.0 216.87500000000003 236.875 1.0
0.03378758095832206 -0.9994290366869399 339.37632857012386 483.0945017888232 355.9021302192265 1.0 486.90353632926406 356.03090180598645 1.0 479.2854672483823 355.77335863246645 1.0
-0.9965446354425488 0.08305895238129073 594.7518527363437 622.547105390418 308.74607390954657 1.0 621.8702715253902 300.62539410392014 1.0 623.2239392554457 316.86675371517293 1.0
0.08864710346341478 -0.9960630959168935 104.20782379308577 163.14597829532826 119.1392821369752 1.0 190.65062006993537 121.58712588815177 1.0 135.64133652072115 116.69143838579863 1.0
0.003890803222275603 0.9999924307964964 -267.74837570119416 143.12380758262591 267.19353157168285 1.0 131.8715461554527 267.23731223808636 1.0 154.37606900979912 267.14975090527935 1.0
-0.024179559363655016 -0.9997076317148827 394.9874215633429 449.35648556303113 384.2345177322613 1.0 463.1135544167967 383.90178058745335 1.0 435.5994167092656 384.5672548770692 1.0
0.9997711428545903 -0.021393034268804602 -583.2495111694883 590.0030061740495 309.3749356740941 1.0 590.1637032501468 316.8848707961799 1.0 589.842309097952 301.86500055200827 1.0
-0.9959670187894144 0.08972010635150923 448.0318665321164 468.03242718723504 201.88333927474486 1.0 467.35217806401755 194.33201417231234 1.0 468.7126763104526 209.4346643771774 1.0
-0.9999306755737248 -0.011774720662258343 115.49325836194565 113.22718733373662 193.11884360010714 1.0 113.53633897641153 166.8651243160908 1.0 112.91803569106173 219.3725628841235 1.0
-0.9987460979299425 0.05006227990926641 457.2205980071787 466.50479944839583 173.7685563514845 1.0 465.65792498277926 156.87334963089484 1.0 467.35167391401245 190.66376307207415 1.0
-0.0011032376738506723 0.9999993914331323 -290.31638046193154 66.87525888978364 290.39033648892485 1.0 30.62530301086813 290.35034414758576 1.0 103.12521476869915 290.4303288302639 1.0
0.9972606248130599 -0.07396787273854373 -601.219602478933 625.67497873879 307.449936114783 1.0 626.2777408994029 315.5765855187932 1.0 625.072216578177 299.32328671077283 1.0
-0.9955721100307884 0.09400092408505296 354.4548868295835 380.1657341208039 255.6093515498767 1.0 379.45832627470185 248.11713241638287 1.0 380.8731419669059 263.1015706833705 1.0
0.2163864854837421 -0.9763077838980873 287.4166801284496 408.0252220102217 384.8251853609964 1.0 418.08514042449195 387.0548412398277 1.0 397.9653035959514 382.5955294821651 1.0
0.03497582348545902 0.9993881587108756 -408.0642654678138 571.278729659098 388.32091222579004 1.0 554.4025264705582 388.9115326956068 1.0 588.1549328476376 387.7302917559733 1.0
0.036429443720629555 -0.999336227518149 226.33373364671397 168.74506274020263 232.63543941592997 1.0 174.385351067409 232.84104845973934 1.0 163.10477441299625 232.42983037212056 1.0
0.023719094767454253 0.9997186626963671 -374.7915918953278 596.8776260470327 360.73568332301494 1.0 586.8832520015986 360.9728075400278 1.0 606.8720000924668 360.49855910600206 1.0
0.06580645298041807 -0.9978324061415003 157.4834480620213 71.87068830381781 162.56537884935534 1.0 110.65808125559649 165.1233843168108 1.0 33.08329535203915 160.00737338189984 1.0
-0.9999326983282016 0.011601672900133635 373.68614380111404 375.20508351053854 128.74762052805107 1.0 375.0092343322922 111.86764132548362 1.0 375.4009326887849 145.62759973061853 1.0
0.07025899821906549 -0.997528783128213 153.40305231912754 175.6318060814577 166.15336807631041 1.0 188.11390535419667 167.0325204430455 1.0 163.14970680871875 165.2742157095753 1.0
-0.9999910019108915 -0.004242180718862805 28.335587764817024 27.110920278363373 288.74569805184814 1.0 27.155993042928888 278.12088926038143 1.0 27.065847513797856 299.37050684331484 1.0
-0.0878366717038206 0.9961348900143971 -124.46380726727425 161.88852085666747 139.22166316689714 1.0 135.6223040469203 136.90557416535057 1.0 188.15473766641463 141.5377521684437 1.0
0.1237818777597366 -0.9923094510979292 331.94392953022606 430.6117064535153 388.2315690071447 1.0 441.84287188829046 389.6325581294478 1.0 419.38054101874013 386.83057988484165 1.0
-0.9938384043815223 0.1108387386087998 348.2712896730443 381.2319853604431 276.1823054015533 1.0 380.3216129926012 268.01942811870816 1.0 382.14235772828494 284.3451826843984 1.0
0.027898309707627095 -0.9996107664063334 210.32493988059 175.61639990675616 215.30814575824627 1.0 188.12410061741704 215.65722533990262 1.0 163.10869919609524 214.9590661765899 1.0
0.9991711399104198 0.04070667230457609 -359.9913003892674 346.13282177436827 347.49522610747897 1.0 345.5979538939251 360.62389812972657 1.0 346.66768965481145 334.36655408523137 1.0
-1.0 0.0 114.375 114.375 140.0 1.0 114.375 128.125 1.0 114.375 151.875 1.0
0.0771237067314379 -0.9970215312920796 139.42382732760444 175.6018816796951 153.42386352832523 1.0 188.1236483481755 154.39247356330398 1.0 163.0801150112147 152.4552534933465 1.0
0.11104073154192334 -0.9938158561517494 59.40163521358753 72.527939730192 67.87493908545227 1.0 129.3913812222334 74.22838786792319 1.0 15.664498238150601 61.521490302981334 1.0
0.9994328305291734 0.03367517276042714 -122.07175694793885 115.35964882145831 201.26211810921728 1.0 114.83306391644378 216.8904341352919 1.0 115.88623372647285 185.63380208314265 1.0
-0.9982970537845216 0.05833517296746266 351.90954629852723 366.1328374099302 233.13184635893808 1.0 365.83953138314985 228.1124639263979 1.0 366.42614343671056 238.15122879147825 1.0
-0.9990920161920955 0.0426044971947033 603.0793028585001 616.6872132981225 306.2580078289924 1.0 616.4477805999913 300.6432180093867 1.0 616.9266459962538 311.87279764859807 1.0
0.999770299134881 0.02143242794810544 -28.3749457148093 22.365382661095435 280.6355125057826 1.0 21.963042757994543 299.40368409376333 1.0 22.767722564196326 261.8673409178018 1.0
0.11449698590668977 -0.9934235955614721 291.0863553927682 626.9160870938754 365.26851124000575 1.0 638.1607845556066 366.5645182732121 1.0 615.6713896321443 363.9725042067994 1.0
0.05523977156591347 -0.9984731181345573 156.10380962691843 146.2467625392273 164.4335179384509 1.0 156.90828535407468 165.02335864035908 1.0 135.58523972437993 163.8436772365427 1.0
-0.9997945191615714 0.020271148326683235 214.59052373545833 220.19758523372232 274.37099389724267 1.0 220.09599349409262 269.36038163014376 1.0 220.29917697335202 279.3816061643416 1.0
-0.9974226446156848 0.07175003838224274 558.6843445028305 584.2303490505417 335.0553651809116 1.0 583.6456649646316 326.9274650378289 1.0 584.8150331364519 343.1832653239944 1.0
0.039709455019377074 -0.9992112685423759 354.78274077289865 308.7318368609792 367.33204009719736 1.0 315.59599608035586 367.60482727479325 1.0 301.8676776416025 367.0592529196015 1.0
1.0 0.0 -218.125 218.125 163.75 1.0 218.125 174.375 1.0 218.125 153.125 1.0
0.9984605118313118 -0.055467164282616624 -199.8892147359602 215.43833204481552 274.350649477118 1.0 215.71716378995876 279.3698800538249 1.0 215.1595002996723 269.3314189004111 1.0
0.09052356779810944 -0.995894313505756 126.90256819439213 146.8613690174673 140.77496114627388 1.0 158.13187059180018 141.7994132387769 1.0 135.5908674431344 139.75050905377088 1.0
-0.9975103961817824 0.07051956827195766 564.2329701988285 587.4246424944033 308.1303274419806 1.0 586.9818843479255 301.86744374986006 1.0 587.8674006408812 314.39321113410114 1.0
-0.08988530235484755 0.9959521235584458 -154.64883208750166 18.177534028341864 156.9179095389855 1.0 10.682178374089405 156.24144900107083 1.0 25.672889682594324 157.59437007690016 1.0
0.08349201475518793 -0.9965084462623082 138.32067580701536 147.50719321393478 151.16414629934602 1.0 158.11012753701291 152.05250841235284 1.0 136.90425889085665 150.2757841863392 1.0
-0.04168418551250445 0.9991308366165861 -160.8433142721206 177.51505097049133 168.3892423516491 1.0 166.88248269382038 167.94564684615958 1.0 188.14761924716228 168.83283785713866 1.0
-0.06852135778521028 0.9976496496903465 -224.40971442443612 203.73752313716273 238.9316592408728 1.0 193.11968419431625 238.2023964768009 1.0 214.35536208000917 239.66092200494467 1.0
-0.9988411141672694 0.04812929096805849 456.3135152707495 461.3915384266709 94.39829565974466 1.0 461.0910789603295 88.16277333880147 1.0 461.6919978930122 100.63381798068787 1.0
-0.10305969190560493 0.9946751730611969 -72.1728459344057 73.11107951510029 80.13435282476297 1.0 33.087446257569354 75.98744796157074 1.0 113.13471277263122 84.28125768795522 1.0
-0.03901026911456097 0.9992388097465038 -216.5986468135398 58.76238629738586 219.05772792426362 1.0 31.87955898325395 218.0082227230489 1.0 85.64521361151776 220.10723312547833 1.0
0.0350093298999946 -0.9993869855165982 229.34137518899013 83.12870918233679 232.3941165522191 1.0 109.36840320428163 233.31331413814155 1.0 56.88901516039196 231.47491896629663 1.0
0.0 1.0 -268.125 176.875 268.125 1.0 165.625 268.125 1.0 188.125 268.125 1.0
-0.062260833968573834 0.9980599123066398 -185.65063957850828 51.26034081310948 189.20923365272554 1.0 30.637616746079253 187.92274976204445 1.0 71.88306488013971 190.49571754340664 1.0
-0.9999949190978922 0.003187754444742963 115.34249641916026 116.20178867254127 269.37515368665424 1.0 116.1858436301894 264.3732121591412 1.0 116.21773371489314 274.3770952141673 1.0
-0.011417640127505083 0.9999348166225229 -274.4394678709411 69.99706991260857 275.2566113807857 1.0 29.37023032948865 274.7927185088036 1.0 110.62390949572848 275.72050425276785 1.0
-1.0 0.0 216.875 216.87499999999994 255.625 1.0 216.87499999999994 243.125 1.0 216.87499999999994 268.125 1.0
0.09809184494698935 -0.9951773660784774 74.62700421382765 73.71261416381256 82.2542928760364 1.0 114.31279044531067 86.25613850916055 1.0 33.112437882314445 78.25244724291225 1.0
0.07609403581882283 -0.997100645728807 157.50259199839874 18.12736797147354 159.34397120963655 1.0 25.67878246963339 159.9202596793785 1.0 10.575953473313685 158.7676827398946 1.0
0.0 -1.0 214.375 146.875 214.375 1.0 156.875 214.375 1.0 136.875 214.375 1.0
0.9999768472290445 0.006804778163942562 -134.0574924480187 132.5635075236937 220.00043216461626 1.0 132.49117948903626 230.62919306181306 1.0 132.63583555835112 209.3716712674195 1.0
0.007606586776194503 -0.9999710695003212 276.51297139579026 67.49878731126758 277.0344215230042 1.0 105.6215813925767 277.3244142539693 1.0 29.375993229958464 276.7444287920391 1.0
-0.03200788396831207 0.9994876164134657 -202.39927999614193 78.10484737768734 205.00429172261744 1.0 48.095593162203805 204.04326658220447 1.0 108.11410159317087 205.9653168630304 1.0
-0.06010463779118335 0.9981920819742013 -144.1775739543969 146.24280459257693 153.2444982447317 1.0 135.58119315517817 152.60252531658764 1.0 156.9044160299757 153.88647117287576 1.0
0.0071142211789916405 -0.9999746936083015 239.219390863328 203.12467590175964 240.67055523794528 1.0 215.62404324997235 240.7594807522418 1.0 190.62530855354694 240.58162972364872 1.0
-0.12245834449877545 -0.9924736539891722 426.86134641675665 391.8593383185116 381.7480686233102 1.0 398.1675338809357 380.96971931172493 1.0 385.5511427560875 382.52641793489545 1.0
0.002422290931879428 -0.9999970662490173 261.6944762642673 63.74854743992743 261.8496619943546 1.0 96.87486700660084 261.92990381325706 1.0 30.622227873254015 261.76942017545224 1.0
0.07465159393684126 -0.997209676809591 146.5497539619142 65.003666296371 151.82602494097722 1.0 86.84981408825865 153.4614380260787 1.0 43.15751850448333 150.19061185587574 1.0
0.05360880815499543 -0.9985620139421492 174.63330784325788 49.99630148671014 177.56889156850178 1.0 66.85626167609621 178.47403552418405 1.0 33.13634129732407 176.6637476128195 1.0
0.0 -1.0 303.12500000000006 68.125 303.12500000000006 1.0 89.375 303.12500000000006 1.0 46.875 303.12500000000006 1.0
0.06614130975785243 -0.9978102661044913 93.61994298549821 92.50284490125713 99.95708171351902 1.0 105.61167511869701 100.82601965636034 1.0 79.39401468381725 99.0881437706777 1.0
-0.06581824237365222 0.9978316285680882 -145.363170393658 71.26616949456461 150.37986381111588 1.0 31.89755480014468 147.7830599519411 1.0 110.63478418898453 152.97666767029065 1.0
-0.02348053308350572 0.9997242942762342 -228.26189187200012 56.88296554760529 229.66085303813614 1.0 30.63276681564095 229.04431439512885 1.0 83.13316427956963 230.27739168114343 1.0
-0.046730367800059326 0.9989075396278032 -156.8937893200369 61.87686807041534 159.96006815888063 1.0 40.64409770205016 158.9667678489264 1.0 83.10963843878052 160.95336846883484 1.0
0.08316079929841655 -0.9965361415724211 117.41793291791807 72.48954308271826 123.8753077903123 1.0 110.60985863232924 127.05644270189858 1.0 34.36922753310727 120.69417287872604 1.0
0.0 -1.0 191.875 70.625 191.875 1.0 80.625 191.875 1.0 60.625 191.875 1.0
0.0699075101180025 -0.9975534772778356 117.86363558744432 172.5267565323113 130.24319450010483 1.0 190.65034917009632 131.51327702155308 1.0 154.40316389452627 128.97311197865656 1.0
0.9995396179309435 0.03034060293507248 -119.16445351794512 111.04219121288043 269.3876636630614 1.0 110.88940734931977 274.420969195461 1.0 111.1949750764411 264.3543581306618 1.0
0.9988515958771859 -0.04791126604045239 -327.4961855138444 339.17381220396794 235.60467127515307 1.0 339.53416871893893 243.1173652573917 1.0 338.8134556889969 228.09197729291444 1.0
0.008418369333189273 -0.9999645649010619 230.33109323870517 41.879699076338724 230.69182660079247 1.0 54.38407450895299 230.79709678172435 1.0 29.37532364372445 230.58655641986059 1.0
0.0 -1.0 291.8750000000001 63.75 291.87500000000006 1.0 98.125 291.87500000000006 1.0 29.375 291.87500000000006 1.0
0.0 -1.0 206.875 78.125 206.87499999999994 1.0 89.375 206.87499999999994 1.0 66.875 206.87499999999994 1.0
-0.06355459718480629 0.9979783630804211 -131.00856147121021 54.97453228885143 134.7749116635032 1.0 33.10860685953071 133.3824164610581 1.0 76.84045771817215 136.1674068659483 1.0
0.07409094108285465 -0.9972514890685584 132.3160299630238 64.37770027781421 137.46365471902817 1.0 76.85526149675827 138.39067690276434 1.0 51.900139058870145 136.53663253529197 1.0
-0.07849310152226648 0.9969146568354862 -114.17104596142505 164.99876067508296 127.51574025169593 1.0 153.14801770594366 126.58265980733404 1.0 176.8495036442223 128.44882069605782 1.0
-0.06387488450609426 -0.9979579145080885 360.66352381386895 616.8777466648662 321.9179128907704 1.0 621.9370272186768 321.59409065702636 1.0 611.8184661110556 322.2417351245145 1.0
0.0 1.0 -279.375 202.5 279.3749999999999 1.0 191.875 279.3749999999999 1.0 213.125 279.3749999999999 1.0
0.029802422799101176 -0.9995558091448938 203.89899307845235 48.11235501675287 205.42410533352955 1.0 64.3665402606987 205.9087347023583 1.0 31.85816977280704 204.93947596470082 1.0
-0.08695543120807041 0.996212202787849 -102.30022822811306 70.61601067760665 108.85298692719519 1.0 44.402069546164114 106.56487547024992 1.0 96.82995180904918 111.14109838414045 1.0
-0.03507324002255066 0.999384744647586 -169.55228995070186 201.85777416270182 176.7408368601964 1.0 191.84816819621867 176.38955141735386 1.0 211.86738012918497 177.09212230303896 1.0
-0.06565902940519697 -0.9978421177007751 427.435471834867 544.9998863843693 392.4982733454554 1.0 559.3538625454142 391.5537670692409 1.0 530.6459102233243 393.4427796216699 1.0
0.03393495807279113 -0.9994240434473237 218.74333257019157 69.37584835108743 221.22501507229686 1.0 96.86537699628595 222.1584086684704 1.0 41.8863197058889 220.2916214761233 1.0
-0.06144370901972217 -0.9981105503008671 388.73030241589544 76.85867166730193 384.7347575301888 1.0 85.61396729413244 384.1957813248832 1.0 68.10337604047145 385.2737337354944 1.0
0.0027605361416303095 -0.9999961897128462 247.99600230880526 53.75166921632777 248.14533123931773 1.0 76.87821831939713 248.20917315720396 1.0 30.6251201132584 248.08148932143146 1.0
0.10993445459661423 -0.9939388390099991 89.79166970808899 46.26860786275855 95.45676268464187 1.0 59.3715697239344 96.90601379474374 1.0 33.1656460015827 94.00751157454 1.0
0.9999753955094292 0.007014868192676088 -116.23660206841446 114.43308621819246 257.50040747719015 1.0 114.27087138254842 280.6242695335007 1.0 114.5953010538365 234.37654542087964 1.0
0.08710884447578113 -0.9961988000465037 104.31549044180619 74.37786638233656 111.21721932587506 1.0 115.5860438072311 114.82051288361471 1.0 33.16968895744202 107.61392576813542 1.0
0.9978649814584433 0.0653106329699895 -125.1869714293862 116.21012574225867 141.24739021504843 1.0 115.35208790257784 154.35713780204836 1.0 117.0681635819395 128.13764262804852 1.0
-0.08004852978192303 0.9967909674950675 -115.75807133629769 73.11477612868077 122.00231105257765 1.0 33.07186812056111 118.78661586796149 1.0 113.15768413680043 125.2180062371938 1.0
0.0 1.0 -246.875 91.875 246.87500000000003 1.0 74.375 246.87500000000003 1.0 109.375 246.87500000000003 1.0
0.0 1.0 -253.125 203.125 253.12500000000003 1.0 193.125 253.12500000000003 1.0 213.125 253.12500000000003 1.0
0.0 -1.0 280.625 202.5 280.625 1.0 213.125 280.625 1.0 191.875 280.625 1.0
0.03828950145226707 -0.9992666881661455 259.89834861274693 203.73483753167267 267.8957050610534 1.0 214.36817375832447 268.303148987399 1.0 193.10150130502086 267.4882611347077 1.0
-0.9998354403485117 -0.01814089918106444 195.46010357260005 190.52541799522555 273.748193195564 1.0 190.60518273390886 269.3519605816388 1.0 190.44565325654222 278.14442580948923 1.0
0.0 -1.0 218.125 201.875 218.125 1.0 211.875 218.125 1.0 191.875 218.125 1.0
0.9996354964193105 0.02699767209443624 -32.422122882155676 30.13820546679267 85.00373258641523 1.0 29.985943369033226 90.6415000630775 1.0 30.29046756455211 79.36596510975296 1.0
-0.015038601633079343 0.9998869138362205 -219.01903327067163 98.12658438148637 220.5196576049161 1.0 88.12884597687714 220.36928859516297 1.0 108.12432278609558 220.6700266146692 1.0
0.0 1.0 -229.375 201.875 229.375 1.0 191.875 229.375 1.0 211.875 229.375 1.0
-0.021548064420725196 0.9997678135045758 -258.65310205176354 59.99986307485409 260.0063529304102 1.0 29.37561843340568 259.3463064801681 1.0 90.6241077163025 260.66639938065225 1.0
0.0 1.0 -301.875 203.125 301.8749999999999 1.0 193.125 301.8749999999999 1.0 213.125 301.8749999999999 1.0
0.07704902891879109 -0.9970273051138927 140.97056668887922 204.39921948243938 157.18659585141233 1.0 213.1452871359781 157.86248107151292 1.0 195.65315182890066 156.51071063131172 1.0
0.0 1.0 -265.625 203.125 265.62500000000006 1.0 193.125 265.62500000000006 1.0 213.125 265.62500000000006 1.0
0.01656728566346444 -0.9998627531045174 152.77375688987996 99.99872973740565 154.4516624225928 1.0 110.62081344101668 154.62766567355152 1.0 89.37664603379461 154.27565917163403 1.0
0.042858317419882726 -0.9990811601806615 175.80745996790628 91.2549855966359 179.88377948619876 1.0 111.86886270301913 180.7680680940633 1.0 70.64110849025268 178.99949087833426 1.0
0.01671773580847071 -0.9998602488895326 300.52328644844545 203.13191088999193 303.9616710500428 1.0 213.12911606308631 304.1288250449061 1.0 193.13470571689754 303.79451705517954 1.0
0.05794635184827011 -0.998319698447084 363.7102483346365 591.8792146943474 398.6773877948172 1.0 600.6359897373524 399.1856650215287 1.0 583.1224396513425 398.16911056810574 1.0
0.0 1.0 -245.6249999999999 48.75 245.6249999999999 1.0 30.625 245.6249999999999 1.0 66.875 245.6249999999999 1.0
0.0 1.0 -230.625 97.5 230.62500000000003 1.0 85.625 230.62500000000003 1.0 109.375 230.62500000000003 1.0
-0.0817520276092885 0.9966527007848672 -138.1369340568923 201.86196414796092 155.15892226188967 1.0 191.87787410119859 154.3399613495139 1.0 211.84605419472328 155.97788317426543 1.0
-0.009010338715323822 0.9999594060741842 -175.079295544237 51.25069195156006 175.54820782904096 1.0 38.12675752048447 175.42995193406824 1.0 64.37462638263564 175.66646372401368 1.0
0.0 -1.0 249.37499999999983 97.5 249.37499999999994 1.0 108.125 249.37499999999994 1.0 86.875 249.37499999999994 1.0
0.0 1.0 -291.87499999999966 202.5 291.87499999999994 1.0 191.875 291.87499999999994 1.0 213.125 291.87499999999994 1.0
0.0 -1.0 294.375 203.125 294.37500000000006 1.0 213.125 294.37500000000006 1.0 193.125 294.37500000000006 1.0
0.0 1.0 -300.62499999999994 55.625 300.62499999999994 1.0 44.375 300.62499999999994 1.0 66.875 300.62499999999994 1.0
