-0.9999932977398622 -0.0036612122794399122 154.6174086752255 154.2362884789482 104.37906869029453 1.0 154.2591709023297 98.1291524682655 1.0 154.21340605556668 110.62898491232356 1.0
0.01652138350076544 -0.9998635126292091 242.70216644190268 243.11669737994248 246.7524692305182 1.0 249.37531585957547 246.85588438146723 1.0 236.8580789003095 246.64905407956914 1.0
0.3194904506744409 -0.947589495471453 185.61209434822024 487.98725098485306 360.40855530889655 1.0 495.6677754835698 362.99813048384107 1.0 480.3067264861363 357.818980133952 1.0
-0.011048854179246968 0.9999389595476944 -210.28939986617428 278.122233679804 213.37535639837455 1.0 269.3594916304272 213.27853222906955 1.0 286.8849757291809 213.47218056767957 1.0
0.09301237285646584 -0.9956649529312609 313.93460502428854 521.2851691732565 363.99852628838914 1.0 543.2024448524533 366.04597991369735 1.0 499.36789349405956 361.951072663081 1.0
0.9988360368434056 0.048234546778828095 -403.50783340631386 385.90001357125067 374.3580988909623 1.0 385.0525291876713 391.9077183963046 1.0 386.74749795483 356.80847938562 1.0
0.05115259784686069 -0.9986908489284946 334.15956212204526 437.39751207134736 357.00094933159426 1.0 480.44160022196064 359.20565255203076 1.0 394.3534239207341 354.7962461111577 1.0
-0.9999061124002182 -0.013702787478549713 225.4723441614858 221.99050694280493 255.61801786937997 1.0 222.09338555397076 248.11086267916713 1.0 221.88762833163906 263.1251730595928 1.0
-0.018759434434109334 0.9998240263264894 -123.80876960286416 164.99903570983633 126.92639389875373 1.0 158.1264551349508 126.79744548253954 1.0 171.87161628472185 127.05534231496793 1.0
-0.006287029755694709 0.9999802364331263 -210.8445719264996 228.12636428327238 212.28300463616523 1.0 196.8736701780573 212.08651413502696 1.0 259.37905838848746 212.4794951373035 1.0
-0.8485279955909959 0.5291504896514099 90.3670821052501 117.05026129935064 16.92021773312245 1.0 113.47464099726369 11.186472820738395 1.0 120.62588160143757 22.6539626455065 1.0
-0.869551585348666 0.49384212094314267 92.5887537017708 122.04266047012618 27.404781034776402 1.0 119.78616907112867 23.431576664163753 1.0 124.29915186912369 31.37798540538905 1.0
0.02513691197069387 -0.999684017905947 94.3317807573342 162.50759807947333 98.4478276955771 1.0 169.39395961783518 98.62098427374345 1.0 155.62123654111147 98.27467111741076 1.0
-0.006186593075368173 0.9999808628499446 -210.40830800472597 187.49413928590923 211.57230683948774 1.0 178.11949810403934 211.51430863934766 1.0 196.8687804677791 211.6303050396278 1.0
0.024186262594411312 -0.9997074695638289 156.94171239374555 188.74264640893185 161.55395105032207 1.0 198.1272742576207 161.78099654153786 1.0 179.35801856024298 161.32690555910628 1.0
-0.999982310753008 -0.005947956041739251 296.84764900089266 295.7934178471166 178.12228422138514 1.0 295.8677880938157 165.61900904188178 1.0 295.71904760041747 190.62555940088848 1.0
-0.8984550187376688 0.4390655751765277 97.9267598403528 128.58225771570605 40.081973900750675 1.0 124.53369599097138 31.797446928225792 1.0 132.63081944044072 48.366500873275555 1.0
-0.014978935453348321 0.9998878094529827 -125.50843289974317 343.1244347696104 130.6627307838652 1.0 330.60851780725386 130.4752346362512 1.0 355.6403517319669 130.85022693147914 1.0
0.06765816925531609 -0.9977085607195214 330.98536239470394 310.02411612116606 352.769376121855 1.0 345.73917488341226 355.19134139892645 1.0 274.30905735891986 350.34741084478355 1.0
0.9998800299380243 -0.015489536182074238 -359.2508025943152 361.21112651752355 123.76028432613838 1.0 361.2985446128832 129.40329434127756 1.0 361.12370842216393 118.11727431099919 1.0
-0.9977509746315836 -0.06702978906221557 417.8318281276926 393.62058185695633 374.4082936255433 1.0 393.96059328456437 369.3471597919442 1.0 393.2805704293483 379.4694274591424 1.0
0.9999525450306358 0.00974205762425034 -221.38226212722532 218.92667618107458 253.1267212712197 1.0 218.8413779047623 261.8819793260326 1.0 219.01197445738683 244.37146321640682 1.0
-0.999708549586934 0.024141579956345176 384.9699451281453 393.8363656499427 362.5130072752048 1.0 393.6697121408943 355.6118459545454 1.0 394.0030191589911 369.4141685958643 1.0
-0.4774570891323856 0.8786550677240923 -57.38801125788613 532.8581338220663 354.8661086775813 1.0 519.0962556291521 347.38796788678974 1.0 546.6200120149804 362.3442494683728 1.0
-0.06561101479609223 0.9978452759508495 -107.63701091052128 369.3565479692642 132.15562775371794 1.0 358.07313997701243 131.41371328403773 1.0 380.639955961516 132.89754222339815 1.0
-0.40497339238661095 0.9143284702222064 -105.94533217610197 497.7408816232192 336.3311496379682 1.0 489.559864508835 332.707622249414 1.0 505.9218987376034 339.9546770265225 1.0
0.02802272144346966 -0.9996072864294766 68.76908008491637 258.73809992093106 76.04949145313827 1.0 385.618512356601 79.60642276265027 1.0 131.85768748526107 72.49256014362629 1.0
0.8830444770958118 0.4692893046624694 -353.60798474916584 389.4575201278417 20.668854884346096 1.0 378.6918384759511 40.92624330216059 1.0 400.22320177973234 0.41146646653160257 1.0
0.9986625001506154 -0.05170310235297288 -355.0343889641421 361.237233580483 110.62566094751216 1.0 361.49707408453537 115.6445661119609 1.0 360.9773930764306 105.60675578306342 1.0
0.18206986772605138 -0.9832855959822753 258.7072999660841 564.8481769978795 367.69493452836736 1.0 574.3599677244938 369.45618323017766 1.0 555.3363862712652 365.93368582655705 1.0
-0.4810262685337532 0.8767061816711992 -54.79627192550207 512.041510522614 343.44652217760586 1.0 506.88057093030596 340.61484656482105 1.0 517.202450114922 346.2781977903907 1.0
-0.029165875420663068 0.9995745853666681 -55.150822511832786 248.14572353134946 62.41476192357664 1.0 133.13422258022638 59.058923191989194 1.0 363.15722448247254 65.77060065516409 1.0
-0.0031321513481586565 0.9999950948019356 -127.14532068817691 218.75092051649767 127.83110871569059 1.0 205.62604927763107 127.78999943089619 1.0 231.87579175536428 127.872218000485 1.0
0.008644279666967411 -0.9999626375165419 351.8540360345239 366.88547067313914 355.03876177863384 1.0 388.1176753784527 355.22230575171153 1.0 345.6532659678256 354.85521780555615 1.0
0.9973715604708149 0.07245667922291002 -208.27607507883383 201.2037987304015 104.90583405089745 1.0 200.7036871592653 111.78990689915929 1.0 201.70391030153775 98.0217612026356 1.0
-0.9988120783173072 -0.0487281459473006 238.39444554395595 224.16461227357348 297.48973600333693 1.0 224.56302618223296 289.32319043911485 1.0 223.766198364914 305.65628156755906 1.0
-0.9931734884163332 -0.11664656834614305 137.1272967809503 131.79698045295294 53.409457561275495 1.0 132.39323987631727 48.332676821814985 1.0 131.2007210295886 58.486238300736005 1.0
0.9999844495385611 0.005576798459771212 -232.87365148106005 231.81418098369062 190.6246608193291 1.0 231.73750119729337 204.3742331849645 1.0 231.89086077008787 176.87508845369368 1.0
-0.01957821331666585 0.9998083284126649 -123.24653840195548 186.8739322953206 126.9295248952739 1.0 174.35425554986722 126.68436500311003 1.0 199.39360904077398 127.17468478743777 1.0
0.7060937530779424 -0.7081183600672317 44.00212965016066 385.7315205792797 446.7681739905867 1.0 407.0118987791657 467.9877086862397 1.0 364.4511423793937 425.5486392949337 1.0
0.7060155112796993 -0.7081963695419969 43.88569597243707 412.46350815102346 473.16160457107554 1.0 417.15967353356336 477.8433083275523 1.0 407.7673427684835 468.4799008145988 1.0
-0.9787091675672981 -0.2052519557025621 424.47056401537503 394.0521437813143 189.07551094564508 1.0 395.20843509486724 183.56193176887652 1.0 392.8958524677614 194.58909012241364 1.0
0.9991934821357131 0.04015451727400382 -175.4429579043507 171.389833478906 104.38061947805365 1.0 171.18821507842762 109.39763388422766 1.0 171.5914518793844 99.36360507187963 1.0
0.1596689300998878 -0.987170619883289 296.23872033643994 586.77456657086 394.9959406578918 1.0 591.8441213305423 395.8159107504549 1.0 581.7050118111777 394.1759705653287 1.0
0.027358927657084284 -0.9996256744789294 93.79491155852088 187.49420879517353 98.96159590402301 1.0 199.37741315703846 99.28682937568237 1.0 175.6110044333086 98.63636243236365 1.0
0.9946072833773187 0.10371283359734161 -255.44617275655258 226.52325107299586 290.65349329935293 1.0 225.74287680552075 298.1372916227543 1.0 227.30362534047097 283.16969497595164 1.0
0.024495200243314714 -0.9996999475667886 94.51432032824042 222.5001345368083 99.9945092736993 1.0 231.88481430422985 100.22445788046065 1.0 213.11545476938676 99.76456066693795 1.0
0.03582239366976827 0.9993581720843474 -138.92467855179933 276.8647687586596 129.08957310367484 1.0 266.8776011975419 129.4475671222499 1.0 286.8519363197773 128.73157908509978 1.0
-0.9999025304779368 -0.013961717079879934 253.2459783385861 249.5093341674941 269.37687571846607 1.0 249.648937729874 259.3788250139043 1.0 249.36973060511423 279.3749264230279 1.0
-0.007754820712321983 0.9999699309257852 -112.71183952342669 338.75219258423226 115.34227027810817 1.0 330.627681199342 115.27926425441032 1.0 346.8767039691225 115.40527630180601 1.0
0.102058678652599 -0.9947783804002204 318.7669964598405 568.7458606666635 378.7903465865594 1.0 588.109411985807 380.7769382743065 1.0 549.3823093475199 376.8037548988123 1.0
0.01799147095167868 -0.9998381403872303 110.71623734482965 162.50165048527214 113.6582777539605 1.0 169.38566794499843 113.78215140425908 1.0 155.6176330255458 113.53440410366191 1.0
0.02280086899834524 -0.9997400263933222 110.46666078532064 341.8854295794272 118.29269865711751 1.0 353.14382777198136 118.54946667234415 1.0 330.62703138687294 118.03593064189089 1.0
0.9998143275679579 -0.019269415918295507 -314.6165791708676 316.78302356949376 109.37677266122842 1.0 316.87981689807594 114.39899840692799 1.0 316.6862302409116 104.35454691552886 1.0
-0.018415780157598677 0.9998304151410814 -238.79689014909022 241.25863638541142 243.28111295110364 1.0 234.37446006880316 243.15431397030355 1.0 248.14281270201965 243.4079119319037 1.0
-0.9971332644288129 -0.07566540140340985 43.434535202558486 23.92727646400835 258.71602542280243 1.0 24.641762611836196 249.30038905850978 1.0 23.212790316180502 268.13166178709514 1.0
-0.028523063828236817 0.9995931346452167 -66.4459478719552 258.1402962250685 73.83894252537019 1.0 130.637107813831 70.20068066130864 1.0 385.64348463630597 77.47720438943173 1.0
-0.9914636974209731 -0.1303830383766736 61.5945828006846 43.391549258470334 142.4528617165605 1.0 44.45249324454862 134.3851907963995 1.0 42.33060527239205 150.52053263672147 1.0
0.47402812602635097 -0.8805097022383943 57.489565809476105 530.9711323755795 351.1429980584712 1.0 555.0863344853942 364.12557398671146 1.0 506.85593026576475 338.1604221302309 1.0
0.993974159163554 0.10961464735657214 -38.21144553562719 35.68538386209316 25.006659082319544 1.0 34.240341732384636 38.110149997731604 1.0 37.13042599180168 11.903168166907482 1.0
-0.027664642413811735 0.999617260535309 -257.6557150333148 188.12954158790293 262.9608970417869 1.0 184.34784401697328 262.8562376734993 1.0 191.9112391588326 263.0655564100744 1.0
0.8830066248007411 0.4693605230076378 -353.8588176214557 373.677403880801 50.91862925160697 1.0 368.67410930400126 60.331313191947466 1.0 378.6806984576008 41.50594531126647 1.0
0.033056397028410074 -0.9994534879700506 92.3436661585312 248.10515175335232 100.600107728772 1.0 259.3635075498453 100.97247190937219 1.0 236.84679595685935 100.2277435481718 1.0
-0.028994357703274 0.9995795752321947 -72.92437903459685 258.7366538080859 80.46010954893138 1.0 133.05423863226667 76.81449594005727 1.0 384.41906898390516 84.1057231578055 1.0
0.026944793578352336 -0.9996369231371057 93.85282854210134 341.2510728971621 103.08519610932086 1.0 353.15112015027194 103.40595688694543 1.0 329.3510256440522 102.7644353316963 1.0
0.10114888018637765 -0.9948713002378959 319.4701200235354 612.599110415804 383.4001784492681 1.0 638.2135138766248 386.0044029616091 1.0 586.9847069549833 380.7959539369271 1.0
-0.041497802779881646 0.9991385951730831 -117.9827165559139 248.13992822278374 128.39057461982514 1.0 234.38769286753998 127.81939505243433 1.0 261.89216357802746 128.96175418721594 1.0
0.0923253223020572 -0.9957288962673633 314.3870779067385 606.8629677412055 372.0047679495764 1.0 638.1913350479124 374.90957629613695 1.0 575.5346004344984 369.09995960301586 1.0
-0.99943332875205 -0.033660382938948026 214.93700983700128 211.48017294452342 106.25775210234835 1.0 211.6701134435792 100.61809952975375 1.0 211.2902324454676 111.89740467494296 1.0
0.04478542972619322 -0.9989966292657049 104.06497089959286 501.9121903487731 126.67042142293391 1.0 510.67260297834565 127.06315432382723 1.0 493.15177771920054 126.27768852204058 1.0
0.017214634670727445 -0.9998518171975052 111.52544963409593 248.74656183041657 115.82469404936842 1.0 259.36841317916884 116.0075724392963 1.0 238.12471048166432 115.64181565944054 1.0
0.9997392187442642 0.022836254171993434 -199.479782740103 193.7213444281859 254.37434544338248 1.0 193.57832912596453 260.63535503954427 1.0 193.86435973040722 248.1133358472207 1.0
-0.002671655212958052 0.9999964311228431 -166.89359896488745 189.3752667875949 167.40014181414784 1.0 181.8736505421079 167.38010001047323 1.0 196.87688303308192 167.42018361782243 1.0
0.9999926047999435 -0.003845821813858377 -419.87517592133264 420.12584650992227 64.37211235675858 1.0 420.22679858596973 90.62172411019121 1.0 420.0248944338748 38.12250060332596 1.0
0.024721444816142513 -0.9996943783808141 156.51772991915362 280.61560486465066 163.50492374890456 1.0 293.13885785348833 163.81461130379867 1.0 268.09235187581294 163.19523619401045 1.0
0.02026207157169938 -0.9997947031544143 95.75249797055693 281.87024538940284 101.48460752637017 1.0 293.1282878794238 101.71276562919901 1.0 270.6122028993819 101.25644942354133 1.0
0.017744641751897095 -0.9998425514495254 110.97684283361605 222.501009098619 114.94314116046922 1.0 231.88414582563163 115.10966777957393 1.0 213.11787237160635 114.77661454136452 1.0
0.311209575593634 -0.9503413071411924 188.2610547629398 530.4437435960815 371.8035030453319 1.0 547.9124677432239 377.52401018012995 1.0 512.9750194489392 366.08299591053395 1.0
0.036300973115512544 -0.9993409024706568 91.01506497928474 306.8397278063018 102.22101931042684 1.0 315.60087055514305 102.53926707412847 1.0 298.0785850574606 101.90277154672522 1.0
-0.04400771240696913 0.9990311913292325 -100.97194295139121 306.89312137728376 114.58862162684306 1.0 298.13258914301156 114.20271677577944 1.0 315.65365361155597 114.9745264779067 1.0
-0.7342276420488267 -0.6789033581088105 371.1739839871058 402.8757056303374 111.01949003956146 1.0 416.3787156327163 96.41611081600577 1.0 389.3726956279585 125.62286926311715 1.0
0.9696583423021843 0.24446410616648837 -106.38876085840788 22.576158384636344 345.6442005685043 1.0 17.870071701786383 364.31072909566126 1.0 27.282245067486304 326.9776720413474 1.0
0.02245969745404129 -0.9997477491798983 215.18819837156136 231.25420768405732 220.43770350260928 1.0 258.1437184525171 221.04178615950167 1.0 204.36469691559756 219.83362084571687 1.0
0.9943815858022095 0.1058549092743612 -273.7144228430287 262.29638282988054 121.78679121112202 1.0 261.62450017417626 128.09833354044923 1.0 262.9682654855848 115.47524888179481 1.0
0.03540200193590729 -0.9993731526606716 106.51301198568362 281.86385466087233 116.56462493905315 1.0 293.1218673977136 116.96343111834966 1.0 270.60584192403115 116.16581875975662 1.0
0.9997752338775832 0.021200984057909204 -297.82943242789213 294.052711061368 181.25641921520833 1.0 293.85371558408735 190.64045296078305 1.0 294.2517065386486 171.8723854696336 1.0
-0.0019556853060647495 -0.9999980876456633 333.07972584848955 225.00149674721135 332.64032985363576 1.0 279.3762887788761 332.533989668479 1.0 170.62670471554662 332.74667003879256 1.0
-0.011647386961601653 0.9999321668878177 -109.29900831254253 162.50787016821786 111.19934335823018 1.0 155.63380284187622 111.11927300465891 1.0 169.3819374945595 111.27941371180147 1.0
-0.04779013264879373 0.9988573988420023 -129.25715334150445 368.17784901834176 147.0204072720372 1.0 361.8824539637231 146.71920535363967 1.0 374.4732440729604 147.32160919043474 1.0
0.9992823252550862 0.03787920844986084 -205.27765996950325 200.8540942438489 120.58630112484973 1.0 200.61751909698265 126.8273334096448 1.0 201.09066939071514 114.34526884005466 1.0
0.0619935470266242 -0.9980765502340277 98.43529075583268 306.2795695558207 117.6489394794943 1.0 314.45068643879443 118.15647221195445 1.0 298.10845267284697 117.14140674703415 1.0
0.698118705951152 -0.7159820335742294 50.0454648726561 352.58147598752373 413.68243160071745 1.0 363.9877589001685 424.80413451124554 1.0 341.17519307487896 402.5607286901894 1.0
0.9982613159097374 0.05894357605506646 -268.148262604713 262.34435855298346 106.20390605869363 1.0 261.9354831154303 113.12857130047774 1.0 262.7532339905366 99.27924081690954 1.0
0.002042935755955612 0.9999979132045711 -162.79536386106588 371.2503314903547 162.03726142307025 1.0 361.8753706177282 162.05641390581494 1.0 380.6252923629812 162.01810894032556 1.0
-0.9994144540699059 0.034216209552666875 324.2798834426725 328.1915252197864 108.70492710494815 1.0 327.95642652085223 101.8379760042967 1.0 328.4266239187205 115.57187820559962 1.0
0.008413176598613271 0.9999646086034849 -113.13644311899743 189.37749985001523 111.5471245774713 1.0 180.62286113921658 111.62078150582386 1.0 198.1321385608139 111.47346764911873 1.0
-0.999995935349334 -0.0028511900692257874 328.5260746348827 328.1745632142108 123.7537053167915 1.0 328.19060109316155 118.12875104401856 1.0 328.15852533526004 129.37865958956442 1.0
0.029162791224212274 -0.999574675353479 418.97104435573317 314.40571656674877 428.3221686026261 1.0 325.6461487973389 428.6501104627925 1.0 303.1652843361586 427.9942267424598 1.0
-0.9994244430533452 -0.03392318716616624 221.00928463337755 211.78192555261418 275.60062659784114 1.0 211.9097835259069 271.8337522436692 1.0 211.65406757932146 279.3675009520131 1.0
-0.9999576083845007 0.009207683419280174 415.6531782810284 416.2865860686361 66.87466311278125 1.0 416.0218234038821 38.121346020825605 1.0 416.55134873339006 95.62798020473689 1.0
0.04767480796925414 -0.998862909855549 151.33611467590774 221.24078768213914 162.06801268357367 1.0 230.65400511033062 162.5172968934827 1.0 211.82757025394767 161.61872847366467 1.0
-0.9999458453062593 -0.010407038711887652 32.69701999490622 32.542604439218934 15.00694816151874 1.0 32.60127624484802 9.369549291424343 1.0 32.483932633589845 20.644347031613133 1.0
-0.9999994542538881 -0.0010447449095316906 509.1014217403089 509.0801513447053 20.625344924124995 1.0 509.087987609433 13.124700145102338 1.0 509.0723150799776 28.125989703147656 1.0
0.9994000655116366 0.03463392925061258 -415.91102442572117 408.8614094209528 210.62886086226754 1.0 408.60106109407826 218.14149776382877 1.0 409.12175774782725 203.11622396070632 1.0
-0.999929312626002 0.011889901231337891 450.237680653533 451.59239400073284 111.25336039495616 1.0 451.30259814457514 86.88180628264386 1.0 451.8821898568905 135.62491450726844 1.0
0.9999038577230662 -0.01386633731488263 -488.3856951975271 489.940654618743 108.74215568808276 1.0 490.13996405373905 123.11439173049389 1.0 489.7413451837469 94.36991964567164 1.0
-0.034765241075805774 0.9993955063001538 -16.1003444645128 628.7766853150551 37.9828779227431 1.0 619.3913010051173 37.6563954180018 1.0 638.1620696249931 38.30936042748441 1.0
-0.9974801411809107 0.0709462328084501 258.06165161778665 267.37943674317745 121.83912170514368 1.0 266.93084841875265 115.53212093193184 1.0 267.82802506760225 128.14612247835552 1.0
-0.9993633276244037 -0.035678276296348184 220.97836702724493 211.81385408782745 260.645130158252 1.0 211.99292747956923 255.62921012967226 1.0 211.63478069608567 265.66105018683174 1.0
-0.02486401666597846 0.999690842548452 -153.58338442306973 185.63748555890737 158.24800150669518 1.0 171.88045086851668 157.90584058528037 1.0 199.39452024929807 158.59016242810998 1.0
0.02067561296761375 -0.9997862366668254 157.4880629377595 248.73365128414417 162.66555557508414 1.0 260.60357494760655 162.91102599528023 1.0 236.86372762068177 162.42008515488806 1.0
0.06593974847404299 -0.9978236064411284 -1.3046888044261011 628.8574115952443 40.249609733573315 1.0 638.1916486224742 40.86644946135635 1.0 619.5231745680145 39.63277000579028 1.0
-0.98723151594472 0.15929197696522576 229.55879822234206 278.20849394891604 283.1115280676592 1.0 276.3759059402587 271.75383967457793 1.0 280.0410819575734 294.4692164607405 1.0
0.09153943158205344 -0.9958014523315551 185.1539840978373 214.99329123504253 205.69798054808194 1.0 228.12225459729777 206.90486555575944 1.0 201.86432787278733 204.49109554040442 1.0
-0.019276327336558974 0.9998141943403354 -124.10729613426022 310.6227030318912 130.11913790832364 1.0 298.1153022757824 129.87799635175335 1.0 323.13010378800004 130.3602794648939 1.0
0.0500285362600569 -0.9987477887633474 104.7270939158882 189.99996310568093 114.3757365420285 1.0 198.16708477580931 114.7848379660429 1.0 181.83284143555258 113.96663511801411 1.0
0.01958717875951472 -0.9998081528114495 165.92786007814502 188.7567075492339 169.65761978834163 1.0 196.89082996959735 169.81697487006548 1.0 180.62258512887047 169.4982647066178 1.0
0.999994820048249 0.003218676229499061 -46.89272087353521 46.40613485781674 151.25050255015861 1.0 46.37997677399392 159.37743003838375 1.0 46.43229294163957 143.1235750619335 1.0
-0.9997819095049282 0.020883807762944944 265.24741502042576 267.5246534248197 106.24948503030537 1.0 267.3808359756576 99.36443391436194 1.0 267.6684708739818 113.13453614624879 1.0
0.17125460903053433 -0.985226805809606 288.6697173512186 615.2279319942531 399.93870851470143 1.0 638.4128889935167 403.968776234018 1.0 592.0429749949894 395.9086407953849 1.0
0.9993687583524228 -0.03552583326449892 -256.19499449899126 262.86534358103074 183.08979499620114 1.0 263.08881748631075 189.37628622586774 1.0 262.6418696757507 176.8033037665345 1.0
-0.9998420312454305 0.017773929081988975 449.5924492850384 450.6411974954732 54.99971206137885 1.0 450.163598609016 28.133202211294787 1.0 451.11879638193045 81.86622191146292 1.0
-0.9924727667585357 -0.12246553491761412 66.19345749879676 19.665994900729437 381.1316641862582 1.0 20.976144060175397 370.51408625287115 1.0 18.355845741283478 391.74924211964526 1.0
-0.03736081997790962 0.9993018408521913 -75.63827398516761 500.60043575004033 94.40702787621714 1.0 491.8393150600355 94.07947654035162 1.0 509.3615564400452 94.73457921208266 1.0
0.06923666310201501 -0.9976002628721075 354.35587617317873 88.16302740760125 361.327080009063 1.0 94.38306668561687 361.75877071725654 1.0 81.94298812958564 360.89538930086957 1.0
-0.020592412860739324 0.9997879537844876 -139.08713730418847 185.6159430341198 142.93972726489534 1.0 171.85890615784848 142.65637659836224 1.0 199.3729799103911 143.22307793142843 1.0
-0.5494706327091873 -0.835513030293463 374.0400858483202 612.7271690693763 44.720428319995264 1.0 619.8219323498942 40.05459555937529 1.0 605.6324057888583 49.386261080615235 1.0
-0.9069467784171105 0.4212452268202274 101.17119275497119 151.78616117755882 86.62597178552511 1.0 148.84384385288632 80.29112203817967 1.0 154.72847850223135 92.96082153287054 1.0
0.9995130197167524 -0.031204541603726498 -313.367080975432 317.3638227482685 123.1292514190744 1.0 317.55936473544904 129.39265898872455 1.0 317.16828076108794 116.86584384942425 1.0
0.2572998601334127 -0.9663316107710263 234.75306738759264 530.6638284064005 384.2291735837663 1.0 540.6233886968885 386.88105151176677 1.0 520.7042681159126 381.5772956557658 1.0
-0.0485895336577031 0.998818831029395 -331.6446367551398 619.3608014246979 362.1668695306979 1.0 605.5219340349171 361.4936502321318 1.0 633.1996688144787 362.84008882926406 1.0
-0.25982193240122203 -0.9656565452806163 430.864418185317 528.0533538854836 304.10871940241054 1.0 535.3606715483468 302.1425944844844 1.0 520.7460362226205 306.07484432033664 1.0
0.050563856832635916 -0.998720830053228 4.384538193270204 493.1259396933258 29.356439483514094 1.0 508.1507131103922 30.117123019035077 1.0 478.10116627625945 28.595755947993116 1.0
-0.09437588334207517 0.995536635510418 -82.19388291496546 369.92831061842827 117.63122503551074 1.0 359.2805021348725 116.62182337669826 1.0 380.57611910198403 118.64062669432323 1.0
0.04437310339838292 0.9990150287632296 -183.2388840269739 218.74793249785608 173.70345230431155 1.0 210.61122452460597 174.06485926399108 1.0 226.88464047110622 173.34204534463203 1.0
-0.9995725591667267 -0.029235234920906666 232.73080142757416 224.84270375615824 273.1021196055186 1.0 225.06187429556624 265.60852984772526 1.0 224.62353321675027 280.59570936331204 1.0
-0.01740080098989847 0.9998485946006574 -139.68585373111233 278.7468124140583 144.55815842620268 1.0 265.62578650491884 144.32980749201008 1.0 291.86783832319776 144.7865093603953 1.0
-0.027532866444654792 0.9996208987738006 -91.81945087389846 373.1179440806349 102.13117545022118 1.0 361.8764722413998 101.8215481273324 1.0 384.35941591987 102.44080277310997 1.0
-0.004152585675791182 0.999991377978933 -167.97582207196038 279.37598660847067 169.13741309844977 1.0 269.3761590481486 169.09588759972866 1.0 289.3758141687927 169.17893859717086 1.0
-0.9967165081892846 0.08097037917016346 201.3593376653628 211.91903625980484 121.82064942068291 1.0 211.51961131827795 116.9038707531935 1.0 212.31846120133173 126.73742808817234 1.0
0.9998308986936119 0.018389508354609757 -220.93087311873072 215.95592719709543 272.51758200431726 1.0 215.8293093475145 279.4017485571122 1.0 216.08254504667636 265.6334154515223 1.0
-0.02520512779709561 0.9996823002998163 -106.81617272123175 281.88553057580725 113.95733775558557 1.0 270.61118128339456 113.67307603097653 1.0 293.15987986821995 114.24159948019461 1.0
-0.9998036612035162 0.01981512160054803 414.18624859559776 416.7328764378924 124.39020363172855 1.0 416.3116423771172 103.13616519196238 1.0 417.15411049866765 145.64424207149474 1.0
-0.9985762391662556 -0.053343177376093585 516.3067698172443 511.2371772260052 108.6825409752549 1.0 512.1413970252873 91.75568264094952 1.0 510.332957426723 125.60939930956027 1.0
0.9994967770064564 0.0317205415102892 -242.58868473638123 234.12112552488122 270.65661354972656 1.0 233.92297190610353 276.9003248450159 1.0 234.31927914365895 264.41290225443726 1.0
0.16418956741536253 -0.9864288042996089 292.60058682804873 560.6345017514991 389.94291475690216 1.0 572.2898026126136 391.8829217783324 1.0 548.9792008903845 388.00290773547187 1.0
-0.011178628387454134 0.9999375171816363 -110.06387945556837 222.49934992264093 112.55814995524275 1.0 213.11853523268726 112.45327876120443 1.0 231.88016461259457 112.6630211492811 1.0
-0.03795199547439577 -0.9992795635053843 175.30129222726575 302.48346186178793 163.93954928582394 1.0 306.8995661300506 163.77182848443414 1.0 298.0673575935253 164.10727008721372 1.0
0.9963877416499836 -0.08492036439892103 -255.4013094145362 280.8378794309086 287.5883919512167 1.0 282.3805154493972 305.6884511010963 1.0 279.29524341241995 269.4883328013371 1.0
-0.03874816660549785 0.9992490077977122 -70.5115903641659 495.58498085493784 89.78202537047446 1.0 478.0870562953088 89.10350330961073 1.0 513.0829054145669 90.46054743133818 1.0
0.9999994183729731 -0.0010785424031237124 -360.6316760650043 360.7977116082777 153.7498137230986 1.0 360.80377840576665 159.37480717979645 1.0 360.79164481078874 148.12482026640075 1.0
0.9990552429771126 -0.04345827285963908 -366.94989262983506 372.02716742401674 108.74338081304336 1.0 372.27375003721687 114.41202883640763 1.0 371.78058481081655 103.07473278967909 1.0
-0.040010056304563245 0.9991992771186865 -103.1470487675026 248.14838082800787 113.16609413728196 1.0 236.89140361773406 112.7153409168623 1.0 259.4053580382817 113.61684735770162 1.0
0.18693032379421243 0.9823731745351105 -372.97893292831566 306.27694394002174 321.3915982348737 1.0 301.7105030743148 322.26052085179845 1.0 310.84338480572865 320.52267561794895 1.0
-0.3858473991809213 0.9225626182245401 -143.97760763076826 514.395646089092 371.20063512142553 1.0 498.1176344308191 364.39261110429305 1.0 530.6736577473648 378.008659138558 1.0
0.9999308520862666 0.011759721341619737 -625.3789101331322 621.7175237214034 315.00549832888225 1.0 621.5190057139381 331.8855139850939 1.0 621.9160417288687 298.12548267267067 1.0
0.9864688484830213 -0.1639488059504611 -226.11625929545204 262.2563537867289 198.79049342845602 1.0 263.1828867363024 204.36537936037033 1.0 261.32982083715535 193.2156074965417 1.0
-0.9999811895137846 -0.006133564917450678 407.85629011363886 407.48444135017553 61.87490456821615 1.0 407.53046573462797 54.371353316891806 1.0 407.43841696572304 69.3784558195405 1.0
0.8192850378886734 0.573386454925258 -427.29329015412765 290.4839176391457 330.1510893028786 1.0 286.9021878218102 335.2688552073509 1.0 294.06564745648126 325.03332339840625 1.0
-0.2962003727261279 0.9551258237514588 -175.81048897662683 551.9906814692873 355.25197427545777 1.0 540.666789059589 351.7402472662464 1.0 563.3145738789857 358.7637012846691 1.0
-0.22468849560385099 0.9744306439882103 -222.21239398312485 572.9450300552062 360.1554949191215 1.0 564.0894147170326 358.1135282586347 1.0 581.8006453933799 362.19746157960833 1.0
0.40790034141542464 -0.9130264571594736 135.46984161426232 505.55475780882693 374.23428121863844 1.0 520.8521960078996 381.06850843653956 1.0 490.25731960975423 367.4000540007373 1.0
-0.11629093622209336 0.9932151922683164 -313.09643548566464 558.8185297780324 380.66470230719835 1.0 531.8016551201489 377.5014224135583 1.0 585.8354044359158 383.82798220083845 1.0
0.5615129070314785 0.8274679783756337 -378.67391553186667 613.2728240564694 41.46783946839039 1.0 606.9606551799302 45.75122491431053 1.0 619.5849929330086 37.18445402247025 1.0
-0.009444191720267581 0.9999554026269125 -222.5604324558416 213.75388002485766 224.58918116725158 1.0 200.62414832321275 224.46517593351788 1.0 226.8836117265026 224.71318640098525 1.0
0.9999582457092772 0.009138207593661768 -209.8922368268167 207.51354354277288 261.2501237688733 1.0 207.46209107955625 266.88036518418085 1.0 207.56499600598949 255.61988235356574 1.0
-0.9994586479120824 -0.03290001692632185 240.39255371503788 233.96021690127742 199.36134623753844 1.0 234.12598094733696 194.32565553506538 1.0 233.7944528552179 204.39703694001153 1.0
-0.03540279218708255 0.9993731246663371 -134.98835840804438 250.61787354081065 143.95117034131698 1.0 236.8629943347058 143.46390375582146 1.0 264.3727527469155 144.4384369268125 1.0
0.058818123384180895 0.9982687155077851 -322.24064911661924 573.1781914932611 289.0277728291656 1.0 559.4023652376904 289.8394463153041 1.0 586.9540177488318 288.2160993430271 1.0
-0.10398611099557799 -0.9945787493808699 342.44416782459155 136.810369498709 330.00683933863445 1.0 143.1220655234928 329.346933098116 1.0 130.4986734739252 330.666745579153 1.0
-0.8815109276576215 -0.47216362039043136 343.7361237270251 167.2381929785519 415.7749996333599 1.0 174.8933566075663 401.4831099142762 1.0 159.5830293495375 430.0668893524437 1.0
0.05639239206476784 0.998408682913572 -414.55662107583214 373.1822831841249 394.13917986223316 1.0 364.3193524408799 394.63977833845775 1.0 382.04521392736984 393.6385813860085 1.0
0.9999713401344723 0.0075709252847640214 -203.52377478126425 202.85764853455822 88.75270780793875 1.0 202.8055640906561 95.6320454331242 1.0 202.9097329784603 81.8733701827533 1.0
-0.9962572964588399 -0.0864372561603098 281.48593991524535 265.29723504985793 198.7757887016092 1.0 265.78629450202845 193.13899423044492 1.0 264.8081755976874 204.4125831727735 1.0
-0.06495236722824303 0.9978883654955837 -403.30130232032246 313.1145662334991 424.53529799441986 1.0 303.0757353191241 423.88187236622457 1.0 323.15339714787416 425.18872362261516 1.0
0.17348142210231698 -0.9848371419607193 287.3169959896973 576.9418828620394 393.3703125043653 1.0 580.8993691250968 394.06743319124223 1.0 572.9843965989821 392.6731918174884 1.0
-0.5487772728041278 -0.835968602791794 373.5349527301417 572.2386567389142 71.17896903441819 1.0 599.4851630972142 53.29281469463345 1.0 544.9921503806141 89.06512337420293 1.0
-0.13836327650463368 0.9903815445144878 -327.9966687350055 484.44656820394266 398.8627265836029 1.0 464.3155844965618 396.05028638775894 1.0 504.57755191132355 401.67516677944695 1.0
-0.14435208678923123 0.9895263892588182 -325.0112212390615 599.5159685119712 415.9086678481568 1.0 569.783993762727 411.5713680590801 1.0 629.2479432612154 420.24596763723355 1.0
0.9989228698866232 -0.04640150878444141 7.768646655577436 6.391739888512774 305.0224481779168 1.0 6.771037431151055 313.1878936506773 1.0 6.012442345874492 296.8570027051562 1.0
-0.9480855574881568 -0.3180153701983144 125.65757808330935 21.094579897118237 332.2421538169149 1.0 22.4148523998137 328.3060821390783 1.0 19.77430739442277 336.17822549475153 1.0
-0.4325681043200709 -0.9016012617143679 374.0165824120756 164.53106163834917 335.8975922477682 1.0 172.11076079532023 332.2610222529426 1.0 156.95136248137814 339.5341622425939 1.0
0.08162310464711148 0.9966632675020017 -420.8707960245544 345.6940991365941 393.9687386884175 1.0 336.9007060969746 394.6888856665187 1.0 354.48749217621366 393.24859171031625 1.0
0.0013826676609437734 0.9999990441146128 -395.6672639224405 443.1233476403637 395.0549492271016 1.0 421.8707957660871 395.0843344713796 1.0 464.37589951464025 395.02556398282354 1.0
0.02185826624128911 -0.9997610795569732 91.87021220679357 370.62510220538894 99.99532529392405 1.0 379.3845797495212 100.18683804252903 1.0 361.8656246612567 99.80381254531908 1.0
-0.9996430125842927 -0.026717922662508532 206.79267936523493 204.4948265541227 88.73649799489598 1.0 204.6788928535572 81.84971295527414 1.0 204.3107602546882 95.62328303451783 1.0
-0.0824277109730217 -0.996597046184539 332.2013051473944 563.736309207441 286.7094706742049 1.0 580.599338946866 285.3147435406936 1.0 546.8732794680159 288.1041978077162 1.0
0.999993231172496 0.0036793490172549923 -453.799373226451 453.5954822456215 56.249431471404 1.0 453.5011911042361 81.87638414773872 1.0 453.6897733870069 30.622478795069288 1.0
0.9078992107725695 0.4191885292783491 -341.73349447933543 369.21920697421723 15.55306839286255 1.0 362.19260027767723 30.771640058409826 1.0 376.24581367075723 0.33449672731527436 1.0
0.008988048536969781 0.9999596066759382 -365.4177998267413 138.14019850427894 364.19089989871827 1.0 103.13740867643165 364.505519381147 1.0 173.1429883321262 363.8762804162895 1.0
-0.14640114552894595 0.9892253052706508 -323.4769098945053 535.8030660193493 406.29681670718617 1.0 510.7052946389385 402.58245309281176 1.0 560.9008373997602 410.01118032156063 1.0
-0.10215103961726386 0.9947689003507861 -321.923675770092 613.7102235522797 386.63735164425975 1.0 589.2720205361246 384.1278362748129 1.0 638.1484265684347 389.1468670137065 1.0
-0.9948858174949611 -0.1010059906509669 427.51755238044467 423.5621645963388 60.605929971367075 1.0 424.5861880161719 50.519534396127135 1.0 422.5381411765057 70.69232554660701 1.0
-0.025998227191976184 0.9996619889657076 -268.6960631614678 566.8807269198544 283.5297932893652 1.0 553.1237772526496 283.1720160537952 1.0 580.6376765870591 283.8875705249352 1.0
-0.994872309102902 -0.10113895678846886 282.38048264062337 265.1734219756019 183.57701717124183 1.0 265.877973225255 176.6465667208806 1.0 264.4688707259488 190.50746762160304 1.0
-0.0015605111192067195 0.9999987824017821 -169.80492960887528 337.5004575264668 170.33181022129097 1.0 330.6254742684321 170.32108172040944 1.0 344.3754407845015 170.3425387221725 1.0
-0.9998404962727032 -0.01786006755739946 423.9374873016833 422.21891571186995 99.99497901475881 1.0 422.3642049784599 91.86140998185941 1.0 422.07362644528007 108.12854804765821 1.0
-0.0737707793190183 0.9972752238568171 -372.60813726457997 633.3210692441752 420.4744247833453 1.0 628.3482798835819 420.1065759310479 1.0 638.2938586047685 420.8422736356426 1.0
0.8981257532473362 -0.43973870804593135 -106.24302222177712 323.0368808456652 418.16814474108014 1.0 326.2303979532159 424.69060888910235 1.0 319.8433637381146 411.64568059305793 1.0
0.9989809465259402 0.04513389500294143 -21.03042139017654 2.5574965717303972 409.34936023155956 1.0 1.878631718876113 424.3751640808256 1.0 3.2363614245846817 394.32355638229353 1.0
0.9988856623067619 0.04719569512128955 -417.23529309401073 412.3561049084809 113.11820119496649 1.0 411.9394263175912 121.93710446909525 1.0 412.77278349937063 104.29929792083773 1.0
0.8939267655151962 0.4482130496711795 -343.7272917791231 374.08769783668583 20.794321003786123 1.0 363.93979628646053 41.033537189514355 1.0 384.23559938691113 0.5551048180578899 1.0
-0.9992649760549596 -0.038334157482341875 408.7355651071878 407.33413113377947 44.36863687971511 1.0 407.5744619570399 38.10388006430269 1.0 407.09380031051904 50.63339369512752 1.0
-0.7786504040362086 0.627458005203734 -1.1132393880594194 333.34775489058376 415.4454979557314 1.0 321.09790409789105 400.24392081429966 1.0 345.59760568327647 430.64707509716317 1.0
0.9866306207766492 0.1629724459713482 -403.6306315528923 402.49300365569144 39.99884433817397 1.0 400.9357635697473 49.426332178440425 1.0 404.0502437416356 30.571356497907505 1.0
-0.9998826337138492 -0.01532053515567644 21.241977957426275 15.010194513620041 406.87515620373733 1.0 15.240122268488902 391.86910277504836 1.0 14.78026675875118 421.88120963242636 1.0
-0.9999661726580154 -0.008225177182303174 211.35282585448755 209.7303254897409 198.1227818043359 1.0 209.77149226793532 193.11797951019278 1.0 209.6891587115465 203.12758409847902 1.0
0.4639091156273169 -0.8858827983643665 64.11209022612825 494.371064980838 331.25751432914205 1.0 504.5306495238718 336.57777101456566 1.0 484.2114804378042 325.9372576437185 1.0
-0.386776983454777 0.9221732836455538 -159.90460386273872 565.1760884015164 410.44531778143175 1.0 560.649542279239 408.54679839717653 1.0 569.7026345237938 412.343837165687 1.0
-0.9984506387665794 -0.05564460393074361 244.39365959099854 234.53185176066 183.75874149783562 1.0 234.98326368216084 175.6588991136518 1.0 234.08043983915917 191.85858388201942 1.0
0.999560447164307 0.02964645787763873 -279.09353272305736 271.0034077191649 276.90476056602154 1.0 270.8176494820431 283.1677882548003 1.0 271.1891659562866 270.6417328772427 1.0
-0.969065476708464 -0.24680377195617878 429.62225263559253 423.60799755795114 77.46383449914686 1.0 425.36649472652687 70.55916329639517 1.0 421.8495003893754 84.36850570189856 1.0
0.2464635054234228 -0.9691520729454168 240.81061515608167 545.1018393746788 387.099543790843 1.0 549.9575226680496 388.3343848019889 1.0 540.246156081308 385.864702779697 1.0
-0.005633988326467244 0.9999841289618236 -143.82943619078307 311.87520368265007 145.58884809381186 1.0 298.12564013273646 145.51138198381005 1.0 325.6247672325637 145.6663142038137 1.0
-0.9993931805055004 0.034832036390374584 614.7336358439314 625.8472810458923 308.16081927984584 1.0 625.4541418365873 296.88095495134615 1.0 626.2404202551974 319.4406836083455 1.0
-0.9945057725652878 0.10468174785663498 194.83713717087662 215.26597136791605 183.8535789233096 1.0 214.7899582287395 179.33132146753667 1.0 215.7419845070926 188.37583637908256 1.0
-0.022148506730966994 0.999754691736722 -173.01880541590003 248.1292469207815 178.55829953782808 1.0 238.12031306333608 178.33656220491662 1.0 258.1381807782269 178.78003687073956 1.0
0.5504089672524807 0.8348951843004352 -372.0629733409492 571.8192993130646 68.66550966998824 1.0 546.6384172837496 85.26613635089909 1.0 597.0001813423795 52.06488298907738 1.0
-0.490856575764078 -0.8712403927901669 443.1047915644298 162.56982889243255 416.9989420121373 1.0 166.95985080349098 414.5256049852688 1.0 158.17980698137416 419.47227903900585 1.0
0.08339383165809508 0.9965166676184505 -337.6764720366602 304.24079632700455 313.3963298683307 1.0 293.0170952130241 314.3355890615733 1.0 315.464497440985 312.4570706750882 1.0
-0.787014083287673 0.6169350311879395 6.407802308757816 354.18873076887905 441.44634877310233 1.0 345.93745807419 430.920333086713 1.0 362.44000346356813 451.97236445949164 1.0
-0.9996238972930986 -0.027423784577563743 176.29531277243484 173.90959982262945 89.3793784779118 1.0 174.11567089073944 81.86788553860475 1.0 173.70352875451948 96.89087141721885 1.0
0.011654984838853577 -0.9999320783575283 79.91441751979804 437.4997756796955 85.01924541913739 1.0 448.13061626456806 85.14315612119675 1.0 426.86893509482303 84.89533471707803 1.0
-0.06022122035956478 0.998185055297065 -28.319263366783538 626.2558388867162 66.15321867566237 1.0 619.3682017786055 65.73768258859802 1.0 633.1434759948269 66.56875476272671 1.0
0.04099866086400903 -0.9991592014325635 66.8506266278635 499.3791858496473 87.39798861468213 1.0 544.3803536458197 89.2445287999843 1.0 454.3780180534749 85.55144842937999 1.0
-0.9999096455514284 0.013442497283497555 279.3505667057206 283.6443201656832 317.5098230492441 1.0 283.451101726956 303.1374206222841 1.0 283.83753860441044 331.8822254762041 1.0
0.94013972421859 0.3407892295043866 -122.59815489984443 38.38829640293046 253.84544174761953 1.0 36.29576226169855 259.6181431716545 1.0 40.480830544162366 248.07274032358455 1.0
0.03991648487745124 -0.9992030195285782 165.95363216761214 246.26303136011256 175.9237945634989 1.0 256.8960301939963 176.34856503442373 1.0 235.6300325262288 175.49902409257405 1.0
0.9997730677294295 0.0213028881348366 -327.49081922241965 324.9283560656806 123.74847343085385 1.0 324.8082708797797 129.38423201612642 1.0 325.0484412515815 118.11271484558128 1.0
0.9798435294656291 0.1997665081146955 -412.30864792301736 412.1155688606224 42.549046199523175 1.0 410.18074046264786 52.03927108393282 1.0 414.05039725859694 33.05882131511353 1.0
0.9999628905075232 0.008614964180956041 -325.94901851639855 325.0242472346646 108.74482434437905 1.0 324.965021553837 115.61931409832518 1.0 325.0834729154921 101.87033459043295 1.0
-0.7699385147562685 0.638118079586303 -8.216965574681291 376.71800522683134 467.41610454657734 1.0 366.8117321154571 455.46342454872143 1.0 386.6242783382056 479.3687845444333 1.0
-0.991112809172746 0.1330240560714796 154.52706874044085 173.85112011911613 133.65254243256067 1.0 173.2743120433012 129.35495980534563 1.0 174.42792819493107 137.9501250597757 1.0
0.853648424019495 0.5208496598530448 -365.6184348086753 391.4639239090084 60.374183813684645 1.0 387.6677169578455 66.59599085494558 1.0 395.2601308601713 54.15237677242371 1.0
-0.9995479091774429 0.030066214577203723 599.2174634017372 602.0451168615689 84.9948829165504 1.0 601.0109280115803 50.613391357431695 1.0 603.0793057115576 119.3763744756691 1.0
0.9948893266914448 -0.1009714198941641 36.27944289113041 2.5312532685057216 384.24496547425497 1.0 3.6677484002556957 395.44305378082726 1.0 1.3947581367557476 373.04687716768274 1.0
-0.042956530542730645 0.9990769422240366 -10.831827292036634 493.7684019923919 32.072009050603036 1.0 476.89771776473947 31.346633424689127 1.0 510.63908622004436 32.79738467651695 1.0
-0.9990191112531824 -0.044281094734676334 75.01284335355348 56.80275076102258 412.49679758338993 1.0 57.82819766556415 389.36184436349555 1.0 55.777303856481005 435.63175080328426 1.0
0.9953749798429286 0.09606586023499555 -415.5258834244398 411.6022932530384 60.65900060790503 1.0 410.7483009403896 69.50754033793463 1.0 412.4562855656872 51.810460877875435 1.0
0.999772294514095 0.021339145297359377 -202.6708052736846 197.2610125216674 255.6198990499613 1.0 196.64736719232997 284.3701414041137 1.0 197.87465785100486 226.86965669580886 1.0
-0.9999853982308183 -0.0054040100991234906 207.05319657305736 205.67819396217627 254.99690990927604 1.0 205.8301977790018 226.86935379580154 1.0 205.52619014535074 283.12446602275054 1.0
0.004195596806006045 0.9999911984449871 -192.74827044838497 285.6262653349704 191.55158375363584 1.0 279.373753129 191.5778170047701 1.0 291.8787775409408 191.52535050250154 1.0
-0.03314137443691571 0.999450673770563 -381.28493121618055 409.4555156915118 395.07187311939094 1.0 401.90164737986356 394.82138994424935 1.0 417.00938400316005 395.3223562945326 1.0
0.038412044891998946 0.9992619850705896 -125.4507308476094 189.3563351694276 118.26444772853918 1.0 183.0435875214524 118.5071123647094 1.0 195.66908281740282 118.02178309236896 1.0
-0.0009798502254067891 0.9999995199466527 -224.87275201960145 281.25046695428045 225.14844343630585 1.0 274.37547355501243 225.14170696924006 1.0 288.12546035354853 225.15517990337167 1.0
-0.5125162778138526 0.8586775092989415 -27.611130019531643 523.5785821350652 344.6621960788043 1.0 518.3309018923052 341.5300288611343 1.0 528.8262623778252 347.7943632964743 1.0
-0.026788942280357934 0.9996411118854105 -210.4578932424552 245.61855026613034 217.11567464364043 1.0 233.12752085898657 216.7809330430483 1.0 258.1095796732741 217.45041624423257 1.0
0.9990496934427864 0.043585663145977005 -237.44444123848763 233.82551699893455 88.1282945893472 1.0 233.60660846314218 93.14601119131564 1.0 234.0444255347269 83.11057798737878 1.0
0.9823264146128834 0.18717589362361112 -223.7349201736894 168.67192466522675 310.10421292905875 1.0 167.36403985294845 316.96818335548295 1.0 169.97980947750506 303.24024250263454 1.0
-0.06770579575000013 0.9977053298553933 -332.27153669112056 571.2127368421357 371.7991058896295 1.0 539.2727591216831 369.63161059508803 1.0 603.1527145625884 373.966601184171 1.0
0.9999893639100871 -0.0046121650772055585 -5.010045144127515 6.318799433398707 283.7468000484477 1.0 6.373594901240994 295.6273125876829 1.0 6.264003965556421 271.8662875092125 1.0
0.009965066441856338 0.9999503474927189 -129.6164631031829 436.86522669462454 125.26929202746888 1.0 425.61011599102085 125.3814555226395 1.0 448.12033739822823 125.15712853229826 1.0
0.7965825464623432 -0.6045297731886897 -8.832855518014457 366.8431087913384 468.77420236951525 1.0 374.09863563642784 478.3347340530114 1.0 359.58758194624903 459.2136706860191 1.0
-0.010842721496357193 -0.9999412159674949 288.3775510131765 204.9991501478765 286.17162464321814 1.0 223.12879559190367 285.9750383907082 1.0 186.86950470384932 286.3682108957281 1.0
0.9998019342512006 0.01990206691672645 -235.52944783415114 232.57773389194304 150.62654737160045 1.0 232.47799570928112 155.637003238387 1.0 232.67747207460496 145.6160915048139 1.0
0.025738053609065597 -0.9996687214254615 164.4967367796978 248.1329859315332 170.93982557552965 1.0 258.14244241196195 171.19753487659045 1.0 238.12352945110442 170.68211627446888 1.0
0.0150178982525728 -0.9998872250069382 282.5986873449058 248.1233888019237 286.3572730915025 1.0 266.87854510603086 286.6389678887175 1.0 229.36823249781656 286.07557829428754 1.0
0.03076689018878745 -0.9995265871742037 163.0104612213737 279.9859622242065 171.7060464201696 1.0 289.37130803781275 171.99494109064293 1.0 270.60061641060025 171.41715174969627 1.0
-0.8949161301281597 -0.44623437791864323 346.3812929330014 376.6659142535323 20.834097635884046 1.0 387.01805447039715 0.07304084632891561 1.0 366.3137740366675 41.595154425439176 1.0
-0.9997112780363357 -0.02402832842617329 239.26923542839936 236.78464264394887 106.24782823673732 1.0 236.89045792993258 101.84532745056775 1.0 236.67882735796513 110.6503290229069 1.0
0.9998252484923792 -0.01869418297632192 -383.9254035550784 385.9322598854852 103.74425502353616 1.0 386.20094180499285 118.1142313566771 1.0 385.66357796597754 89.37427869039522 1.0
0.7997449439595687 -0.6003399242188597 -3.9422207248422207 342.57116884844027 449.79074123608865 1.0 346.32329303598743 454.78914668447476 1.0 338.8190446608931 444.79233578770254 1.0
0.999918436412244 -0.012771864503402277 -418.1029188183233 419.6618444337055 119.37931922936562 1.0 419.9971804821205 145.63301907987986 1.0 419.32650838529054 93.12561937885137 1.0
-0.010166124869364789 0.999948323617346 -78.44271465357689 439.3707940802774 82.9136976901178 1.0 431.8652157062883 82.83739109990248 1.0 446.8763724542664 82.99000428033314 1.0
0.0002842669602054407 -0.9999999595961468 308.0776244089098 196.87499755475943 308.1336019157899 1.0 221.8749955345668 308.1407085895079 1.0 171.87499957495206 308.1264952420719 1.0
0.8457105450825395 0.5336418967211943 -354.98022276315953 413.9826096424105 9.127402360480545 1.0 408.60980870337363 17.642165610313672 1.0 419.3554105814474 0.6126391106474183 1.0
0.999967018504413 -0.008121693382225022 -452.98553729413436 453.89896006507774 110.62379015212264 1.0 454.09188514728737 134.3772994478649 1.0 453.7060349828682 86.87028085638038 1.0
0.7140140630355083 0.7001313575233761 -371.2226169754803 500.77693477027776 19.51182868599134 1.0 492.73247340189795 27.71580139032384 1.0 508.8213961386575 11.307855981658843 1.0
0.9997668876737991 -0.02159097753797026 -156.52182935632106 163.56332694017442 324.3655338862126 1.0 163.75220395380543 333.11145489599096 1.0 163.37444992654343 315.61961287643425 1.0
-0.3717985370445679 -0.92831344267522 363.3484531912098 578.0775113381851 159.88142943356414 1.0 584.1106958495798 157.46508052387665 1.0 572.0443268267903 162.29777834325162 1.0
-0.9060924531232945 -0.42307973999355086 343.97389287722257 371.87931169770513 16.585183387305815 1.0 379.56308507865805 0.12916242043737647 1.0 364.19553831675216 33.041204354174255 1.0
0.848098063724131 -0.5298392910188711 -50.75803312229154 335.3704228895826 441.0185826561945 1.0 338.4244167108981 445.90702013221187 1.0 332.3164290682671 436.1301451801771 1.0
0.9991919896740729 0.04019163807519463 -269.1361165320708 263.84791960995415 136.8789387320599 1.0 263.59591523749333 143.1439421602505 1.0 264.09992398241496 130.6139353038693 1.0
-0.022657074324603302 0.9997432955429356 -138.35931152882608 218.1343282090601 143.33839282011147 1.0 205.62658796042658 143.05493125381787 1.0 230.64206845769363 143.62185438640506 1.0
0.00974654877328105 -0.9999525012654401 325.141017406019 198.12901939662385 327.0876278053814 1.0 223.13273581993943 327.3313393230032 1.0 173.12530297330824 326.84391628775955 1.0
0.2755035928798855 0.9613000417717011 -327.0734688133248 562.8209819378676 178.9392059364007 1.0 547.8008333160848 183.24390242144858 1.0 577.8411305596503 174.63450945135284 1.0
0.00021188267684746129 -0.9999999775528654 322.0203045988399 195.6249604285004 322.06176136847733 1.0 223.12495919390804 322.06758814195985 1.0 168.1249616630928 322.0559345949948 1.0
-0.7291906663749678 -0.6843105815867753 410.1450859445206 127.97638636130964 462.98553320453277 1.0 134.64558910421758 455.8789349388531 1.0 121.30718361840168 470.0921314702124 1.0
-0.9999069380608773 0.013642405129627026 212.90056514076127 215.62353327420124 198.12502001152984 1.0 215.53804353304812 191.85913181221443 1.0 215.70902301535432 204.39090821084528 1.0
0.9997302170035522 -0.02322699313364867 -602.8661033065906 604.5098378305684 63.746867277479964 1.0 604.7855839623377 75.61546079561086 1.0 604.2340916987989 51.87827375934907 1.0
-0.007053740890669201 0.9999751220602676 -236.304644905166 227.50147920461217 237.91530023422 1.0 215.62707004833123 237.8315391449985 1.0 239.37588836089313 237.99906132344154 1.0
-0.9998727201884829 -0.015954417033652493 206.12469422300074 203.74749373794074 150.62496000895985 1.0 203.84735524232042 144.36658066387884 1.0 203.64763223356107 156.88333935404086 1.0
0.5031312576618363 0.8642100077895527 -368.896276835527 571.9496649955563 93.87824930951656 1.0 544.6171212734458 109.79088278292033 1.0 599.2822087176668 77.96561583611279 1.0
-0.0360865962919076 0.9993486666664767 -67.13705230408625 501.262405521249 85.2814530215263 1.0 456.900113664305 83.6795255159187 1.0 545.6246973781929 86.88338052713391 1.0
0.9997393122381316 -0.02283216077438885 -474.9151766510752 477.49378805822664 107.48586804754223 1.0 477.8796319646564 124.38060374325914 1.0 477.1079441517968 90.59113235182532 1.0
-0.051493165846795114 0.9986733469313549 13.321765570618732 451.22157768335023 9.926230627003953 1.0 428.09361362223126 8.733716485360624 1.0 474.3495417444692 11.118744768647284 1.0
0.05945712510204637 -0.9982308602095006 -15.521641601343081 629.3712609529107 21.93777518776654 1.0 638.1645183142336 22.461523574865037 1.0 620.5780035915876 21.41402680066804 1.0
-0.07994451406232629 0.9967993151438953 -93.82087402801713 339.3677948786171 121.33983806011271 1.0 334.3499451072186 120.9374004224481 1.0 344.38564465001554 121.74227569777732 1.0
0.9948989040142647 0.10087700823881962 -218.46604257560165 199.4961949336473 198.13728846696955 1.0 199.10711562664437 201.9745808576738 1.0 199.8852742406502 194.29999607626533 1.0
0.03372959442739071 -0.9994309953467341 161.2681734144983 337.4915654144866 172.74992254837517 1.0 344.3798128277295 172.98239261648988 1.0 330.60331800124374 172.51745248026046 1.0
1.0 0.0 -449.3749999999996 449.3749999999999 96.875 1.0 449.3749999999999 105.625 1.0 449.3749999999999 88.125 1.0
0.8153238400164193 -0.5790052123261762 -19.07608464591265 353.3674677582646 464.6466566730628 1.0 355.7663437747161 468.0246242005032 1.0 350.96859174181304 461.2686891456224 1.0
0.9999883052074596 -0.00483626387955505 -604.597354349074 605.0034360470158 82.50300608245016 1.0 605.0366849723439 89.37784527999301 1.0 604.9701871216877 75.6281668849073 1.0
-0.9982126716529851 -0.059761711416339854 195.7215810085784 173.95950818466102 369.35012503831166 1.0 174.26224700042758 364.29341372704937 1.0 173.65676936889446 374.40683634957395 1.0
-0.21043362239320418 0.977608147759865 -248.00890248753956 528.8775899174168 367.5322575407861 1.0 519.4034325088205 365.49291154394393 1.0 538.351747326013 369.57160353762816 1.0
0.01710097077510483 -0.9998537677073329 188.78631992416481 248.11546367760846 193.0575664679286 1.0 256.87359134338385 193.20736085796275 1.0 239.35733601183307 192.90777207789446 1.0
0.3483447538746243 -0.9373664877986769 221.2401383638152 279.9748970239839 340.067550000968 1.0 285.52957420365885 342.13178280659235 1.0 274.420219844309 338.00331719534375 1.0
0.0 -1.0 313.12499999999983 197.5 313.12499999999994 1.0 221.875 313.12499999999994 1.0 173.125 313.12499999999994 1.0
-0.1856793913088518 -0.9826103824218296 326.0905814266823 556.9445873196066 226.61825423784703 1.0 566.9419136392293 224.72910519265955 1.0 546.9472609999839 228.5074032830345 1.0
0.0 -1.0 313.125 253.75 313.12500000000006 1.0 280.625 313.12500000000006 1.0 226.875 313.12500000000006 1.0
-0.29967342705202976 -0.9540418424361123 462.99471665695444 144.00292626752125 440.06546417796164 1.0 147.59484877451325 438.937207869384 1.0 140.41100376052924 441.19372048653935 1.0
0.00031159512368129845 0.9999999514542383 -329.9046961682773 195.62495131525372 329.8437563998935 1.0 166.8747593596921 329.85271481994664 1.0 224.37514327081533 329.83479797984035 1.0
0.30427687142590365 -0.9525836370184322 200.20713883743258 484.4059690192396 364.9030469163039 1.0 491.75505310218557 367.25051145978887 1.0 477.05688493629356 362.55558237281895 1.0
-0.9972696404936782 -0.07384621960269734 400.82283229623476 394.886244881695 94.99157661568526 1.0 395.30390400671035 89.35122335597995 1.0 394.4685857566796 100.63192987539058 1.0
0.004022482036560398 -0.9999919097864071 321.31632789129065 253.75064503797103 322.3396430992837 1.0 281.8777039962309 322.4527846040235 1.0 225.6235860797112 322.2265015945439 1.0
-0.05827052225384674 0.9983008295279855 16.85428637892995 628.760646729628 19.817598356625716 1.0 619.3811219144735 19.270118285182342 1.0 638.1401715447823 20.365078428069094 1.0
0.0 -1.0 96.875 251.25 96.87499999999997 1.0 260.625 96.87499999999997 1.0 241.875 96.87499999999997 1.0
0.11541713906878202 -0.9933171115052721 100.68062335450837 368.76955911785717 144.2066679254898 1.0 374.46293511440626 144.8682020534671 1.0 363.076183121308 143.54513379751248 1.0
-0.8696129313830052 -0.4937340879172276 355.830235146375 400.3875603524484 15.49019054214983 1.0 408.6562236869956 0.9266091793410736 1.0 392.1188970179013 30.053771904958584 1.0
0.041790752572709776 0.99912638489803 -405.44429750332006 325.68987761904214 392.1760833613623 1.0 318.1507833171214 392.49142327166413 1.0 333.2289719209628 391.86074345106056 1.0
0.5806063439876041 0.8141844221804714 -374.8830845311142 612.4563493252525 23.68878864782467 1.0 606.6594049847843 27.82267105594677 1.0 618.2532936657208 19.554906239702568 1.0
-0.33477049246044716 0.9422996961571142 -179.67698672123652 485.79627104611575 363.26791254501177 1.0 477.04110060241055 360.1574661201987 1.0 494.5514414898209 366.37835896982483 1.0
-0.29942628052358944 -0.9541194382947078 341.14599147556754 561.8665268098001 181.22300024747358 1.0 575.6336423709168 176.9025388455224 1.0 548.0994112486834 185.54346164942473 1.0
-0.5657845760099358 -0.8245530992903108 368.3561751044739 612.5953932269557 26.38902249066664 1.0 619.3106444324553 21.781210623397058 1.0 605.8801420214561 30.996834357936223 1.0
0.0 -1.0 295.625 251.875 295.625 1.0 274.375 295.625 1.0 229.375 295.625 1.0
0.03933351569511834 -0.9992261378402097 183.38961375331837 223.7563147459465 192.3395805945113 1.0 229.39717658836105 192.56162735591025 1.0 218.11545290353197 192.11753383311233 1.0
-0.052718622509071576 0.998609406545295 14.114044250256603 526.8786270072666 13.681296316146502 1.0 511.8874124844443 12.889879597856927 1.0 541.8698415300888 14.472713034436078 1.0
0.11184279991726824 -0.9937259119629848 322.0762357581462 614.4297942345881 393.26315193488733 1.0 638.2300258531974 395.9418428202307 1.0 590.629562615979 390.584461049544 1.0
0.006278856157280455 0.9999802877883923 -176.17403545290145 280.0002787375487 174.41939217067653 1.0 270.6256483378735 174.47825528680596 1.0 289.3749091372239 174.3605290545471 1.0
0.10342387828427269 0.9946373718097666 -157.0613967843046 305.54824473771987 126.13683726994822 1.0 297.99988190911625 126.92172730179024 1.0 313.0966075663235 125.3519472381062 1.0
-0.6505853685764781 -0.7594331295079298 380.04586315729193 563.4335787953667 17.75563917929313 1.0 583.9751454763491 0.15824684674585532 1.0 542.8920121143843 35.353031511840406 1.0
-0.015264546526966514 0.9998834900223758 -155.4304135362569 278.754517581056 159.7040819584904 1.0 266.8727453017922 159.52269095884944 1.0 290.6362898603199 159.88547295813134 1.0
-0.09104280740605682 0.9958469798215104 -317.77964176081906 619.9853274904367 375.785491254074 1.0 604.3765089966428 374.358494250758 1.0 635.5941459842305 377.21248825738996 1.0
-0.7455525059756003 -0.6664468927330238 404.26576794775406 140.61163188946853 449.2967357013298 1.0 145.9707836935803 443.3014657090368 1.0 135.25248008535675 455.29200569362274 1.0
-0.037976950558529635 0.999278615415278 -168.01314375422982 283.74361793663115 178.91792974035278 1.0 278.103012114376 178.7035620904027 1.0 289.3842237588864 179.13229739030285 1.0
-0.9790685778237772 -0.203530636313373 86.23422670641025 15.580913289581733 348.74083517086785 1.0 17.25176660092048 340.70332295690395 1.0 13.910059978242986 356.7783473848317 1.0
0.025124243872118764 0.9996843363631613 -293.91620676391165 210.62413474047423 288.7155716446951 1.0 198.11632739018734 289.029920075238 1.0 223.1319420907611 288.4012232141522 1.0
0.17329166429515835 0.9848705494052578 -317.5095648895777 558.1988862500057 224.1699185917716 1.0 549.391642776839 225.71958608892578 1.0 567.0061297231723 222.6202510946174 1.0
0.9997494767872338 0.022382664355531573 -364.88002016132674 363.8523023199177 49.988297701569905 1.0 363.6418911811643 59.38657230094634 1.0 364.06271345867117 40.59002310219346 1.0
0.0006376711561448546 0.9999997966877276 -325.213891867447 255.0000327455611 325.0513517886781 1.0 228.12464512920306 325.0684894516556 1.0 281.8754203619191 325.03421412570066 1.0
-0.5028507691728317 -0.8643732434210881 370.9961792538879 572.4588613879404 96.17928495347772 1.0 599.3296965299318 80.54712578808322 1.0 545.588026245949 111.8114441188722 1.0
-0.01596667984054246 0.9998725244424259 -169.79648039451365 248.1245152243277 173.78035783770136 1.0 238.11708667017956 173.62055205861938 1.0 258.13194377847583 173.94016361678334 1.0
0.8590244326359786 0.5119345897030549 -359.74078608334025 396.5467815971263 37.30439863288579 1.0 385.07798136657743 56.5490048955281 1.0 408.0155818276752 18.059792370243485 1.0
0.4909767627073459 0.8711726685803535 -363.7983386423772 154.09408982131856 330.7515624188732 1.0 146.5307269601761 335.0141334873573 1.0 161.65745268246098 326.48899135038914 1.0
-0.029232873722546765 0.9995726282236432 -165.78627034447595 307.50437998850964 174.85023310853012 1.0 300.616992356978 174.64880889259436 1.0 314.3917676200412 175.05165732446588 1.0
0.05393839701780785 -0.9985442650814982 67.83399546435895 341.27740391945713 86.36768001780527 1.0 353.18518022647925 87.01090274563796 1.0 329.36962761243495 85.72445728997259 1.0
-0.010860912111566062 0.9999410185546469 -141.64479125385915 484.3813618300866 146.9142798697464 1.0 475.6256063052411 146.81917876932033 1.0 493.13711735493206 147.00938097017246 1.0
-0.5796879329641106 -0.8148385732007272 376.52032184093656 571.2779377706057 55.66427073834777 1.0 597.9785154969206 36.66909400006856 1.0 544.5773600442908 74.65944747662697 1.0
-0.00598627663588574 0.9999820820854934 -323.7804113214028 198.1251660251795 324.972266199043 1.0 173.1223205570196 324.82258956749325 1.0 223.12801149333941 325.12194283059284 1.0
-0.0037958723649790345 0.999992795650543 -297.0938486200561 253.75024977208605 298.0591995034045 1.0 229.37560098285695 297.96667578108617 1.0 278.12489856131515 298.15172322572283 1.0
0.0 -1.0 128.125 466.25 128.12500000000003 1.0 475.625 128.12500000000003 1.0 456.875 128.12500000000003 1.0
-0.03680018129937687 -0.9993226439225387 149.7924412877798 506.8512151494788 131.22911351605 1.0 513.138720134172 130.99757535891464 1.0 500.5637101647855 131.46065167318534 1.0
0.6166412473595727 0.7872442899474282 -376.2542490110179 570.7939478973033 30.840689865087832 1.0 545.5911625773348 50.58180094723831 1.0 595.9967332172716 11.099578782937355 1.0
0.364600512591187 0.931164038297358 -357.18129067892346 576.7335555726459 157.76376089138293 1.0 570.4656329446076 160.21798776127292 1.0 583.0014782006841 155.30953402149294 1.0
-0.004109422177449158 0.9999915562890356 -328.9458804464912 246.2501618615825 329.96061241488667 1.0 225.6229417960151 329.87584574354486 1.0 266.8773819271499 330.04537908622854 1.0
0.0 1.0 -106.875 466.25 106.875 1.0 456.875 106.875 1.0 475.625 106.875 1.0
-7.27050004583149e-05 -0.9999999973569915 327.42710935383553 242.49999341868931 327.40947925704927 1.0 260.6250387635054 327.40816147561566 1.0 224.37494807387318 327.4107970384828 1.0
0.8063922433996172 -0.5913810529471946 -18.5814490866043 338.5160893199584 430.1715422555101 1.0 354.41250621638176 451.8474941975602 1.0 322.61967242353506 408.4955903134599 1.0
-0.04034946314819794 -0.9991856288116099 324.1371571791238 180.60916680006096 317.1079178109736 1.0 191.86604878664448 316.65333846977404 1.0 169.3522848134774 317.5624971521732 1.0
-0.35224892113178374 -0.9359063508500699 353.09280758123595 558.0297394598655 167.2468978919486 1.0 569.3261623177893 162.99524091714775 1.0 546.7333166019416 171.49855486674943 1.0
0.5817376906293126 0.8133764560775497 -375.3258179938714 571.4279525576978 52.74881045712143 1.0 546.7256715535084 70.41621132332428 1.0 596.1302335618873 35.08140959091858 1.0
-0.07320629870380697 0.9973168191854027 5.29907264992878 464.37329841043044 28.773181391862842 1.0 455.6245599088124 28.130995527039996 1.0 473.1220369120485 29.415367256685688 1.0
0.005220582667266532 0.9999863726654551 -308.08642600515265 251.249498492548 306.7789378073802 1.0 230.62506061626783 306.8866108575759 1.0 271.8739363688282 306.6712647571845 1.0
0.6668199417103071 0.7452188707604381 -372.2804216866539 551.6226409348334 5.967970735717259 1.0 545.3564828791885 11.57491295545591 1.0 557.8887989904782 0.36102851597860863 1.0
0.41032706609255987 0.9119384292987505 -359.52363005660203 573.6871645212559 136.11035021200115 1.0 547.9330601243936 147.69841992974753 1.0 599.4412689181183 124.5222804942548 1.0
-0.0800428407562946 0.9967914243429578 7.664191202666507 438.12557516910334 27.492837290326797 1.0 428.139777471888 26.69097283264485 1.0 448.1113728663187 28.29470174800874 1.0
0.012944481158461349 -0.9999162166939479 296.28594251309306 243.13201326181544 299.4582498799789 1.0 258.1375894908204 299.6525055541297 1.0 228.1264370328105 299.26399420582806 1.0
0.6511870906846778 0.7589172372041798 -378.1182196064775 562.8387429303198 15.291385547933027 1.0 545.3465672876397 30.3005043399439 1.0 580.3309185729998 0.28226675592215367 1.0
0.0 1.0 -68.125 437.5 68.125 1.0 428.125 68.125 1.0 446.875 68.125 1.0
-0.0600974994315829 0.9981925117741922 -21.39703416841462 438.10618306440904 47.81254086075264 1.0 428.1048071125952 47.210394803264336 1.0 448.10755901622287 48.414686918240946 1.0
0.05320012088363468 -0.99858387085811 -12.135918101417168 450.0028753159892 11.821029367551173 1.0 473.12883169685733 13.053077782227263 1.0 426.87691893512107 10.588980952875083 1.0
-0.04138257516083146 0.9991433743327622 -29.72170710791521 474.9981077320242 49.42068703139206 1.0 456.85246320496907 48.66912972963439 1.0 493.14375225907935 50.17224433314974 1.0
-0.9995459793023864 0.030130304685370778 253.55947076415714 261.92708233952874 273.76727002461826 1.0 261.6441715840214 264.3819580896202 1.0 262.20999309503605 283.1525819596163 1.0
-0.6165787761586204 -0.7872932190681803 378.45627318652464 570.6557444042921 33.789256721053974 1.0 596.9382564608017 13.205770510723141 1.0 544.3732323477825 54.372742931384806 1.0
-0.8206146715430386 0.5714818989682097 27.596314759321366 344.889403034956 446.9520205137627 1.0 335.37931872830245 433.2960941865402 1.0 354.3994873416095 460.60794684098516 1.0
-0.032088625535279615 0.9994850274572685 -152.28147632226347 518.1171608436256 168.99417123804614 1.0 493.1228577778603 168.1917251687608 1.0 543.1114639093909 169.79661730733147 1.0
0.34467095078417576 0.9387235672366665 -347.02596679067045 558.246946657212 164.70712604894655 1.0 548.2216120086955 168.38812623455556 1.0 568.2722813057285 161.02612586333754 1.0
0.46098292676588526 0.8874090044789711 -365.1201433761755 572.8585051182968 113.86198759988761 1.0 546.5619126593069 127.52229541120201 1.0 599.1550975772865 100.20167978857323 1.0
-0.10829933660075834 0.9941183298238875 -322.36619256794074 560.6548226903228 385.35124686332256 1.0 535.6788854589704 382.6303661069876 1.0 585.6307599216751 388.07212761965746 1.0
-0.9992081763120773 0.039787188780972114 598.5722147380993 599.9425662118974 22.50228693982276 1.0 599.0719212291626 0.6370682081639023 1.0 600.8132111946323 44.36750567148162 1.0
0.0 1.0 -374.375 113.75 374.375 1.0 100.625 374.375 1.0 126.875 374.375 1.0
0.05785471070273628 -0.9983250134347544 366.59252173010793 157.5311895192288 376.3368022141167 1.0 170.684455201178 377.09905736207423 1.0 144.3779238372796 375.5745470661592 1.0
0.0 -1.0 299.37500000000017 202.5 299.37500000000006 1.0 221.875 299.37500000000006 1.0 183.125 299.37500000000006 1.0
-0.016741988383282384 0.9998598430905073 -311.4937345037711 238.7515047489074 315.53513385196584 1.0 226.87983324223583 315.3363506046654 1.0 250.62317625557895 315.7339170992663 1.0
-0.1083276254483106 0.9941152476271202 -322.3929816940452 614.3750892679495 391.2491807941017 1.0 590.5672608351703 388.6548683868031 1.0 638.1829177007287 393.8434932014003 1.0
0.048316531597230636 -0.9988320743620591 28.372454033204352 499.9955531431858 52.591928436691845 1.0 543.1103660718597 54.67752247661837 1.0 456.88074021451183 50.50633439676531 1.0
-0.9916800119946075 -0.12872744000552078 385.6208055939108 381.6395128511174 55.59443201691755 1.0 382.3192218818869 50.35814471284765 1.0 380.95980382034793 60.83071932098745 1.0
0.04615971175005729 -0.9989340724047566 49.73798768009957 499.38691198949203 72.86721476429148 1.0 541.9116327045648 74.83223818744297 1.0 456.8621912744193 70.90219134114 1.0
-0.03545310480622192 0.9993713410737767 -90.53693800666883 529.3750466231897 109.37368576024667 1.0 515.598040788376 108.8849408746341 1.0 543.1520524580035 109.86243064585923 1.0
-0.688162243539449 -0.7255568389635316 386.0865262968831 554.4106827890303 6.287621784480853 1.0 560.509454454478 0.5031757331904863 1.0 548.3119111235826 12.07206783577122 1.0
-0.4113321764780173 -0.9114855131014741 362.2716679024532 573.1489803843976 138.80313898164803 1.0 598.3713408234391 127.42087534039479 1.0 547.9266199453563 150.18540262290125 1.0
0.9994030091333393 -0.03454888327031955 -601.5026683811813 602.6187877038125 21.89249951658255 1.0 603.3540052159108 43.16029530058719 1.0 601.8835701917142 0.6247037325779115 1.0
0.0 1.0 -374.375 151.25 374.37500000000006 1.0 136.875 374.37500000000006 1.0 165.625 374.37500000000006 1.0
-0.9999903284974109 -0.004398057712244332 390.07238188587223 388.56433531846676 343.74368580280736 1.0 388.61105214039645 333.1216400807288 1.0 388.5176184965371 354.365731524886 1.0
0.9999754822962248 0.007002485732414462 -551.5109055666824 549.292304033046 318.7537975693617 1.0 549.1741093367397 335.63234655328284 1.0 549.4104987293523 301.87524858544054 1.0
-0.9766668271712723 -0.21476011897743014 116.00549113574111 35.92144811824248 376.8027544406613 1.0 37.3188584720898 370.44773683754767 1.0 34.52403776439515 383.15777204377497 1.0
-0.33724361657611446 -0.9414174117141995 430.0515181198807 45.41827654717568 440.54262128345283 1.0 52.30507793742704 438.0755649292892 1.0 38.53147515692432 443.00967763761645 1.0
0.0 -1.0 108.125 437.5 108.12499999999997 1.0 446.875 108.12499999999997 1.0 428.125 108.12499999999997 1.0
1.0 0.0 -588.125 588.1249999999999 317.5 1.0 588.1249999999999 335.625 1.0 588.1249999999999 299.375 1.0
-0.17798909612333316 -0.9840324596583178 478.0014030044122 69.88551536875056 473.11705901802316 1.0 78.08151512234268 471.6345890307268 1.0 61.689515615158435 474.5995290053196 1.0
0.01310392582100099 -0.9999141398780585 374.20445853139535 110.00749288712524 375.6782443378122 1.0 119.38907232939869 375.80119041507277 1.0 100.6259134448518 375.55529826055164 1.0
0.0 1.0 -98.125 252.5 98.12500000000001 1.0 243.125 98.12500000000001 1.0 261.875 98.12500000000001 1.0
0.04597472982744296 -0.9989426030645072 50.104778416840524 438.11022028715456 70.32113478160232 1.0 448.11778735200807 70.78171699185664 1.0 428.102653222301 69.860552571348 1.0
0.011868014076739493 0.9999295726409307 -313.1276841979636 203.74384639726162 310.7315333621459 1.0 185.61398231272526 310.9467139989145 1.0 221.873710481798 310.51635272537726 1.0
-0.012139063012045362 0.9999263188601396 -317.06453618179074 254.9977715689023 320.18356168858634 1.0 229.36896123283427 319.87242902038344 1.0 280.6265819049703 320.4946943567893 1.0
-0.03217293759239163 0.9994823170455175 -131.3592591443482 522.4759997197774 148.2455910924407 1.0 498.10613255503284 147.46113477735165 1.0 546.845866884522 149.03004740752976 1.0
0.0013491886959068164 0.9999990898445171 -289.8630872833947 610.0003917301733 289.0403447220302 1.0 605.6262429361976 289.0462462795086 1.0 614.3745405241491 289.0344431645518 1.0
-0.03453455089148241 0.9994035044939175 -290.41882166402974 210.6122181114415 297.8698980843719 1.0 199.35406403800891 297.4808707365141 1.0 221.87037218487407 298.2589254322298 1.0
-0.8833214574369608 0.46876774935083104 92.08059290054159 327.2131593033916 420.15222280251345 1.0 322.09517305412703 410.5081568890556 1.0 332.33114555265615 429.7962887159713 1.0
0.9996017191837211 -0.02822061312142132 -476.0900602444739 476.6676085219126 13.738210135790153 1.0 477.0383542995684 26.870388204720566 1.0 476.2968627442567 0.6060320668597385 1.0
-0.04357013317759418 0.9990503708496818 -104.66750917362492 529.359596818947 127.85319042245041 1.0 515.6084937473241 127.25348353113533 1.0 543.1106998905699 128.45289731376548 1.0
-0.9955821062403208 -0.09389499312576186 209.4310177889293 173.7556077384083 388.1255288750732 1.0 174.82379021315234 376.7994365814162 1.0 172.68742526366427 399.4516211687301 1.0
0.014439030855439326 -0.99989575176013 304.50820175026087 258.75683705974734 308.2765369909971 1.0 280.6362998904913 308.59248816726466 1.0 236.87737422900335 307.96058581472954 1.0
0.0 -1.0 318.125 266.875 318.125 1.0 280.625 318.125 1.0 253.125 318.125 1.0
0.060402180704690556 -0.9981741213666672 -15.961819703399906 528.104365930418 15.965987594073265 1.0 541.879564975269 16.799561661101727 1.0 514.3291668855669 15.132413527044806 1.0
-0.03531325380621419 -0.9993762925473157 289.3819662816989 555.622508319689 269.9294846562408 1.0 561.8867714257658 269.7081350858903 1.0 549.3582452136122 270.15083422659126 1.0
-0.4633819401056708 -0.8861586638880785 368.5755574355335 571.8792708039891 116.88316736611688 1.0 598.1389581281329 103.15169313390551 1.0 545.6195834798455 130.61464159832826 1.0
0.4099226081986689 0.9121203074636594 -361.4832704497296 134.0181178504155 336.0809002126334 1.0 125.90889825862612 339.725323451894 1.0 142.1273374422049 332.43647697337286 1.0
-0.002649767267732859 0.9999964893605511 -319.51577104322183 195.62490658200556 320.0352550458276 1.0 171.87341723835834 319.9723189058588 1.0 219.37639592565282 320.0981911857964 1.0
0.9945509010543065 0.10425212329764322 -417.634189237909 411.86421398375046 76.87386937401118 1.0 411.20260308246975 83.18554627038887 1.0 412.5258248850311 70.56219247763347 1.0
-0.018259672401239484 0.9998332782838343 -98.10622980063816 437.51392017252044 106.11278195908596 1.0 426.8924627136551 105.91880528533943 1.0 448.13537763138584 106.30675863283248 1.0
0.03743721315150839 -0.9992989818224817 75.39576072884192 161.26441680075723 81.49017716985085 1.0 169.42479295944347 81.79589322401121 1.0 153.104040642071 81.18446111569051 1.0
-0.007205537456215969 0.9999740397780169 -300.17901341762916 201.25171517318728 301.6369707521562 1.0 180.6277860184442 301.4883604001796 1.0 221.87564432793033 301.78558110413275 1.0
-0.7952648526895669 0.6062621661267025 9.614162955838456 368.5812536979037 467.6286420470975 1.0 360.4721521660234 456.9915220097443 1.0 376.690355229784 478.2657620844508 1.0
-0.016659501532589743 -0.99986122087452 134.29776801079421 484.3749307434624 126.2458433974675 1.0 489.38395379196925 126.16238398789024 1.0 479.3659076949555 126.32930280704474 1.0
0.03763676615757955 -0.9992914859204994 75.07235620287611 219.3651084175939 83.38763080200061 1.0 231.89441446548247 83.85952770944475 1.0 206.83580236970533 82.9157338945565 1.0
0.0 -1.0 95.62499999999982 219.375 95.62499999999996 1.0 229.375 95.62499999999996 1.0 209.375 95.62499999999996 1.0
0.034807509641858844 -0.9993940350394993 14.575710421671744 465.6405974711913 30.802165040513316 1.0 474.40173780827007 31.107303420436203 1.0 456.8794571341125 30.497026660590432 1.0
0.021430201368356275 -0.9997703468643745 20.327639187460683 436.8681058084028 29.69663059067979 1.0 446.86351327309586 29.910883389233938 1.0 426.87269834370966 29.48237779212564 1.0
0.05521837528469373 -0.9984743016377131 70.45543249029132 249.96478152425647 84.3868304534755 1.0 261.8380326606861 85.04345389989312 1.0 238.09153038782685 83.73020700705787 1.0
0.3337728521234726 0.9426535329511914 -430.1007056143719 93.17768024720705 423.2737814866623 1.0 76.77154940633623 429.0828310384363 1.0 109.58381108807787 417.4647319348883 1.0
0.0 1.0 -336.875 577.5 336.875 1.0 568.125 336.875 1.0 586.875 336.875 1.0
-0.06694491609495541 0.9977566728461602 -103.24760341961532 223.1450109786511 118.45175349161659 1.0 215.6368764316165 117.94799195239572 1.0 230.6531455256857 118.95551503083745 1.0
-0.04476874187758516 0.9989973772491588 -7.958688265612517 527.4840832990475 31.605175102964694 1.0 514.3574365424955 31.016921846504193 1.0 540.6107300555994 32.19342835942519 1.0
0.040704641805822714 -0.9991712226317668 149.50634709129625 530.625114959115 171.24717811447562 1.0 545.6256812578468 171.85827725768965 1.0 515.6245486603831 170.6360789712616 1.0
-0.006063790213532942 -0.99998161505512 318.5486141847681 203.12771495611582 317.32272429551534 1.0 213.1273472605983 317.2620875082045 1.0 193.12808265163335 317.3833610828262 1.0
0.0 1.0 -310.625 249.375 310.625 1.0 226.875 310.625 1.0 271.875 310.625 1.0
-0.023655703165375512 0.9997201646999783 -114.87775418847085 466.24249215059 125.94229128473705 1.0 456.87273832832983 125.7205811272566 1.0 475.6122459728502 126.16400144221753 1.0
-0.9995314972782824 -0.03060695915367911 207.68699795621362 199.87974776826786 258.14045603552097 1.0 200.60749346881644 234.37446392716356 1.0 199.15200206771928 281.90644814387844 1.0
0.012575746355262245 -0.9999209221751529 143.2586677247282 482.4926025917654 149.33818165178457 1.0 491.8739791611071 149.4561687941504 1.0 473.1112260224237 149.22019450941875 1.0
-0.03798310327147969 0.9992783815663521 -51.685046362921284 499.39572837185824 70.70466767854714 1.0 456.88587688137636 69.08884559232598 1.0 541.9055798623401 72.32048976476828 1.0
0.9994145000195689 -0.03421486739175229 -13.466079017379956 26.58908871922425 383.0919945076027 1.0 26.84554997863098 390.5832145789729 1.0 26.332627459817523 375.6007744362325 1.0
0.019548249371358854 -0.9998089147164648 299.2366903248713 246.87996865729082 304.1208745405178 1.0 265.62280364378796 304.48733417780375 1.0 228.13713367079367 303.7544149032318 1.0
0.034063069375190436 -0.9994196852697774 34.89889048171668 437.50577372194203 49.83059743376027 1.0 446.89117304172044 50.15047857364114 1.0 428.12037440216363 49.5107162938794 1.0
0.9999053897759348 -0.013755417006982556 -199.52405209259516 203.2572198757079 269.99818108838537 1.0 203.42054999850419 281.87093420185806 1.0 203.09388975291162 258.12542797491267 1.0
-0.00868368145933014 0.9999622961273655 -286.62758554952615 249.37453137986193 288.80396357195724 1.0 229.37061241005384 288.6302493619867 1.0 269.37845034967 288.97767778192775 1.0
-0.9999987172337288 0.0016017274727974278 289.2222954013333 289.7091908929961 303.7494647165789 1.0 289.6941715102873 294.37248661165836 1.0 289.72421027570493 313.12644282149944 1.0
-0.0006978759089254159 -0.9999997564845783 292.03222718551365 258.12498405984604 291.85215904814817 1.0 276.87497492801884 291.83907387804226 1.0 239.3749931916733 291.8652442182541 1.0
0.0 -1.0 98.125 309.375 98.125 1.0 319.375 98.125 1.0 299.375 98.125 1.0
0.0 1.0 -336.875 537.5 336.875 1.0 528.125 336.875 1.0 546.875 336.875 1.0
0.03899402952235048 -0.999239443607792 146.8589721572422 279.9845159366497 157.89678604741434 1.0 291.8658123241088 158.3604383031976 1.0 268.1032195491906 157.43313379163106 1.0
0.2524652712252603 0.9676059563816026 -505.8291389580246 508.7553293483228 390.02042541992296 1.0 495.70350339556427 393.4258744639432 1.0 521.8071553010813 386.61497637590264 1.0
-0.04372726385113634 0.9990435057574285 -28.401260859488115 519.975387646771 51.18732221020206 1.0 495.5923876421474 50.120099543181084 1.0 544.3583876513944 52.25454487722304 1.0
0.0 1.0 -301.875 247.5 301.8749999999999 1.0 228.125 301.8749999999999 1.0 266.875 301.8749999999999 1.0
-0.011831978088208992 0.9999299996972388 -156.61290769201185 249.3726375855352 159.57464954950433 1.0 236.8743875318537 159.4267601764273 1.0 261.8708876392167 159.72253892258132 1.0
-0.019889255326595634 0.9998021891967198 -302.0144187449037 199.37916841829156 306.04046004161654 1.0 176.87564069839846 305.5927930796851 1.0 221.88269613818466 306.48812700354796 1.0
-0.22062554445753135 -0.9753585848972766 434.68433285131624 17.59848950167474 441.6854100574206 1.0 24.542323949777156 440.1147187450589 1.0 10.65465505357233 443.2561013697823 1.0
0.9985934425424182 -0.0530201519356734 -594.0425917075258 599.7250023909655 91.264600952091 1.0 600.1569421566553 99.39985145296532 1.0 599.2930626252758 83.1293504512167 1.0
-0.0024739497325381708 0.999996939781678 -314.69088654679337 264.37569047222377 315.34590374283925 1.0 251.87576697756472 315.3149794658178 1.0 276.8756139668828 315.3768280198606 1.0
-0.9996582529198502 0.026141487509943422 541.4521107973422 547.3087178199166 216.88000211017805 1.0 547.112296556064 209.3687945943642 1.0 547.5051390837693 224.3912096259919 1.0
0.02828198460609328 -0.999599984667237 135.43847568707753 522.4921994060088 150.2757046134691 1.0 544.3673714050803 150.89462546903448 1.0 500.6170274069372 149.65678375790372 1.0
-1.0 0.0 550.6249999999985 550.6249999999998 315.625 1.0 550.6249999999998 305.625 1.0 550.6249999999998 325.625 1.0
0.0 -1.0 91.875 497.5 91.87500000000001 1.0 508.125 91.87500000000001 1.0 486.875 91.87500000000001 1.0
0.0634094075814235 -0.9979875986354605 0.38167681731157593 528.1526498945427 33.93982400782902 1.0 541.9264667942114 34.81497473208368 1.0 514.378832994874 33.06467328357436 1.0
0.05195363822514805 -0.998649497809502 83.68844114497156 529.9935518898928 111.37394515842107 1.0 543.1155523172063 112.05660275198743 1.0 516.8715514625793 110.69128756485472 1.0
0.007019490807143562 -0.9999753630709151 81.15252820477656 186.8752363596205 82.46632892558335 1.0 198.12906910921237 82.54532704738537 1.0 175.62140361002864 82.38733080378134 1.0
0.023857037123074472 -0.9997153803856917 298.6361537595537 209.37577119983743 303.7176833156242 1.0 221.88356312642276 304.0161671262915 1.0 196.8679792732521 303.4191995049569 1.0
-0.014855724950564328 0.9998896476292739 -155.33543304710662 218.75218912003555 158.60265758027498 1.0 206.87052604073946 158.4261273810877 1.0 230.63385219933167 158.77918777946226 1.0
0.9996765417409815 -0.025432496786427436 -491.62567982992664 494.53542631375524 108.12091863814075 1.0 494.8214493561523 119.36364200434684 1.0 494.2494032713582 96.87819527193466 1.0
0.05237524442124301 -0.9986274749734331 70.05690631699193 280.6317368229047 84.87155045248915 1.0 293.1301368438571 85.52705690747554 1.0 268.13333680195234 84.21604399750275 1.0
0.1758181264432295 0.984422666548263 -428.3906514610587 141.3481613667792 409.92461497083195 1.0 129.40754315596115 412.05721227251854 1.0 153.2887795775973 407.79201766914537 1.0
0.02193202900997043 -0.9997594641229989 136.927167235411 278.1126897897221 143.06115415609997 1.0 288.1215838717385 143.28072232548666 1.0 268.1037957077057 142.84158598671328 1.0
0.02826305245788216 0.9996005201408025 -301.27373440182936 258.7592707556578 294.0778857508917 1.0 246.8760991560408 294.4138746739854 1.0 270.6424423552748 293.74189682779803 1.0
0.0 -1.0 339.375 577.5 339.3750000000001 1.0 586.875 339.3750000000001 1.0 568.125 339.3750000000001 1.0
0.999930412095136 -0.011797074520901972 -598.4901934095565 599.3134631295641 66.25072600556751 1.0 599.4387983239282 76.87424731404046 1.0 599.1881279352001 55.62720469709458 1.0
0.0 1.0 -93.12499999999993 187.5 93.12499999999994 1.0 175.625 93.12499999999994 1.0 199.375 93.12499999999994 1.0
0.0 1.0 -96.875 188.75 96.87500000000001 1.0 178.125 96.87500000000001 1.0 199.375 96.87500000000001 1.0
0.43916209106965454 0.8984078460072176 -359.33529961403116 93.15356725440049 354.4334409401772 1.0 83.10946733529764 359.3432243341997 1.0 103.19766717350335 349.5236575461547 1.0
0.0 -1.0 156.875 248.75 156.875 1.0 260.625 156.875 1.0 236.875 156.875 1.0
-0.020299579808427382 -0.9997939422999128 91.59674707599018 308.74435459552154 85.34695280628178 1.0 318.1154914117053 85.1566834601221 1.0 299.3732177793378 85.53722215244146 1.0
-0.9985470021386921 0.053887702862814815 537.6750258963305 546.0451646827603 140.60232534419555 1.0 545.7088559068491 134.3704746224445 1.0 546.3814734586716 146.83417606594662 1.0
0.0 1.0 -95.625 283.75 95.62500000000001 1.0 274.375 95.62500000000001 1.0 293.125 95.62500000000001 1.0
-0.05264129785449005 0.9986134856691025 -79.425154371269 341.87199506508 97.55700407582907 1.0 330.6203148165649 96.96387864759724 1.0 353.12367531359513 98.1501295040609 1.0
-0.9991437719138299 0.04137297482420965 603.5284715986041 604.7707131402502 17.50949440885547 1.0 604.4337757186122 9.372566189776911 1.0 605.1076505618882 25.64642262793403 1.0
0.0 -1.0 145.625 217.5 145.625 1.0 229.375 145.625 1.0 205.625 145.625 1.0
