line_hom_a line_hom_b line_hom_c centroid_x centroid_y centroid_z point1_x point1_y point1_z point2_x point2_y point2_z
0.179504094773204 0.9837572261283027 -325.18044184510654 159.19287798821637 301.501895497952 1.0 139.06473791872997 305.1746345301837 1.0 179.32101805770273 297.8291564657203 1.0
0.07837553114010401 -0.9969239068848267 281.4749036520832 151.16332586922226 294.22748073376795 1.0 179.31089786182616 296.44036868839447 1.0 123.01575387661835 292.0145927791414 1.0
-0.17628444447527453 -0.9843392680555033 338.99995589665326 91.0203461314361 328.09265587961454 1.0 110.44395853142582 324.61409840176515 1.0 71.59673373144639 331.5712133574639 1.0
-0.06677343231012411 -0.9977681638224009 345.18877451328524 27.607966564703766 344.11330033954766 1.0 38.22723322313259 343.4026293549341 1.0 16.98869990627494 344.8239713241613 1.0
0.09398376827240945 0.995573729716347 -277.8708117922582 118.16757525472241 267.95100133689846 1.0 0.4773697362256968 279.0611468472004 1.0 235.8577807732191 256.8408558265965 1.0
0.159778594433476 0.9871528760839745 -321.2079347543057 21.673519977961135 321.88020507653516 1.0 0.17738596663449346 325.35952642715364 1.0 43.169653989287774 318.4008837259167 1.0
-0.16413588295647644 0.9864377384944769 -326.4926283790775 63.28933603741723 341.5123593562659 1.0 45.75482811249369 338.5947480077208 1.0 80.82384396234076 344.429970704811 1.0
0.10550023509533987 -0.994419277968216 257.3010833521461 208.10396220850788 280.82329705030224 1.0 221.96319925795925 282.2936554789387 1.0 194.24472515905654 279.35293862166577 1.0
-0.10240275310388122 0.9947430201598529 -248.58339269527863 209.29086187406773 271.4423199544308 1.0 202.979070868219 270.79255940028145 1.0 215.60265287991643 272.09208050858007 1.0
-0.07407496872332686 0.9972526756086635 -271.6680414596998 112.53524780155118 280.7754677118051 1.0 105.65180195789495 280.2641719809951 1.0 119.41869364520743 281.2867634426151 1.0
-0.10344557468056394 0.9946351155469064 -285.0922480561801 85.63423051538743 295.5362480667512 1.0 73.01076634908678 294.2233630853835 1.0 98.25769468168808 296.8491330481189 1.0
0.11767798333099054 0.9930518074295777 -350.0701943129326 5.622428844023548 351.85330272904645 1.0 0.545593965275909 352.45491453395505 1.0 10.699263722771187 351.25169092413785 1.0
-0.08477440847475612 0.996400170447474 -292.45558929884896 121.29618641627891 303.8321456895936 1.0 103.30144535980085 302.3011408042429 1.0 139.29092747275698 305.36315057494426 1.0
0.019077494913526866 0.9998180080333742 -292.3863013615761 216.87836347848918 288.3012740012974 1.0 194.36270984305978 288.73089445647355 1.0 239.3940171139186 287.8716535461212 1.0
0.14888014744704778 0.9888552481006234 -348.7297701584626 29.115513663338533 348.2765034142019 1.0 17.838834053367503 349.97429864385794 1.0 40.39219327330956 346.5787081845458 1.0
-0.1537366382760296 0.988111859078508 -251.267623731916 184.9127849555449 283.0605574616599 1.0 176.69498958989686 281.78198133493146 1.0 193.13058032119292 284.3391335883884 1.0
0.061552777634677425 0.9981038300524931 -284.2045938414767 269.33704717527127 268.1345791988806 1.0 259.2597420012901 268.7560437257708 1.0 279.41435234925245 267.5131146719904 1.0
0.13147700389566827 -0.9913192207591954 308.17402357196 22.937359596241073 313.9147838277852 1.0 45.61863864338201 316.92296378757237 1.0 0.25608054910013056 310.90660386799794 1.0
0.11329613399276929 -0.9935612643527789 276.40487665459165 88.18184255331082 288.25151380152 1.0 95.65592660481309 289.1037861862771 1.0 80.70775850180853 287.3992414167629 1.0
-0.10545848444830948 0.9944237065043581 -289.8241341344268 61.886936808094845 298.0124415367183 1.0 44.450474895847925 296.1633073745108 1.0 79.32339872034177 299.86157569892583 1.0
-0.174410521035608 -0.9846730270257675 327.5483624470938 292.6438603341269 280.8121952152461 1.0 298.4197607956573 279.78913702100664 1.0 286.86795987259654 281.83525340948563 1.0
-0.6788239949323276 0.7343010172293889 -150.68223390374544 101.55934718842337 299.0914495986624 1.0 98.65366113491768 296.4052904233664 1.0 104.46503324192905 301.7776087739583 1.0
-0.054020420605749186 0.9985398310320815 -262.325343832013 225.66329181857574 274.91719532869627 1.0 218.11775143531398 274.5089860089136 1.0 233.2088322018375 275.32540464847887 1.0
-0.14780068570947777 0.989017167345344 -324.1711833555363 106.17336672391343 343.6377961705707 1.0 86.67344911798182 340.7236898349133 1.0 125.67328432984503 346.5519025062281 1.0
-0.13242772471917613 0.9911926642816229 -280.76220694608133 206.83938076194391 310.89160223562203 1.0 199.30683229238971 309.88522043811054 1.0 214.37192923149811 311.8979840331336 1.0
-0.14651339308959807 0.9892086866002405 -256.7649374585946 139.43528235784555 280.2179939866104 1.0 131.73394786263648 279.07733614211753 1.0 147.13661685305462 281.35865183110326 1.0
0.32318831296899014 0.9463346735485593 -429.31471113032006 66.1842820573002 431.05756987379965 1.0 0.3412087111682016 453.54402460300804 1.0 132.02735540343218 408.57111514459126 1.0
0.02305255557835641 0.999734254530326 -287.911680677426 160.65172028918138 284.28379509735 1.0 150.6282264555356 284.51492366740985 1.0 170.67521412282716 284.05266652729017 1.0
-0.12424164639449378 -0.9922519908275242 337.6388466945455 56.6474124287337 333.1823790393154 1.0 61.80138065957455 332.537041459362 1.0 51.49344419789285 333.8277166192688 1.0
0.12679409086542034 -0.9919290592182546 254.43568238433423 166.8326339906227 277.83143560190877 1.0 175.6777826463116 278.96207349576326 1.0 157.98748533493375 276.7007977080543 1.0
0.18003170123356285 -0.9836608086891279 296.06696411432046 135.59273602108385 325.80128457307654 1.0 140.8734042759013 326.7677637508246 1.0 130.31206776626638 324.8348053953285 1.0
0.07697137657569632 -0.9970333029483229 281.13826510566014 118.1369644708027 291.0950206248979 1.0 122.00864042116987 291.3939155832444 1.0 114.26528852043553 290.79612566655146 1.0
0.022734504013554546 -0.9997415377622646 274.9640368950367 185.00302077844412 279.24216236759924 1.0 193.15223209485654 279.4274785422127 1.0 176.85380946203168 279.0568461929858 1.0
-0.3957362430515347 0.9183642120288968 -253.2769768150661 40.189564156246774 293.10968395583336 1.0 35.43683479577062 291.0616650579711 1.0 44.94229351672292 295.1577028536956 1.0
0.05694854819372622 0.9983771145507226 -282.74766828312073 189.40514052884697 272.4034000238063 1.0 180.61244781980463 272.90494505843867 1.0 198.19783323788934 271.9018549891739 1.0
-0.020476698537689967 -0.9997903304278336 332.3929901940847 66.89737697584975 331.09257281087685 1.0 73.13196112770781 330.96488233788455 1.0 60.662792823991694 331.22026328386914 1.0
-0.10340890329040853 0.9946389288180283 -246.488590049725 253.1498271746593 274.13619972630045 1.0 248.2032941810579 273.62192712230535 1.0 258.0963601682607 274.65047233029554 1.0
0.10167067083157591 0.9948181113613972 -328.7921291476731 59.31801835477034 324.44245108027724 1.0 45.64693618728535 325.8396392487351 1.0 72.98910052225533 323.0452629118193 1.0
-0.1572689866987823 0.9875558039031203 -326.6712556183878 144.97996502270138 353.875807754775 1.0 132.71918617598234 351.9232697232629 1.0 157.2407438694204 355.8283457862871 1.0
-0.6142817433973036 0.7890867757913378 -196.3219208321124 128.91984705771958 349.156819875661 1.0 125.15633499484895 346.22703214862867 1.0 132.6833591205902 352.0866076026933 1.0
-0.03671189396900216 -0.9993258912092735 314.94861764655144 63.13754953277734 312.8416079006321 1.0 69.40205547938399 312.6114708851669 1.0 56.873043586170695 313.0717449160973 1.0
0.003502283050391479 0.9999938669879105 -275.463224934293 396.2445789410524 274.0771451801028 1.0 383.11973993212604 274.1231123632202 1.0 409.3694179499787 274.03117799698543 1.0
0.12727315948323825 0.9918677043210723 -314.48772248793057 246.2302082496857 285.47075853991157 1.0 239.46657264241898 286.33864572847506 1.0 252.99384385695237 284.602871351348 1.0
-0.10392050815112251 -0.9945856061624925 288.7611525646385 35.10864068354581 286.66476069806345 1.0 62.08099677912988 283.84652068521916 1.0 8.13628458796173 289.48300071090773 1.0
-0.13073477837444647 0.9914173781628928 -277.1663891732071 231.9375575305288 310.15059966313197 1.0 215.64126391449705 308.0016638252665 1.0 248.23385114656054 312.29953550099737 1.0
-0.0760516833330276 -0.9971038769667947 274.25580452751313 24.954165637269476 273.14907154221964 1.0 49.33036801347569 271.28983574261923 1.0 0.5779632610632568 275.00830734182006 1.0
-0.08101322927693431 -0.9967130262428212 273.609796224765 123.13545362767856 264.5036119189633 1.0 135.65434801235298 263.486071228337 1.0 110.61655924300413 265.5211526095896 1.0
0.0387473264175895 0.9992490403775671 -107.46579260111193 56.86400965103657 105.34157152452879 1.0 44.28598102049303 105.82930277203972 1.0 69.44203828158011 104.85384027701785 1.0
0.10299899985299071 -0.9946814595785344 277.9925003869357 101.93615830252142 290.0343823269723 1.0 108.11985334020443 290.67470229890296 1.0 95.7524632648384 289.3940623550417 1.0
-0.12703691880186657 -0.9918979893423153 331.0013127862042 210.60663888207395 306.7316372978448 1.0 218.1431106219487 305.76640684193285 1.0 203.0701671421992 307.69686775375675 1.0
0.15625985620928026 -0.9877159800962295 271.1918424822635 70.89699363286496 285.78073272187487 1.0 79.5298063577086 287.1464715600116 1.0 62.26418090802132 284.41499388373813 1.0
0.12545644071598125 -0.9920991288590457 308.9514979145953 63.0447908785466 319.3842870805703 1.0 70.66011828756334 320.3472874943705 1.0 55.429463469529864 318.4212866667701 1.0
-0.11516532005848513 0.9933463389250633 -330.8766927214556 186.3573983633317 354.69864672830397 1.0 159.40984642351424 351.57443584401153 1.0 213.30495030314913 357.8228576125964 1.0
0.07935162465274362 0.9968466881446565 -271.1623228871832 24.90349795886556 270.0377029547278 1.0 0.533664409093193 271.9776059585594 1.0 49.27333150863793 268.0977999508963 1.0
-0.03519429494694547 -0.9993804889045951 278.1792475637591 130.7349697824906 273.7477122224176 1.0 142.01500071513985 273.3504733929009 1.0 119.45493884984133 274.14495105193436 1.0
0.08599744606166174 0.9962953574472139 -271.28635036434264 148.08296322119725 259.5129966123277 1.0 121.86644883484273 261.77593326561305 1.0 174.29947760755178 257.2500599590424 1.0
0.14448760866917287 -0.9895066098521343 336.9513292647491 144.84666811063403 361.67507563919276 1.0 154.20466364298136 363.04152876132775 1.0 135.48867257828672 360.30862251705776 1.0
0.004840220709438267 0.9999882860631338 -278.5133801579539 443.11348909657517 276.37185047380524 1.0 429.36683633045936 276.4383880866267 1.0 456.86014186269097 276.30531286098386 1.0
-0.08904605094434738 -0.9960275100674764 273.46127205227594 81.23120429046416 267.2897599773332 1.0 110.65044755305439 264.6596444355172 1.0 51.81196102787393 269.9198755191492 1.0
-0.0872271365812041 -0.9961884493627919 274.22825957503386 155.60552098257244 261.6525374393015 1.0 174.4300968969775 260.0042410196639 1.0 136.7809450681674 263.30083385893914 1.0
-0.017880956928059886 0.9998401229093263 -276.99601545558005 128.12577462586674 279.33168565027404 1.0 124.35462598547836 279.26424312135066 1.0 131.8969232662551 279.3991281791975 1.0
-0.19546628258466048 -0.9807104222819973 342.39687807412747 224.14229897566958 304.4574721951077 1.0 229.19088341320162 303.45123425789586 1.0 219.09371453813753 305.4637101323195 1.0
-0.06793472285068854 0.9976897681299534 -258.91490184492676 270.63741374891384 277.94269160517933 1.0 256.86614951687375 277.0049782509963 1.0 284.40867798095394 278.8804049593624 1.0
0.1406207864144592 -0.9900635305010377 341.12682227634497 4.438092259689758 345.18078867841325 1.0 8.461997769443762 345.7523123633153 1.0 0.4141867499357538 344.6092649935112 1.0
0.17978386035792876 -0.9837061367882184 295.6413155939804 149.09410522773823 327.78694503341694 1.0 156.68329061701718 329.1739578772235 1.0 141.50491983845924 326.3999321896104 1.0
0.1738224060060628 -0.9847770159636461 376.944821411413 121.39147463431709 404.1984867117045 1.0 130.59020143297224 405.8221485137319 1.0 112.19274783566195 402.57482490967715 1.0
-0.020297793532971387 -0.9997939785664308 230.2843173752882 23.74694781487169 229.84966068810402 1.0 46.900470827141675 229.3795984155368 1.0 0.593424802601703 230.31972296067124 1.0
0.009042010191263139 0.9999591201902711 -226.0574065666565 24.99064722422542 225.8406732035184 1.0 0.6176400742152088 226.06106319206134 1.0 49.36365437423563 225.6202832149755 1.0
-0.12407535470276373 0.9922727983550609 -306.25603573986945 63.16695613991493 316.5394624836149 1.0 55.628520592977296 315.59684462092554 1.0 70.70539168685256 317.4820803463042 1.0
0.07784161571760949 -0.9969657380584712 251.64387751764943 231.9321010508536 270.51867150966257 1.0 239.4351595622381 271.1044992618653 1.0 224.4290425394691 269.93284375745986 1.0
-0.026751095787763052 -0.9996421253999622 289.0543569426148 236.86681454920983 282.81912387850764 1.0 251.8895071351347 282.4171065183495 1.0 221.84412196328495 283.22114123866584 1.0
-0.02725970635321575 -0.9996283851559721 235.35872750188707 81.87741171405453 233.21343887731416 1.0 110.64010980113082 232.42908469587746 1.0 53.114713626978244 233.99779305875086 1.0
0.10585463897224393 -0.9943816145766453 257.967305903205 150.44507951500086 275.4401443725652 1.0 157.92682792231855 276.2365969265225 1.0 142.96333110768316 274.64369181860786 1.0
0.0033492620771892476 0.9999943912060398 -281.8231811452072 349.37928571462794 280.6545924867904 1.0 341.87518329218653 280.67972583342504 1.0 356.88338813706935 280.62945914015586 1.0
-0.9999970504494404 0.002428804730552119 50.448330726103585 50.85530784710513 167.5009586329956 1.0 50.72020229552636 111.87476877153223 1.0 50.9904133986839 223.12714849445896 1.0
-0.35617173367145144 -0.9344205135448775 435.4868256536321 34.5239296236496 452.89071852776806 1.0 41.021109519132075 450.4141977388886 1.0 28.02674972816713 455.3672393166475 1.0
-0.09742873256580595 0.9952425041519382 -289.42854680331106 265.6913919502066 316.8218007764337 1.0 251.89010209215718 315.4707308884079 1.0 279.492681808256 318.1728706644595 1.0
-0.07944008421482046 0.9968396425804615 -364.77138290565017 26.307827065595482 368.02436744347096 1.0 14.458273807761632 367.0800535653897 1.0 38.15738032342934 368.96868132155225 1.0
0.16364502936320358 -0.9865192873759316 333.5709483918885 72.98224996377421 350.23555570742565 1.0 81.69972634915297 351.6816213822823 1.0 64.26477357839545 348.78949003256906 1.0
0.07965041679170475 0.9968228584382021 -265.8325228701929 81.83630483308042 260.14073100995324 1.0 51.82813710957793 262.53851216645404 1.0 111.84447255658291 257.7429498534525 1.0
-0.06991857327175766 -0.9975527019218794 280.15294077652993 189.51044447828062 267.55743367172363 1.0 203.2804104606679 266.5922953149889 1.0 175.74047849589334 268.52257202845834 1.0
0.9999732528778837 0.007313927045294275 -83.68198257101959 80.93680343693413 375.631851895262 1.0 80.7995706724652 394.3945621380068 1.0 81.07403620140308 356.8691416525172 1.0
0.9999995670499661 -0.000930537414735412 -112.06103449038078 112.28906549638148 245.00077786866868 1.0 112.3001156233973 256.8757675861076 1.0 112.27801536936565 233.12578815122976 1.0
-0.11075418485042954 0.993847830675359 -337.77297541624284 241.26389969091343 366.7502717318986 1.0 219.24445612407283 364.2964297574705 1.0 263.28334325775404 369.2041137063266 1.0
0.013135235469625977 0.9999137290732424 -226.49452235261163 85.60548616982234 225.38951869693864 1.0 51.84489157833742 225.83301031692545 1.0 119.36608076130727 224.94602707695185 1.0
0.009365508416215177 -0.9999561426643199 323.4031301854897 268.12801039671564 325.92857968260955 1.0 274.38331537808506 325.9871663635143 1.0 261.8727054153462 325.8699930017048 1.0
-0.8715951251240136 0.49022641489423546 -138.4586431197014 55.4379292026301 381.0036878571317 1.0 50.614476805557985 372.42785948920744 1.0 60.26138159970221 389.57951622505595 1.0
-0.9999856637942236 -0.005354643407932088 121.72890987398303 120.82034699888143 170.00104602851587 1.0 121.0646491019529 124.37735419791582 1.0 120.57604489580996 215.62473785911595 1.0
0.9996306905212375 -0.027175035750365676 -279.5257657824283 287.4787416842894 288.7505779089166 1.0 287.5980501098098 293.1393251725265 1.0 287.35943325876906 284.3618306453068 1.0
0.999907396778745 -0.013608742306086797 -45.28573275951855 48.675544470040926 248.7595195916066 1.0 48.92241158030527 266.8981722328803 1.0 48.42867735977658 230.6208669503329 1.0
0.10520071521503024 -0.9944510091091697 147.85623321535024 24.99205356214572 151.3251168195659 1.0 49.424218786042324 153.90974012655835 1.0 0.5598883382491149 148.74049351257347 1.0
0.03091580242412606 0.9995219923345721 -367.89592266442077 6.847473863328768 367.86006744740246 1.0 0.5841343908048258 368.05379621688706 1.0 13.110813335852711 367.66633867791785 1.0
0.12989200353958621 0.9915281475664078 -311.34390667732845 298.8134048502083 274.8589997225436 1.0 293.12231999892407 275.6045422625728 1.0 304.50448970149256 274.1134571825144 1.0
0.9999861611818608 -0.005260935730963929 -212.88021270412537 214.1524005250575 241.2544592280737 1.0 214.20831449204744 251.88245319455172 1.0 214.09648655806757 230.6264652615957 1.0
-0.9853951763030975 -0.17028313633060557 194.36792781889633 133.79288773999065 367.2064243334546 1.0 134.87785930530103 360.9279062727633 1.0 132.7079161746803 373.48494239414583 1.0
-0.21508385319378653 0.976595584720366 -220.23019094228533 321.8440571301662 296.3904971577807 1.0 304.2346572549883 292.51223102915804 1.0 339.4534570053441 300.2687632864034 1.0
0.08753649814651437 -0.9961613129871313 248.4867661734084 214.3612873271287 268.2810495850449 1.0 224.39366153321106 269.1626326124589 1.0 204.32891312104633 267.39946655763094 1.0
-0.9350341167925209 -0.3545577533125319 342.90846401736536 257.40294138767354 288.325191318084 1.0 259.6321028614693 282.44648182614606 1.0 255.1737799138777 294.203900810022 1.0
0.03252456228938062 -0.9994709364698326 224.54955846260205 289.3844206438457 234.0855061816707 1.0 315.64728634951473 234.94014655226385 1.0 263.1215549381767 233.23086581107754 1.0
0.11777309765857477 -0.9930405316339832 291.3099310411803 281.7397493946262 326.76540757808345 1.0 286.6703968819657 327.3501748756387 1.0 276.8091019072867 326.18064028052817 1.0
-0.9999903310264229 0.004397482650960278 50.50935688489777 51.60097440896801 248.12345658120233 1.0 51.54599432116176 235.62094990429077 1.0 51.65595449677426 260.62596325811387 1.0
-0.9997213936996842 -0.02360370689448908 322.1263748340824 317.21387667413956 211.8682445467689 1.0 317.71566391200355 190.6153354583554 1.0 316.7120894362755 233.12115363518237 1.0
0.948539786847001 -0.31665797442705546 -98.06124896813421 213.25481437463367 329.12301479679155 1.0 215.69554504282246 336.4341527902168 1.0 210.8140837064449 321.8118768033663 1.0
-0.9999955703463167 -0.0029764555674084243 116.88243481137236 116.15929940056091 243.12473003249994 1.0 116.20395157335687 228.1230026453269 1.0 116.11464722776496 258.126457419673 1.0
0.016149214375251672 0.9998695929345298 -226.45214122055512 148.12038615211736 224.08933618397447 1.0 123.10672219473634 224.4933398904705 1.0 173.13405010949842 223.6853324774784 1.0
-0.18759921819984565 0.9822456583415407 -273.6253512281476 264.54743608234503 329.0971465934126 1.0 253.34785911190147 326.9581380205759 1.0 275.74701305278865 331.2361551662494 1.0
-0.9999931479093809 -0.0037019095460200254 176.64808632511375 175.98989315048846 178.12403710137295 1.0 176.1518420182883 134.3769503348606 1.0 175.82794428268863 221.87112386788527 1.0
-0.10298957927479176 0.9946824350318052 -262.63514376671276 349.97149598575754 300.2752942821446 1.0 340.50385662644516 299.29501338042155 1.0 359.43913534506993 301.2555751838676 1.0
0.09739336113121443 -0.9952459661850255 314.940357374523 304.9353848170307 346.285291414708 1.0 315.58076466960983 347.3270332148134 1.0 294.2900049644515 345.24354961460267 1.0
0.14905371586990127 -0.9888291003936801 300.780914941706 123.79309005559408 322.83913862002476 1.0 131.36910521816532 323.9811288901517 1.0 116.21707489302284 321.6971483498978 1.0
-0.05170350548150672 0.9986624792796231 -118.52479098329616 195.68636342979062 128.81475435057862 1.0 176.82512956698702 127.83825635586383 1.0 214.54759729259422 129.7912523452934 1.0
0.20366632170609308 0.9790403614778659 -345.5428909466572 301.90339419177826 290.1364931597409 1.0 291.69507655642616 292.2600935600974 1.0 312.11171182713036 288.01289275938433 1.0
-0.13059172426067803 -0.9914362317136807 287.621797790513 219.4507654516537 261.20020194565836 1.0 235.7473181444013 259.0536242358924 1.0 203.15421275890606 263.34677965542426 1.0
-0.00039181930752069577 0.9999999232388121 -188.4324267471462 289.99983501711944 188.5460687547038 1.0 261.8748393349361 188.5350488375257 1.0 318.1248306993028 188.55708867188193 1.0
-0.967389717574972 -0.25329258640989827 661.3302663887432 564.8293184746349 453.70531029095434 1.0 568.5521537716111 439.4868420856046 1.0 561.1064831776587 467.9237784963041 1.0
0.1821864608411943 -0.9832639998932943 380.2288700527664 26.797918506262203 391.666010374758 1.0 54.303887445304646 396.7625207052041 1.0 -0.7080504327802428 386.56950004431184 1.0
-0.08135554313239111 0.9966851436645545 -295.27129541023913 360.04956482189186 325.6427823510736 1.0 336.82422950737026 323.7469882971986 1.0 383.2749001364134 327.53857640494857 1.0
0.03394214246171318 -0.9994237994790343 245.03343242622492 431.88036260946427 259.8420983727831 1.0 463.1579652989643 260.90433928289673 1.0 400.6027599199642 258.7798574626694 1.0
-0.0003455690685462048 0.9999999402910078 -265.0495421220668 228.74995555744394 265.12860686170075 1.0 219.37474069633257 265.1253670772403 1.0 238.1251704185553 265.13184664616114 1.0
0.9491621503564152 -0.31478756698889204 -457.9468109549728 635.7765050096821 462.24247379895974 1.0 637.1456189598391 466.3706900225054 1.0 634.407391059525 458.114257575414 1.0
-0.9999860034824783 -0.005290825941258488 122.53063374996279 121.2360786669569 244.99992634361905 1.0 121.31876416073325 229.37205701180054 1.0 121.15339317318056 260.62779567543754 1.0
-0.9999419145151319 -0.010778107246288273 221.66062583849055 219.76030453258156 177.49741638647527 1.0 220.1307078439021 143.13314557332802 1.0 219.38990122126103 211.86168719962254 1.0
0.9999948124939496 -0.0032210223828007846 -52.88927808441329 53.47940804041861 183.1258715872798 1.0 53.584097209180506 215.62754752880716 1.0 53.37471887165672 150.6241956457524 1.0
0.11701786966872513 -0.9931298093291699 308.8922604602682 253.098370545608 340.8510039858675 1.0 289.43306237752853 345.13222502394405 1.0 216.76367871368745 336.569782947791 1.0
0.045626003657754016 -0.998958591629414 240.17644300462803 350.64477557326336 256.4420236875443 1.0 369.41271620477454 257.29922250947453 1.0 331.8768349417522 255.58482486561402 1.0
0.9999990857863617 -0.0013521931966048936 -48.034410613463 48.28968206806637 188.75062243934485 1.0 48.33616480947204 223.1264047071612 1.0 48.2431993266607 154.37484017152852 1.0
0.08093116871604862 -0.9967196927573241 281.5274282793935 291.26187865116424 306.1037067272515 1.0 321.9383696503319 308.5945617657447 1.0 260.5853876519966 303.61285168875827 1.0
-0.999562749373661 -0.029568734578401347 472.14337444692467 461.6816425724415 360.6377687077827 1.0 463.30994410108104 305.59349386873805 1.0 460.05334104380194 415.6820435468274 1.0
0.24941843129254188 -0.968395810674317 63.20741001896187 317.8940981030271 147.14650323172395 1.0 325.3804060064551 149.07466437499218 1.0 310.4077901995991 145.2183420884557 1.0
-0.07601196532055607 0.9971069055663523 -263.56415864880717 324.3991163845416 289.05864699607025 1.0 313.0246367080334 288.191541824214 1.0 335.77359606104983 289.9257521679264 1.0
0.09131820192741942 -0.9958217641710504 221.04831985274464 386.0890026420966 257.3806704971218 1.0 401.6973763644761 258.8119794668804 1.0 370.48062891971716 255.94936152736318 1.0
-0.09282960777872466 0.9956820094385799 -287.8281483413101 313.22716107085915 318.27922955829 1.0 291.92920753654533 316.29357484690814 1.0 334.525114605173 320.2648842696718 1.0
0.012630357210069174 0.9999202338570542 -130.9114957334119 164.39199478914577 128.84544362082298 1.0 153.13589611219788 128.9876235090459 1.0 175.64809346609366 128.70326373260005 1.0
-0.01095790515978593 -0.9999399603548751 217.6619642433315 86.8733345883229 216.72302645559716 1.0 119.38312868760826 216.3667658253312 1.0 54.363540489037554 217.07928708586311 1.0
-0.9844483448143262 -0.1756742906413274 262.86336268466687 206.14331828718474 341.11943178222486 1.0 207.37087317713213 334.2404264641118 1.0 204.91576339723736 347.998437100338 1.0
0.9999916664976455 0.004082515800550166 -179.1547231043397 178.40604288900437 183.7511473715966 1.0 178.30653239564379 208.1257411150496 1.0 178.50555338236492 159.3765536281436 1.0
-0.0987594762802967 0.9951113333918178 -260.39782706067984 377.58432781929673 299.15030362793493 1.0 360.6896482566781 297.4735970630116 1.0 394.4790073819153 300.8270101928582 1.0
0.9634231528774824 0.2679847542298095 -662.4056926961605 558.9394534683247 462.37884884238247 1.0 557.7201342965113 466.76238298875063 1.0 560.1587726401382 457.9953146960143 1.0
0.9999621314573363 -0.00870262324250504 -172.0791017207214 174.19070636039976 241.8820432443554 1.0 174.31041023337593 255.63644081270428 1.0 174.07100248742356 228.12764567600652 1.0
0.03914988884870727 0.9992333492248615 -108.34221469468292 34.38296203297185 107.078217150982 1.0 25.59747343549933 107.42243194559374 1.0 43.16845063044436 106.73400235637027 1.0
0.08885835693180755 -0.9960442723109146 276.763255476214 406.78337488835547 314.15205778954964 1.0 414.445423475053 314.83559873955784 1.0 399.1213263016579 313.46851683954145 1.0
0.9999488663529016 -0.01011260003891922 -271.82065114796853 275.7281545181908 385.0052774844967 1.0 275.873579625947 399.38512748156865 1.0 275.58272941043464 370.62542748742464 1.0
-0.9999761042783295 0.006913094266337612 435.11586394598555 437.42057351184656 331.8712283087561 1.0 437.30823841441094 315.62200491043154 1.0 437.5329086092822 348.12045170708063 1.0
-0.005122908292201783 -0.999986877819219 218.82323216942257 148.12790599766376 218.06724800933148 1.0 174.38041886336057 217.93275702866572 1.0 121.87539313196694 218.20173898999727 1.0
0.07166685000080472 -0.9974286253216127 285.4086769093078 361.766292030157 312.1379511192521 1.0 399.2523932972617 314.8313877506284 1.0 324.2801907630523 309.4445144878757 1.0
-0.15862323056044825 0.98733918727384 -211.36521234126914 423.99994073641165 282.1942613942268 1.0 413.3486268632963 280.4830502541809 1.0 434.65125460952703 283.90547253427275 1.0
-0.9339790720517921 0.3573277108891408 441.4317972093094 634.1311336880083 422.11506691280067 1.0 629.1124252978324 408.9972244888492 1.0 639.1498420781842 435.23290933675213 1.0
0.1505170165693176 -0.988607418403823 120.89757659580654 19.950029911854898 125.32820740780356 1.0 39.537091870386334 128.31036804555862 1.0 0.36296795332345866 122.3460467700485 1.0
0.28819175195619295 0.9575727200084703 -374.380975918828 70.71837700488068 369.68526312149083 1.0 63.151374249585785 371.962633534765 1.0 78.28537976017557 367.40789270821665 1.0
-0.1687246658525143 0.9856632219642555 -370.12667066294523 235.08526484189534 415.75189607217055 1.0 222.02208432745834 413.51575626482634 1.0 248.14844535633233 417.9880358795148 1.0
0.9999995243254098 0.0009753711878707243 -41.433743172931166 41.30513628747401 131.87444417108938 1.0 41.28684808640067 150.6244263332965 1.0 41.323424488547346 113.12446200888228 1.0
-0.010930284272229064 -0.9999402626585892 228.95204191337348 148.1233231173299 227.3465929653964 1.0 173.12716735905192 227.07327751279735 1.0 123.11947887560788 227.61990841799548 1.0
-0.1983412137941429 0.9801330332718442 -255.99995578656902 284.620810650405 318.7852895836259 1.0 280.410830366056 317.93335155960096 1.0 288.830790934754 319.63722760765086 1.0
0.9999948745411866 0.003201701322153696 -123.96930492310977 123.42364417643742 170.6259561743554 1.0 123.33159573521841 199.3756614612289 1.0 123.51569261765643 141.87625088748186 1.0
-0.9997893336498047 0.020525309256615328 212.32580671554518 217.27209225433944 238.75467886264056 1.0 217.05379348070272 228.12132943525103 1.0 217.49039102797616 249.38802829003012 1.0
0.48660905872776605 -0.8736198394977518 15.29731694452483 218.28161378761035 139.09382785669257 1.0 225.59986844653056 143.17011922520655 1.0 210.96335912869014 135.0175364881786 1.0
0.025022320357897657 -0.9996868927238702 138.82896513848135 301.324098358421 146.41463674725767 1.0 310.6932285160826 146.64914755057637 1.0 291.9549682007594 146.18012594393898 1.0
0.4295676773331027 -0.9030346674356656 306.12714837843845 94.85444269061392 384.11986108438504 1.0 101.16337308381048 387.12097795529934 1.0 88.54551229741737 381.11874421347073 1.0
0.10832420940835503 -0.9941156198632305 242.13204908977107 269.4646131453975 272.9276000206114 1.0 275.8431875343394 273.62264395114494 1.0 263.08603875645554 272.2325560900779 1.0
-0.15057027374426266 0.9885993084483611 -219.40442677205132 373.2159401743978 278.7779140594339 1.0 356.96221637235726 276.3023634280279 1.0 389.46966397643837 281.2534646908399 1.0
-0.02527523371514141 0.9996805302498619 -222.58878895616607 398.1035016842087 232.725296696437 1.0 331.83265676695964 231.04975031627023 1.0 464.37434660145783 234.4008430766038 1.0
-0.9570058271389169 -0.29006869328170787 721.3871224981667 634.6857291995924 392.9730573907223 1.0 639.4438882734089 377.2747553486127 1.0 629.9275701257759 408.67135943283193 1.0
0.06346765660480531 -0.9979838959447666 268.26970170162855 382.53882247252966 293.13954414802777 1.0 391.9156459398305 293.73587141772094 1.0 373.1619990052288 292.54321687833453 1.0
0.14274955478601914 -0.9897588416419392 120.9352084220059 82.54094023739121 134.091139486406 1.0 110.62265349446444 138.14126957509083 1.0 54.45922698031797 130.04100939772118 1.0
-0.17189912907433827 0.9851145564976106 -350.07897698516587 144.38571177761696 380.56361325468447 1.0 131.83172732407243 378.3729857994883 1.0 156.9396962311615 382.75424070988066 1.0
-0.05730810637845498 0.9983565399912576 -280.5737888691195 420.57891057123686 305.17791751966536 1.0 398.00977069301865 303.8823937090811 1.0 443.14805044945507 306.47344133024956 1.0
0.2685576221515966 0.96326362102193 -396.16641094922346 147.539376429826 370.1412355459257 1.0 142.99486831245704 371.4082431098099 1.0 152.08388454719494 368.8742279820416 1.0
-0.005329929567356586 -0.9999857958245242 471.5729964694824 543.7496349290032 468.6815064473946 1.0 559.3841845276597 468.5981742155508 1.0 528.1150853303467 468.76483867923844 1.0
-0.11466185256032989 -0.9934045800012365 277.9100391026399 193.66649727153356 257.40155108435033 1.0 211.83796574990544 255.30414356135583 1.0 175.49502879316168 259.4989586073448 1.0
-0.3915987701356935 0.9201360786471814 -148.74439976930066 247.45936011893411 266.9704911599638 1.0 239.67951520081562 263.6594833943941 1.0 255.2392050370526 270.2814989255334 1.0
0.9999389544867059 -0.011049312197317532 -245.63251599914858 250.3093396942038 421.8853942839147 1.0 250.59944273803387 448.13909489084284 1.0 250.01923665037373 395.63169367698663 1.0
0.9999983981782686 -0.001789871754308689 -112.04803814810055 112.35249478527643 169.999145344202 1.0 112.4319202171483 214.37400318263718 1.0 112.27306935340458 125.6242875057668 1.0
0.970672282820785 -0.24040657096569995 -73.51028082663056 159.24956610412264 337.21565394917525 1.0 161.36367520996544 345.75163989855025 1.0 157.13545699827984 328.67966799980024 1.0
-0.06230476798086715 0.9980571706504845 -310.4797218039203 179.3497050269744 322.28019899243293 1.0 171.80108950726174 321.80896873392385 1.0 186.89832054668705 322.751429250942 1.0
0.13848860895423076 -0.9903640266033102 323.4643342046959 599.3166002829622 410.4176298639635 1.0 616.909572800044 412.8777619222905 1.0 581.7236277658805 407.9574978056364 1.0
-0.1527670386577215 -0.988262228307725 409.6071182774362 153.1516933742614 390.797681579485 1.0 160.85409484859917 389.60703295396553 1.0 145.44929189992368 391.98833020500456 1.0
-0.5629417478056126 0.8264965750549497 65.94634867472901 314.3930220066148 134.34854055406117 1.0 310.66823623315696 131.81152167606714 1.0 318.1178077800726 136.88555943205523 1.0
0.9989604931666951 0.04558435139555586 -508.64214535890966 499.50293150779794 211.88083774317997 1.0 498.47575235304004 234.391005456295 1.0 500.5301106625559 189.37067003006493 1.0
-0.00033432920544872245 -0.9999999441119896 297.0676951934024 436.24959775540685 296.92186080637947 1.0 455.6245955897465 296.9153831783859 1.0 416.8745999210672 296.928338434373 1.0
0.04545650147143625 0.9989663189887722 -142.93903812837857 246.22192321797894 131.88297584115185 1.0 215.57506061855898 133.27751650620215 1.0 276.86878581739893 130.48843517610158 1.0
0.08687517045454715 -0.9962192051744904 301.5496103419523 344.92169980575966 332.77288781838314 1.0 351.8529955425488 333.37733059109496 1.0 337.99040406897046 332.1684450456713 1.0
0.19193101232201482 -0.9814084198278751 373.968614112302 70.16619711706815 394.77517772235706 1.0 79.66675220688775 396.6331719265742 1.0 60.665642027248566 392.91718351813984 1.0
0.05387845238178375 0.9985475013082473 -262.2371579541581 193.76557388525353 252.1636360598368 1.0 176.80505962902714 253.07877155266755 1.0 210.72608814147992 251.248500567006 1.0
0.03306521910828063 -0.9994531961454329 204.77827538030627 198.18052114895482 211.44677764814355 1.0 218.15865497466123 212.10772042652394 1.0 178.2023873232484 210.78583486976314 1.0
0.9959172603995511 -0.09027076181274137 -245.13491661925295 286.7030234671222 447.5155880947686 1.0 287.55604269703304 456.9265707591584 1.0 285.8500042372113 438.1046054303788 1.0
0.9247059421976677 -0.380682177760299 -412.6692443918581 621.7672854970249 426.2943438175291 1.0 626.6721065777278 438.2085269963338 1.0 616.8624644163218 414.38016063872453 1.0
-0.1711538866519974 0.985244308323532 -91.31087128451945 114.34135710373175 112.54146613296278 1.0 70.10694275226761 104.85718734437437 1.0 158.5757714551959 120.2257449215512 1.0
0.9995342731835274 0.03051617163861948 -389.8851340923574 379.64863042941784 341.23927254981425 1.0 379.32396508741965 351.8734418841918 1.0 379.97329577141596 330.60510321543677 1.0
-0.9996821998311122 0.025209112257838114 422.0739470416102 430.2770316546903 319.9772533538688 1.0 430.1037740867061 313.10662241183695 1.0 430.45028922267454 326.8478842959006 1.0
0.99983095235341 0.018386590659304595 -334.6928377888517 330.2668469215501 243.7549072346717 1.0 330.04833177576563 255.63738236894923 1.0 330.48536206733456 231.87243210039418 1.0
0.1322623468560564 -0.9912147454533392 122.50413792049135 146.17072129841972 143.09413899628044 1.0 167.0084855998198 145.87461782024712 1.0 125.33295699701964 140.31366017231377 1.0
-0.12926668294947258 0.9916098651582892 -354.518420358711 599.4515472342325 435.6628031223235 1.0 573.0793846949381 432.2249168190093 1.0 625.8237097735268 439.1006894256377 1.0
0.9999997476334188 0.0007104457042803928 -168.566228184561 168.45126744843134 161.87478776668843 1.0 168.4326179379422 188.1252185458977 1.0 168.46991695892044 135.62435698747916 1.0
0.33649752541768335 0.9416843501873521 -435.9207243424725 289.7745721994439 359.36914296288705 1.0 263.68431486102946 368.6921257969337 1.0 315.8648295378583 350.0461601288405 1.0
-0.9351030646291497 -0.3543758718101055 286.5981934805951 193.87408972645784 297.15888242421465 1.0 195.6879573684106 292.3725712621202 1.0 192.06022208450509 301.94519358630913 1.0
0.9896323030381118 0.14362417896539184 -303.50296358686967 238.9476965625867 466.72228043258394 1.0 237.30999906235104 478.00671986689747 1.0 240.58539406282236 455.43784099827036 1.0
-0.056108419202956734 0.99842468183361 -298.956624974583 412.49386241198977 322.6092156835531 1.0 405.60549345647047 322.2221103765498 1.0 419.38223136750906 322.99632099055646 1.0
-0.9919194921501499 -0.12686891302674863 265.7295680562427 219.17382120914914 380.91902481789657 1.0 219.9603446327687 374.7696230747253 1.0 218.38729778552954 387.0684265610679 1.0
0.9999854731182396 0.005390134737696491 -263.5758389030248 262.4409871034342 211.24968190791537 1.0 262.3297990309746 231.87745146366765 1.0 262.55217517589386 190.62191235216306 1.0
0.03575704495767984 -0.9993605123957492 231.4846440669446 559.4054753106946 251.64825673801673 1.0 625.6377718808925 254.01804339331846 1.0 493.17317874049655 249.278470082715 1.0
0.16211997731959504 -0.9867710539704203 378.7270159726613 89.0082988905792 398.42781949078494 1.0 93.36829582280832 399.1441382365795 1.0 84.64830195835009 397.71150074499036 1.0
0.3904751860995948 0.9206134525632823 -451.2004860162627 395.33039375683165 322.430414325097 1.0 383.5489616225297 327.4274702472676 1.0 407.1118258911336 317.43335840292633 1.0
-0.03173935048460242 0.9994961798980602 -217.5860158528063 196.28401750875338 223.92876289118962 1.0 175.6203135534394 223.27257975078516 1.0 216.94772146406734 224.5849460315941 1.0
-0.995483133560903 0.09493856326996568 247.4853205211292 291.1731990963779 446.3169302846479 1.0 290.0396292886736 434.4308264147729 1.0 292.3067689040822 458.2030341545229 1.0
-0.12972360122939722 0.9915501940315862 -354.2030563307579 510.7502691852776 424.04249740377975 1.0 459.47840128592844 417.33464601542164 1.0 562.0221370846267 430.7503487921378 1.0
-0.060366291999870016 0.9981762924404619 -321.1934976489783 347.5198276843694 342.79714278340003 1.0 341.8400054342536 342.4536465382432 1.0 353.1996499344852 343.14063902855685 1.0
0.9999944545227445 0.003330303853816928 -119.68872885870911 118.87346918711438 244.99832974073865 1.0 118.82975919142717 258.1231841723643 1.0 118.9171791828016 231.873475309113 1.0
-0.958130401211059 -0.2863322096361762 670.67223680826 574.1150058575633 421.1723021238005 1.0 576.9944250632673 411.537133651761 1.0 571.2355866518595 430.8074705958399 1.0
-0.9999975375119393 0.002219227355997477 279.26035927565675 280.1542843250646 402.498270586649 1.0 280.08354662728334 370.6234275700696 1.0 280.22502202284585 434.37311360322843 1.0
-0.20505900816567577 0.9787496120919329 -198.05110486089117 403.2634139997667 286.839347976996 1.0 393.3075907967567 284.7534914859589 1.0 413.2192372027768 288.9252044680332 1.0
-0.008136048817511494 -0.9999669018070743 231.04258038298025 193.74571908374276 229.47385092412046 1.0 210.62468690042354 229.33651827251214 1.0 176.86675126706197 229.61118357572877 1.0
-0.9994005387418073 -0.03462027097793047 635.3740549830522 628.5017463695311 209.38805088490298 1.0 629.9752222697737 166.85249102564603 1.0 627.0282704692886 251.92361074415993 1.0
0.40885692747430036 -0.9125984948794704 293.66792207346026 167.56886730060634 396.86632876396425 1.0 172.66585290647294 399.149849814994 1.0 162.47188169473975 394.5828077129345 1.0
-0.09328610220592713 -0.9956393439068312 103.1262687173404 54.40827760505849 98.48017072836942 1.0 108.27102485855143 93.43351826718308 1.0 0.5455303515655441 103.52682318955576 1.0
-0.9999729827001012 -0.007350773419410963 262.4445828114155 260.97686577121243 200.62758655543996 1.0 261.4730971139916 133.12204562312905 1.0 260.48063442843323 268.13312748775087 1.0
0.25331011400778874 -0.9673851281373729 352.16607690810844 182.3586431360481 411.78983840512177 1.0 189.55827815670096 413.6750652034782 1.0 175.15900811539527 409.90461160676534 1.0
0.918986821378273 0.39428824752084396 -721.9990919167875 631.2314933404384 359.9033681329694 1.0 622.7214405946876 379.7381625295881 1.0 639.7415460861894 340.06857373635063 1.0
0.9998888342543331 -0.014910369999133567 -269.8053090409662 276.1077087787609 420.6271218506334 1.0 276.3314784153704 435.6331050089287 1.0 275.88393914215146 405.6211386923381 1.0
-0.29541593600419525 -0.9553687375850046 435.7552890668455 290.40622007471313 366.3137069218734 1.0 299.84503077504786 363.3950693444556 1.0 280.9674093743784 369.2323444992912 1.0
-0.9999223270805145 -0.012463539059537107 467.62847699886777 464.5799016219953 247.49476368073664 1.0 464.72799173976233 235.61381923406904 1.0 464.4318115042283 259.37570812740427 1.0
-0.10040135626847105 0.9949470175137224 -317.7503033177874 596.2342784303767 379.53079599109674 1.0 571.8552538937435 377.07067792963767 1.0 620.61330296701 381.99091405255575 1.0
-0.2701037163993569 -0.9628312325570124 377.59724847930795 71.33089446370045 372.1633622529524 1.0 78.35448257806038 370.1930301864398 1.0 64.30730634934051 374.13369431946506 1.0
0.0907404847423442 -0.9958745726389063 276.9248166697692 246.71086450386062 300.5513830049157 1.0 258.03767036892845 301.5834405380799 1.0 235.3840586387928 299.5193254717515 1.0
0.9933633708351998 0.11501831803208343 -436.1848717293965 397.7107982876613 357.45204092915253 1.0 395.4640349368587 376.8563623781911 1.0 399.95756163846397 338.0477194801139 1.0
-0.3994434111009853 -0.916757853158624 466.62429507840613 411.7046168493172 329.6089556440453 1.0 422.16890143520584 325.0495297113224 1.0 401.24033226342857 334.16838157676824 1.0
-0.05186276775078118 0.9986542211001906 -183.26733827687528 580.0059432754749 213.63555803329393 1.0 571.8704268597824 213.2130590446701 1.0 588.1414596911676 214.05805702191773 1.0
-0.4398125203348755 -0.8980896096474363 371.721620937739 196.6134033480036 317.6170633926124 1.0 202.63154762978095 314.66985726098096 1.0 190.59525906622625 320.56426952424385 1.0
0.02445981739583941 -0.999700813910323 120.24169733543597 172.46642026328763 124.49744238495201 1.0 190.61114201414597 124.94139178916258 1.0 154.3216985124293 124.05349298074144 1.0
-0.5348545428561418 -0.844944150808885 520.9666692028009 273.2569609630723 443.5961144956385 1.0 283.33947713809135 437.21382334128594 1.0 263.17444478805317 449.9784056499911 1.0
-0.779800300126957 0.6260283475385982 -199.97182071620227 44.029507264671764 374.2738561550349 1.0 41.034285753406564 370.5429154674212 1.0 47.02472877593697 378.0047968426486 1.0
0.14617532975640118 -0.9892586987085872 120.02658453065764 188.07039079588685 149.11957419756482 1.0 195.68127137410036 150.24417687198078 1.0 180.4595102176733 147.99497152314882 1.0
-0.10009138316284852 -0.9949782485142817 282.15630158849 158.20452576216792 267.66554161360585 1.0 174.41621456757522 266.03470158432697 1.0 141.99283695676058 269.29638164288474 1.0
-0.061881560344078795 0.9980834997581024 -127.48148934673681 8.741119711853727 128.26822956665296 1.0 3.060455973702566 127.91602623297194 1.0 14.42178345000489 128.62043290033398 1.0
0.0970980487308798 0.9952748208071255 -109.68720348577862 13.202552366530174 108.9199275882507 1.0 0.578804647243607 110.15148820406091 1.0 25.82630008581674 107.68836697244049 1.0
0.16539870815637722 -0.9862267829156749 300.31552635932724 181.56725596372075 334.95999263231374 1.0 204.06343186328832 338.7327946862661 1.0 159.0710800641532 331.18719057836137 1.0
0.08723590609600003 -0.9961876814574703 260.20425666126016 356.1503429236204 292.3880308442043 1.0 372.9512370146199 293.85928093746685 1.0 339.349448832621 290.9167807509418 1.0
0.9999288673553393 0.011927289275790539 -260.946823797015 258.54996752032486 202.4976139850268 1.0 257.7373898243555 270.62037653242936 1.0 259.3625452162942 134.37485143762422 1.0
-0.09689412193603614 -0.9952946946177522 281.740252192704 59.354931865628615 277.29386048119716 1.0 118.21637186509572 271.5635701707184 1.0 0.493491866161504 283.02415079167594 1.0
0.0016005750079283584 -0.9999987190790017 413.1707167935303 200.62341165252977 413.49235926327253 1.0 211.8763839061215 413.5103705124975 1.0 189.37043939893803 413.4743480140475 1.0
-0.995427067250443 -0.0955246239729953 287.31727978977625 243.82208359075926 467.00187171368265 1.0 244.90893058738743 455.6762378257191 1.0 242.7352365941311 478.3275056016462 1.0
0.9999923282747941 0.003917064150111151 -223.70918683523425 223.01317239509953 178.1245619607373 1.0 222.88095331500293 211.87894041389663 1.0 223.14539147519613 144.37018350757802 1.0
-0.9998264120983898 -0.01863184559995659 376.41249458966433 369.45450600294896 376.88812852602445 1.0 369.5944375540203 369.3790892364673 1.0 369.3145744518776 384.3971678155816 1.0
-0.9999819522205527 0.0060079308561350716 252.21391334363173 254.74556091604018 420.61901863090293 1.0 254.58032323979555 393.11625636079873 1.0 254.91079859228483 448.1217809010071 1.0
0.10446848364186642 -0.9945281976523185 251.61915714587172 404.39002238120133 295.48198862298125 1.0 415.7769857922336 296.67811237658026 1.0 393.00305897016915 294.28586486938224 1.0
0.9624634114006521 0.27141146201849903 -659.6881111193788 567.3887499437133 418.5423799473092 1.0 564.0104789929546 430.5222062955467 1.0 570.7670208944719 406.5625535990717 1.0
0.9998155714851302 0.019204765446695145 -615.5732825513788 611.6894027329711 208.10942979802573 1.0 611.5451630420337 215.61866439011945 1.0 611.8336424239084 200.600195205932 1.0
-0.41022914912646263 -0.9119824807566088 416.0368755742842 140.7349866860541 392.88395259136996 1.0 145.54285749976907 390.7212698703336 1.0 135.92711587233913 395.0466353124064 1.0
-0.010708075052690955 0.999942666920792 -199.8969037861834 580.6330188421834 206.1261835788259 1.0 566.8845954566643 205.97895598834648 1.0 594.3814422277027 206.27341116930532 1.0
0.46956949583666224 0.8828955139651027 -514.2159508536303 266.03838057741524 440.9269686560877 1.0 255.91131868391733 446.3130639215173 1.0 276.16544247091315 435.5408733906581 1.0
0.005148783802431822 0.9999867449248293 -93.28665295099977 313.12719157750064 91.67564390645579 1.0 303.1242387300253 91.7271476307391 1.0 323.13014442497604 91.62414018217248 1.0
0.2259646419269372 -0.9741355042286628 63.38408784410854 193.01711577098695 109.84008983410732 1.0 239.10679167769635 120.53124837168127 1.0 146.92743986427757 99.14893129653338 1.0
-0.023635591009183717 -0.9997206403979296 129.00311498184212 204.3858052898048 124.20703410755225 1.0 214.3949869957937 123.97039507502693 1.0 194.3766235838159 124.44367314007756 1.0
-0.4639773002689599 -0.8858470888562695 518.8109949117548 254.34760745220566 452.44770087091354 1.0 262.0312270542007 448.4232759740273 1.0 246.66398785021062 456.4721257677997 1.0
-0.9999999783531944 -0.00020807116707030973 503.2102167664033 503.16718287973464 206.87526886600565 1.0 503.1729048908222 179.37500996762674 1.0 503.16146086864705 234.37552776438457 1.0
0.17491946347830464 -0.984582744768799 102.41397442367305 83.0112467069465 118.76529197937138 1.0 111.74270159654455 123.86967828000653 1.0 54.279791817348446 113.66090567873624 1.0
0.11326354111964868 0.9935649803878142 -63.147058692632356 268.2505399475566 32.976255481675366 1.0 170.73531610775945 44.092709647420506 1.0 365.7657637873537 21.859801315930223 1.0
0.9659192266352432 0.25884367408992937 -450.9205990444089 360.8835325420503 395.3593099997603 1.0 358.9246168713071 402.6693372445079 1.0 362.84244821279356 388.0492827550126 1.0
-0.04283820526300698 0.9990820227438008 -268.8650253253596 450.6117851089856 288.43320058786117 1.0 439.32893151611876 287.94941928946855 1.0 461.8946387018525 288.9169818862537 1.0
-0.035401814166861174 0.9993731593122236 -225.83555625232722 290.0221061230272 236.250956669743 1.0 263.136563721435 235.29856269457215 1.0 316.9076485246194 237.20335064491388 1.0
0.9999617502675235 -0.008746313618381444 -380.5804003547889 384.00613120346964 389.99775971047654 1.0 384.0771444721965 398.1166719272896 1.0 383.9351179347427 381.87884749366344 1.0
-0.9985319873426965 0.054165212576383424 365.772834917128 387.4305352291309 389.3448650777732 1.0 386.9536180394252 380.5529293207924 1.0 387.90745241883667 398.13680083475396 1.0
0.11424660753538474 -0.9934524209375383 185.03229117032942 98.19183670611682 197.54380911012018 1.0 110.67055632549992 198.97885657978597 1.0 85.7131170867337 196.1087616404544 1.0
-0.9999708216799228 -0.007639096070871026 178.24847449937312 176.41068056266346 241.25122749007102 1.0 176.48233147104597 231.87200027985654 1.0 176.33902965428098 250.63045470028547 1.0
-0.9996536721531329 0.026316073999674023 360.71830488829704 369.8108574106161 340.64643245928596 1.0 369.64557324086246 334.3678771077152 1.0 369.9761415803697 346.9249878108568 1.0
-0.03055762688343354 -0.9995330066782451 269.132139924485 418.73719918325617 256.4562882035416 1.0 426.8927915095448 256.2069562198502 1.0 410.58160685696754 256.705620187233 1.0
0.03490188582239502 0.9993907435863315 -302.78219235270814 16.246486663552723 302.3993981029455 1.0 9.358060998770814 302.6399637151359 1.0 23.13491232833463 302.15883249075506 1.0
-0.9989703732713076 -0.04536731561580787 575.1103516965618 566.762447093452 196.8698885138424 1.0 567.1615751219914 188.0812469501777 1.0 566.3633190649127 205.65853007750707 1.0
0.339804335838481 -0.940496152754156 435.5480575196192 37.57080935553344 476.67901684312267 1.0 42.94578839378273 478.62101434825814 1.0 32.19583031728415 474.73701933798725 1.0
0.1275970197184692 0.9918260939090907 -66.36469273726689 129.32978373849406 50.273528875286104 1.0 89.34825344782642 55.417096018963704 1.0 169.3113140291617 45.1299617316085 1.0
0.09868096110487667 -0.9951191224750018 239.0556803188047 392.5220499932332 279.15264332986646 1.0 400.69067843432055 279.962685150257 1.0 384.3534215521459 278.34260150947586 1.0
0.03202303247554535 0.9994871311783209 -164.2893323655605 83.11973023954899 161.71052283003783 1.0 55.60792253021878 162.59198641696585 1.0 110.63153794887918 160.8290592431098 1.0
-0.08608856136267108 0.9962874884301748 -388.03306675586555 138.16451336856363 401.417718868772 1.0 130.61288647581662 400.76518764390573 1.0 145.71614026131067 402.0702500936382 1.0
-0.47472917034204526 0.8801319303526906 -222.47806459395397 264.47830388861644 395.4334780616378 1.0 257.10172114833927 391.45466660907755 1.0 271.85488662889367 399.41228951419805 1.0
0.9420178984646206 -0.3355626304764879 138.28829813751418 21.821152408935493 473.3668169375778 1.0 23.612811701832154 478.3965043001502 1.0 20.029493116038832 468.3371295750055 1.0
0.9999830771930899 0.005817673713682451 -69.82520391651634 67.21201280084333 449.37696066369256 1.0 67.17561064879457 455.63402109947396 1.0 67.24841495289209 443.1199002279111 1.0
-0.9953678869063805 0.09613932450109731 404.3322717057035 440.6171637443698 356.19039017505906 1.0 439.8223198314004 347.96106143597785 1.0 441.4120076573392 364.4197189141403 1.0
0.1231981344139634 -0.9923820935894194 183.77917389941638 151.91543360477522 204.04930038166492 1.0 166.99341595631913 205.92113917081323 1.0 136.83745125323134 202.17746159251664 1.0
-0.11961499275073567 -0.9928203530897427 67.29608852090867 218.08082809002212 41.508367270670924 1.0 318.1345059326664 29.453900505775206 1.0 118.02715024737783 53.562834035566645 1.0
0.998974029371637 -0.04528673802556067 -46.5143606427158 67.75618370203225 467.5167196409261 1.0 68.23942523643497 478.1764792930686 1.0 67.27294216762952 456.85695998878356 1.0
0.9999970112745455 -0.0024448807693557275 -595.2028591423011 595.699727434354 202.49981729978674 1.0 595.7379285822021 218.12472390225585 1.0 595.6615262865059 186.87491069731763 1.0
0.9998984414724236 0.01425155223189387 -384.24678759760906 378.9943393065777 371.25348256807445 1.0 378.8784302628345 379.38573864134446 1.0 379.11024835032083 363.1212264948045 1.0
-0.999951135812227 -0.009885645544788093 433.8021072254606 430.44338100734046 341.8855621520563 1.0 430.56694553847484 329.3867837269043 1.0 430.31981647620614 354.3843405772083 1.0
0.4136261772097073 0.9104468054350479 -461.53166546702107 448.44153825290863 303.19674323589186 1.0 443.590875140865 305.4004537964534 1.0 453.29220136495223 300.9930326753303 1.0
-0.383429757698654 0.9235700411507248 -422.46634002466214 43.540792144044694 475.5039204815332 1.0 35.50367823321609 472.1672286204743 1.0 51.577906054873296 478.8406123425922 1.0
0.9999632637197421 0.008571534924476584 -369.49420791137726 366.28802429228654 375.61996853238406 1.0 366.1915980668572 386.8691419812608 1.0 366.38445051771595 364.3707950835074 1.0
-0.23018298381385965 0.973147364977447 -59.071971095957366 202.08166566967662 108.50127706642394 1.0 163.4247864672182 99.35758915235347 1.0 240.73854487213504 117.64496498049442 1.0
-0.5187180394697383 -0.85494537575723 525.2087856246478 374.05133686154693 387.3716601057255 1.0 382.2075340210499 382.4230789213909 1.0 365.89513970204393 392.32024129006 1.0
0.18084759347661225 0.9835111325926708 -341.23022872865386 267.3244958401265 297.7955482888457 1.0 260.56318255965294 299.03881559410917 1.0 274.08580912060006 296.55228098358225 1.0
0.9996788502584355 0.02534159320115135 -348.69336731647087 339.90135530659273 351.2474993832358 1.0 339.7267864324356 358.1339176925791 1.0 340.0759241807499 344.3610810738924 1.0
0.9999653738041613 0.00832173015087708 -321.05304262609815 319.30613825752414 211.2494269313182 1.0 319.092901306248 236.87265236950515 1.0 319.5193752088002 185.62620149313125 1.0
0.9993395798368884 -0.03633736604972113 -484.792714609188 493.7035305036448 236.25168969500783 1.0 494.0918357977466 246.93074796591233 1.0 493.315225209543 225.57263142410335 1.0
0.1580092969050337 -0.9874376244054998 379.38675710872263 98.04069917688071 399.90181586556497 1.0 101.89210356568647 400.5181157558376 1.0 94.18929478807493 399.28551597529236 1.0
0.9999867383884788 0.0051500531232215865 -364.89444420038154 363.6407087518577 244.3776559626905 1.0 363.58920890360554 254.3773907322188 1.0 363.6922086001099 234.37792119316222 1.0
0.03451475130657295 0.9994041884754363 -164.6603584902116 146.2183595798104 159.70882453108948 1.0 125.57481174972659 160.4217562234487 1.0 166.86190740989417 158.99589283873027 1.0
0.9999978959086864 -0.002051384459433058 -434.2883276729336 434.990560034587 341.87501936503907 1.0 435.00851224095084 350.6262646560693 1.0 434.97260782822326 333.12377407400885 1.0
-0.999999514111517 -0.0009857873655990533 382.78003469957184 382.42841711323916 356.8755455518632 1.0 382.4481328509715 336.8755649873978 1.0 382.40870137550684 376.87552611632856 1.0
0.9989086566784323 0.04670648362796968 -474.7921107779419 459.9672346384016 328.15269141828685 1.0 459.4396332721719 339.43646898116555 1.0 460.49483600463134 316.8689138554081 1.0
0.1062393686256663 -0.9943405837810402 399.6195814040547 234.434617936482 426.9420097320588 1.0 248.22749585626184 428.4156965810419 1.0 220.64174001670216 425.4683228830757 1.0
0.15021603001565667 -0.9886531971962339 356.61863538298167 600.6108083513667 451.9684029397084 1.0 632.4551327470843 456.8068316251375 1.0 568.766483955649 447.1299742542793 1.0
-0.5227030528395635 -0.8525148201364012 471.8308881597369 239.01384129495048 406.9109597278926 1.0 247.87974763958624 401.47499990283137 1.0 230.14793495031472 412.3469195529538 1.0
-0.9993638692681805 -0.03566310139809441 623.3513751952947 616.1650357944295 212.49696798416306 1.0 616.857953566621 193.07978443155767 1.0 615.472118022238 231.9141515367685 1.0
-0.8930743254009946 0.4499091567300654 -180.56644154521973 33.03730811589241 466.9191770416065 1.0 30.771480993587446 462.4214867891232 1.0 35.30313523819737 471.41686729408974 1.0
0.11898167219816427 -0.9928964506336643 184.4864080693049 130.60025439287563 201.45650092597157 1.0 135.75097710131027 202.0737270228999 1.0 125.44953168444096 200.83927482904323 1.0
0.07130379690229645 -0.9974546448572568 168.13743790023256 578.754347040441 209.93919011514754 1.0 585.6388443888388 210.43133359579153 1.0 571.869849692043 209.44704663450355 1.0
0.999294514677094 0.037556263609030714 -311.0590785676727 307.40309403378717 103.12135800461333 1.0 307.0269148060393 113.1307093803858 1.0 307.7792732615351 93.11200662884086 1.0
-0.6131603182515853 -0.7899584951892185 495.8182019263034 348.0953255575116 357.4617692514732 1.0 351.9491146552045 354.4704848181691 1.0 344.2415364598188 360.4530536847773 1.0
-0.12662553370667567 0.9919505906109939 -3.2648898245055302 371.24276707817035 50.68166077662775 1.0 364.3209931642691 49.79807511788559 1.0 378.16454099207164 51.565246435369914 1.0
-0.9996644441493785 -0.025903650389745906 513.2282235060804 506.2260334985947 276.87437897173686 1.0 506.42066506004664 269.3632271160955 1.0 506.0314019371427 284.38553082737815 1.0
-0.9994130237859665 0.03425796092868731 57.99574736087352 73.75560707527325 458.7712316010595 1.0 73.09078167670519 439.37617293846944 1.0 74.4204324738413 478.16629026364967 1.0
0.17744712650448635 -0.9841303355223335 95.94970021763662 103.26186458286044 116.11594241194621 1.0 149.58359063403103 124.46814626728778 1.0 56.94013853168985 107.76373855660464 1.0
0.06058126797882637 -0.9981632681931737 341.72857197710795 322.4966257310341 361.93059592017687 1.0 335.6490432949376 362.7288522359503 1.0 309.34420816713055 361.1323396044034 1.0
0.9181436150546856 -0.39624777871215056 -410.54554959733827 629.3719855006215 422.23156664276564 1.0 638.8023713832217 444.08266348361656 1.0 619.9415996180212 400.38046980191467 1.0
-0.02867029908029311 0.9995889224829607 -229.99647113313506 527.493670518576 245.22067713694804 1.0 501.87182234023754 244.48578899069076 1.0 553.1155186969144 245.95556528320535 1.0
0.12121447752970668 0.9926263397861252 -66.17782119621104 51.22425493872094 60.4141734843411 1.0 28.138227689462187 63.23332165630923 1.0 74.3102821879797 57.59502531237297 1.0
0.5261664026819869 0.8503816300277761 -522.5855953194163 374.2695490501874 382.95457188043065 1.0 370.43913500465834 385.32460800062853 1.0 378.09996309571636 380.5845357602328 1.0
0.10515621110614323 -0.9944557160908676 328.938668694027 23.73337813805044 333.2821919095785 1.0 30.66307205952402 334.01495491261284 1.0 16.803684216576862 332.5494289065441 1.0
0.00957038052269708 -0.9999542028596363 191.8024487920431 63.125809701928716 192.41539888672497 1.0 70.64306640222854 192.48734518876853 1.0 55.60855300162889 192.34345258468142 1.0
0.11080252825330851 -0.9938424421067329 378.4747359524932 118.2362989268756 394.0017051141915 1.0 125.85069540350355 394.8506267792243 1.0 110.62190245024767 393.1527834491588 1.0
0.4993738201080352 -0.8663866271998361 213.00442853168732 264.3269571080236 398.2083518247539 1.0 272.1199045150304 402.7001038836651 1.0 256.53400970101677 393.7165997658427 1.0
0.20829583698325171 -0.9780658690985218 330.64831594901614 355.1442878655437 413.6974874838727 1.0 362.2303187921464 415.2065788338309 1.0 348.05825693894093 412.1883961339145 1.0
-0.18988626572180622 0.9818060939361843 -60.83755510225746 334.3032693535149 126.6208829892109 1.0 323.109349235924 124.45592220617496 1.0 345.4971894711058 128.78584377224684 1.0
0.9999904133993913 -0.004378710919280677 -425.9130935476912 427.4333211144829 346.25029197036304 1.0 427.47438311901055 355.62784889055223 1.0 427.39225910995526 336.8727350501739 1.0
-0.507539204138796 0.8616286649492099 -247.0129368336821 22.337754186424235 299.83940103819185 1.0 18.46046353326241 297.55549720307914 1.0 26.215044839586056 302.12330487330456 1.0
-0.33765711639843077 -0.9412691813426681 438.590726972324 92.78593345310485 432.67208181540263 1.0 110.83087398803495 426.1989042086373 1.0 74.74099291817474 439.1452594221679 1.0
0.1033252244273104 0.9946476250396649 -59.41776930603904 428.83462539667744 15.189636022227752 1.0 390.73125607647756 19.147861113540205 1.0 466.93799471687726 11.231410930915297 1.0
0.9967998149079809 0.07993828243973584 -544.6885069808968 529.349845927792 213.07286094552165 1.0 528.8478366900424 219.3327241799878 1.0 529.8518551655416 206.8129977110555 1.0
-0.9979435404596594 0.06409906438350124 -12.55039001150514 17.894352279716927 474.3898147690455 1.0 17.64933923995704 470.57526329768734 1.0 18.139365319476813 478.2043662404036 1.0
-0.2124232865470438 -0.9771777460280973 359.06931149685266 608.6457276546158 235.14533217689174 1.0 614.2763762438013 233.92131650157788 1.0 603.0150790654303 236.3693478522056 1.0
-0.10867623080299618 -0.9940771986412594 80.20063006800308 97.56961711415013 70.01179781034472 1.0 110.67464470176176 68.57910726605141 1.0 84.46458952653852 71.44448835463803 1.0
-0.2786634089513776 0.9603888298556982 -29.90656210870492 44.1366083042259 43.94659592683284 1.0 0.4386246662633475 31.26732612869722 1.0 87.83459194218845 56.62586572496846 1.0
-0.12508353473622386 0.9921462136892384 -186.23345993751593 146.26291233335374 206.1475810631365 1.0 125.57279271768657 203.53910132503458 1.0 166.9530319490209 208.75606080123845 1.0
0.994258828241838 -0.10700178719613732 -520.0928181508581 565.4873115612072 393.8993425442194 1.0 566.4990058351369 403.299988923074 1.0 564.4756172872775 384.4986961653648 1.0
0.14707109692914758 -0.9891259234536608 104.20575896508045 34.48955824574991 110.47953909379484 1.0 40.695291220152384 111.40225675203597 1.0 28.283825271347443 109.55682143555372 1.0
0.08119758146160279 -0.9966980248624889 274.69648740280934 454.93535125995254 312.6685614627335 1.0 460.6244272055875 313.132031035276 1.0 449.24627531431764 312.20509189019106 1.0
0.12660356063859074 0.9919533952931613 -84.87967043792247 106.18814415404947 72.01535236371035 1.0 85.50127857438193 74.6556284626331 1.0 126.87500973371702 69.37507626478758 1.0
0.4289199527823422 -0.903342500995715 -71.33225387580062 338.4807681581375 81.75072150255107 1.0 344.79175869277424 84.74727016393086 1.0 332.1697776235008 78.75417284117127 1.0
0.7124055955995794 0.701767958344073 -671.423626300663 566.8961371997432 381.27082157916846 1.0 562.8620912331755 385.3660169857385 1.0 570.9301831663107 377.17562617259847 1.0
-0.12307717992599285 0.9923971018606739 -186.5845101149775 83.10079996301343 198.32012997116794 1.0 55.55933936153412 194.9044354920956 1.0 110.64226056449273 201.7358244502403 1.0
0.9999983500087122 -0.001816584667217228 -529.8634925489459 530.2174673926896 194.37574031870733 1.0 530.2356332093883 204.3757073189088 1.0 530.199301575991 184.37577331850585 1.0
-0.9981513123924812 0.0607779365326525 195.05565247243135 219.9635369444584 403.12722025383124 1.0 219.50623639261838 395.6170089499034 1.0 220.42083749629845 410.6374315577591 1.0
0.07988356401776946 0.9968042015359982 -103.36874699726846 334.37726528105134 76.90326666157674 1.0 321.85749723824534 77.90659679440925 1.0 346.89703332385733 75.89993652874423 1.0
-0.9963263776400524 -0.08563731207045051 155.78276434266286 119.66381052897691 426.8998241519589 1.0 120.41955145360257 418.10734106646464 1.0 118.90806960435124 435.6923072374532 1.0
-0.0852076471570498 -0.9963632153316178 102.17098337358928 170.6103374873613 87.9535460434015 1.0 231.94625250347784 82.70818077466404 1.0 109.27442247124478 93.19891131213896 1.0
-0.049577767620391296 -0.9987702663564723 389.13971067753283 329.3821331417854 373.26870090189567 1.0 335.61677092277154 372.9592209008233 1.0 323.1474953607993 373.57818090296803 1.0
0.08065977095771108 -0.996741692390285 245.46062985309095 440.0004545555604 281.86938289406044 1.0 449.4149570139729 282.6312368606135 1.0 430.5859520971478 281.10752892750736 1.0
-0.10295369952677963 0.9946861493726297 -134.26194025992095 28.2130449914237 137.8993541864612 1.0 18.127027223362532 136.85541400153988 1.0 38.29906275948487 138.9432943713825 1.0
-0.09531974540851867 0.9954467068282737 -400.28144564013127 238.81176431039842 424.9799806588118 1.0 229.40333703205212 424.07906965401884 1.0 248.2201915887447 425.8808916636048 1.0
-0.12891487461943993 -0.9916556635757464 68.85963833638736 52.51458393935239 62.61218446357518 1.0 75.65476591838129 59.603969245259464 1.0 29.374401960323492 65.6203996818909 1.0
-0.3292578461895337 -0.9442400493108887 433.788041314225 63.84317406916605 437.1422030102912 1.0 110.68852086427182 420.8071640538151 1.0 16.997827274060267 453.47724196676734 1.0
0.19900649769771342 -0.9799981703422156 70.8645350327475 271.7491963047268 127.49451440086783 1.0 281.84072545254264 129.54378340248232 1.0 261.657667156911 125.44524539925334 1.0
-0.03589110320131736 -0.9993557067986316 134.2180355521359 289.38080642129074 123.91167461391291 1.0 304.38390133871036 123.37284982474425 1.0 274.3777115038711 124.45049940308157 1.0
0.16271090085387907 -0.9866737874005366 99.62922028740682 196.2157840726235 133.3324843079155 1.0 210.41088651305478 135.67337745344108 1.0 182.02068163219224 130.99159116238994 1.0
0.9999960360114324 0.0028156635846768876 -239.07431044020558 238.5068407652082 201.87607513939957 1.0 238.4258907580349 230.6258472105087 1.0 238.58779077238148 173.12630306829044 1.0
0.2046466295643714 -0.9788359193490721 361.1022371713216 239.3336648811307 418.94770811357097 1.0 249.29045396081884 421.0293882870944 1.0 229.3768758014425 416.86602794004756 1.0
-0.06856980468331254 -0.997646321040524 108.07612860012868 406.23521709159945 80.40991824137251 1.0 466.91721143530344 76.23914908983404 1.0 345.5532227478955 84.58068739291097 1.0
-0.9984117534192495 -0.05633800346391252 385.62788498701707 363.3541367543246 405.6026623774412 1.0 363.77798442214015 398.0913118291844 1.0 362.9302890865091 413.1140129256981 1.0
-0.1769548829507855 0.9842189641537465 -75.3973227412423 286.75584975508025 128.1627109050512 1.0 273.1098495165824 125.70926663817912 1.0 300.4018499935781 130.61615517192325 1.0
0.06361126447449388 -0.9979747527026703 211.54337032098212 558.7444395452183 247.58723601914687 1.0 565.6312971160211 248.02620676179154 1.0 551.8575819744154 247.14826527650223 1.0
-0.14045025149211374 -0.9900877369484998 69.97687722399212 98.72137270645017 56.67319521870128 1.0 116.83647918484576 54.103451987117936 1.0 80.60626622805458 59.242938450284626 1.0
0.13387102744582138 -0.9909987628703683 382.0600501538178 138.1496508658687 404.192518562114 1.0 144.4534743191637 405.04408301824446 1.0 131.84582741257373 403.34095410598354 1.0
0.07383579283086009 0.9972704125246263 -100.96873795983119 419.96496359363084 70.15177732447225 1.0 371.82619938230266 73.71586964768001 1.0 468.103727804959 66.5876850012645 1.0
-0.02705102654663936 0.9996340540231575 -92.98110152485754 150.011511963631 97.07459097330754 1.0 143.12464209555424 96.88822587412467 1.0 156.89838183170775 97.2609560724904 1.0
-0.9993044883524891 -0.037289939106544184 313.9351928441168 310.14203414573416 107.50530013094829 1.0 310.39909325715524 100.61657008821372 1.0 309.8849750343131 114.39403017368285 1.0
0.3214431230345649 0.9469288878547245 -459.0643195816659 87.33721213372735 455.14544849580057 1.0 76.66860832676711 458.76699745276284 1.0 98.0058159406876 451.52389953883824 1.0
0.9984661014310674 0.0553664545825862 -513.1324318704643 498.52977326747987 277.55710248426317 1.0 498.1477968594039 284.4455785097842 1.0 498.9117496755558 270.66862645874215 1.0
-0.9985037105468227 -0.05468400153817218 445.93353968089764 426.40637316297284 368.75856392439425 1.0 426.78363210228645 361.8699961505337 1.0 426.02911422365923 375.64713169825484 1.0
0.15447979593932715 -0.987995947687309 353.9521448672039 459.87763794997056 430.1575826597235 1.0 490.5349297867091 434.9510559508616 1.0 429.2203461132321 425.36410936858545 1.0
0.9940675975506846 0.10876401748652904 -260.552173331899 227.50514366262297 316.25056278407305 1.0 227.02473046859836 320.6413824747381 1.0 227.98555685664758 311.859743093408 1.0
-0.03999728085891315 0.9991997885927986 -223.86160130752674 596.2586581123916 247.9087056948481 1.0 568.128695401309 246.7826826192323 1.0 624.3886208234742 249.03472877046391 1.0
0.35061948447139807 0.9365180068258223 -434.31990697213377 70.56566743279913 437.34152045155565 1.0 64.46832733695885 439.6242808741728 1.0 76.66300752863943 435.0587600289385 1.0
0.4585184240288106 0.8886849018781269 -494.0530746536059 188.15973421820857 458.8559668251403 1.0 182.44395940772606 461.8050301575625 1.0 193.87550902869108 455.9069034927181 1.0
-0.05076028204451063 -0.9987108659500816 138.33716602691544 242.52866662036342 126.18901706400953 1.0 260.67033418893163 125.26695223630564 1.0 224.38699905179521 127.11108189171344 1.0
-0.11228120093423452 -0.9936764724580964 65.51920690514471 342.4704467561992 27.23845699186184 1.0 365.6525682682359 24.618976189286432 1.0 319.2883252441624 29.85793779443725 1.0
-0.19382541705701675 0.9810360379224984 -371.5917620823061 200.57028443707983 418.4019396288418 1.0 193.11435948031192 416.92885636948296 1.0 208.02620939384775 419.87502288820065 1.0
0.3316597488001484 0.9433990730469383 -435.7731116403227 40.667568249106914 447.6210844755626 1.0 18.100316566897465 455.5547885016412 1.0 63.234819931316366 439.687380449484 1.0
-0.015351425587986725 0.9998821599230664 -6.821845834985365 475.6096498903165 14.124796451305485 1.0 465.59281953227384 13.971005702722863 1.0 485.6264802483592 14.27858719988811 1.0
-0.9944486796548246 -0.1052227329657225 431.00818662149555 394.5926832505386 366.898033090607 1.0 395.6529091086289 356.8779530661005 1.0 393.53245739244824 376.91811311511356 1.0
0.011902409706327709 -0.9999291638127087 419.8372568073132 201.87773774400557 422.2700003493617 1.0 209.38411371794504 422.3593506408472 1.0 194.37136177006607 422.1806500578761 1.0
-0.999999888487765 0.0004722546534044453 445.4957889359674 445.6499117065017 326.24998823532934 1.0 445.64430368311787 314.3749908837448 1.0 445.6555197298855 338.1249855869139 1.0
0.9349235296438088 0.3548492549215265 -723.049316038062 632.1094483464933 372.20120272752456 1.0 625.0233199290038 390.8710691558864 1.0 639.1955767639829 353.5313362991628 1.0
0.7838538228237792 0.6209453957028326 -292.09349578432295 97.29863037294056 347.57579958651235 1.0 94.94011138967385 350.55308894887816 1.0 99.65714935620728 344.59851022414654 1.0
0.2112441864236665 -0.9774333193124753 61.05998115420121 5.509290696658944 63.6603904898152 1.0 10.544266548071894 64.74855615429519 1.0 0.47431484524599443 62.57222482533522 1.0
-0.9931999749765931 0.1164208302087506 -10.078393556128793 25.95722168084351 308.0127964704135 1.0 25.498198916456015 304.09681857121893 1.0 26.416244445231005 311.928774369608 1.0
0.6499295960135513 -0.7599944211806176 -237.41979588177978 397.4822101588535 27.520802530163117 1.0 408.9718238408814 37.34645357522189 1.0 385.9925964768256 17.695151485104347 1.0
-0.21359549941228823 -0.9769221886265125 164.81632511127404 341.527945645792 94.0376767641728 1.0 352.7863519323052 91.57612461462531 1.0 330.2695393592788 96.4992289137203 1.0
-0.24754026526792772 -0.9688776068581028 350.81202609433944 34.703475199541096 353.21439593127707 1.0 43.229992037545436 351.03594095930646 1.0 26.176958361536755 355.39285090324773 1.0
0.17191243326278807 -0.9851122348695438 277.80819052628397 175.70458805155243 312.66893546850736 1.0 184.40768286200375 314.1877169360622 1.0 167.00149324110114 311.15015400095245 1.0
-0.6322547478336498 0.7747605654922093 223.52382864742088 390.79972998097446 30.41088709799009 1.0 379.7607203230452 21.402341001980165 1.0 401.8387396389037 39.41943319400002 1.0
0.985506316857301 -0.16963873211727667 17.311168092912826 62.70399614129267 466.3224689021125 1.0 64.76120238964079 478.2736885765426 1.0 60.646789892944554 454.37124922768237 1.0
0.3311551736652524 0.9435763090257918 -435.81025492679794 93.81825601579337 428.9444851374003 1.0 77.03618703822177 434.8342779539112 1.0 110.60032499336498 423.05469232088944 1.0
-0.7626940919029913 -0.646759400531814 477.8842669932896 300.05618783974614 385.0476469058004 1.0 304.0443385090663 380.3446013055226 1.0 296.06803717042595 389.75069250607817 1.0
-0.10218440937887947 -0.9947654731040324 61.52735344538314 429.33635369985865 17.74877817440586 1.0 465.5890294685283 14.024826788893598 1.0 393.083677931189 21.472729559918122 1.0
0.026172997843434843 0.9996574284142982 -201.96936752527333 557.5311910207072 187.44131693420815 1.0 549.3954043356393 187.65432783305246 1.0 565.6669777057751 187.22830603536383 1.0
0.005897660526003379 -0.9999826086489304 189.89592747646304 78.12287692146481 190.3599803011075 1.0 85.62630202719079 190.4042337247902 1.0 70.61945181573883 190.31572687742482 1.0
0.4831035369946911 0.875563231607643 -493.611594492376 168.06862889733276 471.0305669836973 1.0 153.6118211528502 479.0073009337834 1.0 182.5254366418153 463.0538330336113 1.0
0.3472707959019767 -0.9377648928775313 331.7570191182474 168.74502386424132 416.263437483001 1.0 174.30227513360256 418.32138514770463 1.0 163.18777259488004 414.2054898182974 1.0
0.034550349544502076 0.9994029584438665 -139.84798104831142 319.3798485287351 128.8902484786957 1.0 311.86722040266875 129.14996746947958 1.0 326.89247665480156 128.63052948791184 1.0
0.016603464100671823 -0.9998621529890296 180.99256161395203 290.63174735934183 185.84367339263332 1.0 316.88488662466483 186.27962654279372 1.0 264.37860809401883 185.40772024247292 1.0
-0.05317287117143927 -0.9985853222290949 139.35789882493913 393.1513962180061 118.62072037925691 1.0 465.64552921902873 114.7605382706877 1.0 320.6572632169835 122.4809024878261 1.0
0.9653350738220728 0.261013783637825 -194.7511275599581 133.6057842682073 252.00499768097256 1.0 132.26079522366314 256.97931390484865 1.0 134.95077331275147 247.03068145709645 1.0
0.2656492135494312 -0.96406975647023 35.61967714808966 319.80840063146263 125.07033485191837 1.0 328.00028433763754 127.32760664104846 1.0 311.6165169252878 122.8130630627883 1.0
0.9985800360756295 0.05327205225251484 -478.0827616422765 464.2589831574917 271.8688107562008 1.0 463.7899671992765 280.660474539953 1.0 464.7279991157069 263.0771469724486 1.0
-0.21928387452252746 -0.9756611001645953 336.7569562457892 554.8222457446433 220.45911689143642 1.0 560.3104819869149 219.22561305767977 1.0 549.3340095023717 221.69262072519308 1.0
0.04801269631009626 0.9988467254754527 -129.0265656947974 261.8612217873525 116.58836076405836 1.0 241.84737951187861 117.55038877762881 1.0 281.8750640628264 115.62633275048792 1.0
0.9997397051866243 0.02281494846283042 -499.4815534502221 495.50390287295266 179.99723645595122 1.0 495.2602558386122 190.67372843567193 1.0 495.74754990729315 169.32074447623052 1.0
-0.65526474419847 -0.7553993083201186 503.8084032990947 319.32749027601096 389.9452300570761 1.0 326.39150039534405 383.81761419500464 1.0 312.26348015667793 396.0728459191476 1.0
-0.29294579281337607 -0.956129051160429 364.52560859542655 68.62741573877943 360.2249042271868 1.0 74.46992873499997 358.4348324794212 1.0 62.784902742558906 362.0149759749525 1.0
-0.9941488696029963 -0.10801863296248769 264.73702424106085 217.40183800832975 449.98933426926953 1.0 219.23586446164578 433.10988231379713 1.0 215.56781155501372 466.868786224742 1.0
0.036177113526091605 0.9993453939739355 -125.45733305597278 297.49167642307964 114.7700720857469 1.0 290.60307841508234 115.01944491887714 1.0 304.38027443107694 114.52069925261668 1.0
-0.025112429858497466 -0.9996846332051934 180.8920434022888 83.12778608559455 178.86090949666624 1.0 110.6261339658211 178.17014131895334 1.0 55.629438205368004 179.55167767437916 1.0
0.07641332554359329 -0.9970762276172113 401.39813331866236 548.1568440237323 444.58448452767414 1.0 558.0508353665431 445.34273425870066 1.0 538.2628526809216 443.8262347966476 1.0
0.007629555495399146 0.9999708945179068 -169.46256521826967 561.876377219675 165.1805058749742 1.0 495.6254653065341 165.68598559626727 1.0 628.1272891328158 164.6750261536811 1.0
-0.23665085604498373 -0.9715947572590006 365.717513107785 55.70799575874955 362.84074773877205 1.0 60.85909399110447 361.5860972817259 1.0 50.556897526394614 364.0953981958181 1.0
0.9997087208213171 -0.02413448805766925 -297.76477044157207 307.0402980945595 380.62100945274756 1.0 307.28157267639756 390.6151847176095 1.0 306.79902351272136 370.62683418788566 1.0
0.09996420092881779 0.9949910343981312 -62.02853071564346 496.24839138355003 12.483988678641076 1.0 486.78058024039706 13.435195415938711 1.0 505.71620252670306 11.532781941343439 1.0
-0.9999995876824113 0.0009080941622727252 593.1480779204612 593.3441307051162 215.6253685676893 1.0 593.3373194863104 208.12480719383444 1.0 593.3509419239219 223.12592994154414 1.0
0.9998718264211749 0.016010331951080453 -55.86159309706638 53.60704136470692 141.24771089139043 1.0 53.4768138842237 149.38063337912178 1.0 53.737268845190144 133.11478840365908 1.0
-0.2837070936747968 0.9589109890905413 -28.089323731765937 252.02771570847148 103.85883112609821 1.0 214.48551921068733 92.75145246454362 1.0 289.56991220625565 114.96620978765279 1.0
0.026166058349591372 0.9996576100797941 -160.10232236878727 379.3645897411661 150.2272826851825 1.0 293.1082491428528 152.48504416107176 1.0 465.6209303394795 147.96952120929322 1.0
0.9985840116140942 -0.053197478781448926 -546.4358748884646 557.9988417515152 202.50672081734618 1.0 558.4339966993269 210.67512998659964 1.0 557.5636868037035 194.3383116480927 1.0
-0.000999411104127778 -0.9999995005885978 191.60110092522314 98.74962772426407 191.50250508928173 1.0 108.12461836030262 191.49313561485974 1.0 89.37463708822553 191.51187456370369 1.0
0.2782295264603112 -0.9605146175908366 32.43453642525413 242.42994040940698 103.99186239944821 1.0 276.6493223415754 113.90409304788116 1.0 208.21055847723855 94.07963175101526 1.0
-0.1172935650926759 -0.9930972860640845 68.89330742537682 6.852887318430311 68.56277707743723 1.0 13.089703641583323 67.82615395739015 1.0 0.6160709952772991 69.2994001974843 1.0
-0.020405297144321932 -0.9997917902485757 180.79238672430827 146.25704124053732 177.84499740104675 1.0 166.8862041377632 177.42396553935097 1.0 125.62787834331144 178.26602926274253 1.0
0.004916714821920686 0.9999879128846307 -194.40802211120265 151.2495904911147 193.6667118797152 1.0 139.3718046487492 193.72511227131022 1.0 163.12737633348024 193.60831148812017 1.0
-0.9293399165076929 0.36922529651348995 426.8085819046753 630.5989842242216 431.2603360270609 1.0 622.9282730815395 411.9531592972716 1.0 638.2696953669036 450.56751275685014 1.0
0.2644037323369837 -0.9644120832539753 59.5586388051313 25.616895041346247 68.77956282042943 1.0 36.87727176977693 71.86671372429625 1.0 14.356518312915565 65.69241191656262 1.0
-0.09705052255674752 -0.9952794562691737 63.46774378715284 489.3556241685478 16.0512955882728 1.0 506.87190583352515 14.343268482790714 1.0 471.83934250357055 17.75932269375489 1.0
-0.19160050353822766 0.9814729986321059 -375.3323768871154 183.71923435092023 418.2825969441602 1.0 178.06566893536444 417.17892319876273 1.0 189.37279976647602 419.3862706895577 1.0
0.0879460037296605 0.9961252433444213 -55.74634277543381 571.8617216835848 5.4746024195610286 1.0 511.88776548607404 10.769588979403759 1.0 631.8356778810956 0.1796158597182984 1.0
0.1830098407679247 -0.9831110813036841 101.14156098540745 146.2312763312272 130.1005817292444 1.0 166.95263705443674 133.9579412876582 1.0 125.50991560801769 126.24322217083058 1.0
-0.9998931868567944 0.014615569690021694 365.0160209197855 368.61796748259997 243.751929936602 1.0 368.49882813519486 235.6012642914398 1.0 368.7371068300051 251.90259558176422 1.0
-0.9979630757725687 0.06379419561805202 149.18244914944202 177.05361241990187 431.23858230737017 1.0 176.37209262160727 420.57724254884306 1.0 177.7351322181965 441.89992206589733 1.0
0.27537433990584514 -0.9613370755990951 33.69662686138698 37.28989042345047 45.73349654127013 1.0 74.18135165276657 56.30103007559683 1.0 0.3984291941343798 35.16596300694343 1.0
0.0007194515464763138 0.9999997411947027 -193.87763699708648 98.75004075067116 193.80664128573932 1.0 89.37459594616969 193.81338646574852 1.0 108.12548555517263 193.79989610573014 1.0
0.9979553056168026 -0.06391563182253765 -146.9708791973474 174.93240270675895 431.8793293759577 1.0 175.65253658050645 443.12323637598655 1.0 174.21226883301145 420.63542237592884 1.0
0.9993168048703415 0.036958402342795446 -556.0212480107358 548.4956124666717 213.76370660894497 1.0 548.2416970429432 220.62931588485682 1.0 548.7495278904 206.89809733303312 1.0
-0.1461816397463631 0.9892577663081875 -302.4050248619604 588.7228406227372 392.68379616572867 1.0 568.0866673460566 389.63440929163517 1.0 609.3590138994177 395.73318303982217 1.0
-0.9873671617335142 0.15844900735032852 -9.798855840876051 63.89122409252904 459.97733688323603 1.0 61.59521956932179 445.6698981222336 1.0 66.1872286157363 474.28477564423855 1.0
1.0 0.0 -118.125 118.125 186.25 1.0 118.125 213.125 1.0 118.125 159.375 1.0
0.060642928001830895 0.998159523965666 -132.61026639036058 363.09735022802226 110.7948952723023 1.0 311.8466650567929 113.90861761453411 1.0 414.34803539925156 107.68117293007049 1.0
-0.10091895262008448 -0.9948946502027565 105.52695926112082 248.70843950323308 80.84028195577096 1.0 264.3625615677637 79.25237754537191 1.0 233.0543174387025 82.42818636617002 1.0
0.20874554390694355 0.9779699882404338 -148.49202088875037 355.5595948511996 75.94357778180071 1.0 346.80809809998357 77.81156552303938 1.0 364.3110916024157 74.07559004056206 1.0
0.7802279214469943 -0.625495316205088 -269.5268916407403 376.1647009354384 38.31733103495943 1.0 382.5752132739589 46.31365105161362 1.0 369.75418859691786 30.321011018305242 1.0
0.22076690905878135 0.9753265975377845 -362.962028022863 55.06884660973773 359.679157583733 1.0 49.448848220172636 360.95125420912166 1.0 60.68884499930283 358.40706095834435 1.0
0.3150077586433057 -0.9490890959201465 131.49657293179465 227.21842065483682 213.96530548890874 1.0 231.15687812892617 215.2725006371388 1.0 223.27996318074747 212.6581103406787 1.0
0.04252222254787014 -0.9990955212538937 368.9056540502869 144.9559899014851 375.4090544233467 1.0 151.81855894303854 375.7011302877934 1.0 138.09342085993168 375.1169785589 1.0
-0.027655900687484882 -0.999617502426385 182.3009470394883 191.86289679370714 177.0625318089434 1.0 203.12157057070812 176.75104390172515 1.0 180.6042230167062 177.37401971616165 1.0
-0.26885744804895434 0.9631799793541204 -55.66933474310114 13.0703372443731 61.44582895031633 1.0 0.34094959974870553 57.89260862730406 1.0 25.799724888997495 64.99904927332861 1.0
-0.0552400815329387 -0.9984731009858173 111.46058338217588 378.095295037674 90.71307816670048 1.0 400.6300540430747 89.46635261790561 1.0 355.5605360322733 91.95980371549535 1.0
-0.9994135006653719 -0.03424404601951697 503.15078963340414 496.10086008457233 214.36988984877246 1.0 496.35827270807204 206.8572947827375 1.0 495.8434474610726 221.88248491480738 1.0
-0.08442507397249767 -0.9964298303868357 109.73762421750637 248.67048866221467 89.06156470944828 1.0 266.82403290351084 87.5234590960912 1.0 230.51694442091852 90.59967032280537 1.0
-0.012047206138815977 -0.999927429778906 193.6782649608045 202.50003113928688 191.25258458490092 1.0 213.1310180354635 191.12450159929304 1.0 191.86904424311024 191.3806675705088 1.0
-0.596708219383533 -0.8024582860935099 306.7523924566412 335.52228921931965 132.7713683558109 1.0 341.23934415272726 128.52016461282412 1.0 329.8052342859121 137.02257209879767 1.0
0.9950849116631079 0.09902534312197485 -390.0475240466328 356.21148183748306 359.3711668856446 1.0 355.5894866707894 365.62146591002505 1.0 356.8334770041767 353.1208678612642 1.0
0.3407130181392852 -0.94016734641787 333.6530371599564 104.9077180287399 392.90501186099493 1.0 109.72770029278453 394.6517548326771 1.0 100.08773576469525 391.1582688893128 1.0
0.006961491978022986 0.9999757685211377 -122.83874178801516 312.50028680279763 120.66619746872078 1.0 303.12574113752163 120.73145987457183 1.0 321.87483246807363 120.60093506286975 1.0
0.03920641274805108 0.9992311330214992 -184.96768609636888 75.01144995141864 182.1668182798977 1.0 66.84996890138335 182.48704688778298 1.0 83.17293100145393 181.84658967201247 1.0
0.0 1.0 -180.625 98.75 180.625 1.0 89.375 180.625 1.0 108.125 180.625 1.0
-0.09591502458698237 -0.9953895257930326 78.05519605322247 126.19046071604023 66.25711161513055 1.0 140.55255615793095 64.87319034437775 1.0 111.82836527414952 67.64103288588338 1.0
0.03026386396307448 0.9995419443615282 -125.54412078928553 209.37158940367777 119.26235628459352 1.0 193.13647280243487 119.75391880782362 1.0 225.60670600492065 118.77079376136344 1.0
-0.11105838388241715 -0.9938138836670706 116.28514270753999 310.1232376744098 82.35280113520227 1.0 330.70079596102914 80.0532655731455 1.0 289.54567938779036 84.65233669725906 1.0
-0.9954026734808253 -0.0957784820678717 371.0171551405992 334.9643698727477 392.4965716392019 1.0 336.2328835303976 379.3132150134736 1.0 333.69585621509776 405.6799282649301 1.0
0.04237816029345996 0.99910164224174 -142.14228489246494 367.5182958660007 126.68134080481516 1.0 345.6561188078136 127.60865270639212 1.0 389.38047292418776 125.7540289032382 1.0
-0.0751078469035165 -0.997175416530872 220.97754997768914 615.6425439789039 175.23292405777016 1.0 624.3899933896477 174.57406095279703 1.0 606.8950945681602 175.89178716274327 1.0
0.37607303890692784 0.9265900222899599 -455.2067431575992 113.35047411938237 445.26562553991397 1.0 106.35885700000891 448.10329768585217 1.0 120.34209123875581 442.42795339397577 1.0
-0.026768849996421068 -0.999641650127619 157.59163300256478 395.62978732400757 147.05377527317472 1.0 465.6465254743546 145.17883582807852 1.0 325.6130491736606 148.92871471827092 1.0
0.9996694898119334 0.0257081920630112 -592.5228233459031 587.6881839978047 195.6137665375456 1.0 587.463311664423 204.35798356507803 1.0 587.9130563311863 186.86954951001312 1.0
0.11233287103150354 -0.9936706325970491 201.8610041100932 71.80276409737299 211.26398211093948 1.0 88.12676533381584 213.10938426478884 1.0 55.478762860930125 209.41857995709015 1.0
0.10719030170500506 0.9942385222975371 -285.8147596479384 91.88201675660169 277.56508359062354 1.0 69.44071251069576 279.9845132534511 1.0 114.32332100250761 275.14565392779605 1.0
-0.02524901585157885 -0.9996811927802416 96.79411335688782 223.12347288533203 91.18953713595229 1.0 229.38526403424973 91.03138265118241 1.0 216.86168173641434 91.34769162072217 1.0
0.0182715725342243 0.9998330608842291 -206.46162521567535 606.8824112743512 195.40555004807266 1.0 600.6230800126854 195.51993696888735 1.0 613.141742536017 195.291163127258 1.0
0.015697713338647147 0.9998767833067921 -195.58606698589523 606.2573339775273 186.09214280613202 1.0 596.8846441481904 186.23929073536624 1.0 615.6300238068642 185.94499487689777 1.0
-0.9184538199493658 0.3955282298653509 477.5694837682247 621.9638732071744 236.83672713145435 1.0 619.3023016705131 230.65630722628785 1.0 624.6254447438357 243.01714703662086 1.0
-0.1659153429269832 -0.9861399996863639 130.6348181951471 278.74131912361634 85.57340405182998 1.0 288.2672844421221 83.97068658470249 1.0 269.21535380511057 87.17612151895747 1.0
-0.999924559188481 0.01228315642341085 542.4653670728833 545.0476510097242 206.882092203 1.0 544.8941231375726 194.3839781521465 1.0 545.2011788818756 219.3802062538535 1.0
0.10693522815264488 0.9942659890491788 -89.22819460082076 245.02844724567166 63.38949776506851 1.0 221.90207977705202 65.87678326898452 1.0 268.15481471429126 60.90221226115249 1.0
0.07314400643485879 0.9973213896847181 -101.40014826380505 300.643201595115 79.62317946157674 1.0 280.65901740598093 81.08882866156785 1.0 320.62738578424904 78.15753026158563 1.0
0.9999743737971158 0.007159032690674123 -591.6090582927333 590.0715286714259 216.87998659931634 1.0 590.0088887406472 225.629538146512 1.0 590.1341686022046 208.13043505212067 1.0
-0.5562791931154895 0.8309954628677464 -63.84810726627953 227.61568415211767 229.20218568890363 1.0 223.43884905373375 226.40615783781627 1.0 231.79251925050158 231.998213539991 1.0
0.0 -1.0 166.875 585.0 166.87500000000003 1.0 611.875 166.87500000000003 1.0 558.125 166.87500000000003 1.0
0.35056604257406293 -0.936538012999985 -17.056892872183923 60.042167529550795 4.262349344937552 1.0 70.59258577712755 8.211594673172002 1.0 49.49174928197403 0.3131040167031013 1.0
-0.38815560212982875 -0.9215938522664038 456.79832652044314 87.82803697552878 458.6699237465557 1.0 98.10999834410916 454.33938172277567 1.0 77.54607560694839 463.00046577033567 1.0
0.18604198791276566 -0.9825417949041488 334.8055164526168 527.0089833778959 440.5423948508499 1.0 530.9719286020177 441.2927692484672 1.0 523.0460381537741 439.7920204532326 1.0
0.025299029710161045 -0.9996799283249236 230.30817480221813 596.8626806192455 245.48679486173182 1.0 610.6196868894413 245.834945205148 1.0 583.1056743490497 245.1386445183157 1.0
-0.3556920603106335 -0.9346032089780008 459.9410057892614 111.38621122350219 449.732903537326 1.0 123.42097843237848 445.1527019044159 1.0 99.35144401462588 454.3131051702361 1.0
0.16510232168345393 -0.9862764436884485 104.72408475939415 196.91358028473098 139.1445318537437 1.0 213.12771649125708 141.85877241877014 1.0 180.69944407820492 136.43029128871726 1.0
-0.07812153361046342 -0.9969438429452028 108.43110991933338 184.4190579578673 94.31224331242083 1.0 204.44302869372126 92.74314459745747 1.0 164.39508722201333 95.88134202738419 1.0
0.0 1.0 -214.37500000000009 66.25 214.37500000000003 1.0 55.625 214.37500000000003 1.0 76.875 214.37500000000003 1.0
-0.5584129286472956 -0.8295631387179341 541.2994287908667 408.97701512698063 377.2122475306592 1.0 414.585144939988 373.4371856372926 1.0 403.3688853139732 380.98730942402585 1.0
-0.0837646094968702 -0.9964855694870032 101.21284507098454 313.0935740758354 75.25114903685599 1.0 360.5733032023777 71.26000145671648 1.0 265.61384494929314 79.24229661699549 1.0
1.0 0.0 -48.125 48.125 132.5 1.0 48.125 151.875 1.0 48.125 113.125 1.0
0.20453539109180133 -0.9788591695391753 328.66823823223666 416.9252863998936 422.88434089755185 1.0 428.20517408770525 425.2413053225613 1.0 405.645398712082 420.52737647254236 1.0
0.12071437572138743 -0.9926872818235336 371.974957651874 503.55851242999233 435.94968631418544 1.0 515.4102599308758 437.39090181777135 1.0 491.7067649291089 434.5084708105995 1.0
0.0 1.0 -121.875 289.375 121.87499999999997 1.0 279.375 121.87499999999997 1.0 299.375 121.87499999999997 1.0
-0.7447768745831641 0.6673135747803529 -219.53483143244375 47.19339432271138 381.6547269264122 1.0 43.62743490672795 377.67482271181456 1.0 50.759353738694806 385.63463114100983 1.0
0.06644228076061684 0.997790270210793 -111.87808919036857 408.1630567634569 84.94651361841122 1.0 386.92399719115923 86.36081039131516 1.0 429.4021163357545 83.53221684550729 1.0
0.9996127082338561 0.02782864598531421 -499.0939873296386 493.49299106099886 208.135244660635 1.0 493.0399826611544 224.40743245087748 1.0 493.9459994608433 191.86305687039254 1.0
-0.09337612090126345 -0.9956309055294701 61.67481755784195 575.6096570760585 7.961404756271392 1.0 638.1457642776966 2.0964008935707032 1.0 513.0735498744205 13.826408618972081 1.0
-0.9984762985562048 0.055182254588776056 64.85634620130108 84.98944422085556 362.5005833805899 1.0 84.67761382023582 356.8582756041435 1.0 85.3012746214753 368.14289115703633 1.0
0.30584220852961397 -0.9520822146651664 255.77211100032454 535.2372774476405 440.5819744987151 1.0 539.0004881447408 441.79084979649406 1.0 531.4740667505404 439.37309920093617 1.0
-0.9999996677848331 0.0008151258942580499 114.28070874906008 114.43714900648366 191.87494934071867 1.0 114.41982758698512 170.62496345986094 1.0 114.45447042598221 213.12493522157644 1.0
0.009886553831058988 -0.9999511268323795 84.4094464019186 409.3654987174733 88.46098381005655 1.0 416.8709444320258 88.53519042985214 1.0 401.8600530029208 88.38677719026097 1.0
0.029604664118365705 0.9995616858715818 -136.83027913432363 415.612584688343 124.58081369203049 1.0 395.61161860610935 125.17319522413278 1.0 435.6135507705767 123.98843215992821 1.0
-0.058348314378230036 -0.998296285783544 112.47978451582703 441.2503851554137 86.8815897228231 1.0 459.38648925736265 85.82157265293462 1.0 423.1142810534647 87.94160679271158 1.0
1.0 0.0 -465.62499999999943 465.62499999999983 218.75 1.0 465.62499999999983 231.875 1.0 465.62499999999983 205.625 1.0
-0.5532509080371044 -0.8330146653907836 503.29558060208376 301.56111720299174 403.90239531137973 1.0 309.069798548841 398.9154665748928 1.0 294.0524358571425 408.8893240478667 1.0
0.04086882763426752 0.9991645204508618 -262.1415635191829 8.729699417658402 262.0036896628958 1.0 0.5927486122671599 262.33651537190315 1.0 16.866650223049646 261.67086395388844 1.0
-0.9986802840222202 -0.05135844921040177 599.4195860194126 590.1830789188191 195.009415074578 1.0 590.665577512551 185.62708675203743 1.0 589.7005803250871 204.39174339711857 1.0
0.833134753614254 -0.5530700519103492 9.354263361514581 244.35867156649448 385.0108395040866 1.0 248.09764395823728 390.64316009639754 1.0 240.6196991747517 379.3785189117757 1.0
0.02759881010391862 0.9996190802905113 -235.7742677454995 14.387890051360667 235.46687307306115 1.0 0.631120662515765 235.846688218142 1.0 28.14465944020557 235.08705792798028 1.0
0.03561657982946327 0.9993655283434841 -184.96344641227878 150.61477462145837 179.71308612793018 1.0 139.3567994661699 180.11431126474383 1.0 161.87274977674684 179.31186099111656 1.0
0.08063055398703428 0.996744056297174 -103.70695118900784 266.8715560633669 82.45742651886208 1.0 255.6444655176232 83.36563010898814 1.0 278.0986466091106 81.54922292873601 1.0
0.03040717202867993 -0.9995375950354335 190.20774206523123 516.2385812966775 206.00035300049043 1.0 526.8537574630004 206.32327981125505 1.0 505.62340513035457 205.67742618972582 1.0
-0.058871551881865686 -0.9982655660589624 264.2381618418918 16.249349827041133 263.7389752307172 1.0 31.856926672378403 262.8185365205772 1.0 0.6417729817038609 264.6594139408572 1.0
0.0 -1.0 118.125 328.75 118.125 1.0 338.125 118.125 1.0 319.375 118.125 1.0
0.0 1.0 -118.125 359.375 118.12500000000001 1.0 348.125 118.12500000000001 1.0 370.625 118.12500000000001 1.0
0.0 -1.0 119.375 307.5 119.375 1.0 316.875 119.375 1.0 298.125 119.375 1.0
0.08000967077018004 0.9967940873536758 -142.05997632963084 248.13302505550496 122.59997951248928 1.0 238.1471948004507 123.40151214717305 1.0 258.1188553105592 121.79844687780552 1.0
0.0908425224977543 0.9958652700572729 -71.86805776288661 54.40497854722802 67.20364118267851 1.0 38.175995819001656 68.68404397704424 1.0 70.63396127545438 65.72323838831278 1.0
-0.07313076337847844 -0.9973223608481266 97.05003109772039 423.74914171614586 66.23829513545165 1.0 454.3471089146997 63.99463472342902 1.0 393.15117451759204 68.48195554747427 1.0
0.08402695387749491 -0.9964634820313634 329.87324469406735 189.98402684568885 347.06442332465247 1.0 199.39749662532734 347.85821577692417 1.0 180.57055706605036 346.27063087238076 1.0
-0.9993047494717883 -0.03728294091305384 424.101433960606 411.1286942746739 355.62047421925877 1.0 411.4555619601019 346.8593512365307 1.0 410.8018265892459 364.3815972019869 1.0
0.0 -1.0 238.12500000000006 10.625 238.12500000000003 1.0 19.375 238.12500000000003 1.0 1.875 238.12500000000003 1.0
-0.08753894794499562 -0.9961610977109493 77.26794136906825 156.87762607487008 63.77988376815867 1.0 166.85549720984525 62.903065406255614 1.0 146.89975493989488 64.65670213006173 1.0
0.9999789435226942 0.006489415323152337 -193.79695456949767 192.4950132126005 201.249967637984 1.0 192.45848469971202 206.87878655428264 1.0 192.53154172548898 195.6211487216854 1.0
0.0 -1.0 129.375 358.125 129.375 1.0 369.375 129.375 1.0 346.875 129.375 1.0
