line_hom_a line_hom_b line_hom_c centroid_x centroid_y centroid_z point1_x point1_y point1_z point2_x point2_y point2_z
-0.03464269123457455 -0.9993997618290821 332.9025169590539 88.79418004621448 330.02454092308756 1.0 106.96234400026673 329.3947688156703 1.0 70.62601609216223 330.65431303050474 1.0
-0.08832326478368961 -0.9960918636842439 354.2579977990749 395.6199790321883 320.56837454353365 1.0 399.45069789233696 320.2287054743121 1.0 391.78926017203975 320.9080436127552 1.0
0.06185480707639827 -0.9980851581110408 317.79960066288146 149.91015348715007 327.6997575083013 1.0 158.11982278192653 328.2085392552922 1.0 141.70048419237358 327.19097576131037 1.0
-0.0729981674777816 -0.9973320748601671 348.7234944511023 414.41699438146657 319.32374513700324 1.0 418.28351803569416 319.04074096178135 1.0 410.550470727239 319.6067493122251 1.0
-0.0968637522965135 -0.9952976507010554 340.319396957432 133.8257308374634 328.90315202101846 1.0 141.9950076534516 328.10810663395443 1.0 125.6564540214752 329.6981974080825 1.0
0.9964652599962704 0.08400586658421585 -135.87793798465418 107.43805555923919 343.06708793285827 1.0 106.38287273112533 355.58351177221 1.0 108.49323838735306 330.5506640935065 1.0
-0.0026290002566505943 0.9999965441728539 -323.32205784836657 21.879257165425493 323.3806959688575 1.0 9.374414202508714 323.3478206198871 1.0 34.384100128342276 323.4135713178279 1.0
0.04446283623228426 0.9990110390752351 -284.26812299329197 219.98925169965167 274.7585023446733 1.0 206.86243729696264 275.3427355275004 1.0 233.1160661023407 274.17426916184615 1.0
0.38732716203793033 0.9219423352616164 -289.62926933436313 76.3364039661207 282.0806645701841 1.0 72.78749047808556 283.5716369846885 1.0 79.88531745415584 280.5896921556798 1.0
0.9998992380796495 -0.014195551688340146 -327.93649669811356 331.7139040934512 263.74341396184116 1.0 331.81161462356243 270.62589988106123 1.0 331.61619356334 256.860928042621 1.0
-0.10632032055139332 0.9943319312170604 -247.74475428650504 243.10877539831762 275.1517361821369 1.0 236.86335190829263 274.4839356151513 1.0 249.3541988883426 275.81953674912256 1.0
-0.12644992291450968 0.9919729920692976 -121.81538379060125 420.6037383604152 176.4167930810006 1.0 398.0715198893408 173.54454019554984 1.0 443.13595683148964 179.28904596645134 1.0
-0.03161586986981296 0.9995000934328996 -320.31569148868397 56.88211154871448 322.27517640242536 1.0 53.0766097891515 322.1548019780404 1.0 60.68761330827746 322.3955508268103 1.0
-0.019801786073379523 0.9998039254115298 -163.48287565197035 123.11849619413616 165.95338101617085 1.0 116.87094688620927 165.82964411963133 1.0 129.36604550206306 166.07711791271038 1.0
-0.08685705203946742 -0.9962207850225838 353.3940792963628 405.3287355237252 319.3954844203266 1.0 410.9112996940996 318.90875991713443 1.0 399.7461713533507 319.8822089235189 1.0
-0.04895955238767386 -0.9988007620291439 339.40643051746287 545.0598524069362 313.09602075574287 1.0 555.65938388063 312.57644934951287 1.0 534.4603209332425 313.6155921619729 1.0
0.024714838314434225 0.9996945417311687 -268.23686708600167 73.75606690025282 266.49540104170694 1.0 65.62058778341851 266.69652952904954 1.0 81.89154601708712 266.2942725543644 1.0
0.9999887522014274 0.004742939028950298 -399.6926851050246 398.4343521388038 266.2514672548362 1.0 398.4017447997446 273.1263125984756 1.0 398.4669594778629 259.3766219111968 1.0
-0.043615230521282904 -0.9990484030649243 322.73733498177336 379.3578953370717 306.483201401684 1.0 396.8790724492388 305.71828332923934 1.0 361.83671822490464 307.24811947412877 1.0
0.1720665947388505 -0.9850853196424034 88.16925359840295 370.5416221412652 154.22734021090807 1.0 375.71140059453654 155.1303545552205 1.0 365.3718436879939 153.32432586659564 1.0
-0.07556330928375993 0.9971410062223331 -185.88204085602194 361.15276343249207 213.78314349497805 1.0 333.04707580385957 211.65329550591485 1.0 389.2584510611245 215.91299148404127 1.0
0.03757708182340594 -0.9992937320536125 270.15679950130334 73.1495015928397 273.0984249717654 1.0 80.7093185816301 273.3827016087998 1.0 65.58968460404931 272.814148334731 1.0
0.99998689250262 -0.005120041303915168 -258.143271354045 259.5002803887668 264.37435855082714 1.0 259.5451129314841 273.13052913886753 1.0 259.4554478460494 255.61818796278675 1.0
0.3219668814777418 0.9467509319939948 -210.65999087997878 209.02207658059973 151.42504736845692 1.0 170.65790735963293 164.47176483885218 1.0 247.38624580156656 138.37832989806165 1.0
-0.057778451668119415 0.9983294298591197 -237.13004243158076 464.9963207006547 264.4385730572837 1.0 451.84303412665247 263.67732480609254 1.0 478.1496072746569 265.19982130847484 1.0
0.9999289848233305 0.011917437232217382 -171.17010662537123 168.37407098715434 235.62051957140721 1.0 168.0313802325779 264.37388421306025 1.0 168.71676174173078 206.86715492975418 1.0
-0.999995065037151 -0.0031416399131926963 248.30091898078874 247.65419489720438 206.24459382332694 1.0 247.86036399906578 140.62024153560264 1.0 247.448025795343 271.86894611105123 1.0
-0.0016189823299130534 -0.999998689447249 295.93354292353126 32.49940310428394 295.8813147322437 1.0 56.875351077509286 295.8418504514801 1.0 8.123455131058597 295.92077901300723 1.0
-0.1033860170580061 0.9946413079481876 -174.078388867393 409.3680157450269 217.5671931146889 1.0 398.04545325985555 216.3902918248691 1.0 420.69057823019835 218.7440944045087 1.0
-0.998965113603145 0.04548298367362836 455.3849809490439 464.36519904697315 186.87544623839253 1.0 464.0218438150743 179.33416660948077 1.0 464.708554278872 194.41672586730428 1.0
0.02609955194836408 0.9996593486723838 -265.52198965942864 381.2834906491063 255.6577515406563 1.0 368.13481789701086 256.0010429508763 1.0 394.4321634012017 255.3144601304363 1.0
0.2350561746558118 -0.971981787255387 209.08735571668103 228.2032797273478 270.3013051666063 1.0 234.67913424644232 271.8673731843869 1.0 221.72742520825327 268.73523714882566 1.0
-0.9999937391974952 0.0035385824579703 384.95512165184573 385.61439323500736 185.6272491610303 1.0 385.57015340523367 173.1251940804132 1.0 385.65863306478104 198.12930424164742 1.0
0.02163851043588704 -0.9997658600222934 303.58212492869865 507.494324722232 314.6372153209359 1.0 518.1413916351789 314.86765594480585 1.0 496.84725780928517 314.406774697066 1.0
-0.07730055017962478 0.9970078359481069 -185.46176596993217 289.9708832276345 208.5005426078916 1.0 264.30632907786713 206.51070453003413 1.0 315.63543737740184 210.49038068574902 1.0
0.005644679499530574 -0.9999840686697701 280.3756767908336 20.62572495163491 280.4965710811333 1.0 40.62508770350186 280.6094628725789 1.0 0.6263621997679625 280.3836792896878 1.0
0.0785731647191194 -0.9969083497423533 319.3092334191973 184.91143962301146 334.87362254456474 1.0 208.1384538467325 336.70430238088613 1.0 161.6844253992904 333.04294270824334 1.0
-0.1270329788460749 0.9918984939425469 -121.62902376504769 360.53895326318235 168.79686985169815 1.0 336.6997016574077 165.7437639508054 1.0 384.378204868957 171.84997575259092 1.0
0.9999598561536583 -0.00896025006096274 -607.3682147741985 608.1934468521232 89.37438667446784 1.0 608.2495465244875 95.6350847494132 1.0 608.1373471797589 83.11368859952248 1.0
0.999624029450119 -0.02741896690080634 -605.4140236460264 607.4418173411382 65.6265959084121 1.0 607.8886176610338 81.91577039662249 1.0 606.9950170212425 49.3374214202017 1.0
-0.19310808244738303 -0.9811774908208477 306.0514009956806 214.32400658580775 269.74090369729004 1.0 222.13643017386192 268.2033203828851 1.0 206.5115829977536 271.278487011695 1.0
-0.07855217505156967 -0.996910003859259 269.8951874724964 373.60566566951434 241.2932450184602 1.0 384.26299151124994 240.45349406615676 1.0 362.94833982777874 242.13299597076363 1.0
0.14754125034276097 -0.9890559030951156 97.91314371672011 430.5178097482864 163.2185593924765 1.0 438.12815886526903 164.35382426552437 1.0 422.9074606313038 162.0832945194286 1.0
-0.9999896409163934 -0.004551709558245906 386.7263742779257 385.6834881441767 229.99742137585878 1.0 385.74321576447727 216.87553808939919 1.0 385.6237605238761 243.11930466231837 1.0
0.8305397493356879 -0.5569593564825108 115.27113421184177 56.43721816367855 291.1244516345573 1.0 61.36233019525066 298.46879600105785 1.0 51.512106132106446 283.78010726805684 1.0
0.9979072111582948 0.06466218306146257 -188.63685177558224 176.11919484102026 199.28552687568163 1.0 175.71328872503216 205.54972367542135 1.0 176.5251009570084 193.02133007594193 1.0
-0.9944465947658525 -0.10524243516091962 477.8600775150654 464.20007712449706 154.29034403978858 1.0 464.88880191418417 147.78251266180908 1.0 463.5113523348099 160.7981754177681 1.0
-0.025917576391703973 0.9996640831969408 -283.7254082898571 25.013760056285065 284.4692623321308 1.0 4.354035165379915 283.93363240694714 1.0 45.67348494719022 285.00489225731457 1.0
0.13083524313123265 -0.9914041250442683 277.8962672369765 339.3629452024244 325.0913452350983 1.0 365.56894697942977 328.5497417934532 1.0 313.15694342541906 321.6329486767433 1.0
0.998242311144178 -0.05926456143033668 -436.49999363328953 453.2975741165718 269.9897544621995 1.0 453.63474168621156 275.66894833180487 1.0 452.9604065469321 264.3105605925942 1.0
0.1473050152082759 -0.9890911143542285 97.90660497393822 353.87088451070287 151.68831144187268 1.0 364.5385190090362 153.27703874839517 1.0 343.20325001236955 150.0995841353502 1.0
-0.01698693207207475 0.9998557116598268 -252.0642420424884 421.8555865112115 259.26768353849786 1.0 399.34084841676923 258.88517201991493 1.0 444.3703246056539 259.65019505708085 1.0
-0.9995912676318729 0.02858841853102987 509.2387576593717 510.91199470265514 51.223916852715845 1.0 509.6444129637948 6.903044895453672 1.0 512.1795764415155 95.54478880997802 1.0
0.9998334255091168 -0.018251609099069435 -468.0179421955186 470.8684671205017 151.88196474912456 1.0 471.39332167561247 180.6337928691559 1.0 470.34361256539097 123.13013662909323 1.0
-0.12086531944043025 0.992668914873717 -123.31568652506012 290.0556460567034 159.54297799418 1.0 264.2800777596517 156.4045979670608 1.0 315.831214353755 162.68135802129922 1.0
0.09297168996098135 -0.9956687525807963 267.40723042644 189.9942663342831 286.3114039800121 1.0 204.41857952904542 287.6582904528149 1.0 175.56995313952078 284.9645175072093 1.0
0.9997736929257157 -0.021273526592378522 -606.3415934427707 608.7263794672647 105.6255026057745 1.0 608.91332925489 114.41142151556011 1.0 608.5394296796394 96.8395836959889 1.0
0.9999989306266159 0.0014624450842236085 -401.9832396637901 401.64639192842014 230.62557970204705 1.0 401.6281127211321 243.12463894052655 1.0 401.66467113570815 218.12652046356754 1.0
-0.04231284479125 -0.9991044105425977 334.58697926952357 615.62773541709 308.814589542318 1.0 623.1407294344909 308.49640843289495 1.0 608.1147413996889 309.132770651741 1.0
0.12798849671207913 0.9917756524080343 -343.20850726350045 406.92862072331616 293.5405039649318 1.0 400.6223324753484 294.354329501716 1.0 413.23490897128397 292.72667842814764 1.0
0.11361676246422542 -0.9935246505684434 111.03863354346281 451.2227900372799 163.36293820662644 1.0 456.91627953105257 164.0140300975387 1.0 445.52930054350725 162.7118463157142 1.0
-0.025573667789184573 0.9996729402738721 -265.8385555631557 544.3947683914569 279.85225491801964 1.0 538.1488559694831 279.69247177006713 1.0 550.6406808134308 280.01203806597215 1.0
0.0629454513712457 -0.998016968869603 290.4980709509792 259.3006078752371 307.4295070373821 1.0 273.0353914826861 308.29576701153513 1.0 245.56582426778817 306.5632470632291 1.0
-0.99849226726227 -0.05489255156623358 76.88443108130001 61.91274902936385 274.44579456928847 1.0 62.80717457900984 258.1762467074856 1.0 61.01832347971787 290.71534243109136 1.0
0.9985522018688378 0.05379126455936924 -164.97889323640405 148.95571695110502 301.88608181917834 1.0 148.41677465684504 311.89071768379125 1.0 149.494659245365 291.8814459545654 1.0
0.35845312556959724 -0.9335477260265734 -176.1176236590313 579.647560283272 33.91241301400589 1.0 595.1472364217709 39.863803823781446 1.0 564.1478841447732 27.96102220423034 1.0
0.9982972580071069 -0.05833167797596616 -540.5572796827665 558.7915058200922 296.2840942483115 1.0 559.1190628123454 301.88995470962436 1.0 558.4639488278389 290.67823378699865 1.0
-0.9938125178829711 0.11107060501820165 86.31583755073743 125.42152399538205 345.09259224392946 1.0 124.10301119889351 333.2951007120839 1.0 126.7400367918706 356.890083775775 1.0
-0.8885438361568362 -0.4587917296853698 354.6729080072173 230.54881124299345 326.5538002324342 1.0 233.24487484553833 321.3323227276612 1.0 227.8527476404486 331.77527773720715 1.0
-0.01718131874098062 0.9998523902488412 -251.44189072197523 349.36456181260263 257.4824415344033 1.0 333.09788529718645 257.20291731983576 1.0 365.6312383280188 257.76196574897085 1.0
0.1535251089974256 -0.9881447469411192 95.19992067599807 413.13970289194725 160.5303667146864 1.0 419.4320219350923 161.5079856009233 1.0 406.8473838488022 159.5527478284495 1.0
0.1179356385718298 -0.9930212410390096 281.88328073198136 284.4320400851683 317.6447209524724 1.0 313.07494314380796 321.0464800721839 1.0 255.7891370265287 314.2429618327609 1.0
-0.9997380698777572 -0.022886494644154595 467.2852248360401 463.51605213477137 169.99464435062953 1.0 463.7029383064432 161.83099922021503 1.0 463.32916596309957 178.15828948104402 1.0
-0.9999724373370013 0.007424591995341646 440.40125988027154 441.83799928715285 191.87063422486693 1.0 441.7544404765685 180.61661413414163 1.0 441.9215580977372 203.12465431559224 1.0
0.9952137745626872 -0.09772176277927312 -96.32694827678618 120.29800627790303 239.40710807944765 1.0 121.0393485394975 246.9570540630331 1.0 119.55666401630857 231.8571620958622 1.0
-0.1919218473065732 0.9814102121571959 -292.45890468391525 10.49288252667108 300.0505949848809 1.0 7.849524939251565 299.53366733833207 1.0 13.136240114090594 300.5675226314297 1.0
-0.043334192400204266 -0.9990606326790292 343.9670162661116 219.39231975612233 334.7743033111037 1.0 229.37354123381255 334.3413684543439 1.0 209.4110982784321 335.2072381678636 1.0
0.148847588727808 -0.9888601495307198 97.24532785504462 395.65928793500916 157.89721013232315 1.0 405.805705510425 159.42449363246504 1.0 385.51287035959336 156.3699266321813 1.0
0.9999836918627237 -0.005711042689166685 -341.30165578591675 341.9532507877391 113.1174141793387 1.0 342.16741139596525 150.6161910790163 1.0 341.73909017951286 75.6186372796611 1.0
-0.03764921070089944 0.9992910171384507 -244.8572336419274 291.16519625753597 256.0008736965884 1.0 260.56009199015966 254.84779816671426 1.0 321.77030052491233 257.15394922646266 1.0
0.9979197736392378 0.06446801827117353 -462.5274934225441 452.02411163362797 177.50963297027988 1.0 451.7322604630528 182.02728469724354 1.0 452.3159628042031 172.9919812433162 1.0
0.2722875385812145 -0.9622159302014198 157.38693834399123 441.00583028581303 288.3628525193903 1.0 446.7050388412224 289.97561262936745 1.0 435.30662173040366 286.7500924094131 1.0
-0.2592610591366316 0.9658072805769027 -261.4525537165615 207.18992416573093 326.326834800778 1.0 199.72455348195783 324.322832605675 1.0 214.655294849504 328.330836995881 1.0
-0.9994720276282808 0.03249101396713941 420.91171856670053 427.4123001555687 193.12785096209956 1.0 427.0449898612339 181.82883871770375 1.0 427.7796104499035 204.42686320649534 1.0
-0.056907062411201664 -0.9983794800814606 254.264359002007 303.1547775516518 237.39741840075013 1.0 309.5265745741578 237.03422959522533 1.0 296.78298052914585 237.76060720627493 1.0
0.9999242024438009 0.012312163381337742 -171.17886373169227 169.00622614632553 177.50315493731267 1.0 168.84454650725965 190.6338598457125 1.0 169.1679057853914 164.37245002891282 1.0
-0.9945337121938234 -0.1044159724849279 419.22839963260606 393.0480726704503 271.30754208246117 1.0 394.7047249171653 255.52838043190525 1.0 391.3914204237354 287.0867037330171 1.0
-0.18557881338965043 -0.9826293828401882 365.00285623222896 492.93333792210456 278.36016007362946 1.0 501.8378803194605 276.6784533785754 1.0 484.02879552474855 280.04186676868346 1.0
0.007160546536627106 -0.9999743629580194 197.03476207194706 413.75893208253285 200.00262963588114 1.0 425.62884798373983 200.087626900156 1.0 401.8890161813258 199.91763237160626 1.0
-0.29584799948896884 -0.9552350292982221 335.2419603332686 58.252258461174506 332.9108925532654 1.0 62.99125599995369 331.44316691671605 1.0 53.51326092239533 334.37861818981474 1.0
-0.12334633977930651 0.992363683567193 -123.86173095321621 200.1164119230508 149.68842608158036 1.0 193.19300483474493 148.82787773898596 1.0 207.03981901135666 150.5489744241748 1.0
-0.07405566855112279 -0.9972541090190836 353.51354979366283 376.75501613046515 326.50926403743813 1.0 386.7001737100196 325.77074083985053 1.0 366.8098585509107 327.2477872350258 1.0
-0.11477629601773748 0.9933913639006777 -277.2006552277091 325.03190057967936 316.59889978195474 1.0 318.1049468402506 315.79856053823914 1.0 331.95885431910807 317.3992390256703 1.0
0.06554731426735515 0.9978494623901627 -342.874401936506 549.3766804021426 307.5255813436964 1.0 543.1126542470013 307.93705632709367 1.0 555.6407065572839 307.1141063602991 1.0
0.9998986965618984 0.014233643729432586 -266.1960950217238 263.05564514995984 222.5079096563799 1.0 262.8506773802559 236.9066827084545 1.0 263.2606129196638 208.1091366043053 1.0
-0.9924527736222616 -0.12262745259312852 351.1130569052796 321.21382764290786 263.591080559259 1.0 322.05992701919575 256.743399595494 1.0 320.36772826662 270.43876152302397 1.0
0.3676512500113445 0.9299637403496418 -193.73366690942115 426.39889850471434 39.751634678577524 1.0 344.0515290969111 72.30678923389618 1.0 508.7462679125176 7.196480123258864 1.0
-0.9804178655905653 -0.1969284358106776 488.36800338101267 444.5839996862421 266.5430572117705 1.0 445.76698258982196 260.65351886966494 1.0 443.40101678266234 272.43259555387596 1.0
-0.9999865252181657 0.0051912794279348785 316.59227787933474 317.5147971591736 176.8814123695022 1.0 317.43691217366114 161.8785721043108 1.0 317.5926821446861 191.88425263469355 1.0
0.9999128095254834 0.013205050051182428 -403.19605094583386 400.7136522405307 190.63442463529378 1.0 400.5152668100563 205.6565663451471 1.0 400.91203767100507 175.61228292544044 1.0
0.4890432402811462 -0.8722595423010958 2.5876956409453276 506.28111301132117 286.8195067045625 1.0 512.1604668737064 290.1158401055537 1.0 500.4017591489359 283.5231733035714 1.0
-0.10739093229402291 0.9942168715431361 -131.552846646022 129.43718520221069 146.29929425019887 1.0 124.36138691798374 145.75102885108782 1.0 134.5129834864376 146.84755964930991 1.0
-0.9985673561226942 -0.053509207489294566 161.62221224847974 146.58471624289018 284.95095362554116 1.0 147.35459864029934 270.58371729037253 1.0 145.81483384548102 299.31818996070973 1.0
0.22506986005719143 -0.9743426286957974 299.1907685825724 8.036870536659995 308.92585117871533 1.0 14.974785921845717 310.5284862260216 1.0 1.0989551514742724 307.3232161314091 1.0
0.09621600449695544 -0.9953604776555285 280.4078293012043 306.86266828230055 311.37757237721337 1.0 324.4999417162836 313.082470269116 1.0 289.2253948483174 309.67267448531067 1.0
-0.9998571999016208 0.016899106629944073 461.45123961542157 463.7249125475838 130.625424016083 1.0 463.59800885943685 123.11700543122225 1.0 463.8518162357308 138.13384260094372 1.0
0.024436175285039767 -0.9997013920853761 258.4468055298267 73.72675081474071 260.32614078195326 1.0 83.12668885034131 260.55590792574736 1.0 64.3268127791401 260.09637363815915 1.0
-0.9995400123206988 -0.03032760738893709 323.36216102342553 316.7043914591595 224.33189651484793 1.0 317.08331217244944 211.84339356197214 1.0 316.32547074586955 236.8203994677237 1.0
-0.04664282417301956 0.9989116312032634 -299.894748002179 297.5413337343472 314.11478885053464 1.0 288.15760950692464 313.676628571331 1.0 306.92505796176977 314.55294912973824 1.0
-0.16416402479771322 0.9864330554894315 -257.84944573418835 357.65924815544895 320.9181055479168 1.0 348.33448175819984 319.3662605711572 1.0 366.984014552698 322.4699505246764 1.0
-0.0058638813173914235 0.9999828073001533 -270.30662666024597 327.50523794982143 272.2317589053269 1.0 315.6233165473059 272.16208353049217 1.0 339.387159352337 272.30143428016163 1.0
0.9999943189608911 -0.0033707634066867265 -438.54799386664837 439.19936292680075 192.50059203438258 1.0 439.2309636542125 201.87548551520183 1.0 439.1677621993891 183.1256985535633 1.0
0.04473166791442142 0.9989990379803144 -325.91125690601245 214.36444714810483 316.6393215783637 1.0 204.38445636924888 317.08619051050135 1.0 224.34443792696075 316.1924526462261 1.0
-0.9991868470906735 0.04031928324014288 589.311257164092 590.9524722021046 28.787225929953486 1.0 590.625144409936 20.6754342923366 1.0 591.2797999942732 36.899017567570375 1.0
0.10994822039998361 -0.9939373163489118 285.42923618400005 426.94158664439203 334.3980534619755 1.0 443.3366518351491 336.2116570076066 1.0 410.54652145363497 332.5844499163444 1.0
0.02378249081121369 -0.9997171565652029 326.1547206756344 450.6228122848307 336.9669624611985 1.0 456.8989969470105 337.1162679953464 1.0 444.34662762265083 336.8176569270506 1.0
0.0764464105454769 -0.9970736915166865 214.92606596870604 279.6054403694917 236.99441702698522 1.0 297.05080862047777 238.33196689393966 1.0 262.16007211850564 235.6568671600308 1.0
-0.020070915397222687 0.999798558888298 -268.46200269655213 137.47438664855946 271.2758855962329 1.0 129.34011794174307 271.112590482851 1.0 145.60865535537587 271.4391807096149 1.0
0.12871039568258863 -0.9916822243255303 124.03764774433576 434.26899101617465 181.44177337965476 1.0 439.34570895074626 182.10068039452239 1.0 429.19227308160305 180.78286636478717 1.0
0.023583988292831187 -0.9997218590669126 231.07514628805063 361.8531610334687 239.67575063850882 1.0 370.6130301369482 239.8824007667515 1.0 353.0932919299893 239.46910051026612 1.0
0.9999429405246492 0.010682494789042929 -338.01608706231974 335.6115760830962 226.88153353112062 1.0 335.46462883857885 240.6366406185977 1.0 335.7585233276136 213.12642644364354 1.0
-0.9380716312629774 -0.3464413581251758 245.5581699698782 159.5738884068739 276.71763176274 1.0 162.79259053965285 268.0022371095571 1.0 156.35518627409496 285.4330264159228 1.0
-0.040867039845308484 -0.9991645935751937 334.1694696459446 26.85865256469659 333.3503190196121 1.0 53.1413737334796 332.2753239485753 1.0 0.5759313959135826 334.42531409064884 1.0
0.0024258460201285635 0.9999970576312146 -280.7341018920072 517.4987374695058 279.47955197120496 1.0 505.62229120136016 279.50836248588894 1.0 529.3751837376515 279.4507414565209 1.0
0.146877081919469 0.9891547516980453 -362.0596330026742 359.39920854241007 312.6630342490722 1.0 349.34252950778654 314.1563250287713 1.0 369.45588757703365 311.16974346937315 1.0
-0.9796693082701977 0.20061915769285943 425.5737830681566 463.7667645180773 143.37754507978525 1.0 462.9542728131045 139.4099619449554 1.0 464.5792562230501 147.34512821461513 1.0
0.9990776039361994 -0.042941137771405964 -288.96326220163814 298.87247920718585 224.3428727583417 1.0 299.30379942417676 234.37806025650437 1.0 298.441158990195 214.30768526017906 1.0
-0.9990197874106805 -0.044265837413501416 290.6093843412331 280.98085209173183 223.73807425268478 1.0 281.45194026145845 213.10625453185366 1.0 280.5097639220052 234.36989397351587 1.0
-0.9915926270375962 -0.12939884854463982 613.8826200523104 583.9111354439378 269.55914749828423 1.0 584.5631552035109 264.5626734682051 1.0 583.2591156843648 274.55562152836336 1.0
0.06298598782806113 -0.9980144113875928 217.14319691622342 343.7959059830865 239.27261865266962 1.0 350.68291932201055 239.707267023863 1.0 336.90889264416256 238.8379702814762 1.0
0.02773305558915173 -0.9996153648417421 231.08083937255958 415.0295686438096 242.68422235517258 1.0 428.1271474198725 243.04759800250204 1.0 401.9319898677468 242.32084670784312 1.0
0.2896990649644322 -0.9571177836393667 315.52632375553225 97.90228137541284 359.2959288879416 1.0 109.4738558075007 362.798396766446 1.0 86.33070694332498 355.79346100943724 1.0
0.035861651131529365 0.999356764112857 -300.39522416525074 467.47983938542563 283.8131840794315 1.0 456.8237055223699 284.19557660303343 1.0 478.1359732484813 283.43079155582956 1.0
0.17795803739586138 0.984038076969694 -295.7859333224659 172.99805671563215 269.29805347787874 1.0 166.6176430756552 270.4519172517691 1.0 179.3784703556091 268.14418970398833 1.0
0.05644385382925976 0.9984057749056249 -292.36483882163265 346.8804355292108 273.22114623002494 1.0 340.57990512115384 273.5773403009504 1.0 353.1809659372678 272.8649521590994 1.0
0.031105176649396094 -0.999516116921388 267.4012595522376 492.5277501450596 282.85829256664783 1.0 499.41552969082363 283.07264188614954 1.0 485.6399705992955 282.6439432471461 1.0
0.09960019717899724 -0.9950275376701415 141.0442173681907 123.15486855353547 154.07660668231654 1.0 139.49142766264262 155.71186243845705 1.0 106.81830944442831 152.44135092617603 1.0
-0.03578443302167884 -0.9993595320770783 317.2379704766292 199.3858066911884 310.3018007814403 1.0 210.64375172406332 309.898683417709 1.0 188.12786165831346 310.7049181451716 1.0
-0.03631724496298609 0.9993403112645355 -258.8020134653359 575.6289280571235 279.89191179472635 1.0 565.619434175637 279.5281545869445 1.0 585.63842193861 280.2556690025082 1.0
0.25797552151171177 0.9661514530862956 -206.24844151181182 617.7725157846683 48.520606605632054 1.0 608.2425491725697 51.06523674502876 1.0 627.3024823967668 45.97597646623534 1.0
0.9991351764017952 -0.04158003459057606 -53.54285814832337 66.88031217574695 319.3747789283607 1.0 67.14428489390988 325.7178334958708 1.0 66.61633945758402 313.03172436085055 1.0
-0.9999450745833736 0.010480830904638949 112.932370970111 115.06760245723072 203.12429143115855 1.0 114.97583156898988 194.36870244002714 1.0 115.15937334547155 211.87988042229 1.0
0.367567285110636 0.929996930595148 -280.91873604288077 3.7353088735670417 300.5878293837807 1.0 0.17792309710309484 301.9938325531774 1.0 7.292694650030988 299.1818262143839 1.0
-0.9998178804485625 -0.019084180237679625 631.9087389998073 626.0943408959495 310.64588840308636 1.0 626.1899720478357 305.635783992366 1.0 625.9987097440631 315.65599281380673 1.0
-0.2778722178448088 0.9606180461296816 -313.2873464025287 95.61381747286366 353.7886585512283 1.0 85.5517938330517 350.8780773518991 1.0 105.67584111267561 356.6992397505576 1.0
0.049738751518464554 0.998762262301387 -327.35244969205894 229.41027892667705 316.33340661544275 1.0 223.1757410729434 316.6438890403842 1.0 235.6448167804107 316.0229241905013 1.0
0.9998463081229372 -0.01753168939186094 -109.12029030270435 112.57816266721301 196.24862946575638 1.0 112.83033406917924 210.6301667856665 1.0 112.32599126524678 181.8670921458463 1.0
0.2720863673587782 -0.9622728348537665 186.43040213058453 41.635336311802384 205.5122023386191 1.0 44.85626611403632 206.4229327028828 1.0 38.414406509568444 204.60147197435535 1.0
-0.11998908308152559 0.9927752111839088 -124.41432042929344 177.58662743521438 146.78325504220356 1.0 169.50415478113166 145.80638890788663 1.0 185.6691000892971 147.76012117652047 1.0
0.04941053247401764 -0.9987785536747543 267.9189220563136 344.3301835117998 285.28091509591434 1.0 359.3552502262102 286.02421954922403 1.0 329.3051167973894 284.53761064260465 1.0
-0.040006158369986555 0.9991994331926313 -221.4091831266268 375.63495630755574 236.6263298634081 1.0 368.14696000286216 236.3265238826518 1.0 383.1229526122493 236.92613584416438 1.0
0.06409909356045788 -0.9979435385855893 248.1333518444631 472.52437704812917 278.99547953693116 1.0 478.2062247408406 279.3604313330694 1.0 466.8425293554178 278.6305277407929 1.0
0.048849632461017325 0.9988061440582069 -280.7935639221189 70.6335415367034 277.67464490333424 1.0 65.61497839901314 277.9200928976392 1.0 75.65210467439368 277.42919690902926 1.0
-0.35803320259206795 0.9337088549658653 -156.34689882390634 413.046082412248 325.8308078691114 1.0 405.25387032481547 322.84286292877766 1.0 420.8382944996805 328.8187528094452 1.0
0.9667579122118636 0.25569344765902524 -490.54380712730233 453.22819018470625 204.8619888712475 1.0 451.7151399408606 210.5827193326809 1.0 454.741240428552 199.14125840981407 1.0
0.04329536748588586 0.9990623159514436 -339.63371033973675 95.00910764109969 335.83516338556024 1.0 84.34995562244762 336.29708842904057 1.0 105.66825965975174 335.37323834207984 1.0
-0.06170245501598937 -0.9980945882254846 276.6958736905945 173.1032278527133 266.52281527128457 1.0 180.6516550135904 266.05616963185315 1.0 165.5548006918362 266.98946091071593 1.0
-0.017141955242778478 -0.999853065890411 292.11088331302574 218.1085319530203 288.4144545412894 1.0 231.85449156186402 288.1787872893477 1.0 204.36257234417656 288.65012179323105 1.0
0.9832797381495988 -0.18210150066503142 -409.3835372463941 451.16673802614696 188.0246711681313 1.0 451.8796519064171 191.87413847595283 1.0 450.45382414587675 184.1752038603098 1.0
0.08767447822964619 -0.9961491785205464 284.95199460093704 357.4438138435625 317.5133818268392 1.0 363.1347465883974 318.0142601789997 1.0 351.75288109872764 317.0125034746787 1.0
-0.7924112893324308 0.6099871707983001 113.72723948181017 358.3408093443677 279.064989265936 1.0 353.9940362667637 273.41826057432786 1.0 362.6875824219716 284.7117179575442 1.0
0.9999920771722595 0.00398065229702318 -121.76196833515498 120.67073218992425 274.3751820453892 1.0 120.61100307154835 289.3799201374473 1.0 120.73046130830015 259.37044395333106 1.0
0.9996707097886871 0.025660709081838397 -153.49537824429777 148.23555874763775 206.87783795036887 1.0 147.753755796496 225.64755692462234 1.0 148.71736169877954 188.10811897611538 1.0
0.05026613292726682 -0.9987358589139264 196.65470658888975 295.59827440493166 211.78100981896102 1.0 308.0980674718405 212.41012136457812 1.0 283.0984813380228 211.1518982733439 1.0
0.3273984696336461 0.9448863646394452 -211.92159096079942 578.9429128293732 23.68175489944324 1.0 568.2967251956543 27.370606457844378 1.0 589.589100463092 19.99290334104211 1.0
0.9999826732439998 0.0058866978675454155 -336.67361431261156 335.6161232979431 180.6286269945482 1.0 335.5425191913086 193.13187295181976 1.0 335.6897274045775 168.12538103727664 1.0
-0.9995358951413765 -0.03046299926020368 590.5509063212828 581.6250554885446 301.8673824051697 1.0 581.8534219478014 294.3743423625991 1.0 581.3966890292878 309.3604224477402 1.0
-0.0040048430774752815 -0.9999919805838068 335.4882255901415 479.3767864620093 333.5710718306311 1.0 498.1264857351079 333.4959816251129 1.0 460.6270871889107 333.64616203614935 1.0
0.005218184776511724 -0.9999863851811375 327.6129650556272 515.6266536793846 330.30809729513294 1.0 521.8764834953074 330.34071050595713 1.0 509.37682386346194 330.27548408430874 1.0
0.999008619673547 0.04451716318403758 -157.15378008378443 146.28074106215115 247.5013698629354 1.0 145.35976899026699 268.1688826262106 1.0 147.20171313403534 226.8338570996602 1.0
0.302893259839693 -0.9530244871689731 316.7209838979282 54.48639372369112 349.6495103705815 1.0 59.56891838995766 351.2648544515654 1.0 49.40386905742458 348.0341662895976 1.0
-0.24240119684378358 -0.9701760972981665 441.49654994778115 574.1537682099199 311.61455142345517 1.0 580.4774757968512 310.03455549093206 1.0 567.8300606229888 313.1945473559783 1.0
-0.09830790504050058 0.995156045957893 -252.54836816936668 343.84925143907765 287.74529270176686 1.0 329.42974337548384 286.3208410941981 1.0 358.2687595026715 289.16974430933567 1.0
0.9462659197558442 0.32338956246085937 -243.1882316049711 161.6834006812328 278.898116141296 1.0 160.1485068814477 283.38934857974846 1.0 163.21829448101786 274.40688370284346 1.0
0.10918227069846818 -0.9940217461228534 129.89128274359234 289.3796545950205 162.45762344343785 1.0 313.185691197459 165.0724526890989 1.0 265.57361799258206 159.84279419777684 1.0
0.16999784715625896 -0.9854444337263452 98.64880975842752 176.26916705935292 130.51389228736582 1.0 181.94101296692253 131.49233567868202 1.0 170.59732115178335 129.53544889604964 1.0
-0.9996442138146945 -0.026672941097701852 447.36940250079203 441.34068303902336 231.91077268715844 1.0 441.6077622049775 221.90122248800537 1.0 441.07360387306926 241.92032288631154 1.0
0.0224309485105036 -0.9997483946218264 281.2784254409464 167.5256244122345 285.10791878205293 1.0 174.41118108898536 285.262407219457 1.0 160.64006773548365 284.95343034464884 1.0
-0.017976154165633654 0.9998384158859936 -313.93696330182627 197.48807361777313 317.53834851176106 1.0 190.59282865795754 317.4143784937681 1.0 204.3833185775887 317.66231852975403 1.0
-0.08660113342318071 0.9962430645629712 -254.39802326986822 283.80192734851505 280.027637600983 1.0 276.87064344995235 279.42511692802185 1.0 290.73321124707775 280.6301582739442 1.0
0.06543373067856739 -0.9978569170424609 285.11710786768253 471.18429380271516 316.62701200165804 1.0 484.33471503159655 317.48934116559343 1.0 458.03387257383383 315.7646828377227 1.0
-0.032497885744007984 -0.9994718042156915 295.97082748512724 569.3381011974185 277.61517808942995 1.0 584.3425599590622 277.12730721160244 1.0 554.3336424357748 278.1030489672575 1.0
-0.04807501507062188 -0.9988437279804881 366.7772912837843 117.54425101347371 361.54439331064304 1.0 126.89758344715457 361.0942111799319 1.0 108.19091857979284 361.99457544135424 1.0
-0.9999792736450255 0.006438344536224517 124.1811671224441 125.73304710177224 240.63235243859216 1.0 125.65256946311212 228.13287059209676 1.0 125.81352474043237 253.13183428508756 1.0
-0.9996302506091784 -0.02719121304817317 158.41216667391527 153.09852976334489 197.4992799759272 1.0 153.28632443483545 190.5953866412459 1.0 152.91073509185432 204.40317331060848 1.0
-0.0015856361846259147 -0.9999987428781548 290.9778840610826 521.2502405977198 290.1517355744322 1.0 529.3762111908721 290.1388507252267 1.0 513.1242700045673 290.16462042363776 1.0
0.0875980388888168 -0.9961559032515107 276.23378740463505 572.5420462778106 327.6468540462531 1.0 579.3642915399425 328.2467755081755 1.0 565.7198010156786 327.0469325843307 1.0
0.11560132073374355 -0.9932956934592108 129.2461392930824 376.77684637336984 173.96837768816425 1.0 383.08685633245244 174.7027466076274 1.0 370.4668364142872 173.23400876870113 1.0
0.06896430141217288 -0.9976191282903164 345.52037541360255 73.77970555384118 351.4452874078097 1.0 83.28211761758668 352.10217859115124 1.0 64.27729349009567 350.7883962244681 1.0
-0.27664894926346034 0.9609710499653064 -181.45398785964815 71.5928515696373 209.43406674782688 1.0 67.22037608551794 208.17529755971705 1.0 75.96532705375665 210.69283593593667 1.0
0.06210036745472325 0.998069909556434 -341.5686331459485 512.5211465949133 310.33986562298423 1.0 499.3305491224204 311.16059064649806 1.0 525.7117440674061 309.5191405994704 1.0
0.9991722348054362 0.040679788518504345 -595.6696422637364 583.897941342716 301.25602320833707 1.0 583.6174650224323 308.14504996963234 1.0 584.1784176629995 294.36699644704174 1.0
-0.028741413785818237 -0.9995868802328253 285.96205666408355 282.49518599152657 277.95757539983293 1.0 293.14732093499555 277.6512914497662 1.0 271.8430510480576 278.2638593498997 1.0
-0.9979122965524779 -0.06458365419639464 166.0864452902516 151.58502150751258 229.43713140901906 1.0 153.12610866710926 205.62507175156918 1.0 150.0439343479159 253.24919106646897 1.0
-0.9997992576321768 -0.020036078412404894 120.32565702164348 114.53837234118093 289.99074893494986 1.0 114.67634363117253 283.1059888302605 1.0 114.40040105118933 296.8755090396392 1.0
0.10392398861015015 -0.9945852424962666 170.0533016182249 79.25634251063974 179.2605894765748 1.0 86.80454262684118 180.04929921143315 1.0 71.70814239443831 178.47187974171646 1.0
0.13174335864583567 -0.9912838581620881 122.90381863013276 343.71154481337464 169.66435049292878 1.0 350.6304639956692 170.5838869544269 1.0 336.79262563108017 168.74481403143065 1.0
0.9981172802374401 -0.06133428805664408 -38.10748018839347 54.42501114587968 264.37192681602835 1.0 54.888854610346925 271.92023612031824 1.0 53.96116768141243 256.82361751173846 1.0
0.9993551656154289 0.035906168798112606 -163.15933707047685 156.12382281033143 198.7454665371966 1.0 155.92117506636242 204.38564137385035 1.0 156.32647055430047 193.10529170054284 1.0
0.04682558323763515 -0.9989030807613195 175.4623856208069 306.9900437418073 190.04583840354053 1.0 316.9973512764484 190.51495099411417 1.0 296.98273620716617 189.57672581296686 1.0
0.504731830458499 -0.8632761894793652 262.2234675159008 72.46799196541625 346.12372423993463 1.0 78.10050886149513 349.4168888119366 1.0 66.83547506933736 342.8305596679326 1.0
-0.059921447058649255 0.9982030956585928 -269.6771613167069 37.46777730480809 272.4117826658049 1.0 30.467928106178395 271.99158652035266 1.0 44.467626503437785 272.8319788112571 1.0
-0.9998355718334337 -0.018133650942670356 144.08995165958854 141.5515437999067 141.26680438496481 1.0 141.83483550708942 125.64694234272278 1.0 141.26825209272403 156.88666642720682 1.0
0.9999931216227379 0.003709003533597736 -480.6815136246786 479.71352191592194 261.8739374444652 1.0 479.65787864765485 276.8760492051206 1.0 479.76916518418903 246.87182568380982 1.0
0.07492977830592068 -0.997188812774705 349.93720745753114 25.55220800337216 352.84373854878436 1.0 33.10349838663279 353.4111501634082 1.0 18.00091762011153 352.27632693416047 1.0
0.09635586264172873 -0.9953469484227941 181.57951256423175 344.3614738523172 215.76472382635444 1.0 350.67333041796206 216.37575135320554 1.0 338.0496172866723 215.15369629950334 1.0
0.9999515624398579 0.009842396765364705 -114.81268384643786 112.57283278184184 228.1257168838605 1.0 112.41284103597324 244.38029390129637 1.0 112.73282452771043 211.8711398664246 1.0
-0.01982334442665508 -0.9998034982013927 204.8827150452736 374.3750031634246 197.50015954941148 1.0 384.38346066927187 197.3017194552581 1.0 364.36654565757726 197.69859964356485 1.0
0.29607619534850743 -0.9551643243693477 312.989551326994 43.35859409369243 341.12140768767046 1.0 50.90813929053184 343.46157111448986 1.0 35.80904889685302 338.78124426085105 1.0
0.011489176953699791 0.9999339972282804 -293.48880257626354 213.74772760520491 291.0522273640774 1.0 188.10456935068083 291.34686559385517 1.0 239.390885859729 290.7575891342996 1.0
0.997220001351792 0.07451354845886678 -161.74019537691348 149.6236942014134 168.19028354337757 1.0 149.05598569050693 175.78796602827597 1.0 150.19140271231984 160.59260105847918 1.0
-0.9268734404377841 0.3753739807325827 86.43463452426192 205.2017390832625 276.4214162131231 1.0 202.892401546765 270.71919992362905 1.0 207.51107661976002 282.12363250261717 1.0
-0.9987350910410532 0.050281387443261195 610.6151405910435 615.7618723526907 86.8681091519086 1.0 614.9426730567172 70.59642046057864 1.0 616.5810716486643 103.13979784323855 1.0
0.008028481840868573 0.9999677712203184 -322.65206273854557 133.75271849844705 321.58859587491816 1.0 124.37330513889539 321.66390075173763 1.0 143.13213185799873 321.51329099809874 1.0
0.07851025541861888 -0.9969133060573037 187.94945774094828 366.8809460817382 217.42449740518435 1.0 381.9352405254412 218.6100734174021 1.0 351.8266516380352 216.23892139296663 1.0
0.10642402281450304 0.9943208372391569 -306.4047641539607 82.49467684313603 299.32526568579397 1.0 71.85774183551717 300.4637567759238 1.0 93.1316118507549 298.18677459566413 1.0
0.10610232760171628 -0.9943552162469397 265.36696109511365 302.3257546874032 299.1329682807484 1.0 318.10455119769756 300.81663927592354 1.0 286.5469581771088 297.44929728557327 1.0
-0.23787834115983325 -0.971294957676115 329.9364220224908 243.30262887820862 280.10028685419826 1.0 248.30851089388 278.87430405616254 1.0 238.29674686253728 281.326269652234 1.0
-0.11498832811944117 -0.9933668428110008 222.5077504086124 163.75439357785208 205.0379554571404 1.0 170.75266314394685 204.2278626671926 1.0 156.75612401175732 205.8480482470882 1.0
0.05930064092820591 0.9982401684892791 -290.69362836872006 304.9977813772329 273.08765270779315 1.0 295.5817538313792 273.64701355710844 1.0 314.4138089230866 272.5282918584779 1.0
-0.10195680918103557 0.9947888263654864 -269.6744645218645 302.54151892080154 302.09490142122036 1.0 286.8887709769415 300.4906370859426 1.0 318.1942668646616 303.69916575649813 1.0
0.15459246494234113 0.9879783245512277 -335.00202349627904 97.5110186692938 323.82041873891933 1.0 88.0736939441365 325.29711033778216 1.0 106.94834339445111 322.3437271400565 1.0
0.0931268522713806 0.9956542519298677 -361.0215100841009 395.62204633004353 325.59342120205724 1.0 390.4336040170313 326.0787134607564 1.0 400.81048864305575 325.10812894335805 1.0
-0.0038045976630226384 0.9999927624921204 -334.0858629465447 142.49902816059156 334.63043630648707 1.0 126.86949861923533 334.5709718045451 1.0 158.1285577019478 334.68990080842906 1.0
-0.08061961478929766 -0.9967449411515592 380.9844516889283 621.7789393281844 331.93734872027125 1.0 633.0562661939342 331.02520589392356 1.0 610.5016124624347 332.84949154661894 1.0
-0.9968334771027576 -0.07951741272970383 388.6610945293869 368.7566144629918 265.00052763575434 1.0 369.30551748059463 258.11945737899055 1.0 368.20771144538907 271.8815978925182 1.0
0.1562824364916751 -0.9877124075581039 251.69645244026785 510.62543840550074 335.62222925645136 1.0 515.6962700327297 336.4245700144273 1.0 505.5546067782718 334.81988849847545 1.0
0.3557663560895592 -0.9345749300482852 233.41405918310204 125.391875091164 297.4874038758546 1.0 130.5902523839276 299.46627971294737 1.0 120.19349779840037 295.5085280387618 1.0
0.10381616391465644 -0.9945965031660049 133.42954392344004 360.6331003544508 171.7973956664606 1.0 369.41786363241573 172.71435085533727 1.0 351.8483370764859 170.88044047758393 1.0
0.9998511166730636 -0.01725527419740791 -311.5845580278942 314.6296153199936 173.7563920408803 1.0 314.7915455213119 183.13938362704306 1.0 314.46768511867526 164.3734004547176 1.0
-0.011597890503983318 0.9999327422061233 -283.73056728578564 278.7487500507651 286.98276659475846 1.0 271.8601784262618 286.90286832154703 1.0 285.6373216752685 287.0626648679699 1.0
0.12785513955081657 -0.991792853014399 124.50249279384262 407.42837161918294 178.05563285462665 1.0 411.81110740459593 178.62062512469112 1.0 403.04563583377 177.49064058456216 1.0
-0.13231535952691834 0.991207670285729 -141.95825002465233 307.5143815059104 184.26726451849848 1.0 300.5958045681071 183.34371033062965 1.0 314.43295844371374 185.1908187063673 1.0
0.9988401249363567 -0.04814981637683911 -405.32453860363546 414.98591254616736 190.65580767660663 1.0 415.28939785597316 196.9514351072565 1.0 414.68242723636155 184.36018024595677 1.0
0.09093662168046146 -0.9958566818761345 97.43171435974439 75.5916939891201 104.73973769168511 1.0 85.62219910040322 105.65567295141572 1.0 65.561188877837 103.82380243195449 1.0
0.999869712434072 0.016141813931720705 -116.35852941104308 112.16626999279129 260.61961229036865 1.0 111.92401148113206 275.62579123729734 1.0 112.40852850445053 245.6134333434399 1.0
0.17418714998611068 0.9847125655640412 -265.39504825616723 5.585589032442769 268.52720242292423 1.0 0.41568683226085423 269.4417134807178 1.0 10.755491232624683 267.6126913651306 1.0
-0.0459923999422306 0.9989417896692249 -271.99925100587376 103.7700243611886 277.0650765946578 1.0 96.88085222310576 276.7478913857474 1.0 110.65919649927146 277.3822618035682 1.0
0.99953827079571 -0.03038495046436651 -624.7252493533085 628.7935151134047 124.33567845144695 1.0 629.0598376990608 133.09658188134648 1.0 628.5271925277485 115.57477502154742 1.0
0.0985706703516207 -0.9951300532827014 161.39165688644218 350.0024482717476 196.8502832279019 1.0 363.1225367434684 198.14986805248233 1.0 336.8823598000268 195.55069840332152 1.0
0.1588682501794585 -0.9872997918995614 248.82218779558605 528.1046863071479 337.0012411130165 1.0 533.1745539404994 337.81704296586844 1.0 523.0348186737962 336.18543926016446 1.0
0.8712121718058748 0.4909066629180041 -246.1697159680645 126.32537146336864 277.26964211935035 1.0 123.81784691967341 281.7197465253159 1.0 128.83289600706385 272.8195377133848 1.0
-0.061629751325175605 -0.9980990801276178 363.1158949139596 590.5381483004056 327.34342931605767 1.0 596.8028547601695 326.95660168648897 1.0 584.2734418406418 327.73025694562637 1.0
-0.22258425115225614 -0.9749134582818054 204.39700341506133 624.4247751982252 67.0930141244816 1.0 634.4718386647398 64.79915093182996 1.0 614.3777117317105 69.38687731713324 1.0
0.07924278354454367 0.9968553462043088 -303.29529632488857 174.9281814429386 290.34653965495704 1.0 167.94823946100692 290.9013945130202 1.0 181.9081234248703 289.7916847968939 1.0
0.17138541166733096 0.985204060419779 -220.87685693561082 633.3877357858532 114.01032903280417 1.0 628.4290695803455 114.87293514974375 1.0 638.346401991361 113.14772291586458 1.0
0.15890352944858513 -0.9872941143999505 229.6178685098753 553.8757966070676 321.7184047125927 1.0 562.0897961360802 323.0404358044547 1.0 545.6617970780551 320.3963736207307 1.0
-0.2832215762061702 -0.9590545025030082 306.57887634783947 633.0089033030947 132.7318694292852 1.0 638.2868933166176 131.17320863688082 1.0 627.730913289572 134.29053022168964 1.0
0.09005233457213155 -0.9959370346754401 163.99495847337457 283.1013172166076 190.26192059513772 1.0 295.55600346399603 191.388069672731 1.0 270.64663096921913 189.1357715175444 1.0
0.02326731431441932 -0.9997292793974748 282.22451599500164 475.6483667647916 293.37099762089804 1.0 485.64295308563754 293.60360777462876 1.0 465.65378044394566 293.1383874671674 1.0
0.06503379503686992 0.9978830620383845 -384.22360237669875 121.2669787450432 377.13552304165376 1.0 0.5031882309578073 385.0059117664865 1.0 242.0307692591286 369.26513431682093 1.0
0.07308431170141295 0.9973257659276286 -384.22257985994037 486.8895413026154 349.5734340473474 1.0 335.5363046016056 360.6646416607252 1.0 638.2427780036252 338.48222643396963 1.0
0.010235415516675731 -0.9999476167625988 321.78224298529864 554.3688728322361 327.47359287520555 1.0 565.6176942402645 327.5887352679209 1.0 543.1200514242075 327.35845048249024 1.0
-0.10481754352976246 0.9944914693291171 -174.03897343439283 165.01108337865267 192.39484274148913 1.0 158.0161667743518 191.65759159527974 1.0 172.00599998295354 193.13209388769855 1.0
0.1348646606381097 0.990864028669407 -261.28746662459326 271.1534181438774 226.79040353046398 1.0 265.5472079871501 227.5534543713228 1.0 276.75962830060473 226.02735268960515 1.0
0.9999972266616446 -0.0023551367305324534 -382.3617395559231 382.8971243688976 226.8755366797572 1.0 382.91478784538964 234.37549507973955 1.0 382.8794608924055 219.37557827977486 1.0
0.9989770711859645 0.04521958917009966 -162.2213006469624 149.93813697788 275.02549089816046 1.0 149.68403698116472 280.6389888349089 1.0 150.19223697459523 269.41199296141195 1.0
0.11633250554094646 -0.9932103242287436 242.87693642140977 193.16456586907177 267.16219906064566 1.0 204.3345309392773 268.470512105449 1.0 181.99460079886623 265.85388601584225 1.0
0.9999940763400823 -0.0034419884871513097 -382.12414721341133 382.76533055452046 185.62408672987613 1.0 382.79545517993074 194.37613429619583 1.0 382.7352059291101 176.87203916355642 1.0
-0.06344062508004208 0.997985614670599 -282.63920812610894 471.86986083406987 313.2058443117194 1.0 463.0759360330177 312.64682614744476 1.0 480.66378563512205 313.764862475994 1.0
-0.9995462129715038 0.03012255192252914 624.7629435244005 632.3923847076351 243.75324311891723 1.0 632.109546827246 234.3679316434895 1.0 632.675222588024 253.13855459434492 1.0
-0.058472833255922646 0.9982890001252269 -272.5515879889811 489.34972982629887 301.68143003395596 1.0 483.0846160363265 301.3144631997782 1.0 495.61484361627123 302.0483968681337 1.0
0.03360251550981258 0.9994352760191191 -290.59566096166577 434.9751316071479 276.1353426053919 1.0 428.0659149451526 276.3676408498266 1.0 441.88434826914323 275.9030443609572 1.0
-0.04052675913776111 0.9991784534275094 -251.51766156223823 633.778166591773 277.43055879115707 1.0 629.3597353407781 277.2513468611344 1.0 638.196597842768 277.60977072117976 1.0
-0.14191975385557526 0.9898781659707284 -102.18560505965328 313.12520938112914 148.12353958450112 1.0 250.65480683999206 139.1670998359765 1.0 375.59561192226624 157.07997933302573 1.0
0.9936476201499936 0.11253624736170108 -16.278935198925982 10.998569260398366 47.54230884454649 1.0 10.353743520845494 53.23584827330327 1.0 11.643394999951239 41.84876941578971 1.0
-0.22383530516450295 0.9746269830873318 -350.63197402886095 371.70245375092225 445.12630341953036 1.0 341.56935160470795 438.20585874531736 1.0 401.8355558971365 452.04674809374336 1.0
-0.9998452679128829 0.01759091334227261 149.69511634748616 152.697949874107 169.3605213197631 1.0 152.61000891678933 164.3620685209242 1.0 152.7858908314247 174.35897411860205 1.0
-0.11930403655876304 -0.9928577676892019 439.8459999418768 14.304846639834278 441.29117810613025 1.0 28.30333143197274 439.6090884899151 1.0 0.306361847695813 442.97326772234544 1.0
-0.21662315859162914 0.9762552981478696 -363.3894078898226 458.36141692654473 473.93454015437806 1.0 449.3611424067647 471.9374519968383 1.0 467.36169144632476 475.93162831191773 1.0
-0.3273502101267874 0.9449030849404335 -367.14099199504204 247.89031399486112 474.42742595968446 1.0 235.7631840475971 470.22612891690676 1.0 260.01744394212517 478.6287230024621 1.0
-0.991270606229486 -0.13184303252514848 182.43673660417954 149.2048343918591 261.93549482870026 1.0 150.2176176599943 254.32081648768155 1.0 148.19205112372387 269.5501731697189 1.0
0.2238802487251659 -0.974616660144263 408.4835429910061 229.52506623127906 471.8467174975798 1.0 243.26775064034194 475.0035644195245 1.0 215.78238182221617 468.68987057563504 1.0
0.06507762683023366 -0.9978802044765418 191.74847983317036 272.50473178094916 209.92744433423468 1.0 279.39120278277153 210.3765515397122 1.0 265.6182607791268 209.47833712875712 1.0
0.999998938606716 0.0014569781883871226 -367.1698244226203 366.83693010109505 228.7499445329288 1.0 366.8232709450767 238.12492463181528 1.0 366.8505892571134 219.3749644340423 1.0
0.010463253068919544 0.9999452586693013 -428.27381619902474 228.12798397194575 425.9101702601021 1.0 215.62935246775558 426.04095376380866 1.0 240.62661547613595 425.7793867563956 1.0
-0.0746452950194856 -0.9972101483295555 268.69814477865964 229.26559277140325 252.28839416631965 1.0 243.0785483311829 251.25443743756196 1.0 215.45263721162362 253.32235089507734 1.0
0.07599191842403831 0.9971084335889624 -322.93524501243303 136.23013381946046 313.48933101611374 1.0 126.67248423274823 314.21774139080566 1.0 145.7877834061727 312.7609206414219 1.0
0.16771024255881584 -0.9858363325323647 378.19621692866326 343.91806445416273 442.13708153662526 1.0 352.02120337287266 443.51558560337406 1.0 335.81492553545286 440.7585774698764 1.0
0.2273563107755005 -0.9738116388452923 351.9404664296133 378.19449510290684 449.70233885383414 1.0 395.7585392115333 453.8030253845174 1.0 360.6304509942804 445.6016523231509 1.0
0.16649708260000057 -0.9860419471227826 405.58830296641224 130.88196563118223 433.4296017081513 1.0 137.66899003359458 434.5756176214033 1.0 124.09494122876988 432.28358579489935 1.0
0.17961214031985703 -0.9837375051555775 386.78136696311697 440.7574662375457 473.6494810801288 1.0 455.9361504188437 476.42082601590096 1.0 425.5787820562478 470.8781361443566 1.0
0.9990506202599828 -0.04356441389648078 -289.4533944515593 297.41414446043586 176.25374380054927 1.0 297.877763078233 186.8857809668218 1.0 296.9505258426388 165.6217066342767 1.0
-0.9924999539559097 -0.12224500561379681 568.2342135128495 532.2615432924126 326.9226100646278 1.0 532.8868639063747 321.8456690685616 1.0 531.6362226784506 331.999551060694 1.0
-0.30992268052572014 0.9507617641111533 -309.8948729381773 289.29478962740114 420.2460644546011 1.0 275.5763565352578 415.774225433493 1.0 303.0132227195445 424.71790347570914 1.0
-1.0 0.0 351.875 351.87500000000006 227.5 1.0 351.87500000000006 218.125 1.0 351.87500000000006 236.875 1.0
0.04467169027016869 0.9990017217644853 -320.98558296068404 198.09473895915704 312.4482664418641 1.0 189.30641623901596 312.84124797732636 1.0 206.88306167929815 312.0552849064019 1.0
-0.30900554172462646 0.9510602374105807 -310.7166179772083 427.6901461362052 465.6647663875775 1.0 419.42257307573385 462.9785791285512 1.0 435.9577191966766 468.3509536466039 1.0
-0.022572598951476085 0.9997452064284059 -285.60009717820066 295.00375741250673 292.33358340126335 1.0 285.61942990360234 292.121700753639 1.0 304.38808492141106 292.5454660488877 1.0
-0.47168874102137703 0.8817651226906563 -209.1228088841065 411.3927990503188 457.23305442514516 1.0 402.2840010890097 452.36042187025635 1.0 420.50159701162795 462.1056869800339 1.0
0.40664146289408326 -0.9135878286488716 253.90572269416313 402.6575817394811 457.1459663552687 1.0 409.0923179898442 460.01009225551746 1.0 396.22284548911796 454.28184045501996 1.0
-1.0 0.0 414.375 414.37500000000006 230.625 1.0 414.37500000000006 221.875 1.0 414.37500000000006 239.375 1.0
-0.24064946109769972 0.9706120939249554 -289.9590740244884 589.9952172663051 445.0192902121827 1.0 576.9003854156608 441.7726129373514 1.0 603.0900491169493 448.26596748701394 1.0
0.16971652157145495 0.9854929235188277 -470.81837568836113 84.89310032750235 463.1292656731504 1.0 71.83254680159105 465.37848701337157 1.0 97.95365385341366 460.8800443329293 1.0
0.2952381474245596 -0.9554236946534841 240.471177691322 622.7676687081548 444.13379409700497 1.0 638.2647959324911 448.922604713404 1.0 607.2705414838185 439.344983480606 1.0
-0.957969888340032 -0.2868687731939231 58.67160010234149 39.350338702536156 73.11761505373505 1.0 41.61716028480681 65.54778863492639 1.0 37.083517120265505 80.68744147254372 1.0
-0.9987919572012238 -0.049138846447070166 75.67779387409936 63.86920394050162 241.88086462885084 1.0 64.48420663961396 229.38037277884177 1.0 63.25420124138928 254.3813564788599 1.0
0.2675235132675134 -0.963551332233528 331.10815999962074 290.05808410846385 424.16579588403897 1.0 299.7287737168459 426.8507974747243 1.0 280.38739450008177 421.4807942933536 1.0
-0.37652028677143246 0.9264083730459037 -277.27330335193267 331.405498622569 433.9924038132704 1.0 322.0515258835293 430.19066734301845 1.0 340.75947136160875 437.7941402835224 1.0
-0.1249204290549079 0.9921667634045891 -380.73543094992726 461.8725808484019 441.8942138454005 1.0 454.33469182814326 440.9451432200675 1.0 469.4104698686606 442.84328447073347 1.0
-0.1331143366484373 -0.9911006878106011 439.6944688607317 38.01246781129929 438.5371433691499 1.0 45.709396388163434 437.5033719730236 1.0 30.31553923443515 439.57091476527614 1.0
-0.19453888293965937 -0.9808948073185981 242.47231229879995 226.81763140745136 202.21073878042375 1.0 243.04896334440429 198.99161155079815 1.0 210.58629947049843 205.42986601004932 1.0
0.9998834173312892 0.015269307315763507 -65.01670702136175 61.339971092767684 241.26091838623194 1.0 61.177753616489035 251.88344114893172 1.0 61.50218856904634 230.63839562353218 1.0
0.1772453409156258 0.9841666978330975 -246.46024303094063 226.41194667095004 209.64921980205878 1.0 209.52196841112746 212.69105200519178 1.0 243.30192493077266 206.6073875989258 1.0
0.08205766503482292 0.9966275832070036 -405.62359474002267 133.15855177713817 396.03250156060744 1.0 0.6306997895845612 406.9442265313185 1.0 265.68640376469176 385.1207765898964 1.0
0.09949359326425884 0.9950382027336269 -461.76230597039773 285.613153430023 435.5065221230658 1.0 279.177522208839 436.1500190997248 1.0 292.048784651207 434.86302514640687 1.0
0.034489907665706504 -0.9994050461495635 230.8145209930284 349.37899804807057 243.0091496052924 1.0 361.9072153611386 243.44150389448515 1.0 336.8507807350025 242.5767953160997 1.0
-0.022876068084189686 0.9997383085132867 -261.1239683536209 379.3778999217276 269.873266558217 1.0 369.36883926563 269.6442386705409 1.0 389.3869605778251 270.1022944458931 1.0
-0.017325311575896007 0.9998499055252233 -254.6653519147598 74.37946328314308 255.99242233916593 1.0 63.14366684984557 255.7977294428277 1.0 85.61525971644059 256.18711523550417 1.0
-0.08563789978011963 -0.9963263271244267 474.2867744353531 81.84284310538156 469.00088105512657 1.0 90.5286719189425 468.25430223130905 1.0 73.15701429182062 469.74745987894414 1.0
-0.9999792152748158 -0.006447404001886278 282.97137558330337 281.8449095753176 175.62480599084307 1.0 281.91744136275423 164.37527364229965 1.0 281.772377787881 186.87433833938647 1.0
0.3213710762588516 -0.9469533416933631 274.20000894410106 457.5536563466077 444.8418959872968 1.0 468.41272799345785 448.52717950515176 1.0 446.69458469975757 441.1566124694419 1.0
-0.20476736253028194 0.9788106697632551 -396.86232932728944 157.4443515542087 438.3910057336441 1.0 144.36860731099253 435.6555577614111 1.0 170.52009579742491 441.12645370587705 1.0
0.27332132785984836 -0.9619227888645373 307.27760264772286 493.4909108179114 459.66183439854734 1.0 499.18866151008996 461.28079675501556 1.0 487.79316012573287 458.0428720420791 1.0
-0.21768210307632002 0.9760197241860794 -345.6249433040272 549.424056248756 476.6550468403061 1.0 544.3954062059986 475.53350483678247 1.0 554.4527062915133 477.77658884382976 1.0
-0.034568787898881764 0.9994023208414128 -452.11635489491925 120.59272891294673 456.5579745489329 1.0 108.06448126808817 456.1246292118767 1.0 133.12097655780528 456.9913198859891 1.0
0.02504455665029565 0.9996863358985107 -300.51130956042397 374.9990221474602 291.21096773298405 1.0 363.11582256337675 291.5086705768494 1.0 386.8822217315437 290.91326488911864 1.0
0.9998328092682347 0.018285335949599885 -282.4437289936097 279.31337108855945 173.74887290621047 1.0 279.1191218761936 184.3703204001583 1.0 279.5076203009253 163.1274254122626 1.0
-0.4627460807446273 0.8864908712194881 -307.7781593881399 217.69517946457933 460.82341482028323 1.0 198.13204401691294 450.6115056519117 1.0 237.2583149122457 471.0353239886547 1.0
0.08620121609622872 -0.9962777475902649 397.07198258060754 596.2375464014931 450.1439335038602 1.0 604.4631980356817 450.8556438434377 1.0 588.0118947673046 449.4322231642827 1.0
-0.11153271450787881 0.993760762756562 -440.8566292922058 201.94077754246194 466.2889195745602 1.0 186.98882469424228 464.61081760992846 1.0 216.89273039068158 467.967021539192 1.0
0.1880589189488033 -0.9821577485332014 403.8442688152272 155.67505535353044 440.9885805810205 1.0 174.33913842368415 444.5622909046276 1.0 137.01097228337673 437.4148702574135 1.0
-0.11933393940904917 -0.9928541740382206 442.1546651364801 83.16598711699916 435.3410113702432 1.0 99.70293279353662 433.35338929544423 1.0 66.62904144046169 437.32863344504216 1.0
-0.9999896683878919 -0.004545670189753006 369.61810097844136 368.58777246832733 227.49926255952636 1.0 368.6190365424521 220.62156360394297 1.0 368.5565083942025 234.37696151510977 1.0
-0.9998407749546437 0.017844459591070904 105.65404286094792 111.91741026592021 349.99924309120473 1.0 111.81665313202531 344.3537322074738 1.0 112.01816739981511 355.64475397493567 1.0
0.28736426141196386 0.9578213723148783 -219.70468882147256 225.74552949522524 161.65174002833135 1.0 209.28918012408724 166.5889515160488 1.0 242.20187886636324 156.7145285406139 1.0
0.22816368292015235 -0.973622788248258 303.3366092173268 573.3496872686769 445.91621180806123 1.0 587.2169257126576 449.1659305220236 1.0 559.4824488246961 442.6664930940989 1.0
-0.09046773471982315 0.9958993869737363 -468.48689865474756 23.067196383467916 472.5113217388768 1.0 13.036419541785815 471.6001236096114 1.0 33.09797322515002 473.4225198681422 1.0
0.032210018441753245 -0.9994811227391851 276.8138803874556 369.9957671842035 288.88134483273643 1.0 376.8837552887206 289.1033222356363 1.0 363.10777907968634 288.6593674298366 1.0
-0.29837919974884164 0.9544474072243273 -210.8905591298097 624.0127759710638 416.0344392488689 1.0 615.8991777802364 413.49796744650615 1.0 632.1263741618912 418.57091105123163 1.0
-0.2970851322310919 -0.9548509958141295 214.66009337986512 218.32194688913154 156.88300014981388 1.0 246.05423387688452 148.25458568206486 1.0 190.58965990137855 165.51141461756288 1.0
-0.3266040336939765 0.9451612588203263 -358.56982928588184 184.38712838087528 443.08990161004476 1.0 174.29622978054456 439.6029535832304 1.0 194.478026981206 446.5768496368591 1.0
-0.9462552059653574 0.32342091024462094 59.613191351299236 96.44182083467749 97.84581851048982 1.0 94.78087587801302 92.98627553636084 1.0 98.10276579134194 102.7053614846188 1.0
-0.08719341733223998 -0.9961914012748383 385.49050361718787 407.55838261806116 351.2920258360772 1.0 455.7518097272771 347.0738107448535 1.0 359.3649555088453 355.5102409273008 1.0
-0.308624670305797 0.9511839006620318 -310.36017401218993 442.55511913175894 469.88137776017413 1.0 436.16652950691247 467.80851218148325 1.0 448.9437087566054 471.95424333886507 1.0
0.010117392569139039 0.9999488178739959 -416.5743422472701 95.00641878278543 415.6343980639898 1.0 81.87643923249848 415.76724602096573 1.0 108.13639833307238 415.50155010701394 1.0
0.1209487713108428 0.992658750386253 -431.8276424499103 111.89181188638455 421.38797962516895 1.0 95.654412616854 423.3663971731623 1.0 128.12921115591507 419.4095620771756 1.0
-0.09717328646859182 0.9952674778153323 -367.63543820096004 394.27698149874084 407.87892433015963 1.0 383.01231951960756 406.77909513864125 1.0 405.5416434778742 408.978753521678 1.0
0.03504211543243604 -0.999385836474592 424.1804753520559 493.7323556114741 441.75321025909557 1.0 500.5770255850759 441.99320937310944 1.0 486.88768563787227 441.51321114508175 1.0
-0.1047460531995085 -0.9944990016782952 445.3323137406163 148.77640459221277 432.1256952748406 1.0 155.57597390954427 431.40952758815115 1.0 141.9768352748813 432.8418629615301 1.0
0.04544019878918994 0.9989670606851854 -321.70126020967456 235.00428573124333 311.34421843339464 1.0 229.36252950822623 311.6008460384312 1.0 240.64604195426045 311.0875908283581 1.0
0.09203656594954293 -0.995755627916918 388.3249843157457 259.41358814423813 413.95750982748416 1.0 264.48579190752724 414.42632788191594 1.0 254.34138438094908 413.48869177305244 1.0
-0.5961238731541801 0.8028924758992695 -82.90522157997825 446.14920692468644 434.5107536670421 1.0 438.5184198985621 428.8451204050876 1.0 453.77999395081076 440.1763869289966 1.0
0.14920289718870428 -0.9888066016519595 349.5071511355645 339.42331030164803 404.679835002554 1.0 353.14383863260315 406.7501514572764 1.0 325.70278197069285 402.60951854783156 1.0
1.0 0.0 -366.8749999999996 366.8749999999999 184.375 1.0 366.8749999999999 193.125 1.0 366.8749999999999 175.625 1.0
-0.372948589008969 0.9278520086502046 -266.45722046390046 321.7699594213097 416.51132854446917 1.0 314.23176086715296 413.48136203231815 1.0 329.30815797546643 419.54129505662024 1.0
-0.5494504386494111 0.8355263104582462 -149.98718775717754 403.7397834042813 445.01553594997074 1.0 398.3783212616977 441.4897849482709 1.0 409.1012455468649 448.54128695167066 1.0
-0.018201664328844396 -0.9998343359855472 462.83432376180144 128.7489473698327 460.56717804672417 1.0 143.1191849239328 460.3055724678083 1.0 114.37870981573258 460.8287836256401 1.0
0.11195968523369756 0.9937127496829108 -462.57147928307904 299.4326508650446 431.76168775176086 1.0 291.9571282942598 432.6039403587135 1.0 306.9081734358294 430.9194351448083 1.0
-1.0 0.0 351.875 351.875 182.5 1.0 351.875 173.125 1.0 351.875 191.875 1.0
0.08003986837891267 -0.9967916630218606 455.32716955759594 199.30103897335553 472.79608765595054 1.0 209.33670400994123 473.60192636670786 1.0 189.26537393676983 471.99024894519323 1.0
0.03630212444146037 -0.999340860648176 408.42418146457084 233.11458517670803 417.1617038398497 1.0 250.68221839323292 417.7998668853941 1.0 215.54695196018318 416.5235407943053 1.0
0.12379456168225149 -0.9923078688078107 384.0463119060608 265.60520061303146 420.1587071937529 1.0 280.75920645322776 422.04923287604066 1.0 250.4511947728351 418.2681815114652 1.0
0.9999999668058438 -0.0002576592924282077 -416.0934938995311 416.1534135052944 232.5000248864087 1.0 416.15518495436373 239.3751854670415 1.0 416.15164205622506 225.62486430577593 1.0
-0.14799294118796272 -0.988988417201403 440.15990984732287 48.78889571773463 437.75992735876116 1.0 50.897260831524 437.4444300800663 1.0 46.68053060394526 438.075424637456 1.0
-0.08193272060998254 -0.9966378626629868 402.8274169783621 158.7406624403754 391.13641698460077 1.0 264.42214164278533 382.4484356891634 1.0 53.05918323796545 399.82439828003817 1.0
0.011681482056664933 0.9999317691607562 -309.8838518574009 218.12332732352456 307.3568193368618 1.0 198.11875603584826 307.59051832288804 1.0 238.12789861120086 307.1231203508356 1.0
0.19075119037521665 -0.9816384178354256 331.9988972818535 418.10933412400516 419.4556192910007 1.0 425.5704998701836 420.90546703718877 1.0 410.6481683778267 418.0057715448126 1.0
0.18160637444070726 -0.9833713056432456 360.5463814392154 472.58425512225983 453.9187711377757 1.0 486.931621284588 456.56840422810603 1.0 458.2368889599316 451.2691380474453 1.0
0.12609297253798904 -0.9920184283956293 388.20056047620557 614.5262790835366 469.4348334452864 1.0 625.7537685997087 470.8619314574905 1.0 603.2987895673645 468.0077354330823 1.0
-0.1468225945480178 0.9891628408559373 -355.57690402219123 613.757669092447 450.57333233062593 1.0 603.1801715631576 449.003302031336 1.0 624.3351666217364 452.1433626299158 1.0
0.41736210292742604 -0.908740268195482 157.70356201371803 633.1039627221891 464.3099662624073 1.0 639.1714142043475 467.09659782109486 1.0 627.0365112400307 461.5233347037197 1.0
0.4728734681874192 0.8811303439811853 -521.8752165671216 266.2569547088292 449.3879590797437 1.0 261.36892816437495 452.01120101035826 1.0 271.1449812532834 446.76471714912924 1.0
0.17204589933795467 -0.9850889343206503 389.8614201609163 408.0967403225609 467.0368073760539 1.0 411.94759174405596 467.70935903402665 1.0 404.2458889010658 466.36425571808115 1.0
0.016863185827229454 -0.9998578063723643 435.9883906419378 59.3614812178039 437.051560277513 1.0 66.93311441248684 437.179260293219 1.0 51.789848023120946 436.9238602618069 1.0
0.6212591422662185 -0.7836051800177449 193.6320150640664 263.68959393918215 456.16286764612283 1.0 268.5853613874848 460.0443380131239 1.0 258.79382649087944 452.2813972791218 1.0
0.020039774722934035 -0.9997991835509039 466.9249980190643 164.9809458000521 470.3256281290336 1.0 189.34615698113527 470.81399954519287 1.0 140.6157346189689 469.83725671287436 1.0
0.22578911235767243 -0.9741762041544303 325.48821897702925 316.8618272910351 407.556834182498 1.0 326.76444202172246 409.8520068427691 1.0 306.9592125603478 405.2616615222269 1.0
-0.02955821971364841 0.9995630603655578 -422.58400895149475 499.39240745340527 437.53633642122156 1.0 483.1196732584408 437.0551331117469 1.0 515.6651416483697 438.0175397306963 1.0
0.9999971116213547 0.002403486831152339 -350.60983370918433 350.0655533775489 226.87515755713474 1.0 350.04451931805227 235.62660918551208 1.0 350.08658743704547 218.12370592875743 1.0
0.06264667726668235 -0.9980357678096733 413.80052509675164 411.8847969940572 440.4689222810736 1.0 423.16879970542414 441.1772188160633 1.0 400.6007942826902 439.7606257460839 1.0
0.9999359920570898 0.011314229483428693 -211.0713504284107 208.36217043031579 240.62768357244522 1.0 208.05104903503675 268.1241632482531 1.0 208.67329182559482 213.13120389663732 1.0
-0.999952452217002 0.00975157962610769 387.90772420711215 389.7302634631537 184.99653545531936 1.0 389.5291466964763 164.3734967547392 1.0 389.93138022983106 205.61957415589953 1.0
-0.12434423760547553 -0.9922391398117255 443.8001157659068 491.6459789577225 385.65982330955126 1.0 638.4863210492646 367.2582609698873 1.0 344.8056368661804 404.06138564921525 1.0
-0.1755150735786415 -0.9844767437307416 452.7893117723115 185.61812266285318 426.8364245184657 1.0 199.37652274365098 424.3835411792874 1.0 171.85972258205538 429.28930785764396 1.0
0.16710319007575852 -0.9859394118638858 407.85976959215526 115.39464951478655 433.2341100314179 1.0 124.72408720333783 434.8153215953443 1.0 106.06521182623527 431.6528984674916 1.0
0.4824961662154395 -0.8758980817351999 303.03998969034586 196.58904004579568 454.2691166124806 1.0 217.38229643037533 465.72326487230913 1.0 175.795783661216 442.81496835265204 1.0
-0.32639160534821277 -0.9452346375150547 510.2725080541831 329.8880522646713 425.92579779844164 1.0 336.6091170595764 423.60499929932456 1.0 323.1669874697662 428.24659629755877 1.0
-0.05809026671362239 0.998311334661257 -384.14581969678983 377.50656587947685 406.7621619588847 1.0 373.0738390108648 406.50422810886613 1.0 381.939292748089 407.0200958089032 1.0
-0.9998674369554518 0.01628215330156862 319.09262217394405 322.72759365346167 220.62129379393792 1.0 322.60532799896595 213.11310711100282 1.0 322.84985930795744 228.129480476873 1.0
0.09131778418090193 0.9958218024788824 -408.1852131112333 461.3160009671061 367.59474153357377 1.0 340.6738526231328 378.6577385860298 1.0 581.9581493110794 356.53174448111776 1.0
-0.38362008196227604 0.9234910030505206 -232.2105031649368 470.59942702210174 446.9365619883333 1.0 464.38353008192723 444.35446548086105 1.0 476.8153239622763 449.5186584958056 1.0
-0.10289498009034992 0.9946922252999701 -138.23717911410233 123.76012988908056 151.77707372699103 1.0 109.40938738651975 150.29257497800623 1.0 138.11087239164135 153.26157247597587 1.0
0.06530897041361901 -0.9978650902719831 394.65844703495407 291.19690357403863 414.5612678786617 1.0 305.63278332890917 415.5060774055171 1.0 276.7610238191681 413.6164583518063 1.0
-0.4477271445862722 0.8941702321150169 -187.04748932312438 488.18564063363226 453.6288926467689 1.0 481.93743721863177 450.5003046292777 1.0 494.4338440486327 456.7574806642601 1.0
-0.40511575249929027 0.9142654029749424 -201.8697458445856 533.5898687796439 457.2363842063769 1.0 527.9620785855604 454.742681117574 1.0 539.2176589737272 459.73008729517977 1.0
0.07916473707755715 0.9968615472589167 -386.7638905488755 289.2271214274543 365.0128771903211 1.0 242.97103669020208 368.68625670478906 1.0 335.4832061647065 361.33949767585307 1.0
0.5499920408106089 -0.8351698959163826 153.1228810969339 392.08932401607126 441.54954626083156 1.0 398.1712667181473 445.5547434011544 1.0 386.00738131399527 437.5443491205088 1.0
-0.017825879516900605 0.9998411063861342 -417.91790739314695 419.9915807198787 425.47223152964 1.0 411.85802313153414 425.327220670727 1.0 428.12513830822326 425.61724238855305 1.0
-0.5643846003860523 0.8255119761984535 -377.3660140522131 9.742691097921861 463.7905323158601 1.0 -0.2751145773034813 456.9415762549271 1.0 19.760496773147203 470.6394883767931 1.0
-0.2581780740087598 -0.9660973460791243 498.32165025403674 298.25309648545846 436.1043345644034 1.0 312.02192193478277 432.424779030692 1.0 284.48427103613415 439.7838900981148 1.0
-0.05875423016083185 -0.9982724780530655 373.2355179214953 473.1124017564404 346.03594767078255 1.0 485.6059089687547 345.300630996822 1.0 460.61889454412614 346.7712643447431 1.0
0.33531957253555233 -0.9421044444617458 301.3446535442887 329.5024739834237 437.1418526797328 1.0 337.1463863017354 439.8625206758804 1.0 321.85856166511206 434.4211846835851 1.0
-0.08449186598676804 0.9964241690073932 -427.3789737360756 396.86946537014876 462.5652706492614 1.0 385.54192196106214 461.6047507126231 1.0 408.1970087792354 463.5257905858997 1.0
-0.041679068254090755 0.999131050097769 -417.7737369093714 410.61390513545007 435.26596620636667 1.0 406.8443926461697 435.10871979879084 1.0 414.3834176247305 435.42321261394255 1.0
0.515993352143282 -0.8565925872571739 185.05480652873584 417.48710196916545 467.5214118216004 1.0 423.1834899369697 470.9527960833154 1.0 411.79071400136115 464.0900275598854 1.0
0.33881766461001955 -0.9408520553988349 59.68187759250628 618.747829292789 286.2560277681905 1.0 622.8198264347835 287.7224268200206 1.0 614.6758321507945 284.78962871636037 1.0
-0.37988719823028955 -0.9250328192127782 521.6581854222545 278.464459903739 449.5765915598848 1.0 284.9106460262493 446.9293086370633 1.0 272.01827378122874 452.22387448270626 1.0
-0.1415164550500321 0.9899359034554066 -365.6116423376859 304.41484491619457 412.8462768430552 1.0 295.66496507815174 411.5954362861349 1.0 313.1647247542374 414.0971173999755 1.0
-0.1360364772579465 0.9907038290302749 -379.10331317465375 203.74823348194525 410.6378649038564 1.0 196.83199687993138 409.6881759699382 1.0 210.66447008395912 411.5875538377746 1.0
-0.20220727252853457 0.9793427484474325 -419.2922721793663 227.60220931588282 475.12997352997286 1.0 216.91656642459637 472.9236829257014 1.0 238.28785220716927 477.33626413424435 1.0
0.044357035351712565 0.9990157423258189 -491.5742074892241 610.6780129680975 464.9439659460303 1.0 603.1650737071119 465.2775459871405 1.0 618.1909522290831 464.61038590492007 1.0
-0.43959556449913384 0.8981958247913913 -99.91414751090547 634.6849817945049 421.86663520728916 1.0 630.9193173320512 420.0236413418132 1.0 638.4506462569585 423.7096290727651 1.0
-0.22015928868746784 0.9754639345483912 -376.96137154034005 245.62392766010697 441.8797512366953 1.0 225.51954267816214 437.3422517553094 1.0 265.7283126420518 446.4172507180812 1.0
0.8744152633012493 -0.4851782634308825 -213.43556301311506 506.1403333326561 472.2826373238463 1.0 509.9688685627224 479.1826365480148 1.0 502.3117981025898 465.38263809967776 1.0
0.11250018606860747 -0.9936517036338883 368.4296372538388 594.9973455232275 438.14844552004143 1.0 605.6276049240896 439.35199215130166 1.0 584.3670861223654 436.9448988887812 1.0
0.25223601960670566 -0.9676657431225751 284.0685305690429 616.2939254851583 454.2064864494606 1.0 626.8531313966836 456.95889562407507 1.0 605.7347195736331 451.4540772748461 1.0
-0.22739460417985974 0.9738026976702647 -272.74394370328906 612.227097895164 423.0436856284375 1.0 590.3760296942052 417.941199245568 1.0 634.0781660961227 428.14617201130704 1.0
0.22207089102027452 0.9750305222717192 -460.5687942908189 177.83682346116785 431.8597242140876 1.0 168.97701917462294 433.8776145131463 1.0 186.69662774771274 429.8418339150288 1.0
0.08731045949245518 0.9961811500240388 -406.5847939711843 303.6648681125034 381.5286755781258 1.0 266.79916729634004 384.75977594344886 1.0 340.53056892866675 378.29757521280277 1.0
0.0 1.0 -286.8750000000004 199.375 286.87500000000006 1.0 190.625 286.87500000000006 1.0 208.125 286.87500000000006 1.0
0.012869488077015366 -0.9999171847091315 348.1615798559256 626.2499922820195 356.250599661863 1.0 638.1310682642337 356.4035156913437 1.0 614.3689162998054 356.09768363238237 1.0
0.22715851252685698 -0.9738577977233565 377.7592003182085 243.66571763076195 444.7363293711956 1.0 260.49952626044876 448.6629220805428 1.0 226.8319090010751 440.80973666184843 1.0
-0.05325732639536245 0.998580821558885 -419.8548778950909 483.783163075934 446.2531886201764 1.0 475.6147311803717 445.8175415155974 1.0 491.9515949714963 446.6888357247554 1.0
0.23107683750159067 -0.9729355041164154 284.238402094966 562.4737845060788 425.7353788033 1.0 579.2908042097679 429.7295014485205 1.0 545.6567648023898 421.7412561580795 1.0
0.03069088437093932 -0.9995289238518961 417.5496923154488 425.03309201073625 430.7972721157345 1.0 431.9016162393499 431.00817254879746 1.0 418.1645677821226 430.5863716826714 1.0
-0.5581002168933797 0.8297735521837041 -100.90077710633147 508.30472780888 463.48278386589647 1.0 498.81456683296 457.09976420339285 1.0 517.7948887848 469.8658035284001 1.0
-0.08099516816155247 -0.9967144940927075 402.50884455641483 26.856975505251057 401.65319324815596 1.0 53.13659244717645 399.5176549309672 1.0 0.5773585633256673 403.7887315653448 1.0
-0.06323452814615944 -0.9979986946134412 270.6175411072827 188.15594592006994 259.2384038631873 1.0 199.40040409297416 258.5259399985945 1.0 176.9114877471657 259.95086772778 1.0
0.04329809573313661 -0.9990621977163805 232.52975672736807 263.1076306452961 244.15078126738663 1.0 275.61123251329474 244.69267160407148 1.0 250.60402877729751 243.6088909307018 1.0
0.9995795528179667 -0.028995130422773175 -325.01352907265556 331.5497267789415 220.616305727471 1.0 331.73139559932093 226.87916557973324 1.0 331.36805795856196 214.35344587520876 1.0
-0.09001321911341191 -0.9959405707093375 372.0870538666777 19.316958140260905 371.8578027373874 1.0 24.332476127694605 371.4044996660519 1.0 14.301440152827203 372.3111058087228 1.0
0.2011808775624414 -0.9795541100435473 423.0548418909898 218.63924712052216 476.7892582019033 1.0 228.00430742301182 478.71265480732035 1.0 209.2741868180325 474.8658615964863 1.0
-0.22246220445187767 0.9749413149469105 -365.50515450597993 247.60861278545406 431.39900412406445 1.0 239.6146049311141 429.57493063121126 1.0 255.602620639794 433.22307761691764 1.0
-0.9999995900226396 -0.0009055134193784177 368.8588451130986 368.6920422793136 184.37494751848465 1.0 368.69996603095643 175.62438874743188 1.0 368.6841185276708 193.12550628953738 1.0
-0.19889943627349224 0.9800199050274883 -416.67268710641315 184.23615287130943 462.55912938931385 1.0 177.9897522739379 461.29139436558415 1.0 190.48255346868095 463.82686441304355 1.0
-0.9999945577243882 0.0032991698358197656 201.9735963107083 202.74175404264864 232.49920240801407 1.0 202.68607405183366 215.62232411439064 1.0 202.79743403346362 249.3760807016375 1.0
-0.08823770393843403 0.9960994466435936 -419.58430776706746 213.73576192343901 440.16073106564 1.0 206.8593564786224 439.55159687743736 1.0 220.61216736825563 440.7698652538427 1.0
-0.5620163654224168 0.8271261119063866 -133.75417024500956 395.2419746583757 430.26888304206807 1.0 391.08672660861316 427.4454715057383 1.0 399.3972227081382 433.0922945783979 1.0
-0.042081101893680584 0.999114198109212 -430.00336571354893 421.87380992340934 448.1532554962935 1.0 410.59117685572835 447.67804892566465 1.0 433.1564429910903 448.6284620669224 1.0
0.3296378423647506 0.9441074583335902 -616.1027269645659 623.6855157226164 434.8153122020627 1.0 618.0882090522997 436.7696279714919 1.0 629.282822392933 432.8609964326336 1.0
-0.30382423676098164 -0.9527281003290535 474.3350601454798 107.27238797766715 463.6612571730252 1.0 114.23641717542687 461.44043377644465 1.0 100.30835877990744 465.8820805696058 1.0
0.5907525555743103 0.8068527858800647 -535.7414958814998 261.6480091374016 472.4186028643261 1.0 256.7944440476107 475.97223251104384 1.0 266.5015742271924 468.86497321760834 1.0
0.08703599809627612 0.9962051671394729 -496.5690503954957 293.26381705894454 472.83888591424784 1.0 287.0069713955792 473.3855311487923 1.0 299.52066272230985 472.2922406797034 1.0
0.006231124426957984 0.999980586355743 -437.77382483156583 592.506014855453 434.0902734034238 1.0 588.1233959688686 434.1175825771926 1.0 596.8886337420373 434.06296422965494 1.0
-0.5022489923413485 0.8647230479709097 -65.94824194662986 630.6053801379469 442.5337795539144 1.0 623.0971955424536 438.1728709875844 1.0 638.1135647334403 446.8946881202445 1.0
-0.12786801161757602 0.9917911935508238 -437.83438733591277 93.31972983019051 453.4896040201031 1.0 79.55676103088626 451.7151947837989 1.0 107.08269862949474 455.26401325640734 1.0
0.17000927466963034 0.9854424623113753 -245.03085351174698 191.9668380815121 215.53233063522626 1.0 181.9417426945374 217.26186763045155 1.0 201.9919334684868 213.80279364000097 1.0
0.06544921852124352 0.9978559013178999 -375.2281885618007 29.357545656299497 374.10888651142534 1.0 9.361581549227745 375.42041879044297 1.0 49.35350976337125 372.79735423240766 1.0
0.9999908249474664 0.004283692435916348 -209.5188963942847 208.72029693506894 186.874872760038 1.0 208.63996697006564 205.6272059803544 1.0 208.80062690007225 168.1225395397216 1.0
0.35615125876705594 -0.9344283176780558 -175.37983820942452 538.152935665919 17.426705643556353 1.0 564.60926489315 27.51036297539712 1.0 511.6966064386881 7.343048311715592 1.0
0.13778980754235043 -0.9904614929099678 101.27017609379274 288.7615439912224 142.41701941541038 1.0 311.8739779556701 145.63234666497362 1.0 265.6491100267748 139.2016921658471 1.0
-0.10315160233904472 0.9946656458000787 -258.62773151034395 469.9993845491705 308.755934641662 1.0 461.8967107583521 307.9156484728548 1.0 478.1020583399889 309.5962208104692 1.0
0.5711692722396939 -0.8208322986147526 381.6470612466828 4.984839876407314 468.4199796474863 1.0 10.40481775516219 472.19142580742425 1.0 -0.4351380023475626 464.6485334875483 1.0
-0.9999812503525943 -0.0061236380740703625 204.79598524278148 203.65162518907977 187.49939757696708 1.0 203.76263748497084 169.37125004327746 1.0 203.5406128931887 205.6275451106567 1.0
0.017662628877765683 0.9998440036031252 -473.37795120610997 310.6221655529675 467.96454795808717 1.0 304.37411535583544 468.0749221679078 1.0 316.87021575009953 467.85417374826653 1.0
0.42748692807825744 -0.9040215297890944 178.04042127515837 578.9943793201521 470.7332025207273 1.0 585.8206862720116 473.9611754094376 1.0 572.1680723682928 467.50522963201695 1.0
-0.05759792543205381 -0.9983398614629807 371.9452433874454 116.26333234780756 365.856088431803 1.0 145.61275804913956 364.1628113242039 1.0 86.91390664647558 367.5493655394021 1.0
-0.08627760444616005 -0.9962711352694265 403.70813611894783 317.5192091170316 377.72181293691983 1.0 370.7322577763484 373.1135349279808 1.0 264.30616045771484 382.33009094585884 1.0
0.9999989341150537 -0.0014600577920979062 -349.7750753691922 350.0419089313115 182.49993881047305 1.0 350.05559829087804 191.87583136028837 1.0 350.028219571745 173.12404626065774 1.0
-0.09326275954803974 -0.9956415307134815 406.5521173533326 480.70032354295586 363.3041285500318 1.0 581.940184477034 353.8208873274546 1.0 379.46046260887766 372.78736977260894 1.0
0.012453684301112298 0.9999224498666525 -446.1684657834863 568.1219150976096 439.12730918970124 1.0 560.6230783045047 439.220704578573 1.0 575.6207518907146 439.0339138008295 1.0
0.037171432638399664 0.9993089034906119 -472.3261050248673 175.6433873688087 466.1193221193825 1.0 168.15375023434163 466.3979151963154 1.0 183.13302450327575 465.8407290424496 1.0
0.9988473598745297 -0.0479994965773799 -362.2095435121932 371.48853470974973 184.39357154568538 1.0 371.910926140616 193.18334218159768 1.0 371.06614327888343 175.60380090977307 1.0
-0.10018990939022497 0.9949683321877026 -428.17999943215017 128.0505243739127 443.239604316719 1.0 119.20144618020434 442.3485323964045 1.0 136.89960256762106 444.1306762370336 1.0
-0.32682467787648806 0.9450849855599918 -380.6393565328656 155.33180542407084 456.47283619572016 1.0 137.38447868049295 450.2663792407 1.0 173.27913216764873 462.6792931507403 1.0
-0.08020852071165681 0.9967781063031269 -258.8615833330987 470.6195272308358 297.5680119323395 1.0 463.0178713492008 296.9563235642168 1.0 478.2211831124708 298.17970030046223 1.0
0.05405423851134448 0.9985380009288373 -383.80880123277274 493.13451189920517 357.6757122675102 1.0 474.40556228030914 358.68957364166425 1.0 511.8634615181012 356.66185089335613 1.0
0.05003932412695266 -0.998747248327082 409.94746091732657 66.248454177923 413.78085344522015 1.0 76.87808527790772 414.3134201750439 1.0 55.61882307793828 413.2482867153963 1.0
-0.16289290224509753 -0.9866437565799365 417.19857443094656 22.36041810918224 419.15455124680784 1.0 36.65533532801463 416.79448912955434 1.0 8.065500890349856 421.5146133640614 1.0
-0.10260650028880584 -0.9947220245367463 372.53842544744055 32.49108991611527 371.16362090456585 1.0 38.120659978980434 370.5829255263266 1.0 26.861519853250105 371.744316282805 1.0
-0.8046297739962466 -0.5937768324873826 498.96350909237276 272.627473078708 470.88284982864263 1.0 277.07778687942476 464.85220869924296 1.0 268.17715927799134 476.9134909580423 1.0
-0.05537579745122279 -0.998465583311033 423.2736453662013 289.43029770478927 407.8720575162702 1.0 305.699580956839 406.96974846416 1.0 273.16101445273955 408.77436656838046 1.0
-0.060050873633903455 -0.9981953178490695 376.4873526284548 315.7032367751076 358.17549036542175 1.0 358.1998334618146 355.6189188088617 1.0 273.20664008840066 360.7320619219819 1.0
0.2725426984264178 -0.962143688611242 345.0411796442263 389.659818240489 468.9945205867922 1.0 400.8936274789017 472.1766780126377 1.0 378.4260090020763 465.81236316094675 1.0
1.0 0.0 -388.125 388.12500000000006 191.25 1.0 388.12500000000006 205.625 1.0 388.12500000000006 176.875 1.0
-0.7923381510785498 0.6100821701585987 143.3846944836542 543.2564944666381 470.52375228213964 1.0 540.0480258426823 466.3567855657745 1.0 546.4649630905939 474.69071899850474 1.0
-0.0009971453474905449 -0.9999995028504545 415.93361745176117 396.2492907360448 415.5387058999353 1.0 405.62490463002547 415.5293570455132 1.0 386.8736768420641 415.5480547543573 1.0
0.20845914908998198 -0.9780310747418411 288.65913976409746 603.1363826747893 423.69659572532 1.0 613.0841046169414 425.8168695131361 1.0 593.188660732637 421.5763219375038 1.0
-0.20287185813994715 0.979205294703233 -416.74240836320564 108.75033468844876 448.1233845531651 1.0 101.90997250332555 446.70619758087986 1.0 115.59069687357197 449.5405715254504 1.0
0.3092547777394977 -0.9509792229303928 250.0762229202989 536.2930830713595 437.3675166604621 1.0 550.2123258447051 441.894000758515 1.0 522.373840298014 432.8410325624093 1.0
-0.08795510574387051 0.9961244397029844 -371.05465758131203 562.3650274271533 422.1536148241763 1.0 551.7127057082738 421.2130435000944 1.0 573.0173491460329 423.0941861482582 1.0
-0.03552898806773186 0.9993686461996308 -400.40626144294964 221.86000936277426 408.5466605550762 1.0 210.62421033894682 408.1472117921327 1.0 233.0958083866017 408.94610931801975 1.0
0.2540761471537324 -0.9671842179479123 379.8450238776671 312.54285849494147 474.8368518242394 1.0 318.2654979462414 476.3401705884984 1.0 306.8202190436415 473.3335330599804 1.0
-0.11398438254880316 0.993482541635719 -444.08039753948884 52.58299495193862 453.0266198846616 1.0 44.35123072118945 452.08217192125363 1.0 60.814759182687794 453.97106784806965 1.0
0.10589491762146333 -0.9943773259794009 455.04990667476824 176.91879994845198 476.4637085367456 1.0 181.99435566183575 477.0042232288144 1.0 171.84324423506823 475.92319384467686 1.0
-0.05494708921398531 -0.998489267537168 371.26256383625906 183.11797086250868 361.74726769524057 1.0 201.87994128709144 360.714792238301 1.0 164.3560004379259 362.7797431521802 1.0
0.1661781732692184 -0.9860957431856735 312.1120002768518 616.2927447524553 420.3713540631685 1.0 624.3982058587167 421.73729720758547 1.0 608.187283646194 419.0054109187516 1.0
-0.5280610058332956 0.8492064378691015 -354.30514820930256 65.5592969730618 457.98576078455363 1.0 61.28317682194096 455.3267461947314 1.0 69.83541712418265 460.64477537437585 1.0
0.13947005427445686 -0.9902262892696195 435.73935224976424 145.8078575776879 460.5767257463568 1.0 151.93628322744217 461.43989396078445 1.0 139.67943192793368 459.7135575319291 1.0
-0.09628894337456684 0.9953534243593124 -276.10130267378736 303.7596301341974 306.7754518409438 1.0 288.15969635693057 305.2663384914889 1.0 319.3595639114642 308.2845651903986 1.0
0.07263630454627619 0.9973584948562179 -375.7340539035496 65.00871663498853 371.9946868426425 1.0 53.105813979536194 372.86155955363375 1.0 76.91161929044085 371.12781413165135 1.0
0.07203092220707205 0.9974023993584529 -376.01328939701295 123.12325136555089 368.1007868962149 1.0 103.13721567233425 369.54414875615413 1.0 143.10928705876753 366.6574250362757 1.0
0.09587537649551628 -0.9953933454578863 385.2013775938962 365.65355900537287 422.20349588246575 1.0 373.14426441658475 422.9249937755289 1.0 358.162853594161 421.4819979894026 1.0
0.14822379241409425 -0.9889538449100562 392.9499370157812 240.49252511273207 433.38387665019144 1.0 250.54767185400914 434.89093584303765 1.0 230.437378371455 431.8768174573452 1.0
-0.2662860032938421 -0.9638940628771359 525.4681189946106 446.82939945297414 421.70993651187644 1.0 454.11842705835033 419.69626498542203 1.0 439.54037184759795 423.7236080383308 1.0
0.3149245457018651 -0.9491167106918275 -116.06616556565147 558.7547452884575 63.1106986931202 1.0 574.3245980724095 68.27690086762082 1.0 543.1848925045055 57.944496518619566 1.0
-0.41821544759439727 0.9083478625468429 -182.23883905225665 595.4406097584997 474.77548851065774 1.0 586.7964520091582 470.7956032142017 1.0 604.0847675078413 478.7553738071138 1.0
0.07076333912419754 -0.9974931327262327 427.579307359829 216.23271238900736 443.99368936598796 1.0 220.62992101005557 444.30563253095056 1.0 211.83550376795915 443.68174620102536 1.0
-0.07324408514072454 -0.9973140448183301 372.9043775753568 63.117526861759366 369.27324344570724 1.0 84.3448362651006 367.71428128596943 1.0 41.890217458418135 370.83220560544504 1.0
0.07779902886274066 -0.996969062262222 441.5502177703593 115.00064486993932 451.86673620303384 1.0 125.65828908152471 452.69841132818215 1.0 104.34300065835392 451.0350610778855 1.0
-0.31238733206461516 0.949954817223194 116.7021440721795 561.2978603216532 61.72945906910546 1.0 522.055879841081 48.82495312313748 1.0 600.5398408022253 74.63396501507344 1.0
0.205181356155523 0.9787239708345659 -233.35654347958837 231.96410298811549 189.80002511912215 1.0 221.8830570981593 191.91343270778424 1.0 242.0451488780717 187.68661753046004 1.0
-0.01260441502087564 -0.9999205612057298 361.90711671904376 481.25308168382344 355.86947298927726 1.0 491.8763936764945 355.7355617182755 1.0 470.62976969115243 356.00338426027906 1.0
-0.0592244616444305 -0.9982446910166501 355.0555913522806 138.12412243913258 347.48520846872 1.0 148.12599738582114 346.89181121403556 1.0 128.122247492444 348.07860572340434 1.0
0.14714514699627815 -0.9891149102684903 381.9515498537858 208.3627475791709 417.15185231902933 1.0 217.19618923955792 418.46595451090496 1.0 199.5293059187839 415.8377501271537 1.0
-0.9999662436816511 -0.008216538030640376 224.3706671670064 222.88895949561194 181.2480604987485 1.0 222.9557166135603 173.12360902966333 1.0 222.8222023776636 189.37251196783367 1.0
0.2885119230800651 0.9574763027044808 -219.6757699598489 184.23693373225095 173.91680340915798 1.0 175.52466779415317 176.54203036577888 1.0 192.94919967034872 171.29157645253704 1.0
-0.19555280367903083 -0.9806931737160559 449.71727561422205 191.09371468480234 420.46623245035164 1.0 199.02786819250332 418.8841413286488 1.0 183.15956117710135 422.04832357205447 1.0
0.07501050676218297 -0.9971827434704637 386.47711437284306 203.76716152901656 402.8968562195404 1.0 218.1547784758765 403.97912769420327 1.0 189.37954458215663 401.81458474487755 1.0
0.3163351046903636 -0.9486475117452934 -117.02347550320918 588.7977766960523 72.9817239514129 1.0 600.6098098141293 76.9205533761995 1.0 576.9857435779752 69.04289452662631 1.0
0.24358393535149978 0.9698798206162845 -471.58992795436336 195.0912986518703 437.2385244663023 1.0 189.50473859874808 438.6415810655749 1.0 200.6778587049925 435.8354678670297 1.0
0.010191935077615857 0.9999480608808508 -459.57835909088374 433.7391079245821 455.18135998118333 1.0 426.8584524403504 455.25149081770394 1.0 440.6197634088137 455.11122914466273 1.0
-0.21406348418225607 -0.9768197503837406 245.7622813634328 193.83056459265612 209.1176343286141 1.0 201.97531649213886 207.33276668162148 1.0 185.6858126931734 210.90250197560667 1.0
0.09917571219678294 0.9950699362910432 -485.4703148828262 105.67170228056067 477.3435828244917 1.0 98.12211248271213 478.0960283739834 1.0 113.2212920784092 476.591137275 1.0
0.35056376708744674 -0.9365388647597379 -168.82222224064972 526.848017387043 16.947084647871453 1.0 540.5497947208879 22.075912568086306 1.0 513.1462400531981 11.8182567276566 1.0
0.23466390018105307 0.972076567947102 -571.2009029936938 545.5434492098818 455.9121823292363 1.0 539.2099102251034 457.4411287200084 1.0 551.8769881946602 454.3832359384642 1.0
0.9988233898104295 -0.04849573143692717 -603.7985554680832 606.2092739709116 35.00197736515715 1.0 606.4832113920079 40.64402245713012 1.0 605.9353365498152 29.35993227318419 1.0
-0.18588533033125196 0.9825714447141447 -381.5516919391445 354.9124523104654 455.46276841552833 1.0 344.3121211853566 453.457371186236 1.0 365.51278343557425 457.46816564482066 1.0
-0.03654734285639991 0.99933192270143 -285.12052624680325 338.7198749723193 297.69872340861673 1.0 334.35071869599994 297.53893560558913 1.0 343.08903124863866 297.8585112116444 1.0
-0.02415245611249291 -0.9997082868835959 349.73652365044404 583.7375763613284 335.735765982747 1.0 591.8729275961739 335.5392199340273 1.0 575.6022251264828 335.9323120314667 1.0
0.14557186530453534 -0.9893476800557821 104.87608792331021 426.2538322521466 168.72395492760398 1.0 440.59424893864144 170.8339929338382 1.0 411.91341556565175 166.6139169213698 1.0
0.3018750751101025 -0.9533474912261898 -108.88151629881585 527.4073718874884 52.79252755845386 1.0 540.5953988488709 56.96848298515868 1.0 514.2193449261057 48.616572131749045 1.0
-0.3119733234604185 -0.95009086168064 216.84774493079945 182.5557144670246 168.29467414199502 1.0 189.50259641375658 166.013585105126 1.0 175.6088325202926 170.57576317886407 1.0
-0.265872463480362 0.9640082121864334 59.24606403783308 546.8764076713751 89.3698960236501 1.0 536.942531244273 86.63014322466424 1.0 556.8102840984773 92.10964882263596 1.0
0.09953275647294278 0.995034286036867 -432.7181048206347 11.869031196670496 433.6903295541093 1.0 4.381432902957305 434.4393100746738 1.0 19.35662949038369 432.9413490335449 1.0
0.11259853801021794 0.9936405634020591 -443.0966841612586 533.7302470902905 385.4506878581258 1.0 520.6317984006089 386.93499337762904 1.0 546.8286957799722 383.9663823386225 1.0
0.07214057023117929 0.9973944746822695 -396.77187417979025 617.5464238807486 353.14184302956835 1.0 613.1492221476011 353.45988834514105 1.0 621.9436256138962 352.82379771399565 1.0
-0.09559438505353744 -0.995420370268881 416.01084961208767 523.1427854172771 367.685198813105 1.0 560.5974640445286 364.0882692367263 1.0 485.6881067900257 371.2821283894837 1.0
-0.06292740517504866 -0.9980181068888155 389.5324656338823 202.50238059001504 377.5377557589332 1.0 216.85970930775048 376.63249218183364 1.0 188.14505187227957 378.44301933603276 1.0
0.99996901405579 -0.007872161602212461 -214.78432985603655 216.2178608527658 181.2502530124006 1.0 216.28185891571226 189.37966944715563 1.0 216.1538627898193 173.12083657764555 1.0
0.0 -1.0 411.8750000000003 99.375 411.8750000000001 1.0 111.875 411.8750000000001 1.0 86.875 411.8750000000001 1.0
-0.07864434359754292 -0.996902737091293 406.2010044971794 582.5204129712318 361.5087566500313 1.0 589.4018920342384 360.9658858324935 1.0 575.6389339082253 362.051627467569 1.0
