0.9997255165213758 0.023428436056815227 -256.1906658741594 251.5302805171498 201.86692154423585 1.0 249.09887523427267 305.6185290524142 1.0 253.96168580002694 98.11531403605748 1.0
-0.9994758708922002 -0.03237257333419412 558.6089173172929 550.8049335490299 249.9855844980932 1.0 552.1617895162607 208.0938020462232 1.0 549.4480775817991 291.87736694996323 1.0
-0.9997790959827638 -0.02101806927117145 245.68435920160783 241.59991875299403 196.86921704581738 1.0 243.6760989977382 98.11030720462323 1.0 239.52373850824986 295.62812688701155 1.0
0.9999032365258643 0.013911059812311081 -118.47802969433666 115.15930309527283 239.3685210355768 1.0 114.62005979126036 278.1284093713164 1.0 115.6985463992853 200.60863269983722 1.0
0.025691402930584306 -0.9996699214317987 230.43798789822324 44.380662876649815 231.65465362690003 1.0 69.39626532547263 232.29755175585797 1.0 19.365060427827004 231.01175549794212 1.0
0.0007263462078012308 0.9999997362105584 -223.3257981748975 45.62375992218042 223.29271843215392 1.0 26.87240791550281 223.30633840916792 1.0 64.37511192885803 223.27909845513992 1.0
-0.07873298061737644 0.9968957406685535 18.420713893230328 250.04776322511663 1.2702349408594042 1.0 239.39051563259915 0.4285452496450094 1.0 260.7050108176341 2.111924632073799 1.0
0.9994010964602844 0.034604167292124635 -342.8123993015635 334.92510162035757 233.7257660856062 1.0 334.5993850342353 243.13276931032996 1.0 335.25081820647983 224.3187628608825 1.0
0.9994953584186695 0.03176520894839794 -521.0023915762024 513.3993080757414 247.50871785273313 1.0 511.98791569066645 291.9183151603241 1.0 514.8107004608163 203.0991205451422 1.0
-0.2897138880542924 0.9571132968820698 -84.86896558037483 52.6210863452156 104.59997309119339 1.0 21.966984777354796 95.32111448692264 1.0 83.27518791307641 113.87883169546413 1.0
0.05886244181627101 -0.9982661032727826 271.1378529851015 131.83770115375773 279.3825625092319 1.0 145.576785569493 280.19268323193165 1.0 118.09861673802249 278.57244178653207 1.0
0.012612525380461538 0.9999204589383733 -4.878079795691128 314.9956516266336 0.9052611502481305 1.0 278.1186353452743 1.3704104525217864 1.0 351.872667907993 0.4401118479744746 1.0
-0.005925457086026427 0.99998244432506 -197.99919811865576 130.62113844379795 198.77667772777227 1.0 115.62166510942312 198.68779743186283 1.0 145.62061177817276 198.86555802368167 1.0
0.9995054733672273 -0.0314453288892807 -294.12723411075626 301.72458772713554 236.8600690490805 1.0 301.96216508098985 244.4115838181446 1.0 301.48701037328124 229.3085542800164 1.0
-0.03432740164690643 0.9994106410761154 -187.05520982833082 533.7543373569267 205.49872185313143 1.0 516.8563383960708 204.91831538804342 1.0 550.6523363177827 206.0791283182194 1.0
-0.9904931580593171 -0.13756199997703078 349.4879132034879 320.4565790928814 233.18841076932577 1.0 321.5139669359736 225.57485888600925 1.0 319.3991912497892 240.8019626526423 1.0
0.08748693951749345 -0.9961656666508149 179.28648839639683 208.11368050423056 198.25388887314497 1.0 215.66521512661913 198.91709246958527 1.0 200.56214588184199 197.59068527670468 1.0
0.9996717488079175 0.02562019975175758 -560.7190756848081 555.2006947517244 222.5051435279975 1.0 554.6720413385827 243.13261275732566 1.0 555.7293481648661 201.87767429866932 1.0
0.01856525829319799 -0.9998276507401197 193.91697038095725 466.24799638561535 202.60790418487417 1.0 480.62964305800807 202.8749491950385 1.0 451.8663497132227 202.34085917470983 1.0
-0.4263795606829121 0.9045443439831166 -38.072436707358236 7.258759589585509 45.51178027490599 1.0 0.42838379422363904 42.29211210684108 1.0 14.089135384947378 48.73144844297089 1.0
0.010948449276559314 0.9999400639330531 -172.19362112378687 130.64031284722088 170.77354777989768 1.0 116.87827629833039 170.92422977028124 1.0 144.4023493961114 170.62286578951415 1.0
0.9986240166202324 0.052441142524490066 -566.8350600254636 553.9310098060823 260.6016845653107 1.0 553.2074986790163 274.3793322861381 1.0 554.6545209331484 246.82403684448323 1.0
-0.061178680776992435 -0.9981268301265059 243.60515237305367 330.6660449035232 223.79464535563943 1.0 338.21430377455516 223.33198619654797 1.0 323.1177860324912 224.25730451473092 1.0
-0.9995827680087181 -0.028884076928807297 516.7857913177992 510.0483284497668 240.6263965053276 1.0 511.2047737660443 200.60563305338903 1.0 508.8918831334893 280.6471599572662 1.0
0.03580433637492589 -0.9993588191919613 168.39486711731456 534.3920632186228 187.64873707374898 1.0 551.9143558089678 188.276513650006 1.0 516.8697706282776 187.02096049749196 1.0
0.9996205308554196 0.027546221017212404 -308.2019106816787 301.05145976315055 263.72730596693384 1.0 300.55142547390244 281.87297253048075 1.0 301.55149405239865 245.58163940338696 1.0
-0.3073432214463208 -0.9515987306795851 345.5307996098896 272.9108684788804 274.9620041390957 1.0 278.93607865458824 273.0160079480639 1.0 266.88565830317253 276.90800033012755 1.0
-0.9980764792150517 -0.06199469039914991 27.139335435332427 20.43504483959394 108.77702244838147 1.0 21.017529199901343 99.39938162478254 1.0 19.852560479286534 118.15466327198043 1.0
0.030343251559613215 -0.9995395375295515 191.6090522175538 188.75220649184797 197.4273157711217 1.0 196.88868149918127 197.6743166136959 1.0 180.61573148451464 197.18031492854752 1.0
-0.9988856235740159 -0.04719651488350917 561.7998728038831 553.8624649590176 181.25531387577 1.0 554.129041704528 175.61337867511654 1.0 553.5958882135074 186.89724907642352 1.0
-0.3940735807294783 -0.9190788937686728 351.22304693677904 631.5617108144836 111.35198816810059 1.0 638.7272573185608 108.2796158310899 1.0 624.3961643104066 114.42436050511128 1.0
-0.9997685251180158 -0.021515022271598707 285.2389846886398 279.8446860908675 253.73320764185706 1.0 280.2351342238757 235.58971008257478 1.0 279.4542379578594 271.8767052011393 1.0
-0.9999968076327717 -0.002526801192304324 145.89876526265735 145.25015929149436 256.8740528490272 1.0 145.26911023993804 249.37410073445918 1.0 145.23120834305064 264.37400496359516 1.0
0.8621124275385812 0.5067170436086935 -457.7008141659195 499.4901116246725 53.45030691837487 1.0 468.0983176106621 106.85931710179575 1.0 530.881905638683 0.041296734953988334 1.0
0.3928212517627555 0.9196148455541275 -340.93015937413014 613.908213052369 108.49538492970049 1.0 589.230485747218 119.03668466788393 1.0 638.5859403575199 97.95408519151707 1.0
0.9995922619408395 0.028553631432728457 -120.20023578744348 115.19611233298127 176.89845530254036 1.0 115.01772490154086 183.14335961586536 1.0 115.37449976442169 170.65355098921532 1.0
0.0279781782296746 0.9996085341487179 -137.98044733969024 625.0151379248249 120.54085004106012 1.0 611.8479733438331 120.90938758835125 1.0 638.1823025058167 120.172312493769 1.0
-0.9996819854108194 -0.02521761378644539 265.53307137901754 260.54093589891556 201.2478794295932 1.0 261.5351534913367 161.83489511082493 1.0 259.5467183064944 240.6608637483615 1.0
-0.05154840615788011 0.9986704971223402 -189.81267582061005 98.74163194155827 195.16211816633773 1.0 85.6836831128891 194.48810561490197 1.0 111.79958077022744 195.8361307177735 1.0
0.055627472964956626 0.9984515933441805 -358.4261934939588 297.52955942740016 342.40555901720757 1.0 280.6373510193861 343.3466871327809 1.0 314.42176783541424 341.4644309016342 1.0
0.08017757245872822 -0.9967805961567598 190.2254265116531 50.58208994624475 194.9084647539409 1.0 69.41135525882851 196.42302552063833 1.0 31.752824633660993 193.39390398724348 1.0
-0.9998969764923835 -0.01435396814089301 180.87775360314643 178.63530210472038 157.50732561486393 1.0 179.1827483064906 119.37224014098597 1.0 178.08785590295017 195.64241108874188 1.0
-0.9998087631602918 -0.019555999281229742 149.7632323913025 146.34443784234432 176.25184717962577 1.0 146.43021800064682 171.8663001798142 1.0 146.25865768404182 180.63739417943736 1.0
-0.4067489330373014 0.9135399857001426 -34.54907891117991 17.794677578324478 45.74188944546344 1.0 10.37432086705671 42.43801416653829 1.0 25.215034289592246 49.045764724388604 1.0
0.9987343070861573 0.050296956658758316 -523.6955722856002 515.2621840746692 180.63820377296213 1.0 515.0094364789779 185.65695066381468 1.0 515.5149316703606 175.61945688210957 1.0
-0.4528268587090529 -0.8915984724256156 391.0585485488852 269.8387971857264 301.5575979285619 1.0 280.3038166210545 296.2426024190511 1.0 259.37377775039823 306.87259343807267 1.0
0.1368068174203873 0.990597746165064 -283.5398626083158 47.89932599273849 279.6159281958563 1.0 0.18723672854372708 286.2052214887004 1.0 95.61141525693326 273.0266349030122 1.0
-0.007797389579752081 -0.9999695998957877 183.44676908172744 131.2396992407062 182.42898787866102 1.0 146.86862247222606 182.30711937069748 1.0 115.6107760091863 182.55085638662456 1.0
-0.19681122818935323 -0.9804414008285239 460.8106156946823 273.15912070044516 415.1699768232203 1.0 293.2286357182754 411.1412751624316 1.0 253.0896056826149 419.19867848400895 1.0
-0.0551011087127309 0.9984807798944493 -441.24283917280036 498.19221994118186 469.40691526697424 1.0 461.84596449025463 467.4011490937747 1.0 534.5384753921091 471.41268144017386 1.0
-0.15432060113614518 -0.9880208257243259 316.279444613255 260.7251282633331 279.39106029064453 1.0 264.4811175634273 278.80440613158214 1.0 256.96913896323895 279.977714449707 1.0
-0.9994747476490885 -0.03240723394229798 266.5112680350208 261.86809837696484 147.52004138548648 1.0 262.29518908804704 134.34809399120408 1.0 261.44100766588264 160.6919887797689 1.0
-0.0439186636774359 0.9990351099840227 -151.12820317728978 534.981644592364 174.79253767421233 1.0 516.8367596220905 173.99486891111155 1.0 553.1265295626374 175.5902064373131 1.0
-0.3866145051867182 -0.922241413285713 346.37197374405423 617.1334852630482 116.86659821633438 1.0 623.5635176268564 114.17105261964348 1.0 610.70345289924 119.56214381302527 1.0
-0.06420844779249268 0.997936508617697 -436.85085857034034 433.1251954700763 465.62196197724484 1.0 420.59663458690807 464.81585914361244 1.0 445.6537563532445 466.4280648108773 1.0
-0.06621157475168177 0.9978056060019419 -435.87891827778697 453.7865289578729 466.9495101636878 1.0 446.81779449383146 466.4870845367771 1.0 460.7552634219144 467.4119357905986 1.0
0.004824775866761711 -0.9999883607011811 194.87557773398316 131.2475340607707 195.51109328092866 1.0 148.12515668654027 195.5925249750696 1.0 114.36991143500113 195.42966158678772 1.0
-0.9976087862114925 0.06911374446253422 126.10861580838565 145.15588266117416 270.57090091281714 1.0 144.63279818365362 263.02054063696465 1.0 145.6789671386947 278.1212611886697 1.0
0.34879953086301396 -0.9371973576946009 86.28428449413867 9.742400795834653 95.69214913474985 1.0 18.99837160989452 99.13697134975004 1.0 0.48642998177478636 92.24732691974968 1.0
0.001694943846072349 -0.9999985635816476 120.18077927808238 103.75045457890539 120.3568033553193 1.0 119.3796470443927 120.3832939969594 1.0 88.1212621134181 120.33031271367919 1.0
0.009210415598732615 -0.9999575832226577 287.774449793499 529.9984491781456 292.6683698261912 1.0 548.1161553370006 292.8352485080659 1.0 511.88074301929066 292.50149114431656 1.0
-0.03996276740612784 0.9992011695455745 -445.90998923842744 350.61343491221555 460.28916539044127 1.0 346.8444669701793 460.13842658646524 1.0 354.3824028542518 460.4399041944173 1.0
0.0145117583537846 0.9998946988905789 -235.42145802539798 49.99594564499466 234.72064528788175 1.0 19.350188316648932 235.16541594764334 1.0 80.6417029733404 234.27587462812016 1.0
-0.4162192255540036 0.9092642939647556 -34.46675208792967 37.236230613095344 54.951225389478694 1.0 28.066141222010412 50.7535817231078 1.0 46.40632000418028 59.14886905584958 1.0
-0.9997810818021963 -0.020923395289252227 89.80949344348005 84.47939888578419 255.62718485746007 1.0 84.81987686150276 239.35815040163297 1.0 84.13892091006562 271.89621931328713 1.0
0.96046897191549 -0.27838705786656426 -213.11396488549047 305.3661302909664 288.0188789929937 1.0 307.4199333716862 295.10474767012647 1.0 303.31232721024656 280.9330103158609 1.0
0.9997205646847851 0.023638793250382227 -86.77788889101453 83.59532349823886 135.62134261215084 1.0 83.2109512021754 151.87703235060837 1.0 83.97969579430233 119.3656528736933 1.0
-0.06166828015938981 -0.9980967003362866 433.2019584409796 240.65028616940032 419.1592548418308 1.0 251.97291063116708 418.45967655726923 1.0 229.32766170763358 419.8588331263923 1.0
0.9985784689685974 -0.05330141942136394 -130.87630127217562 146.27684468428768 285.0319279138822 1.0 146.5097069021611 289.39449835814077 1.0 146.04398246641426 280.6693574696237 1.0
-0.9296747168231401 -0.36838148826972056 281.65974946944107 173.10049866245916 327.7379462267583 1.0 174.85327332072774 323.31451471358866 1.0 171.34772400419058 332.16137773992796 1.0
-0.0173070877835933 -0.9998502211393718 25.82303276065599 328.10591594821153 20.147492539501094 1.0 369.35437542731745 19.433494888603573 1.0 286.8574564691056 20.861490190398612 1.0
0.04801240587264561 -0.9988467394361962 408.6311061102605 208.1378511574868 419.1076454169422 1.0 228.1516936289562 420.0696676070069 1.0 188.12400868601742 418.14562322687755 1.0
0.9999332492446285 0.011554092568429663 -84.74826512108824 82.72456955988748 175.62759487069258 1.0 82.53674465271268 191.88264636937504 1.0 82.91239446706228 159.37254337201009 1.0
0.08641306226002463 -0.9962593952735627 189.9081238886532 96.12347826609866 198.95867375612963 1.0 107.96361120103427 199.9856574406274 1.0 84.28334533116306 197.93169007163186 1.0
-0.11972382404952385 0.9928072350436206 -33.057964311728625 383.1845535516772 79.50615345402568 1.0 360.63561804667984 76.78695007635714 1.0 405.73348905667456 82.2253568316942 1.0
-0.054390266501252706 0.9985197538906894 -439.1040081187168 266.87951453804016 454.2921201815552 1.0 251.9238890543913 453.477473848742 1.0 281.83514002168897 455.1067665143684 1.0
0.9997013220606321 0.024439039879347993 -283.62165481397443 278.8018134336258 200.62626664889075 1.0 277.79363084726924 241.86689923654228 1.0 279.80999601998235 159.3856340612392 1.0
-0.046546151654491066 0.9989161405073788 -444.8076350213019 408.12813719120356 464.30767346885375 1.0 401.7754388372496 464.01165896973055 1.0 414.48083554515745 464.60368796797695 1.0
-0.40913739851424613 0.9124727881624716 -35.25670101810473 58.003332124267715 64.64634802685453 1.0 51.86622408525191 61.89457235742305 1.0 64.14044016328351 67.398123696286 1.0
0.3055980074884434 -0.952160626060064 71.79831780607833 8.74514680212839 78.21245198108512 1.0 18.314736502543045 81.28383244451564 1.0 -0.8244428982862628 75.14107151765461 1.0
0.9996738853580623 0.02553669777233681 -240.85129163737182 237.59298238551116 130.62737523767672 1.0 236.82672371223936 160.62376678085906 1.0 238.35924105878294 100.63098369449439 1.0
0.9998990830046351 0.014206470585260565 -7.127667509216043 5.467743636494048 116.88164565687302 1.0 5.183769038154417 136.86873103267388 1.0 5.751718234833679 96.89456028107216 1.0
0.42891040716179885 -0.903347033331211 36.23391443914227 16.875771360654234 48.12337540347122 1.0 22.944632861767342 51.00487914611605 1.0 10.806909859541122 45.24187166082639 1.0
-0.06002287032077595 -0.9981970021185472 26.339791607024885 380.0247135317279 3.5359928957197626 1.0 390.6114343665115 2.8993997478343037 1.0 369.43799269694426 4.172586043605222 1.0
-0.08530289544163899 0.9963550652399338 -186.2000155352024 50.62793711604495 191.21569389077092 1.0 20.58063472281392 188.6431954072751 1.0 80.67523950927597 193.7881923742667 1.0
0.2108504544618533 0.9775183301878436 -303.07775667997043 179.52587579354804 271.3244713582727 1.0 174.4905276340758 272.4105946717807 1.0 184.56122395302032 270.2383480447648 1.0
-0.18498926963469878 0.9827405405904555 -361.67111595158485 188.78582366566468 403.55968967210487 1.0 176.97633004265649 401.3366923398046 1.0 200.59531728867287 405.78268700440515 1.0
0.8744063618707903 -0.4851943057372876 -240.6330032606227 281.51199811188377 11.382818730681496 1.0 286.40131432568467 20.194235418783308 1.0 276.6226818980829 2.5714020425796855 1.0
0.3048843029629238 -0.952389396101622 88.79104486783811 31.422380258895892 103.28888138944704 1.0 41.58171804138797 106.54114630446873 1.0 21.26304247640381 100.03661647442536 1.0
-0.08520722712327239 0.9963632512522544 -195.60203590081642 593.7846007530816 247.09539912281986 1.0 583.0775586073806 246.17975177153448 1.0 604.4916428987826 248.0110464741052 1.0
0.04983088456248742 -0.9987576697796718 396.95473902945815 443.11592818843343 419.55682581867484 1.0 526.9068120257134 423.73739332390903 1.0 359.32504435115345 415.3762583134407 1.0
-0.053440074616723295 0.9985710582752532 -441.9866109128345 556.2559945130047 472.3879876714617 1.0 535.5898392857443 471.2820064113067 1.0 576.9221497402651 473.49396893161673 1.0
0.21934591735273498 -0.9756471537091097 96.03875408456305 70.04313983772616 114.18311468753564 1.0 83.3391773746086 117.17234244225874 1.0 56.747102300843736 111.19388693281252 1.0
-0.9997146445406205 -0.02388785237355923 89.87224548553479 85.68642753221937 176.25146779066338 1.0 86.08942001209482 159.38609716332437 1.0 85.2834350523439 193.1168384180024 1.0
0.04734611626652515 -0.99887854380524 199.3038849133823 41.268545181204445 201.48374544615598 1.0 61.90642732707945 202.46196604528015 1.0 20.63066303532944 200.5055248470318 1.0
0.05488183544098625 -0.9984928563282907 104.97483529079915 45.6857695089642 107.64438973577018 1.0 50.63645997926358 107.91650282900687 1.0 40.735079038664814 107.37227664253349 1.0
0.15838677452533123 -0.9873771466139278 182.81265953429585 76.6824210365742 197.45052995570546 1.0 82.87337339785347 198.44363069649708 1.0 70.49146867529494 196.45742921491384 1.0
0.9999686967118546 0.007912369834319291 -83.50056065080926 81.4804972885243 255.62682383688468 1.0 81.35188617507076 271.8807515722877 1.0 81.60910840197786 239.37289610148164 1.0
-0.0671628070966023 0.9977420294559635 -435.14504466539285 220.64301654463029 450.9823538937649 1.0 204.3406718213271 449.88496478761436 1.0 236.94536126793346 452.0797429999155 1.0
0.9999314009442378 0.011712958878685854 -267.06307267741147 264.7751923188387 196.87968775774988 1.0 264.3211748060769 235.63901170750518 1.0 265.22920983160054 158.12036380799455 1.0
-0.19111580244472276 0.9815674964341015 -135.31577001170984 51.42156660668269 147.8688368390315 1.0 20.859941425212984 141.918344853722 1.0 81.9831917881524 153.819328824341 1.0
0.07769379936078254 -0.9969772683170297 386.3937515504542 346.8578038258985 414.59566361565896 1.0 351.9244458834178 414.9905037829923 1.0 341.7911617683792 414.20082344832565 1.0
-0.9932478174326275 0.11601195268299731 365.38192237879906 369.3433124714584 12.649701887389888 1.0 368.6615045578036 6.812335939448613 1.0 370.02512038511315 18.487067835331164 1.0
-0.04887571216043819 0.9988048682104078 -365.69150323447207 426.305540596416 386.98999417335324 1.0 318.13372528638405 381.6966934724485 1.0 534.4773559064479 392.28329487425793 1.0
0.33735572169940337 -0.9413772448050116 72.2780548644695 48.70673734801757 94.23379615736064 1.0 79.81607780492311 105.3822640636628 1.0 17.597396891112034 83.0853282510585 1.0
-0.999997829139441 0.0020836785753606713 175.4452592314972 175.89753768827165 216.87443211782517 1.0 175.86107339236193 199.37450809786228 1.0 175.9340019841814 234.37435613778808 1.0
-0.8957781044054252 0.44450150468566807 101.01893328080514 268.5179171658704 313.8651637536963 1.0 264.6653051428179 306.10121816827024 1.0 272.37052918892294 321.6291093391224 1.0
-0.010524234767116775 -0.9999446187077395 310.52650458086845 521.8755373764351 305.0510580281033 1.0 533.1308686143149 304.93259771928916 1.0 510.6202061385554 305.16951833691735 1.0
-0.42163430962048043 -0.9067659615087351 353.97509876951136 628.1563231179061 98.28648727579656 1.0 638.8040767263494 93.33542114376493 1.0 617.5085695094627 103.23755340782817 1.0
-0.9998476654618171 -0.01745410755536387 149.64379896816132 145.77170301833078 223.11665048111843 1.0 146.16455101756875 200.61259785777344 1.0 145.3788550190928 245.62070310446344 1.0
0.04255421817909736 -0.9990941589836094 179.14627217561448 538.1365239529678 202.22943894656976 1.0 553.1890779134881 202.87056937419658 1.0 523.0839699924474 201.58830851894294 1.0
-0.9989736292365993 -0.045295563688484856 269.9216675473792 258.46730432669574 258.7371819840886 1.0 259.29129070170166 240.56452681763065 1.0 257.6433179516898 276.90983715054654 1.0
0.05888788473111873 -0.9982646027140772 393.1739901442105 312.5489717463759 412.2948332999498 1.0 331.9302655649386 413.4381407889907 1.0 293.1676779278132 411.1515258109089 1.0
-0.04762787539423669 0.9988651487990915 -444.121246318712 389.37181234904074 463.19185230914366 1.0 378.0878647312763 462.6538112615207 1.0 400.65575996680514 463.7298933567667 1.0
-0.2639262688761965 0.9645428578332275 -237.34889776557276 100.18387651156894 273.4871264169738 1.0 94.89574139448573 272.040142740271 1.0 105.47201162865217 274.9341100936766 1.0
-0.003034953367047166 -0.9999953945184246 286.60275462865445 314.9962763110553 285.64807116618556 1.0 323.121201472152 285.6234122836449 1.0 306.87135114995857 285.6727300487263 1.0
-0.017039615942783713 -0.9998548152049489 239.05993905566766 50.63746941863192 238.23168364262406 1.0 81.88904424142927 237.69909148575329 1.0 19.385894595834564 238.76427579949484 1.0
-0.028692407763118318 0.9995882881150394 -307.4284855515286 200.61958238154085 313.3137394047207 1.0 188.12987305983143 312.9552319702478 1.0 213.1092917032503 313.67224683919363 1.0
0.9997975728010237 0.02011997567547627 -86.52392859075185 82.17717447194693 216.8685034431483 1.0 81.8500380423249 233.12449766433235 1.0 82.50431090156897 200.6125092219643 1.0
0.1327233623269037 -0.9911531209115176 145.88971736158777 98.08137410367277 160.32578999310448 1.0 109.54429100217806 161.860766618557 1.0 86.61845720516749 158.79081336765194 1.0
-0.07647132913031902 0.9970717806763175 -432.4395554112655 365.0607264956833 461.70821730348143 1.0 353.20751525511673 460.79912446222806 1.0 376.9139377362498 462.61731014473474 1.0
-0.9994772514081133 -0.03232992294582544 183.51309506179427 175.42084420893215 253.13861297701152 1.0 175.9465840898978 236.8854022265963 1.0 174.8951043279665 269.39182372742675 1.0
0.05755649614575806 -0.9983422508095224 392.69463970654954 545.0133834099138 424.7678589825377 1.0 561.9402202780518 425.7437261464996 1.0 528.0865465417756 423.79199181857575 1.0
-0.9998531245862641 -0.017138531298941054 88.74840187514388 86.42573556732025 136.26372544751345 1.0 86.7149058047526 119.39368212869302 1.0 86.13656532988789 153.1337687663339 1.0
-0.9985984702370381 -0.05292537425703563 282.7952202066971 266.03233993397254 323.77158887590747 1.0 266.59388391027665 313.1763505128351 1.0 265.47079595766843 334.3668272389798 1.0
0.14786706976874256 0.9890072445022866 -119.54676193009854 253.11120144364452 83.03270850994363 1.0 218.32805889282204 88.23315713651252 1.0 287.894343994467 77.83225988337476 1.0
0.04596934952945119 -0.998942850669566 344.12524700949143 421.2729830986573 363.8755628244693 1.0 514.4307968743892 368.16249885888385 1.0 328.1151693229254 359.5886267900548 1.0
-0.03130347430670761 0.9995099261619813 -230.70459654312629 103.74008034338496 234.06673146417242 1.0 96.85226212416462 233.85101310559386 1.0 110.6278985626053 234.28244982275098 1.0
0.12159114999282111 -0.9925802699245152 282.01242827241936 246.80105023987986 314.3536711789076 1.0 253.03407830170144 315.1172175367574 1.0 240.56802217805827 313.5901248210578 1.0
-0.0491935585507941 0.9987892639576726 -274.40599407127814 460.0972805027228 297.3998893437615 1.0 449.49799306862855 296.8778406135622 1.0 470.6965679368171 297.92193807396086 1.0
-0.03185523290232693 0.9994924932868372 -274.26211207728136 383.7577360849805 286.6322719405571 1.0 326.9006514920063 284.82015660800425 1.0 440.6148206779547 288.44438727310984 1.0
-0.9985401513420407 -0.054014499514617904 83.61104256817447 71.53127640025943 225.57259838115908 1.0 71.87019766985802 219.3071233905704 1.0 71.19235513066086 231.83807337174773 1.0
0.2345534246422997 -0.9721032306234606 82.74692204461641 84.55058692939753 105.52228254465734 1.0 90.59924758673144 106.98173049934309 1.0 78.50192627206361 104.0628345899716 1.0
-0.19042298239252428 0.9817021380116967 -135.26618770948042 8.729500333734515 139.4806834944422 1.0 0.4317736231952729 137.87115469123594 1.0 17.027227044273758 141.09021229764846 1.0
-0.9998696652844046 -0.01614473425153844 88.55250029015544 85.08235968226802 215.62632984850865 1.0 85.34484032806866 199.3704763069544 1.0 84.81987903646737 231.88218339006292 1.0
-0.04615172783914484 0.9989344413010602 -446.557671683813 589.3801311174033 474.26393915490246 1.0 578.0964652266267 473.7426229847034 1.0 600.6637970081798 474.78525532510145 1.0
-0.06797610171898079 0.9976869496966925 -435.279271002175 296.9417595528839 456.52016836806524 1.0 281.883910428502 455.4942214174118 1.0 311.99960867726577 457.54611531871865 1.0
0.18461466736443996 -0.9828109811117889 139.13579736209613 46.69366785688609 150.34033620012474 1.0 71.74881008353438 155.04678213615696 1.0 21.638525630237794 145.63389026409254 1.0
0.05460904131732264 -0.9985078129921683 269.29752936004206 43.73813000073035 272.09203891379593 1.0 68.10859960103062 273.4248757369123 1.0 19.367660400430083 270.7592020906796 1.0
0.07878236077958486 -0.9968918394841013 101.1157365310373 101.96477015298258 109.48907144883671 1.0 114.38718689835753 110.47079010579246 1.0 89.54235340760764 108.50735279188095 1.0
0.8206866067385425 0.5713785903584216 -457.6776794687313 326.9953018520797 331.33375657905765 1.0 317.39789415931807 345.1187742289456 1.0 336.5927095448414 317.54873892916964 1.0
0.00480038363563256 0.9999884780920982 -79.28648161738406 324.3791054941284 77.73023306821551 1.0 288.1239404172314 77.9042737746388 1.0 360.6342705710254 77.55619236179223 1.0
0.026500966034484694 0.9996487877245884 -235.66924875346731 8.10610222219237 235.53715275316733 1.0 0.5948121945918861 235.73627913069208 1.0 15.617392249792852 235.33802637564258 1.0
0.9999189682466634 0.012730158700041723 -96.90754924935784 94.1542600476064 216.8801467116092 1.0 93.96322185472414 231.88567156197186 1.0 94.34529824048866 201.8746218612465 1.0
0.9999996407605148 -0.000847631312098364 -148.24781766920495 148.46348742402006 254.37524285711794 1.0 148.47620233818327 269.37576184931504 1.0 148.45077250985685 239.3747238649208 1.0
-0.9995135648704999 -0.0311870748847142 119.12936763451204 112.73215248772166 206.88224368059997 1.0 113.0834443082005 195.623703368801 1.0 112.38086066724283 218.14078399239892 1.0
0.9999624641426078 0.008664312196809224 -276.544560822342 274.0910035234002 284.36712387510386 1.0 274.0259767021509 291.871975839669 1.0 274.15603034464954 276.86227191053865 1.0
0.00798581545499691 -0.9999681128673646 155.809495989441 363.1202932611567 158.71436858551118 1.0 443.12517335229103 159.353293166891 1.0 283.1154131700224 158.07544400413136 1.0
-0.07593244230967693 0.9971129646157889 -432.44761080987183 329.3725484088621 458.78219326592375 1.0 313.07427932304154 457.54104264305175 1.0 345.67081749468264 460.0233438887958 1.0
-0.06851918755621003 0.9976497987453499 -434.6217109765186 178.1845195983844 447.8833855892424 1.0 153.17372003682664 446.1656288491074 1.0 203.1953191599422 449.6011423293774 1.0
-0.012074990185931918 0.9999270946484097 -198.02572963831796 45.62691822081547 198.59115258585064 1.0 20.623017036856155 198.28920871111995 1.0 70.63081940477478 198.8930964605813 1.0
0.999780770281772 0.020938275353683148 -401.7888691186169 401.3274623964315 26.238532992981266 1.0 400.78994068829417 51.90463291415605 1.0 401.8649841045688 0.5724330718064818 1.0
-0.04020573022599831 0.9991914227298963 -329.6213432899618 390.6006487635273 345.6051760900647 1.0 338.11019026356064 343.49305105988503 1.0 443.091107263494 347.7173011202443 1.0
0.9996670192080053 0.025804083161038625 -240.8869354673151 235.30473000225578 219.3667329735832 1.0 233.81982464890933 276.8929352851282 1.0 236.7896353556022 161.8405306620382 1.0
0.38284666272151435 0.9238119033888874 -369.8031878493651 254.33367419886505 294.90028052815154 1.0 250.47017075533847 296.5013958573016 1.0 258.19717764239164 293.2991651990015 1.0
-0.9998486839676738 -0.017395665210348524 589.2991985708778 585.4301395175787 227.50748369544465 1.0 585.7238360796321 210.62671957955192 1.0 585.1364429555252 244.38824781133735 1.0
-0.11932756115372072 0.9928549406379086 -318.16980598509673 200.67572096486668 344.5779804759695 1.0 193.2084671170948 343.68051886934467 1.0 208.14297481263856 345.47544208259444 1.0
-0.2693661935391115 0.9630378257255787 -124.08213308977841 615.262551639512 300.93632556303976 1.0 591.8698850207659 294.3932870701606 1.0 638.6552182582582 307.4793640559189 1.0
0.9980261888325591 0.06279909556957804 -497.08878186607444 484.18769691861064 220.65254133201103 1.0 483.31358957091226 234.54417491274313 1.0 485.061804266309 206.76090775127892 1.0
-0.3199729564282755 0.9474266764001048 -59.328029040346514 15.504592311843641 67.85652217948791 1.0 9.32607617716504 65.76986141386047 1.0 21.68310844652224 69.94318294511537 1.0
0.15763499782707835 0.9874974468119181 -163.670845521351 616.7420337242955 67.2920386679344 1.0 608.014880461667 68.68516104008071 1.0 625.4691869869241 65.89891629578811 1.0
-0.0072176286158079335 0.999973952579348 -152.84591871314169 363.7555907676799 155.47542120792386 1.0 283.13027995917406 154.89348249947165 1.0 444.3809015761858 156.05735991637607 1.0
-0.44943735426940035 0.8933118518117408 -52.14157301754142 45.34460311161923 81.18232319804359 1.0 38.34962663186963 77.66305530088165 1.0 52.339579591368825 84.70159109520553 1.0
0.9994772536884206 -0.032329852450213636 -9.713816629605976 17.01633340876511 225.60021159592014 1.0 17.259333811907954 233.1125680458112 1.0 16.773333005622266 218.08785514602909 1.0
0.07884251930702099 -0.9968870834499372 386.1210318448427 336.80860441338257 413.9645077082609 1.0 340.6335402390973 414.2670169710386 1.0 332.98366858766786 413.6619984454832 1.0
-0.0018205078186611194 -0.9999983428742681 158.39461054048817 225.62588134326427 157.98411865895875 1.0 234.37699015908913 157.9681871705371 1.0 216.8747725274394 158.0000501473804 1.0
0.9997586107362805 0.02197089571825417 -99.29500361791956 93.72879238358927 254.37453393716885 1.0 93.371549810504 270.63041822807804 1.0 94.08603495667452 238.11864964625963 1.0
0.2589243703152809 -0.9658975983285367 57.58093758081378 51.818389305504155 73.50466708412348 1.0 57.37889704861918 74.9952505253814 1.0 46.25788156238913 72.01408364286557 1.0
0.41490307700016404 -0.909865614635368 94.31469380973597 456.35781063173135 311.7591753014823 1.0 464.45425662279416 315.45119344176976 1.0 448.2613646406686 308.0671571611948 1.0
-0.005423687055508637 0.9999852917011949 -298.859913307248 521.8759771311505 301.6948427068901 1.0 511.87627129496326 301.6406066340671 1.0 531.8756829673378 301.7490787797131 1.0
-0.03387667005553442 -0.999426020886963 320.66782327195034 233.0979125707341 312.95086945963453 1.0 238.0710136608923 312.7823005998458 1.0 228.12481148057591 313.1194383194233 1.0
-0.9994277621234459 -0.03382526122472716 592.8647319871895 584.0869032060577 269.3864023638168 1.0 584.6792216385021 251.88529626830723 1.0 583.4945847736135 286.88750845932634 1.0
0.2703456710438927 -0.9627633240562434 130.02095025611317 76.77443023874102 156.60815212899607 1.0 81.57167064004167 157.95522585214584 1.0 71.97718983744036 155.2610784058463 1.0
0.15442074257429042 -0.9880051792692207 383.5150017861318 176.14043720637375 415.7009978436404 1.0 188.0183346634633 417.5574595141164 1.0 164.2625397492842 413.84453617316444 1.0
0.017513651234244094 0.9998466242481621 -291.0321400038797 196.24149322269517 287.639351835736 1.0 184.37013561745238 287.84729454588074 1.0 208.11285082793793 287.4314091255913 1.0
-0.06644088387934084 0.9977903632273324 -361.2466605596143 129.37258178168742 370.66131611723995 1.0 100.58376034024633 368.7443255219138 1.0 158.16140322312847 372.57830671256613 1.0
0.005329153745950918 0.9999857999593554 -454.3971536379751 248.1214363982645 453.08131012876066 1.0 244.36155087642865 453.10134742130407 1.0 251.88132192010036 453.06127283621726 1.0
0.2952630912656547 -0.9554159863306924 135.01832084081906 8.890876517098153 144.0665327926353 1.0 17.406984723231506 146.69836277085528 1.0 0.37476831096480034 141.4347028144153 1.0
0.03435292219316738 -0.9994097641792332 224.35641364036687 290.01863761130966 234.45778671697462 1.0 298.15550701346353 234.73747704169116 1.0 281.8817682091558 234.1780963922581 1.0
-0.9999644938683182 -0.008426802636729677 21.159468797349117 19.753964966040993 166.87292663771 1.0 19.92253941658898 146.8690802931176 1.0 19.585390515493007 186.87677298230244 1.0
-0.006993736831531444 0.9999755435235059 -160.04092659618135 360.62453129991013 162.56701547948006 1.0 283.12395102879407 162.024983560582 1.0 438.1251115710262 163.1090473983781 1.0
0.9999338982484777 0.011497788204842655 -19.1185553176345 17.747147293384103 119.37784183508501 1.0 17.517124105307527 139.382383495026 1.0 17.97717048146068 99.37330017514401 1.0
-0.03927642820291901 -0.99922838339772 325.9845067073166 540.5753936863667 304.98796984995977 1.0 548.0883527289357 304.69265978738576 1.0 533.0624346437978 305.2832799125338 1.0
-0.07977048855056328 0.9968132569124493 -432.7264693181439 146.13560814396948 445.80444239963845 1.0 139.2049606928972 445.2498138076631 1.0 153.06625559504175 446.35907099161386 1.0
-0.09025287539987065 0.9959188814768276 -431.97779230850097 73.2036709612228 440.38188476978064 1.0 66.83604732811312 439.8048334124451 1.0 79.57129459433247 440.9589361271162 1.0
-0.017714618275553852 0.9998430838383348 -206.4774048207053 326.8674514950215 212.30105041659135 1.0 305.6019801104532 211.9242815874455 1.0 348.1329228795898 212.6778192457372 1.0
0.1493969616397038 0.9887772994222839 -354.38135802965115 247.55660477524575 320.9996362455274 1.0 239.42829991860154 322.2277631954214 1.0 255.68490963188995 319.77150929563345 1.0
0.08180777833286834 -0.9966481261730442 -14.203098754573515 247.5151118932399 6.065894767130772 1.0 258.2218793887509 6.9447373986797984 1.0 236.8083443977289 5.187052135581746 1.0
0.9998089765578706 0.01954508619329518 -98.4837010311818 95.02037588698765 178.12539832455676 1.0 94.7270168411364 193.131881514032 1.0 95.3137349328389 163.11891513508152 1.0
0.9998601709976824 0.016722393742670625 -152.44810632241214 148.8422238461934 216.87654241914342 1.0 148.57034817082123 233.13244832895742 1.0 149.11409952156555 200.62063650932942 1.0
-0.9998559289567123 -0.01697413709470443 264.38518599025724 262.524019590624 111.87540777057214 1.0 262.7367059632813 99.34718736542402 1.0 262.31133321796676 124.40362817572026 1.0
0.3831314569302988 -0.9236938273640602 319.46111145062764 155.04030595693212 410.1596422225559 1.0 163.6118214713847 413.71495149264643 1.0 146.46879044247956 406.6043329524653 1.0
0.027930507199604264 -0.9996098672820177 191.65631957258267 25.60902666764686 192.44667241967596 1.0 30.640025614728366 192.5872456141911 1.0 20.57802772056535 192.30609922516086 1.0
-0.047188026083980636 0.9988860246265825 -438.00250978128264 125.62261566621113 444.42547207729115 1.0 118.08039666502265 444.06917274164647 1.0 133.16483466739962 444.78177141293577 1.0
0.9993570043619574 0.03585495548309509 -193.66318359847995 179.97558466450695 384.97670026042493 1.0 179.45889411673377 399.3780099552089 1.0 180.49227521228013 370.575390565641 1.0
-0.23330990353358155 0.972402431564808 -165.97610965470454 536.846679405651 299.49303620159776 1.0 528.9041640481616 297.58737715374053 1.0 544.7891947631405 301.398695249455 1.0
-0.999662020925206 -0.02599699828313208 23.73786649025936 20.283679765073103 133.13237731574392 1.0 20.47901375633572 125.62120351274085 1.0 20.08834577381048 140.64355111874698 1.0
-0.40061954296678104 -0.9162444989155939 367.9288480585812 257.8768869652108 288.8075483935422 1.0 265.54966227516417 285.4526974322559 1.0 250.20411165525744 292.1623993548286 1.0
-0.005062714239946579 0.9999871843801423 -111.47144100033799 361.24594077507385 113.3017780013389 1.0 278.1199072023739 112.88092925402256 1.0 444.3719743477738 113.72262674865526 1.0
-0.05342035434565169 0.9985721134407796 -300.2938403292437 361.21404945805716 320.04701367506607 1.0 336.77524904025677 318.739617483515 1.0 385.65284987585756 321.3544098666171 1.0
0.9997624366235617 0.021796107829584712 -488.62424625192335 482.9636827944952 264.96923146853084 1.0 482.7049155022579 276.83859000852215 1.0 483.2224500867325 253.0998729285395 1.0
-0.07908944571588525 0.9968675235839284 -432.9807247650659 102.5513708440736 442.47750619532684 1.0 88.16773636279798 441.33633783384374 1.0 116.93500532534922 443.61867455680994 1.0
-0.019105825619400715 -0.9998174670545624 101.79184310210039 249.36630923375864 97.04520783015246 1.0 253.15075724569286 96.97288962591593 1.0 245.58186122182443 97.11752603438899 1.0
-0.9997854324177473 -0.02071446656947911 219.06832454715882 216.1370444592572 143.74765968407152 1.0 217.2380689156795 90.60662375275747 1.0 215.03602000283487 196.88869561538556 1.0
0.04134491325306984 -0.9991449335046922 315.749105261145 392.48405083149044 332.2604290565893 1.0 440.63005976887507 334.25272516523825 1.0 344.33804189410586 330.2681329479404 1.0
0.2500875090527215 0.9682232375933791 -303.4050369966993 604.9016991278866 157.1194244605964 1.0 588.0227602623219 161.4791749937839 1.0 621.7806379934514 152.7596739274089 1.0
0.9997266718717792 0.023379083561509265 -98.91696020613709 95.71417861664185 138.1124695621833 1.0 95.33403073541838 154.36819554540065 1.0 96.0943264978653 121.85674357896595 1.0
0.3901464174183514 0.9207528294692477 -374.92250563789815 179.88169814164033 330.97080540547597 1.0 175.49908210159964 332.82783140878206 1.0 184.26431418168102 329.1137794021698 1.0
-0.08735881948363695 0.996176910321869 -432.35736116311216 33.120952284865496 436.9211572212214 1.0 0.5426349476570191 434.0642315950068 1.0 65.69926962207397 439.778082847436 1.0
-0.7963994641082706 0.6047709430586587 189.4834172559744 537.2118734943299 394.1191845329648 1.0 529.6523717429678 384.1643690564442 1.0 544.7713752456921 404.0740000094855 1.0
0.05784728554883356 0.9983254437079282 -257.1692219217728 268.722744894574 242.0296328088778 1.0 261.83465675450293 242.42875836861944 1.0 275.61083303464517 241.6305072491362 1.0
-0.2868208590513259 0.95798423515894 -84.77792537526737 12.743538382690648 92.311579623095 1.0 7.237823460259795 90.66316639687805 1.0 18.2492533051215 93.95999284931194 1.0
0.10951860700617962 -0.9939847457176726 190.83235176839435 11.102849374500787 193.21053083870737 1.0 16.660381294797556 193.82286735284958 1.0 5.545317454204017 192.59819432456518 1.0
0.07624419195598364 -0.9970891751458237 389.96583460589125 72.42222073755133 396.64216417537966 1.0 144.25950994688196 402.1353298867341 1.0 0.5849315282206913 391.1489984640252 1.0
-0.7594228607957098 0.6505973551290075 151.0445283177293 554.6679370037157 415.2844782772175 1.0 545.4501317807768 404.52480955511857 1.0 563.8857422266545 426.0441469993164 1.0
0.06681899180122142 0.9977651138091912 -122.98795748161187 47.42215823471125 120.08763888516174 1.0 23.030981579755284 121.72108328041378 1.0 71.81333488966722 118.45419448990968 1.0
0.9993180391863922 0.03692501261562666 -491.60070751115063 483.06906771301635 239.97483940817506 1.0 482.9050744704552 244.4130614692471 1.0 483.2330609555775 235.53661734710298 1.0
-0.059033299043739586 0.998256014058524 -266.215350251429 44.342316266036065 269.3026835619878 1.0 20.56458896456553 267.8965536047423 1.0 68.1200435675066 270.70881351923333 1.0
-0.022701609670384322 0.9997422852507407 -156.2069034826532 227.51048275753595 161.41335626077108 1.0 220.61065617980873 161.25667871289522 1.0 234.4103093352632 161.57003380864697 1.0
-0.038858865885426 0.9992447090388312 -305.9735256992868 414.35775530852976 322.3184423475301 1.0 386.850743728453 321.248743139488 1.0 441.86476688860654 323.38814155557213 1.0
0.0022100927142590823 -0.9999975577421149 115.40958416956013 362.5000861346264 116.2110267861411 1.0 444.3760675199589 116.39198073800985 1.0 280.6241047492938 116.03007283427235 1.0
0.024967146338571496 0.9996882722147481 -158.92159122937875 136.87319551724667 155.55274824077068 1.0 98.11615145087131 156.52070276994795 1.0 175.63023958362203 154.58479371159342 1.0
-0.8894471159800748 -0.4570381033072924 455.46976297681215 321.8110443351302 370.28828992099955 1.0 327.30519761002205 359.59605496347035 1.0 316.3168910602383 380.98052487852874 1.0
0.08125917752755445 0.9966930049255616 -250.9448909308601 596.2533186008022 203.16570464784917 1.0 586.8389841641343 203.9332439698996 1.0 605.6676530374701 202.39816532579874 1.0
0.9999419902290068 0.010771080579631763 -6.324721754293566 4.103455930615722 206.24707500726956 1.0 3.9486306291848337 220.62040727472728 1.0 4.258281232046611 191.87374273981183 1.0
0.9997009754937671 0.024453212402679406 -21.198686870879115 17.123402625568772 166.8657882298677 1.0 16.63411089496247 186.86910772561455 1.0 17.612694356175076 146.86246873412085 1.0
-0.9997717353839384 -0.02136532535179848 279.89996119597936 275.7034323446928 199.36331973802706 1.0 276.5581355790579 159.36822854287007 1.0 274.84872911032784 239.35841093318405 1.0
-0.9999766112055579 -0.006839374375506487 452.2184476015793 451.1304300826672 160.6241821974439 1.0 451.3270867326284 131.8712525283903 1.0 450.93377343270595 189.3771118664975 1.0
-0.0033604019294905642 -0.9999943538334967 116.81012839590944 227.5014157030398 116.04628741628002 1.0 236.87630983771675 116.01478382606658 1.0 218.12652156836288 116.07779100649348 1.0
-0.9997176340952167 -0.023762408949062282 285.83697422875287 281.19362678321727 198.74866005821514 1.0 282.01058185265595 164.37822266139855 1.0 280.37667171377865 233.11909745503172 1.0
0.22041787303246832 -0.975405536814223 297.3667772829816 302.0187998885036 373.1136486664626 1.0 305.98972876899927 374.01098179075547 1.0 298.0478710080079 372.21631554216975 1.0
-0.8802494510712664 -0.4745112263042196 458.48662773587256 340.0710215739744 335.3752005186698 1.0 342.98342022015436 329.97250998684035 1.0 337.15862292779445 340.7778910504993 1.0
-0.15832444123421321 0.9873871435804065 -166.7791347204931 626.8668689289453 269.4257092585344 1.0 615.5080497072587 267.6043581116755 1.0 638.225688150632 271.2470604053934 1.0
-0.05867972872678877 0.9982768601127398 -320.1155139977782 489.3715421067708 349.4338266999577 1.0 479.33275194322323 348.84373640829693 1.0 499.41033227031835 350.0239169916185 1.0
0.06239143915790349 -0.9980517563332103 340.5843455386883 107.50969203747898 347.96996021956045 1.0 170.6224779455356 351.91534433123735 1.0 44.396906129422376 344.0245761078835 1.0
-0.5966492407889772 -0.8025021392282622 401.8446853144764 593.1130807571801 59.768334106647494 1.0 596.3226417482664 57.38206990249333 1.0 589.9035197660938 62.15459831080166 1.0
-0.32826359553473444 -0.9445861590382363 309.6587635073721 598.3075564760704 119.9003105214365 1.0 608.3927612777549 116.39548932727892 1.0 588.222351674386 123.40513171559405 1.0
0.9995549636079104 0.029830768122676512 -9.503296416326636 4.583074068538702 165.00620977286582 1.0 3.9680882889177562 185.6128561066258 1.0 5.198059848159646 144.39956343910583 1.0
-0.7316545426350688 0.6816756048454926 124.8802659246638 271.6319896647469 108.35141042679888 1.0 266.1913874329851 102.5119153513645 1.0 277.0725918965087 114.19090550223328 1.0
-0.9998019479070632 -0.019901380887814953 285.2645921894061 282.5843329176032 137.48923784699278 1.0 282.895725489081 121.84555456279008 1.0 282.27294034612544 153.13292113119547 1.0
0.04006151616723098 -0.9991972152294976 296.54160773985 382.4653466108972 312.114310021249 1.0 441.8701459200142 314.4960683885266 1.0 323.06054730178016 309.7325516539715 1.0
-0.9999840545828604 0.0056471745167570395 348.9409845096554 350.2842752002131 236.8804537034411 1.0 350.1500971492082 213.12062282133502 1.0 350.41845325121795 260.6402845855472 1.0
-0.1460235264724555 0.9892811176387366 -22.382445133412276 426.87367961168195 85.63394537519072 1.0 406.7584183268376 82.66481826222336 1.0 446.98894089652623 88.60307248815808 1.0
-0.02059625342555653 0.999787874673838 -277.5299627243055 566.8514876776367 289.26634033595934 1.0 551.832110906916 288.95693181231167 1.0 581.8708644483573 289.575748859607 1.0
-0.9999728501171901 0.0073687874513711634 17.149926036629562 18.707092610996618 211.25031618401403 1.0 18.637978167325784 201.8712198702877 1.0 18.776207054667452 220.62941249774033 1.0
-0.01848520844346653 0.999829133936795 -150.3822653359419 225.63277349725698 154.5795465842931 1.0 216.87421211668706 154.41761508291023 1.0 234.3913348778269 154.741478085676 1.0
0.9997540107395485 0.022179224742686368 -308.8964688837346 304.0639573981264 221.25696504501894 1.0 303.88348807712583 229.39182681674342 1.0 304.244426719127 213.12210327329444 1.0
-0.12457058355302829 0.9922107486382408 -184.82382011047648 11.304114447112969 187.6939758003 1.0 5.611901902519079 186.9793269826359 1.0 16.99632699170686 188.4086246179641 1.0
0.9998133821108932 0.019318409664796497 -249.09470342756018 246.26704146427855 148.7503292754369 1.0 245.3372832469303 196.869440732438 1.0 247.1967996816268 100.6312178184358 1.0
0.9998246111252247 0.018728240395005893 -486.55562802701775 483.5969409252473 162.50884017356836 1.0 482.8826135565933 200.6438741392272 1.0 484.31126829390126 124.37380620790954 1.0
0.9998286931185986 0.01850903608390897 -20.824942337502684 15.980718387548734 261.8700150029541 1.0 15.633519296813391 280.62515771098913 1.0 16.327917478284075 243.11487229491908 1.0
0.9999715758833565 -0.007539723161805722 -183.50902209657627 184.65935016564964 151.87285601752916 1.0 184.98934579648082 195.6392177147994 1.0 184.32935453481846 108.10649432025893 1.0
0.0030506242012723634 0.9999953468351653 -289.70269769163286 496.2482921661037 288.1901716380832 1.0 484.3714960472575 288.2264034483495 1.0 508.12508828494987 288.1539398278169 1.0
-0.9813262781221206 0.192350554631346 398.0707685621028 447.28232978042945 212.42015896146856 1.0 445.8458687755644 205.09168031853747 1.0 448.71879078529446 219.74863760439965 1.0
-0.6271935364808672 -0.7788634461807943 410.244790109133 591.315458122177 50.55514794892664 1.0 595.1168707490575 47.49399333861929 1.0 587.5140454952965 53.616302559233986 1.0
-0.1791793596125308 -0.9838164244862165 306.23752976415693 55.001427541487686 301.25783817268496 1.0 109.72402517156783 291.29138533082215 1.0 0.2788299114075343 311.22429101454776 1.0
0.0320613596298582 -0.9994859024612028 270.70878742400737 383.1446160693178 283.1384855486091 1.0 435.65073384760586 284.8227689594226 1.0 330.63849829102975 281.45420213779556 1.0
-0.0372772710742872 0.999304960991015 -272.7840367948761 226.2439051998515 281.4133854584608 1.0 214.36212453855111 280.9701570388628 1.0 238.12568586115185 281.85661387805885 1.0
0.9996541333954407 0.026298547211023187 -598.5903046821346 592.8122031368293 227.50821332964978 1.0 592.3681363855957 244.38797325753458 1.0 593.256269888063 210.62845340176494 1.0
0.012126534798401319 0.9999264708736253 -442.1549549628861 84.36638129909447 441.16432153139715 1.0 80.60177569333668 441.20997650924824 1.0 88.13098690485226 441.118666553546 1.0
-0.06517560245559843 0.9978738100804879 -361.496698788967 168.07635601333953 373.24476580925244 1.0 159.32287663923307 372.673036913247 1.0 176.82983538744602 373.81649470525787 1.0
0.627202574966027 0.7788561676946425 -405.7710814716627 584.872718764684 49.99306399578722 1.0 582.1349249550284 52.1977731556629 1.0 587.6105125743396 47.788354835911534 1.0
0.9998288397885988 0.018501111506724618 -447.4104261279944 444.1329864479465 181.25708688797226 1.0 443.7739469705649 200.6601386439855 1.0 444.4920259253281 161.854035131959 1.0
0.05116735823878469 -0.9986900927969917 266.2283180774496 225.65630982263582 278.13889145834503 1.0 231.921884415296 278.45990485586117 1.0 219.39073522997563 277.8178780608289 1.0
0.38974526715563546 0.920922703993002 -371.01022681011386 231.25008148112252 305.000192530409 1.0 225.357885251713 307.4938389391765 1.0 237.14227771053206 302.5065461216414 1.0
0.6050299988471792 0.7962026755135795 -391.8593221180243 598.4975656134873 37.36528600041025 1.0 593.521397721582 41.14664839279456 1.0 603.4737335053926 33.583923608025934 1.0
0.2355356986515534 -0.9718656978516756 142.94482664075056 622.5404325575282 297.95816747328297 1.0 638.7292850749706 301.8816032900749 1.0 606.3515800400858 294.03473165649103 1.0
0.061997860978007836 -0.9980762822721275 284.1270276240204 226.79656660791147 298.76266466530956 1.0 234.3837609620309 299.2339611274487 1.0 219.20937225379205 298.29136820317046 1.0
-0.9894866954381047 -0.14462392454562717 473.4597511702459 449.8866756107892 195.69978679124011 1.0 450.65448305556635 190.44660856604514 1.0 449.118868166012 200.9529650164351 1.0
0.6748288165232267 0.7379743006296773 -440.31511329958715 599.905288660296 48.07990914678185 1.0 596.3067461415887 51.37053889775784 1.0 603.5038311790032 44.78927939580586 1.0
0.9999152420008216 0.013019555078362454 -19.077180076235887 16.39326201517924 206.2518653658019 1.0 16.25483502427165 216.88320086687784 1.0 16.53168900608683 195.620529864726 1.0
-0.9996994206765881 -0.024516694289684803 123.57562028420736 118.1710950312438 221.8914579786484 1.0 118.50847391875726 208.13440433958425 1.0 117.83371614373031 235.64851161771253 1.0
-0.13885472521196981 0.9903127613467921 -64.48122023416408 139.3366124556735 84.64878020420448 1.0 133.03522941469566 83.76524437112039 1.0 145.6379954966513 85.53231603728857 1.0
-0.01992651954224265 0.9998014471978587 -234.73926100227763 569.377315128914 246.1338397626912 1.0 556.8698268542549 245.88455955787865 1.0 581.8848034035732 246.38311996750375 1.0
-0.08473679255748992 -0.9964033701202888 302.25407382992006 600.0902998945601 252.31181879848862 1.0 605.7276805880357 251.83240095154477 1.0 594.4529192010843 252.79123664543243 1.0
0.23430292285229026 -0.9721636386652577 231.57652603029794 11.040729853176071 240.8682982906219 1.0 15.60264068348237 241.96777269886022 1.0 6.478819022869772 239.7688238823836 1.0
-0.04339248069190293 0.9990581027244626 -269.22962860018185 163.7621093173458 276.59619797209416 1.0 153.10292569647393 276.13323348764743 1.0 174.42129293821765 277.05916245654083 1.0
-0.885516394064874 -0.4646081314853872 465.8118301463687 518.2777971569708 14.78309056297202 1.0 522.3078236681273 7.102091668837632 1.0 514.2477706458144 22.46408945710641 1.0
-0.01259568529533008 -0.9999206712094421 215.60252823253862 588.1260857622143 208.21119428452693 1.0 600.6398459787321 208.05356239423122 1.0 575.6123255456965 208.3688261748226 1.0
0.9994804987984827 0.0322293735827449 -613.1406739611795 607.5542387120393 183.1267489883145 1.0 606.9898684724855 200.62870406317788 1.0 608.1186089515929 165.6247939134511 1.0
-0.06625956499374328 -0.9978024203452505 298.8811157694801 129.43768702472394 290.94400355631217 1.0 143.1686412093191 290.03219272816693 1.0 115.70673284012878 291.85581438445735 1.0
-0.015992913285873336 -0.9998721051837732 315.537071468086 483.1705718568785 307.8491387191158 1.0 505.67481125060465 307.4891843336274 1.0 460.66633246315234 308.20909310460416 1.0
0.011126251570610955 0.999938101347272 -115.44688341680587 226.87977960057606 112.92955209981328 1.0 218.12390931667952 113.02697814585254 1.0 235.63564988447257 112.83212605377402 1.0
0.05342417046346657 -0.9985719092835982 133.66226584672586 584.9252459397776 165.1472571589853 1.0 594.3068307810626 165.64917733430633 1.0 575.5436610984926 164.64533698366427 1.0
-0.9995753501108032 -0.02913965426811071 601.4186475052328 595.023820439748 228.12569441426172 1.0 595.534078541455 210.62234945457863 1.0 594.513562338041 245.6290393739448 1.0
0.01638555627805454 -0.9998657477608974 236.13782561707418 161.87381548384903 238.82228055654028 1.0 173.1310346090357 239.00676112097926 1.0 150.61659635866235 238.6377999921013 1.0
-0.999713036581994 -0.023955051409017714 443.2276676005279 437.97887948717624 224.35652246609646 1.0 439.4168460767265 164.34605030315402 1.0 436.540912897626 284.3669946290389 1.0
-0.48319430146868675 -0.875513144977383 381.31432400608696 613.5553280440608 96.91217812799135 1.0 639.8075330509394 82.42362826088555 1.0 587.3031230371822 111.40072799509717 1.0
-0.040900586974705895 0.9991632208929252 -312.40815641043275 298.70304146327993 324.8971532872295 1.0 274.29219294823366 323.89789909938645 1.0 323.1138899783262 325.8964074750726 1.0
-0.04323249523826982 0.999065038601328 -178.9638682048334 498.14933056192297 200.68774205831045 1.0 486.89336231259637 200.200663064512 1.0 509.40529881124957 201.17482105210888 1.0
-0.999664717934111 -0.025893082429756027 600.7797138132598 596.2379590635611 183.12468811847197 1.0 596.6913551123974 165.62024327294225 1.0 595.7845630147248 200.6291329640017 1.0
0.999132941436481 0.04163370433297275 -210.81147410813873 197.18965434854607 331.28915524120976 1.0 196.74659643705908 341.92173673793025 1.0 197.63271226003306 320.6565737444892 1.0
0.9996921367865127 0.024811925504001832 -598.1157293394967 591.5984262777231 270.00864778918265 1.0 591.1794691677736 286.88876168440146 1.0 592.0173833876725 253.12853389396386 1.0
-0.9999133526381375 -0.013163860222576143 599.0683125801115 597.2935083525539 138.75550966285275 1.0 597.5320826454637 120.63365049364201 1.0 597.0549340596441 156.87736883206347 1.0
0.9997127040344909 0.023968925550525034 -598.3146597689553 594.0509040482667 185.00721441940433 1.0 593.646185565445 201.88749584802287 1.0 594.4556225310885 168.1269329907858 1.0
0.9998766107739189 0.015708699095116106 -447.44119344937 445.5327570155972 124.9887316553876 1.0 444.99268288570573 159.3650658949573 1.0 446.07283114548864 90.6123974158179 1.0
-0.9999990853697655 0.001352501250485706 5.6241376074253795 5.913240774166118 213.75045546769064 1.0 5.887034943118309 194.3746455970876 1.0 5.939446605213927 233.12626533829365 1.0
-0.49994995757338967 -0.8660542938652089 357.3006966776059 630.9935952315395 48.305834644390345 1.0 636.5657011044597 45.08920710210557 1.0 625.4214893586195 51.52246218667513 1.0
0.9996443757601704 0.026666871039911548 -612.2214275112525 608.7378897187031 138.74967694180307 1.0 608.287601850782 155.6293376251503 1.0 609.1881775866241 121.87001625845583 1.0
-0.9980034153559657 -0.0631599789251693 218.21236211953982 213.4265826206249 82.51908605889497 1.0 213.70734230102713 78.08274639089656 1.0 213.14582294022267 86.95542572689337 1.0
-0.7817010788673024 0.6236532877310079 169.66162245649414 237.5527959665448 25.70924382814077 1.0 216.79529299509554 -0.30867796684823645 1.0 258.3102989379941 51.72716562312978 1.0
0.022820581044376096 -0.9997395766302328 192.302553537312 498.75028800498 203.7373828814329 1.0 509.3840138777333 203.98011389734486 1.0 488.11656213222665 203.49465186552095 1.0
-0.7739407071725087 0.633258068863964 165.9743521049041 506.3188022399649 356.7050952239133 1.0 497.6025570494611 346.05247617599616 1.0 515.0350474304687 367.35771427183045 1.0
0.33807627341774854 0.9411187137401783 -458.15154236002707 600.165091566789 271.2197314123048 1.0 594.742288438826 273.1677545960048 1.0 605.5878946947519 269.2717082286047 1.0
-0.9952757845557427 -0.09708816960346402 203.15929204194475 174.37120340206258 304.99962964562167 1.0 174.92652700388282 299.306864649213 1.0 173.8158798002423 310.69239464203025 1.0
-0.9996344067265992 -0.027037989724827294 12.383107239698505 5.321599847871841 261.24179366962505 1.0 5.845269378713957 241.88095781933703 1.0 4.797930317029724 280.6026295199131 1.0
-0.07499138043386888 0.9971841820148487 -360.2558187959377 86.32407961720385 367.76493982297677 1.0 73.03920259104532 366.76587537224225 1.0 99.60895664336238 368.7640042737113 1.0
-0.5568938492028257 -0.8305836747252263 373.22199979013834 632.1924890577255 25.4735215313084 1.0 638.5278146734255 21.225781086316413 1.0 625.8571634420256 29.721261976300383 1.0
-0.056933231959581124 0.9983779880879969 -325.1517114860505 123.77205982492178 332.7381601374989 1.0 81.8906909387185 330.3498445716184 1.0 165.65342871112506 335.12647570337936 1.0
1.0 7.612957883143931e-17 -3.1250000000000195 3.125 256.875 1.0 3.124999999999999 265.625 1.0 3.1250000000000004 248.125 1.0
-0.9999929949164305 -0.0037430092262582303 263.02141865392196 262.5390053964737 129.37514599858162 1.0 262.55306785171825 125.61818044338779 1.0 262.52494294122926 133.13211155377542 1.0
-0.047597543436339505 0.9988665946255414 -175.49637204996208 570.0127468708122 202.8574983072436 1.0 556.858052406259 202.23065670042914 1.0 583.1674413353652 203.484339914058 1.0
-0.9996909179797446 -0.02486098366548542 252.7645193263602 247.72929288019094 205.61515929017165 1.0 250.30936788313994 101.86715064900518 1.0 245.14921787724194 309.3631679313381 1.0
0.06659892973875242 -0.9977798266940721 307.3816800690592 291.91337849554725 327.55001645617847 1.0 309.4188225260221 328.7184544280044 1.0 274.4079344650724 326.38157848435253 1.0
-0.8780706900772783 -0.47853094281061104 462.29707895584914 510.92131535304475 28.570873449287973 1.0 514.0004498985006 22.920877695012795 1.0 507.8421808075888 34.22086920356315 1.0
-0.5618304403809177 -0.827252413874619 371.62499356314026 604.9630991808579 38.365931127961986 1.0 608.4008529943256 36.031172465977 1.0 601.5253453673902 40.70068978994698 1.0
-0.07047543157830934 0.9975135154692647 -360.83290983879385 36.255732680606926 364.2938592924199 1.0 0.5440487149526385 361.77078937824064 1.0 71.96741664626121 366.8169292065991 1.0
0.5746786675470857 -0.8183791475021257 -42.980120066519966 133.55350871800243 41.26477620165909 1.0 192.30107674458515 82.51823948722091 1.0 74.80594069141975 0.011312916097274694 1.0
-0.038250764499569545 0.9992681717212845 -229.62602360579146 161.88491610753323 235.99095025877364 1.0 150.62748698641948 235.56002962868834 1.0 173.14234522864697 236.42187088885893 1.0
0.050904840651883054 -0.9987035081535492 313.2418605701471 130.0178076559128 320.27563109511027 1.0 141.9255844888178 320.8825814835373 1.0 118.11003082300782 319.6686807066833 1.0
0.3372946033983899 -0.941399145165494 103.74925088226435 577.9759699724708 317.29094718417184 1.0 588.7399060440724 321.14756588509306 1.0 567.2120339008692 313.4343284832506 1.0
-0.015201770474245393 -0.9998844464109081 172.48565267918477 602.5128510207796 163.34526574190096 1.0 606.9153400112712 163.27833238036195 1.0 598.1103620302881 163.41219910343995 1.0
-0.5675352991571454 -0.8233490658345399 372.05041443685974 616.7754376371742 26.730560387967696 1.0 622.7646343824498 22.602201338825232 1.0 610.7862408918985 30.85891943711016 1.0
0.18619870112555287 -0.9825121086781358 201.1653082629332 561.8789456190384 311.22918020663906 1.0 567.0486129846768 312.2088987670831 1.0 556.7092782534002 310.24946164619496 1.0
-0.13166790326343242 0.9912938833919088 -265.9595018625321 125.87216048203865 285.01419210385745 1.0 118.33903177373197 284.01360965433963 1.0 133.40528919034534 286.0147745533753 1.0
0.6158962821368333 -0.787827246069864 -205.28095308111895 406.56448228231375 57.272200511637905 1.0 412.8697802017291 62.20146586226609 1.0 400.25918436289845 52.34293516100971 1.0
0.051581252310401324 -0.9986688011598694 313.0960349078533 160.00502840332373 321.77764467623126 1.0 170.6661499906899 322.32829169941965 1.0 149.34390681595758 321.2269976530429 1.0
0.06966002819219343 -0.9975707897048024 298.63848760562877 300.64353659398046 320.35954554677335 1.0 316.9015466633229 321.4948368478694 1.0 284.38552652463795 319.22425424567734 1.0
-0.5450498854154558 -0.8384036154553477 368.78516481248676 617.3521391230117 38.52255826087022 1.0 622.7341044819846 35.02371886163298 1.0 611.9701737640388 42.02139766010746 1.0
0.5974534777293262 0.8019035739720415 -403.50717066842947 628.523065098233 34.90928398502217 1.0 623.5111930919629 38.643349348078765 1.0 633.534937104503 31.17521862196558 1.0
0.9973022518933552 0.07340448466165087 -291.8144588040845 268.26804782303026 330.6355287556621 1.0 267.4377398992332 341.9164193713323 1.0 269.09835574682734 319.35463813999195 1.0
0.02286372552829611 -0.9997385908601141 275.27070239708064 289.3873294685335 281.9608820210663 1.0 298.14704149947784 282.16121404126983 1.0 280.6276174375891 281.7605500008628 1.0
0.8660269771017105 0.4999972749246475 -294.8009690591808 186.89086815108612 265.8983201186803 1.0 184.52769957312938 269.9914779069064 1.0 189.2540367290429 261.80516233045427 1.0
0.9997881963361547 0.020580633296833725 -248.92612673633516 244.578732729009 213.7541938368563 1.0 244.30866912956574 226.87363457947825 1.0 244.8487963284523 200.63475309423433 1.0
0.6087650658230529 0.7933505496522038 -400.8965487318944 626.4445044639499 24.62848074659277 1.0 622.483446925979 27.667935945670678 1.0 630.4055620019207 21.58902554751487 1.0
0.49030436085729207 0.8715512800313716 -347.9525371481838 629.4472818614025 45.12848620950115 1.0 623.3643797965314 48.55051481230099 1.0 635.5301839262737 41.70645760670131 1.0
0.1312215616081249 -0.9913530661520773 68.68175374610549 138.8122309773002 87.65485721705966 1.0 145.7314582987698 88.57072850978592 1.0 131.89300365583063 86.7389859243334 1.0
0.9996880038000869 0.024977891388137254 -462.9826405733967 456.0055859618233 285.0251252559202 1.0 455.7711013550906 294.4098825512377 1.0 456.240070568556 275.64036796060276 1.0
-0.9996871038311808 -0.025013884816752784 590.9995069995947 586.5552781372089 185.00763858224434 1.0 586.9776464261279 168.12756838951927 1.0 586.13290984829 201.8877087749694 1.0
0.9987890277052137 0.04919835500983807 -631.7521113794077 618.6030433726977 282.49276120970444 1.0 618.1992524117279 290.69023003203637 1.0 619.0068343336675 274.29529238737246 1.0
0.6573769124362454 0.7535619383937787 -419.78404738790243 626.6221651240548 10.426618986733198 1.0 621.9705346817386 14.484512972836262 1.0 631.2737955663711 6.368725000630133 1.0
-0.029708953757602814 -0.9995585916126322 306.7092628928729 192.45911499332794 301.1244227911683 1.0 206.87710700299115 300.6958901753848 1.0 178.0411229836647 301.5529554069517 1.0
0.36675078899736496 -0.930319224121382 82.63833392207098 613.9101279132142 330.84381116428165 1.0 638.6317408838039 340.5895745830845 1.0 589.1885149426245 321.0980477454787 1.0
-0.9962711460784502 -0.08627747963131054 263.0835909420926 259.5697195835073 51.94598804371462 1.0 260.22834494140176 44.34064951331415 1.0 258.9110942256128 59.551326574115095 1.0
0.6112361873740948 0.7914482441981789 -403.6633287516855 611.8651453107856 37.48723983193899 1.0 608.6091282099549 40.00186475318435 1.0 615.1211624116163 34.972614910693636 1.0
0.6612820425521329 0.7501373608867108 -423.08503597173365 612.3030636470367 24.23558181504588 1.0 607.3193042439133 28.629004632688456 1.0 617.2868230501601 19.842158997403303 1.0
-0.27443018059382396 0.961607027833741 -71.80083573289588 74.79902338908857 96.01421636632253 1.0 65.88333400455551 93.46979418855649 1.0 83.71471277362163 98.55863854408855 1.0
0.9998643299055684 0.016471848180722573 -610.3756764043387 606.7209815354308 226.8724626869971 1.0 606.432424147941 244.38830157260796 1.0 607.0095389229206 209.35662380138623 1.0
0.9992645707270162 0.03834472179781553 -159.1279908007221 147.34971346762296 309.99423306355214 1.0 146.9895771256268 319.37939666144007 1.0 147.70984980961913 300.6090694656642 1.0
0.809011086545583 0.5877933836360657 -454.90687128839795 290.8407702620581 373.62357222943916 1.0 272.4743412534463 398.9022587575255 1.0 309.2071992706698 348.34488570135284 1.0
0.9992025732900753 -0.039927653706318365 -241.9802832780096 254.3860090754032 305.6245600826478 1.0 254.68722045478222 313.1624732190801 1.0 254.08479769602417 298.0866469462155 1.0
0.9999513657280632 0.009862361714174879 -449.4838967282841 448.7043458946827 81.25571399666705 1.0 448.6488728080649 86.88016687441252 1.0 448.75981898130055 75.63126111892157 1.0
-0.9046054080391511 -0.4262499920777957 469.91864571114047 491.43752532318143 59.49936202176987 1.0 494.88333277214184 52.18652656998112 1.0 487.991717874221 66.81219747355861 1.0
-0.9998368357781995 -0.018063826312219044 9.698224316415105 6.707348224795122 165.6332628070914 1.0 7.046193643596822 146.87809291689706 1.0 6.368502805993422 184.3884326972857 1.0
0.0510634920974914 0.9986954089084465 -122.59805287092473 136.22662879049062 115.79290788430455 1.0 98.1054198332249 117.74205277369956 1.0 174.34783774775633 113.84376299490954 1.0
-0.9972664625982468 -0.07388912353506026 166.55149073435427 144.0840734368476 309.39975205411065 1.0 144.82435713698104 299.4082936143458 1.0 143.34378973671417 319.3912104938756 1.0
-0.724373569659665 0.6894076671886631 96.51500618121088 271.24477520454866 145.00497259176 1.0 265.7622473172384 139.24437768470807 1.0 276.72730309185886 150.76556749881195 1.0
-0.9989654379551213 0.04547585921269349 495.1924228045726 509.135029835062 295.01092415114806 1.0 508.8794927697288 289.3975569536107 1.0 509.39056690039524 300.62429134868546 1.0
0.9998087141267165 0.019558505982856335 -597.791209503986 595.1301366642035 141.8775457656944 1.0 594.8121326530803 158.13355129735294 1.0 595.4481406753268 125.62154023403589 1.0
0.9996448158404538 0.026650368914988273 -250.21966583754357 243.1774717169042 267.4847364886838 1.0 242.1280422549618 306.84842126795746 1.0 244.2269011788466 228.1210517094101 1.0
-0.051663967287085374 0.9986645254960042 -301.61075441813944 299.9659987503252 317.53224418111444 1.0 284.25371703307025 316.71939983957486 1.0 315.6782804675802 318.345088522654 1.0
-0.05194051626780311 -0.9986501803784116 274.4064138314476 335.6805643716563 257.31832534145656 1.0 343.19274974614245 256.9276111611393 1.0 328.1683789971702 257.70903952177383 1.0
0.038291769526709575 -0.9992666012563982 141.2029523094556 531.2580729085615 161.66432841181665 1.0 574.4154996787075 163.31811553646432 1.0 488.1006461384155 160.01054128716896 1.0
-0.03824022827486252 0.9992685749794629 -138.2773145247562 536.2920388236282 158.90146902160575 1.0 488.16576475129085 157.0597622446438 1.0 584.4183128959656 160.74317579856768 1.0
0.959066657294444 -0.28318041398737587 -178.5285786847151 278.22575593405804 311.8452501313112 1.0 281.1421227317645 321.72231089528594 1.0 275.3093891363516 301.96818936733655 1.0
0.9238047044610104 0.382864033327375 -522.902484960935 456.3940799819118 264.54165962067736 1.0 455.0139471195175 267.87175364904715 1.0 457.7742128443061 261.2115655923075 1.0
-0.9629987082548486 -0.269506007167731 495.23685667713437 503.4446327398257 38.66453954163815 1.0 505.04069892396535 32.96147677963009 1.0 501.848566555686 44.36760230364621 1.0
-0.22825000454386904 0.9736025551659793 -77.9169957991164 98.00636350161332 103.00604510696957 1.0 84.27825942813288 99.78764782511729 1.0 111.73446757509377 106.22444238882184 1.0
0.050312601164205946 -0.9987335190951044 92.15639474949762 509.38461076215907 117.93422094882388 1.0 529.3967947069603 118.94236277042988 1.0 489.3724268173578 116.92607912721787 1.0
-0.5989778161213403 -0.8007656185142503 408.3575891452435 633.8866406275922 35.80767307022589 1.0 637.8911046252 32.81230832857526 1.0 629.8821766299844 38.80303781187652 1.0
-0.9999429300691608 -0.010683473438047078 114.89556821622384 112.4915303723727 225.62490950979392 1.0 112.55836960608161 219.3689460737402 1.0 112.42469113866377 231.88087294584764 1.0
0.054610384009754966 -0.998507739558541 73.02799857818077 605.0013197376954 106.225869638586 1.0 609.3973527581968 106.46629747089833 1.0 600.6052867171941 105.98544180627367 1.0
-0.6937003172831538 -0.7202637501646544 447.8256319137769 634.1367319410963 11.002608091167392 1.0 638.2681129179243 7.02359305148495 1.0 630.0053509642681 14.981623130849835 1.0
0.9996966125344157 0.024630933543299444 -212.50797258719942 208.46072618240953 166.88327175883563 1.0 207.75204333003012 195.6466089518617 1.0 209.16940903478897 138.11993456580953 1.0
0.9999979352078363 0.002032136822184059 -211.45334373408326 211.0143359822144 216.2469809212103 1.0 210.9851214947246 230.62319164138827 1.0 211.0435504697042 201.87077020103231 1.0
0.9977167834646699 0.06753680472833413 -288.5594358012299 279.78343258767495 139.40264735682075 1.0 278.9354485179459 151.92986036138313 1.0 280.63141665740403 126.87543435225837 1.0
-0.9800773288307144 0.19861628712684082 346.11544744350766 354.9273647255674 8.764719806384516 1.0 353.51511609420413 1.7959415339994733 1.0 356.3396133569306 15.733498078769559 1.0
0.09869580568752408 -0.9951176503005514 282.1988631708991 298.06101703673016 313.14511937082614 1.0 306.90993562792175 314.0227554468793 1.0 289.2120984455386 312.26748329477306 1.0
-0.052180732931732476 0.998637657566901 -88.25730756814433 539.9495190964434 116.59110623207502 1.0 490.57868466058954 114.011385442664 1.0 589.3203535322973 119.17082702148606 1.0
0.08893631038136399 -0.9960373149113187 279.12051087073394 160.82890180091744 294.5914129991394 1.0 172.1006478984826 295.59786877591137 1.0 149.5571557033523 293.58495722236734 1.0
-0.042844403338445566 0.9990817569661516 -222.8953592723207 497.47068278846183 244.4336433450007 1.0 486.83843333064476 243.97769228695216 1.0 508.1029322462789 244.8895944030492 1.0
0.08145902277085118 -0.996676691615299 198.30566132937867 625.0468018966328 250.05236411620595 1.0 638.1861953956507 251.12625514148618 1.0 611.9074083976151 248.97847309092572 1.0
-0.9903808113215382 -0.13836852447753994 482.1406158523625 446.6861427414802 287.2852156808268 1.0 447.77375500474994 279.5005672590305 1.0 445.5985304782104 295.06986410262306 1.0
0.9999970922057473 0.002411551378327343 -181.30070486284455 180.43607930605467 358.75255885470364 1.0 180.41045664716557 369.3774970641656 1.0 180.46170196494376 348.1276206452417 1.0
-5.299599840013765e-05 -0.9999999985957121 180.80371176028356 294.3750086442471 180.78811131667504 1.0 305.6250086126506 180.78751511169386 1.0 283.12500867584356 180.7887075216562 1.0
0.04519634210098679 -0.9989781232142627 180.03902915654436 566.8357157766699 205.86830212070078 1.0 575.596060918081 206.26464268785955 1.0 558.0753706352588 205.47196155354203 1.0
-0.030958337406709058 -0.9995206757966602 162.6175711427789 156.8660770363511 157.8369132549243 1.0 175.63678605947794 157.25552463798752 1.0 138.09536801322423 158.41830187186105 1.0
0.9907852768011164 -0.13544199966825343 -172.9933351506545 209.2803832451615 253.6774957258679 1.0 210.42803567333908 262.0728024365525 1.0 208.13273081698387 245.28218901518335 1.0
-0.999762772927427 0.021780676492304182 261.88385009060585 262.2184474610433 12.506133859884226 1.0 261.9595667867521 0.6231576411183548 1.0 262.47732813533446 24.3891100786501 1.0
-0.9999920834997469 -0.003979062431665412 19.645561329440238 18.636023574086458 253.74954647709524 1.0 18.688258250647447 240.62226739007218 1.0 18.583788897525466 266.8768255641183 1.0
0.011466105810801432 -0.9999342620480285 196.68991334864214 162.5021072299087 198.56623304210927 1.0 173.1328761893778 198.688134577406 1.0 151.87133827043957 198.44433150681255 1.0
0.03410580047133516 -0.9994182279577501 229.52931336326603 569.3419973279545 249.09209273958652 1.0 581.8274572576321 249.5181672229633 1.0 556.8565373982768 248.66601825620975 1.0
0.013409335030817735 -0.9999100908251858 240.89301344108168 496.8739536789032 247.578022289735 1.0 506.88053565712386 247.71221596523694 1.0 486.86737170068255 247.44382861423307 1.0
0.5214819859390002 0.8532622916437339 -394.05927192406443 622.7338672901369 81.23501855988641 1.0 611.7622255189667 87.94047548195333 1.0 633.7055090613072 74.5295616378195 1.0
-0.9992233237258755 -0.03940494032750354 82.25531908945469 72.18972524305471 256.86276413841404 1.0 72.8305286623667 240.61338735524674 1.0 71.54892182374273 273.11214092158133 1.0
-0.6806143641559709 -0.7326418547316031 445.9806562239865 190.84398499154202 431.43794841174207 1.0 202.82783244204597 420.30511637383603 1.0 178.86013754103809 442.5707804496481 1.0
0.009400006567568907 -0.9999558189622827 196.11049223306236 29.998579067195053 196.40115628020504 1.0 38.12873588573281 196.4775831843146 1.0 21.8684222486573 196.3247293760955 1.0
0.3047270315947467 0.9524397283899145 -339.1139238581179 129.637644034485 314.57090719539707 1.0 117.02860175776922 318.605090052019 1.0 142.24668631120076 310.5367243387751 1.0
-0.0067840506305398484 0.9999769880637465 -194.21777711849273 162.50203733821718 195.32469396676743 1.0 151.87752633623612 195.25261508753067 1.0 173.12654834019827 195.39677284600415 1.0
-0.999676479151963 -0.025434956857345734 591.0301165897935 587.627051848194 141.26913459675427 1.0 588.0569365564821 124.37326824899301 1.0 587.1971671399058 158.16500094451553 1.0
-0.0420632621083405 -0.999114949333061 124.10034560233335 146.84460524440607 118.0280432811656 1.0 174.37474781260977 116.86900987515027 1.0 119.3144626762024 119.18707668718093 1.0
0.9999617776415974 -0.008743183393720185 -455.19106443974925 457.3943988324901 250.00638802416051 1.0 457.48738715940164 260.6415043760778 1.0 457.3014105055786 239.37127167224324 1.0
-0.9999835493253172 -0.0057359461940496145 74.67525332850047 73.67624159805386 174.37816194416246 1.0 73.76944919035417 158.128696586692 1.0 73.58303400575356 190.6276273016329 1.0
0.9999807441531212 0.006205749186838611 -457.68063567911724 456.6498782601964 167.51411759575961 1.0 456.45202567467766 199.39564708445232 1.0 456.8477308457151 135.63258810706694 1.0
-0.051983986520205264 0.9986479185105565 -302.9333732129254 160.6013921789155 311.7035223818873 1.0 149.34934738357003 311.11780429834255 1.0 171.85343697426092 312.2892404654321 1.0
0.13798452031037103 0.9904343855878172 -150.80788649741842 499.31594377960835 82.7011023683877 1.0 491.7879109714552 83.74988663015104 1.0 506.8439765877615 81.65231810662435 1.0
-0.9993706711044523 -0.0354719852311138 79.21965848840185 74.49983819581948 134.37943104722444 1.0 75.07589519821414 118.14987780043829 1.0 73.92378119342482 150.60898429401058 1.0
-0.9176329396009999 0.3974289724708395 280.5598509280482 310.38898654867535 10.727217977800617 1.0 307.0614704708956 3.0442392029034937 1.0 313.7165026264551 18.41019675269774 1.0
-0.9986280813674809 -0.05236368115692046 483.60619777531895 475.6170040925664 165.03235299124717 1.0 477.4884695894444 129.34162313419088 1.0 473.74553859568846 200.72308284830345 1.0
-0.11513297801996403 -0.9933500880214662 143.06875389378763 500.05142571009196 86.06869332336382 1.0 508.21168313105443 85.1228890700454 1.0 491.89116828912955 87.01449757668222 1.0
-1.0 0.0 73.125 73.125 211.25 1.0 73.125 206.875 1.0 73.125 215.625 1.0
-0.00384598264654724 0.9999926041813922 -351.67707562515506 225.62481757548255 352.54743213503906 1.0 218.12252479097498 352.5185782337823 1.0 233.12711035999016 352.5762860362958 1.0
-0.616763179200036 0.7871487666147131 -31.91483447594531 319.211943551522 290.66044097785175 1.0 314.98404096121897 287.3477067736709 1.0 323.439846141825 293.97317518203266 1.0
0.9999920680327621 0.00398294759689946 -64.88122234959216 64.03286006225981 213.12612662574156 1.0 64.00297827730792 220.62849696920756 1.0 64.06274184721171 205.6237562822756 1.0
0.9999847629011848 0.00552032294898453 -220.3857919349854 219.0090403660214 250.00143000826642 1.0 218.86066490109488 276.8790611697167 1.0 219.1574158309479 223.12379884681613 1.0
0.07389111387793218 -0.9972663151284508 78.97746621853022 578.7352131896654 122.07456916442274 1.0 586.9079629274679 122.68011812602988 1.0 570.5624634518629 121.46902020281561 1.0
-0.520169042944448 0.8540633271381327 56.383941240008234 586.4434696836302 291.15615812658507 1.0 581.4080447764082 288.08932213026014 1.0 591.4788945908521 294.22299412291 1.0
-0.9941004267135414 0.10846354967432602 406.15224103767935 444.4909610612698 329.29415578676344 1.0 444.049858764942 325.2513231271241 1.0 444.93206335759754 333.3369884464027 1.0
-0.47409497708956005 -0.8804737092602194 392.8449280640421 290.7548999994376 289.61624603690143 1.0 298.13451025599977 285.642662136873 1.0 283.3752897428754 293.5898299369299 1.0
-0.999958897075279 -0.009066650979910107 488.6190467107704 487.001389668799 180.6261459781175 1.0 487.1714851423872 161.8663544582248 1.0 486.83129419521083 199.3859374980102 1.0
-0.9991340850520175 -0.041606250579307426 520.2606463210451 507.489040233943 317.5255700533306 1.0 507.7250365890177 311.8583445999402 1.0 507.25304387886825 323.192795506721 1.0
0.9995149527567139 0.0311425627677646 -555.7270556064083 548.2266961850314 249.3781686167544 1.0 546.9414762534279 290.6270712455469 1.0 549.5119161166348 208.1292659879619 1.0
0.44885556260667203 -0.8936043217873603 -0.32129986998664356 5.390295874129855 2.347979263367539 1.0 9.886607042775987 4.606466862465752 1.0 0.8939847054837228 0.08949166426932553 1.0
0.9995077442472377 0.031373064717979716 -226.34920147117853 220.33958287283076 195.01065900240167 1.0 219.49500129979066 221.9180023075753 1.0 221.1841644458709 168.10331569722806 1.0
0.004621146811867954 -0.9999893224440665 205.18436744415231 623.7502586454282 208.06903063200622 1.0 638.1307280391705 208.13548560187493 1.0 609.3697892516857 208.0025756621375 1.0
0.309327548137894 0.9509555551985586 -339.7294356764423 63.446291096282295 336.6127346996242 1.0 44.65187763274057 342.72619584256194 1.0 82.24070455982401 330.49927355668643 1.0
-0.9873625987336598 -0.15847743884198012 263.03627829003506 260.8946851386154 34.31796989850847 1.0 262.31092953726863 25.49433695672083 1.0 259.4784407399622 43.141602840296116 1.0
-0.03162125340035536 -0.9994999231282564 162.47408819802783 46.88913997445501 161.07194317463927 1.0 71.90364918321836 160.28055728648417 1.0 21.874630765691666 161.8633290627944 1.0
-0.99999761041586 -0.002186129586740333 487.8589664326696 487.56090472221547 136.87513314593335 1.0 487.61282816280857 113.12388032331765 1.0 487.50898128162237 160.62638596854904 1.0
0.933057432564834 -0.3597274350609367 -92.74601411767524 206.74029506224616 278.417893769583 1.0 209.24247175442648 284.90801471305184 1.0 204.23811837006585 271.92777282611405 1.0
0.03203989546214658 -0.9994865907548609 285.3981419156152 360.6176325033731 297.104829529086 1.0 393.1242987764378 298.1468747139296 1.0 328.1109662303084 296.06278434424235 1.0
-0.9959828612404571 0.08954406800716781 174.75204689404168 198.64932717469037 257.965478707636 1.0 197.7374382537933 247.82269921613653 1.0 199.56121609558744 268.1082581991355 1.0
0.998497035370193 0.05480575113010988 -471.5556434391608 454.3924040839921 325.6259552796474 1.0 453.9707149699687 333.30864042706287 1.0 454.8140931980155 317.943270132232 1.0
-0.9370361265089182 -0.34923244067119913 271.1270563758132 185.3478822445819 279.03878160181375 1.0 187.77428888374678 272.5284165448654 1.0 182.92147560541707 285.5491466587621 1.0
0.9991865204928656 0.0403273761278895 -199.36791314121226 189.13887597169835 257.4652448548195 1.0 188.96360366096619 261.8079456976374 1.0 189.31414828243052 253.12254401200164 1.0
0.6848422962968991 0.7286913126988617 -442.74996621569034 184.98923737296826 433.7385482645242 1.0 172.09389636110322 445.8579118361699 1.0 197.88457838483333 421.61918469287855 1.0
-0.9949565131581881 0.10030721272221794 238.0870696991657 264.9956347469939 254.93743028889583 1.0 263.9226688580574 244.29458247544602 1.0 266.06860063593035 265.58027810234563 1.0
0.9935471932437344 -0.11341946392704252 -438.57848445168764 479.1643846366403 330.5776954696596 1.0 479.5950030835534 334.34988530794647 1.0 478.73376618972713 326.8055056313728 1.0
0.059669748610981024 -0.9982181730967946 87.0832001327014 550.0303423810948 120.11740080729459 1.0 569.4108123867304 121.27589281271594 1.0 530.6498723754592 118.95890880187325 1.0
-0.9991330086329343 -0.041632091709414246 206.4547067598839 199.0040082951184 183.10954143687815 1.0 199.5239582581848 170.6312068251294 1.0 198.48405833205206 195.5878760486269 1.0
-0.9989482198304113 0.04585252553188554 453.07262612178 468.49795749236205 325.66525695544146 1.0 468.14916911645685 318.0665146142868 1.0 468.8467458682672 333.26399929659607 1.0
0.9992037373548794 0.039898511952719 -615.0224327752244 604.2583696220095 281.8453864713526 1.0 603.9085406952164 290.6063741367735 1.0 604.6081985488024 273.08439880593164 1.0
-0.021978540852461464 -0.9997584426960328 161.3689275131383 122.49922862971715 158.71491195853716 1.0 133.13282942683549 158.4811444607624 1.0 111.86562783259882 158.9486794563119 1.0
-0.9994224891123253 -0.03398070417934305 207.9787834883291 198.66252472024627 277.53952623545115 1.0 198.940623535343 269.3602310526241 1.0 198.38442590514953 285.71882141827825 1.0
-0.24495775726575558 -0.9695337524580211 308.4956423485275 623.0071807735842 160.78367585507937 1.0 633.1493090376237 158.22121427273407 1.0 612.8650525095446 163.34613743742466 1.0
-0.9999832788963506 -0.005782899593053459 119.00795519090778 117.50636591994571 260.0000368140914 1.0 117.59674311640974 244.37194509240143 1.0 117.41598872348168 275.6281285357814 1.0
0.7579232457462207 -0.6523437388045614 -147.9269301287296 590.0112970847621 458.74027661105174 1.0 601.5540788838804 472.151216466411 1.0 578.4685152856438 445.3293367556925 1.0
0.9999199363366784 0.012653889380454718 -194.8501918963807 193.66359165872828 94.99890651085926 1.0 193.51323867752387 106.8799131226412 1.0 193.81394463993269 83.1178998990773 1.0
-0.9964880808407502 -0.08373472841251985 487.4262224468141 468.41917992222 246.63712665765394 1.0 469.79700158029186 230.2403115509181 1.0 467.0413582641482 263.03394176438974 1.0
0.9793078372651551 0.20237628287683435 -494.1381253838351 461.1120721167708 210.3381814173024 1.0 460.0443359175232 215.5050043927557 1.0 462.17980831601835 205.17135844184912 1.0
-0.7624242712469975 0.6470774533342085 155.19679957525884 584.0903868980793 448.36655411641766 1.0 566.8960242463693 428.10715650221016 1.0 601.2847495497891 468.62595173062516 1.0
0.016003177822076022 -0.9998719409502373 107.66375606543447 146.87454696118166 110.02830567826328 1.0 178.12654448833797 110.52850100652388 1.0 115.62254943402536 109.52811035000269 1.0
-0.9998412501040469 -0.017817816655706833 231.1301473167916 226.55565589054163 258.75544698532576 1.0 226.85648223599657 241.87467000148888 1.0 226.25482954508672 275.63622396916264 1.0
0.9998701483281183 0.016114790793137646 -119.33258404434011 114.32164238017768 311.8741400414523 1.0 114.10009277909427 325.62056935232056 1.0 114.54319198126107 298.127710730584 1.0
-0.02296142902837582 0.9997363516332568 -232.71115537091316 623.1201991320045 247.0840289000979 1.0 608.0994133212434 246.73903923679242 1.0 638.1409849427655 247.42901856340342 1.0
-0.016887267494770465 0.9998573999308902 -172.5866376277236 365.61382999387405 178.78635112064347 1.0 348.0977145662227 178.49050960692716 1.0 383.1299454215254 179.0821926343598 1.0
-0.05164817719495556 -0.9986653422405518 136.50594333358393 496.89389816123366 110.9904134507967 1.0 503.1917001281295 110.6647087545716 1.0 490.59609619433786 111.31611814702177 1.0
-0.9977862721151831 -0.06650229453549628 463.50879957253596 448.6748285415011 237.9950213859899 1.0 450.0129864604809 217.91758479818043 1.0 447.3366706225213 258.0724579737994 1.0
-0.09102945346302183 -0.9958482005819077 110.4192804361828 254.38655579410477 87.6264186076898 1.0 265.82662022035197 86.58069415722183 1.0 242.94649136785756 88.67214305815779 1.0
-0.03744576875284697 0.9992986612632424 -269.01523579598165 288.74909844182935 280.02405948396785 1.0 279.3638567401904 279.6723752437379 1.0 298.1343401434683 280.3757437241978 1.0
0.9423634127142362 -0.33459109130037873 -299.7984126730963 321.83350830000654 10.41782230586638 1.0 324.5481538148985 18.06352082635205 1.0 319.1188627851146 2.7721237853807112 1.0
0.026261015244169617 0.999655120068089 -159.16433231119953 53.13349634353389 157.82342288508454 1.0 34.38001963684803 158.3160781296672 1.0 71.88697305021975 157.33076764050188 1.0
-0.007682644490557616 0.9999704880513383 -167.37814908949431 332.50047904811754 169.9376472540826 1.0 319.37145221423816 169.8367786315813 1.0 345.62950588199686 170.0385158765839 1.0
0.07845531073908837 0.9969176316109737 -253.2647068207917 624.4169054306507 204.90748482839973 1.0 610.6537730694575 205.99061425845676 1.0 638.1800377918438 203.82435539834268 1.0
-0.38215844673408084 -0.9240968139701569 338.3221926916246 623.2288487146133 108.37611643384875 1.0 638.2453688075774 102.16606364790374 1.0 608.2123286216491 114.58616921979377 1.0
-0.8022989467162216 -0.5969224406051774 453.8338591436992 276.06715591175146 389.2389612580145 1.0 279.5751958889019 384.52394874172717 1.0 272.559115934601 393.95397377430186 1.0
0.9998924701143325 -0.014664522108093991 -506.1571092530586 510.9687840887012 324.3699580284682 1.0 511.1520709041226 336.86726992585994 1.0 510.7854972732799 311.8726461310764 1.0
-0.9992171882594341 -0.03956021596137431 402.0416556917107 385.2577680016103 431.8852053466768 1.0 385.75286173028786 419.3800622004133 1.0 384.7626742729327 444.39034849294035 1.0
0.9573899566126303 0.28879832232418867 -506.4050522662972 458.23382804666426 234.407828166915 1.0 456.64285380282234 239.68203734522808 1.0 459.8248022905062 229.13361898860197 1.0
0.014734289800419877 -0.9998914444598859 343.0320418753208 291.8861184419188 347.3704855238391 1.0 299.4029060600889 347.48125207529625 1.0 284.36933082374867 347.25971897238196 1.0
-0.017914169719794135 -0.9998395283860558 119.43912956061205 524.3761292858153 110.06302857540825 1.0 544.403294614413 109.70420095505801 1.0 504.3489639572177 110.4218561957585 1.0
0.766408701065568 -0.6423532540051374 -157.16003837521515 569.7936400581111 435.17295730069907 1.0 576.6303658903587 443.33003618519757 1.0 562.9569142258637 427.0158784162005 1.0
-0.04637757672547259 -0.998923981280394 125.88090205528434 60.599604510088376 123.20300799049397 1.0 71.85436191032092 122.68047736290124 1.0 49.344847109855834 123.72553861808669 1.0
-0.9997311458561057 0.02318697921761191 298.8414664917035 305.14043804080956 268.1217427903521 1.0 304.96624642854005 260.6112870945775 1.0 305.31462965307907 275.63219848612664 1.0
-0.3663745391982904 0.9304674615628643 -32.8842269600204 453.2362188639242 213.80483038076125 1.0 449.46537734987317 212.32004947313047 1.0 457.0070603779752 215.28961128839205 1.0
0.9945673677330118 0.10409491361554683 -513.476689281502 478.92771892743883 356.8936006870925 1.0 478.2603431178063 363.26999487601796 1.0 479.5950947370713 350.517206498167 1.0
-0.4830217737967776 -0.8756083405485666 171.66617397559085 234.32748899672558 66.78887338419983 1.0 253.4609771652261 56.2340499933231 1.0 215.19400082822506 77.34369677507658 1.0
-0.99796629991543 0.06374373877571109 419.0803698761173 442.6488459407771 355.6154926681717 1.0 442.2385600954938 349.1920939973512 1.0 443.0591317860604 362.03889133899224 1.0
-0.5018663448908094 0.8649451843128205 3.1445703426966665 99.25575955560048 53.955505806891914 1.0 52.988654255660016 27.109986059872323 1.0 145.52286485554094 80.8010255539115 1.0
-0.7755574866750752 -0.6312769478305388 451.6866588576269 291.0401992302079 357.95422943575124 1.0 298.06388567787025 349.3252550572902 1.0 284.01651278254553 366.58320381421225 1.0
0.9687388324938572 0.24808279750607173 -234.95287937409432 188.34370025489147 211.6108960771964 1.0 186.38738177171155 219.2501266181027 1.0 190.30001873807137 203.97166553629006 1.0
-0.9994912520122348 -0.03189415543661951 120.8770131323409 110.96683190656208 312.4909639957642 1.0 111.38586550248996 299.35939152752803 1.0 110.54779831063418 325.6225364640004 1.0
-0.04109612590486999 0.9991551973720654 -155.05425538305366 355.6326980603567 169.8128398517946 1.0 348.119701367221 169.50382373614406 1.0 363.1456947534923 170.12185596744516 1.0
0.9978844876257681 0.06501191702955966 -456.98310260804107 440.56532140912225 266.8711119551945 1.0 439.50582949031497 283.1335235075551 1.0 441.6248133279295 250.60870040283393 1.0
-0.9987515034451533 -0.04995432279639167 563.8528367722512 548.2082456205143 326.8791636769348 1.0 548.8973792946734 313.1011109557224 1.0 547.5191119463551 340.6572163981473 1.0
-0.13041755545658995 -0.9914591576200843 119.58121694802195 230.57970364349794 90.28064844929392 1.0 241.96161453150077 88.7834602060573 1.0 219.1977927554951 91.77783669253054 1.0
-0.7845331895211289 -0.6200868282263415 456.4728978213012 291.3250774727096 367.55934044925766 1.0 299.00994011392476 357.83646048389966 1.0 283.64021483149446 377.28222041461567 1.0
0.056770532326454126 0.9983872528530054 -343.10227764976196 524.3446412280766 313.8410995826813 1.0 514.3060214417175 314.4119179574812 1.0 534.3832610144359 313.2702812078814 1.0
0.036097293248519395 -0.999348280340808 179.92390595878467 336.8403890847537 192.20819812289722 1.0 344.3531625803627 192.47956576650614 1.0 329.32761558914467 191.93683047928832 1.0
-0.9019503131594441 0.4318398228412715 326.1982935423796 468.8965385064315 223.97907994332323 1.0 465.7731837365876 217.45557130941884 1.0 472.01989327627547 230.5025885772276 1.0
-0.034986676846855046 0.9993877788142167 -372.7214104017687 585.6354419443661 393.4517278425093 1.0 565.638070009713 392.75165765504494 1.0 605.6328138790192 394.1517980299737 1.0
-0.9999990817774794 0.0013551546767944038 197.5494270338777 197.8291087327192 206.24955400635216 1.0 197.82148255132873 200.6220234236649 1.0 197.83673491410966 211.8770845890394 1.0
0.9999363354635399 0.011283838874557478 -555.4500499864852 551.7050300681108 335.00513481287715 1.0 551.6134342922328 343.12204834678283 1.0 551.7966258439886 326.8882212789714 1.0
0.9384319698927246 -0.34546409058433314 -360.6403350132062 477.3575806283484 252.7825093814256 1.0 479.0742953664189 257.445859458322 1.0 475.64086589027784 248.1191593045292 1.0
-0.051249745053054685 -0.9986858683449952 307.01896672665237 214.41578417818755 296.41974702490376 1.0 219.4666294915235 296.1605518737399 1.0 209.3649388648516 296.6789421760676 1.0
-0.07692559044333833 0.9970368365988008 -205.4910505461037 630.5956909108255 254.7548767274406 1.0 623.044200450127 254.17224743924086 1.0 638.147181371524 255.33750601564032 1.0
-0.863051051978611 -0.5051167010489882 279.0776801531014 197.2491185881345 215.47816698146013 1.0 199.68122071917628 211.3226355995915 1.0 194.81701645709273 219.63369836332876 1.0
0.019830726285289955 -0.999803351812244 153.85069850569656 630.6222406926462 166.38911566834702 1.0 638.1316830264892 166.5380626539794 1.0 623.1127983588032 166.2401686827146 1.0
0.042801822101694684 0.9990835821015052 -45.40484882778558 325.0116803905758 31.522644618471553 1.0 308.1408686990666 32.24540845291699 1.0 341.88249208208504 30.79988078402611 1.0
0.9999988645293553 0.0015069638349993345 -229.13153561515972 228.7381010656871 261.24998206871595 1.0 228.72773928174786 268.12590830733086 1.0 228.7484628496263 254.37405583010104 1.0
-0.04957850543075567 -0.9987702297321703 98.8968345724758 293.69117250942713 84.43990686813694 1.0 320.7477006778263 83.09683296705153 1.0 266.6346443410279 85.78298076922238 1.0
0.9978663422181342 0.06528983893532884 -323.5701016237478 307.86216112833296 250.64869600089418 1.0 307.28942973974426 259.4021159070239 1.0 308.43489251692165 241.89527609476445 1.0
0.01639822851971514 -0.9998655400109634 77.94196944494404 354.37476464113405 83.76435077083592 1.0 386.91726290322407 84.29806185672686 1.0 321.83226637904403 83.23063968494498 1.0
0.7638020052195144 -0.6454506153244017 -154.75065670263032 523.1666729693245 379.33978427195905 1.0 530.6049408452252 388.14195098167295 1.0 515.7284050934239 370.53761756224515 1.0
-0.014887470883317136 -0.9998891754643104 124.93350579699657 34.99145901899435 124.4263609633678 1.0 44.37368481221107 124.28666786862821 1.0 25.609233225777633 124.56605405810738 1.0
-0.9985262321539612 -0.054271205076115575 202.33987907137023 196.7282501584393 108.74202395441424 1.0 198.12058192474197 83.12475987183846 1.0 195.33591839213662 134.35928803699002 1.0
0.4736815695958468 0.8806961851996493 -369.6251529336145 596.6167261135065 98.80683841193968 1.0 584.7988603914418 105.16306576772361 1.0 608.4345918355713 92.45061105615574 1.0
0.9972279775553036 0.07440672537451765 -473.7587379427627 458.3794585970272 223.76898606073468 1.0 457.9551605120787 229.45559461666895 1.0 458.8037566819757 218.08237750480038 1.0
0.9961167689182073 0.08804193705246807 -211.83630702282406 204.20672464374414 95.66536767936202 1.0 202.98631511556167 109.47322376101145 1.0 205.4271341719266 81.85751159771259 1.0
0.048092208072152934 -0.9988429003215394 281.48488380321555 428.78221389929877 302.4559389213737 1.0 441.93690330627686 303.08930985476195 1.0 415.6275244923207 301.82256798798534 1.0
-0.9986142680752393 -0.05262645339136831 461.58617240377447 444.3107853492766 339.96367874578556 1.0 444.5458999251725 335.5022576354552 1.0 444.07567077338075 344.42509985611593 1.0
-0.8634715492060843 -0.5043975453069184 439.47449795415145 505.2321710477809 6.385622889601535 1.0 508.7951176444926 0.2862612923336727 1.0 501.6692244510692 12.484984486869397 1.0
0.4934608414953434 -0.8697680138466277 0.44177258495453714 50.95552635326304 29.417418312402646 1.0 79.4109924184848 45.56156020557944 1.0 22.500060288041286 13.273276419225853 1.0
0.5086447680662937 -0.8609764804678385 -1.4680167405606945 104.39372214662907 59.96830926233096 1.0 111.86927481822416 64.384690941822 1.0 96.918169475034 55.551927582839916 1.0
-0.9630745798683336 -0.2692347555785336 419.00654527419846 331.2572623967915 371.35285987960197 1.0 332.3202208979861 367.55057101925144 1.0 330.1943038955969 375.15514873995255 1.0
-0.9967087381589227 -0.08106596867766361 474.55586542347726 468.3985379604543 94.97141430630795 1.0 469.16835200049064 85.50652548825775 1.0 467.628723920418 104.43630312435815 1.0
-0.11588177002974347 0.9932630141985425 -280.7100914976667 133.73925287767972 298.21711732878316 1.0 124.3462695133032 297.12125900871655 1.0 143.13223624205622 299.3129756488497 1.0
0.9976226489270981 0.0689133539140275 -206.9609348726994 186.1270115725029 308.74150425760627 1.0 185.98920174807944 310.73650514322594 1.0 186.26482139692635 306.7465033719866 1.0
0.9997526002669047 -0.022242712504615625 -471.92495224284744 479.6619168099514 342.50752174807735 1.0 479.7601322364658 346.9220520363108 1.0 479.563701383437 338.09299145984386 1.0
-0.7655143648507283 0.6434188038961762 158.67055792389706 523.9190799628562 376.73288741209967 1.0 518.5119842223309 370.2997377490331 1.0 529.3261757033816 383.16603707516623 1.0
0.14980272243409828 -0.9887159067959472 26.459262625756722 411.8134726962518 89.15608757257303 1.0 436.9004427686998 92.95707467983424 1.0 386.72650262380375 85.35510046531184 1.0
-0.03101366056963232 0.9995189607296461 -229.68802697767424 291.2860935417546 238.83676487454193 1.0 284.39833202724225 238.62304737033398 1.0 298.173855056267 239.05048237874988 1.0
-0.9019084572028087 -0.43192723325353033 457.4970479103259 482.42784018476766 51.84044240261144 1.0 494.38222427501626 26.8784597315228 1.0 470.4734560945191 76.80242507370008 1.0
-0.9994244120242506 -0.03392410131427088 29.55388849011033 18.00827154603399 340.6422525858037 1.0 18.390417292796723 329.3840092287351 1.0 17.626125799271257 351.90049594287234 1.0
0.44683851844202616 -0.8946146312443896 20.32509017217067 46.6722009203115 46.03102368955301 1.0 61.67534306987304 53.52473279730603 1.0 31.669058770749956 38.53731458179998 1.0
-0.9661218626130597 -0.2580863161445653 236.60970457178874 201.56382889975333 162.2499146226852 1.0 203.71463043839967 154.1985912527779 1.0 199.41302736110703 170.30123799259246 1.0
0.9999973574752163 -0.0022989220483605713 -440.8318339003206 441.36893580261403 233.12472657513848 1.0 441.40628988403023 249.37320387071313 1.0 441.3315817211979 216.87624927956387 1.0
0.9999680018092111 0.007999709850573092 -6.150824090439535 3.440972263661375 338.75752774596094 1.0 3.2859428477476524 358.1362874945771 1.0 3.596001679575097 319.3787679973448 1.0
-0.06674892056055351 -0.997769803914711 145.55328453550095 558.7333033580328 108.50041686005326 1.0 564.3748666654174 108.12300690079763 1.0 553.0917400506484 108.87782681930888 1.0
0.3310786088903325 -0.9436031765182026 -79.95967757099086 421.2691244557693 63.07049361774337 1.0 427.05856814372044 65.10181463292733 1.0 415.47968076781825 61.03917260255941 1.0
0.9476672404544269 -0.319259770985152 -102.20851392487876 189.720009711055 243.00876962225024 1.0 191.1093968125698 247.13292418250867 1.0 188.33062260954026 238.8846150619918 1.0
-0.008008625862909225 -0.9999679304416657 113.61295947635564 548.1087969414559 109.22686404677054 1.0 553.1034710203712 109.1868622879266 1.0 543.1141228625405 109.26686580561449 1.0
0.35122672522950077 0.9362904397058429 -352.51388616444046 289.86486962743766 267.7647732095662 1.0 281.5089830103697 270.8992820846369 1.0 298.22075624450565 264.63026433449556 1.0
0.0184183202941472 0.999830368351323 -37.86366430391019 358.12542185942584 31.27290045228937 1.0 344.36857683663203 31.526321418372415 1.0 371.8822668822196 31.019479486206322 1.0
0.9998038076428605 -0.01980773139049836 -463.8202817836151 466.43720548692704 127.49629115635334 1.0 466.7963953987442 145.62655728435502 1.0 466.0780155751099 109.36602502835166 1.0
0.029962132072503894 -0.9995510345358409 321.8888160527842 522.5128586532209 337.69602918782175 1.0 531.8794424404865 337.97679806385275 1.0 513.1462748659552 337.4152603117908 1.0
1.0 0.0 -259.375 259.375 20.0 1.0 259.375 30.625 1.0 259.375 9.375 1.0
-0.8961644588180675 -0.4437220557413394 462.2710295902459 491.6073805090821 48.92695146533811 1.0 493.21919767658164 45.67164053153146 1.0 489.99556334158245 52.182262399144754 1.0
