line_hom_a line_hom_b line_hom_c centroid_x centroid_y centroid_z point1_x point1_y point1_z point2_x point2_y point2_z
0.9999996531777646 0.0008328531384745168 -115.03950601660733 114.79125249871075 298.1237850771439 1.0 114.78396460274882 306.87429954078686 1.0 114.79854039467266 289.373270613501 1.0
0.011755670707819348 -0.9999308997156799 287.0661660868387 106.87244357760176 288.3424478864074 1.0 111.88644617161735 288.4013949230878 1.0 101.85844098358618 288.28350084972703 1.0
-0.04539031674687349 -0.9989693284308676 305.30530722969536 87.57456975353244 301.6411627401276 1.0 91.9688957336932 301.44149710230283 1.0 83.18024377337169 301.84082837795233 1.0
0.01207147256936722 -0.9999271371205039 286.6478057688722 23.116576338472633 286.94776472644276 1.0 45.620841748977234 287.2194441443841 1.0 0.6123109279680339 286.6760853085014 1.0
-0.39354906998505934 -0.9193036111720084 248.25211230288426 598.5137199226681 13.823065959481253 1.0 631.0306796029489 -0.09727448669784478 1.0 565.9967602423872 27.74340640566035 1.0
-0.994719911305156 0.10262698501399457 606.6773664015548 613.2494372680799 32.48716159041224 1.0 610.9899948416521 10.5873428467464 1.0 615.5088796945078 54.38698033407809 1.0
-0.19910597207308445 0.9799779649996383 -41.272450655943864 159.82955906207792 74.58889178088643 1.0 139.16855215612813 70.39111386042129 1.0 180.4905659680277 78.78666970135157 1.0
0.9945143636203342 -0.10460009824489587 -603.4056102316339 610.2873924692785 33.78550856797394 1.0 612.5903207362373 55.681235993732145 1.0 607.9844642023198 11.889781142215735 1.0
-0.1959773139159364 0.9806084297161097 -41.820101414141824 45.40584550603792 51.72157970045228 1.0 21.60712928052299 46.96534026870042 1.0 69.20456173155284 56.47781913220413 1.0
0.9995496436483676 -0.030008496837085695 -284.604723074524 294.282665239596 318.0902445539833 1.0 296.27208409299755 384.3555732300727 1.0 292.2932463861944 251.8249158778939 1.0
0.34998222589453426 0.936756340548548 -268.27057585274434 627.521871767515 51.93354159263755 1.0 616.5590617300322 56.02936511994926 1.0 638.4846818049978 47.837718065325845 1.0
-0.4608930949621028 -0.8874556636904483 229.22122402906209 205.21623053328267 151.7129090621073 1.0 209.92103490988885 149.26950604036307 1.0 200.51142615667652 154.1563120838515 1.0
-0.006849359691293016 0.999976542860791 -306.8484825751074 28.744502803808892 307.052566588757 1.0 0.6079800042422701 306.85984490294106 1.0 56.88102560337551 307.2452882745729 1.0
0.4009144555578251 0.9161154945337256 -248.17113954837157 489.09315189541417 56.85595882828224 1.0 359.0990896272962 113.74452693016572 1.0 619.087214163532 -0.03260927360123844 1.0
0.3433427595759814 0.9392101732023296 -264.51233772616 599.7318629688427 62.39151423263981 1.0 588.0474721465783 66.66292344789784 1.0 611.4162537911071 58.12010501738177 1.0
0.9998258775863255 0.018660506658019008 -142.0427168586802 139.95613182066973 113.12418125498567 1.0 139.18630231697244 154.37147819240386 1.0 140.725961324367 71.87688431756747 1.0
-0.9993754284423793 0.03533769977815346 353.71682355233924 359.9041850729186 168.73128812986425 1.0 359.30823383597425 151.8773608371714 1.0 360.5001363098629 185.58521542255707 1.0
0.28790972174380247 0.9576575547268481 -300.5829664440013 630.026252580485 124.4623224491354 1.0 621.5408041940639 127.0133837045366 1.0 638.5117009669061 121.91126119373422 1.0
-0.9998590341092478 0.016790232580939302 250.96513108134207 256.352949491824 318.7377758355349 1.0 255.20892374902238 250.61099625224836 1.0 257.49697523462567 386.8645554188214 1.0
0.26698759391474997 0.9636999661178849 -287.91738670127893 586.4353165866062 136.2939059428372 1.0 553.4202058354805 145.4405545805666 1.0 619.4504273377318 127.1472573051078 1.0
-0.0004534745820221049 0.9999998971803965 -306.4995573422884 96.87515031809674 306.5435192792704 1.0 80.62458681656445 306.53615006102126 1.0 113.12571381962904 306.5508884975196 1.0
-0.11978926342416407 -0.992799341442316 189.24081172689765 134.37796410030563 174.39956611508654 1.0 140.68693830490668 173.63833739405084 1.0 128.06898989570456 175.16079483612222 1.0
0.9983296208002124 0.0577751523832191 -23.675447082516506 20.09565786952587 62.54170578269995 1.0 19.262354873410043 76.94082079681498 1.0 20.928960865641695 48.14259076858493 1.0
0.2722367498482696 0.9622303009321888 -290.48014528848506 439.8090811845045 177.4501907782832 1.0 379.0929697222637 194.62815413268245 1.0 500.5251926467453 160.27222742388395 1.0
-0.99923700424927 0.03905648907600823 352.85025806634707 356.7100389606088 91.85701877376123 1.0 355.83098507410386 69.36694880317447 1.0 357.58909284711376 114.34708874434799 1.0
0.26797728189275627 0.9634252313435486 -288.521643748401 522.0208789112688 154.27446021858518 1.0 509.2890063791414 157.815837881911 1.0 534.7527514433963 150.73308255525936 1.0
-0.9984473599267298 0.055703406137715385 190.4746609296324 202.31300347899315 206.8854325411374 1.0 201.95957985628232 200.55054375248866 1.0 202.66642710170396 213.22032132978612 1.0
-0.3140078975800163 -0.9494203706774876 235.5479005519402 219.16369707970506 175.61111384949953 1.0 231.73548412143012 171.4531659691746 1.0 206.59191003798 179.76906172982447 1.0
0.3134786194018886 0.9495952586117339 -311.46471307835697 542.547105596509 148.89269314821013 1.0 535.417460746348 151.246318236568 1.0 549.67675044667 146.53906805985224 1.0
-0.9812038778786227 0.19297396206730275 106.62341697514601 141.33494304253253 166.11037507102415 1.0 140.1767699179487 160.2214771652013 1.0 142.4931161671164 171.999272976847 1.0
-0.9999648140198252 0.008388725904228124 76.26766265627089 79.33758476871853 365.6253138771639 1.0 79.23272938448497 353.12619351119264 1.0 79.44244015295209 378.12443424313517 1.0
-0.9999788848744501 -0.006498446372105017 604.2512071067824 603.9877399788174 42.505606587869224 1.0 604.0974517330916 25.62319632938709 1.0 603.8780282245434 59.388016846351356 1.0
-0.999236422160886 0.039071378618001924 352.58059587708954 353.508316063406 16.83557359619182 1.0 352.87293685610297 0.585979436020414 1.0 354.1436952707091 33.08516775636323 1.0
0.9999956340931525 -0.0029549610206867916 -120.52006002946582 121.5954604160867 363.75082603218056 1.0 121.62316305470796 373.1257441716059 1.0 121.56775777746542 354.3759078927552 1.0
-0.9997906032789228 -0.020463372038053554 69.65295201205733 67.9790195447721 82.49701212198252 1.0 68.47875666621428 58.08107142567712 1.0 67.47928242332992 106.91295281828793 1.0
-0.11017446312097963 0.9939122635705849 -166.83059435222194 35.01564143985506 171.73389453461843 1.0 0.6472603008864963 167.92418408118246 1.0 69.38402257882362 175.5436049880544 1.0
-0.8605414768872771 -0.5093803751192851 212.94124448244398 180.19936614651346 113.61296710934326 1.0 183.03975176441784 108.8144515913702 1.0 177.35898052860907 118.4114826273163 1.0
0.5062766829238514 0.8623711036019366 -207.57836724185722 382.64839149692284 16.06316446688593 1.0 355.10235998397246 32.234756260538745 1.0 410.1944230098732 -0.10842732676688893 1.0
-0.6542285503411589 -0.7562969019627847 554.2130471765481 547.0498751358843 259.5771579819938 1.0 551.7652665022217 255.49814661769508 1.0 542.334483769547 263.65616934629253 1.0
-0.9975123673907825 0.07049167966814444 522.4220441208163 536.5790042824162 181.8959172697895 1.0 535.4301526994474 165.63876936662015 1.0 537.727855865385 198.1530651729588 1.0
-0.08373163466356574 -0.996488340803126 404.43819079936685 14.294112336499882 404.6623576974039 1.0 28.052008267275966 403.5063269957434 1.0 0.5362164057237973 405.8183883990643 1.0
-0.0898303574345795 0.9959570808439365 -194.23962129203267 331.8784379896183 224.96188270644802 1.0 268.1396152851562 219.2129590468568 1.0 395.61726069408036 230.71080636603926 1.0
-0.03870255933459704 -0.9992507752816367 403.8760916915157 54.358481862887245 402.07352274371766 1.0 65.61580159828576 401.63750898642536 1.0 43.10116212748874 402.50953650100996 1.0
-0.9968912272299101 -0.0787901077042274 97.42152457911884 80.04469245503395 223.70413492192472 1.0 80.60021018195862 216.6754511863879 1.0 79.48917472810929 230.73281865746154 1.0
-0.07199817044121762 -0.9974047641018752 404.7335616579197 113.75542693695608 397.57518042113156 1.0 143.20256504528106 395.4495237721598 1.0 84.3082888286311 399.7008370701033 1.0
-0.1664629521105279 0.9860477095833893 -91.2864469854003 51.15068445664926 101.21329825378808 1.0 43.045651995531394 99.8450200079014 1.0 59.25571691776712 102.58157649967475 1.0
0.01763556399115584 0.9998444813483315 -380.5366470906051 403.1423752816619 373.48508783105683 1.0 385.63679749788184 373.79385658756553 1.0 420.64795306544187 373.17631907454813 1.0
-0.9883601149535733 0.15213245271459766 591.6313719096705 601.8555360357489 21.15679340360687 1.0 600.8073345256527 14.346934320110236 1.0 602.9037375458449 27.966652487103502 1.0
0.9993684715428675 -0.03553390051870201 -331.3857041470974 334.88422513953924 92.50411653208133 1.0 338.1539429649307 184.46286178207586 1.0 331.6145073141477 0.5453712820867906 1.0
0.3698885603740553 0.929076128691513 -241.25131625105146 216.40409938056933 173.5120626758187 1.0 204.00596630408194 178.44807109683643 1.0 228.8022324570567 168.57605425480094 1.0
0.9959280461456615 0.09015168828416431 -127.09817354469291 112.68050178637206 165.01633907272992 1.0 112.16022470285476 170.76396897410766 1.0 113.20077886988936 159.26870917135219 1.0
-0.9739084565223771 0.2269412221571945 384.79947765566095 450.07771819536214 235.89816639841808 1.0 448.38787943097265 228.64629630115434 1.0 451.76755695975163 243.15003649568186 1.0
0.9999963342745143 -0.0027076627438026592 -69.59964720816131 70.57636173746799 360.6268239919125 1.0 70.62713480995872 379.37837881047017 1.0 70.52558866497726 341.87526917335487 1.0
-0.6410918558806543 -0.7674641570285212 549.7563482436427 629.3566048405735 190.60297877887058 1.0 632.7953970136649 187.73042553186195 1.0 625.9178126674822 193.4755320258792 1.0
-0.9432123209877598 0.33219048381445726 122.96164890954627 205.18260677086118 212.43568761750623 1.0 203.74283575943767 208.3476422834497 1.0 206.62237778228473 216.5237329515628 1.0
0.9999218995438879 0.012497792306755889 -196.11729650404493 193.64068966411156 199.37363375542077 1.0 193.57810796123633 204.3806632914977 1.0 193.70327136698677 194.3666042193438 1.0
-0.999998178488551 -0.0019086695838334009 59.66138717639396 59.00538855555486 343.7504874532559 1.0 59.068610843467624 310.6268010445965 1.0 58.942166267642094 376.8741738619153 1.0
-0.9999389204557032 -0.011052391500606894 181.35036102947578 180.30452816038843 95.62145780340794 1.0 180.47045660096933 80.6094754882442 1.0 180.1385997198075 110.63344011857166 1.0
-0.995087961414366 -0.09899469202033574 253.15606254335495 212.01194763783315 426.1392698132549 1.0 213.08309953960807 415.37212320620864 1.0 210.9407957360582 436.9064164203011 1.0
-0.14198972587824865 0.9898681314927862 -150.69881807526235 361.9066565023787 204.15430964606458 1.0 356.8317730328458 203.4263527700145 1.0 366.9815399719117 204.8822665221147 1.0
0.06308216398405361 0.9980083369326576 -400.2517289959521 429.3064106675654 373.91486402382077 1.0 423.0419338354162 374.3108294082528 1.0 435.5708874997146 373.5188986393887 1.0
-0.10500764413276649 0.9944714147091841 -226.73100598091057 146.7705504036678 243.48918644150262 1.0 138.05176626251304 242.56855768453377 1.0 155.48933454482255 244.4098151984715 1.0
-0.5184365402511353 0.8551161054105068 -131.09693820330293 91.30247329687482 208.66344984819182 1.0 85.80395507212349 205.32982913059413 1.0 96.80099152162616 211.99707056578947 1.0
0.9974928793545759 0.07076691060741185 -359.2230429895141 336.75906945801125 329.3667753334671 1.0 335.9586777574359 340.64867269433284 1.0 337.55946115858654 318.0848779726014 1.0
0.9995665467220285 0.02944008617852461 -21.696858111123642 18.52079156811258 108.15506522360526 1.0 17.636346712298455 138.18423989827303 1.0 19.405236423926706 78.12589054893749 1.0
-0.1661608876710888 0.9860986560219803 -91.43202764844494 30.767323022815887 97.90536957290729 1.0 20.736196751202556 96.21509159163915 1.0 40.79844929442922 99.59564755417541 1.0
-0.05746929933599708 -0.9983472740654072 402.6377110323914 161.88854143578158 393.98523960889895 1.0 174.38311638016353 393.2659964294883 1.0 149.39396649139965 394.7044827883096 1.0
-0.9999471800868405 0.010277987953670017 624.9860135092113 627.074910103121 200.01721746320635 1.0 627.004318691404 193.14936712100095 1.0 627.1455015148381 206.88506780541175 1.0
-0.06458481054998493 -0.9979122217140256 342.010106224014 169.36782691099344 331.76416723412046 1.0 176.91710539257124 331.27557844854135 1.0 161.81854842941564 332.2527560196995 1.0
-0.11073138825527251 0.9938503708582395 -166.71960393766264 101.21895056355136 179.02867883186178 1.0 79.26826197333708 176.58300864646495 1.0 123.16963915376564 181.47434901725865 1.0
-0.17174787397991131 0.9851409380303818 -130.69396723014052 129.2319827771302 155.1953427374532 1.0 120.31709477983239 153.64113561723534 1.0 138.146870774428 156.74954985767107 1.0
-0.12037695638862238 0.9927282550479822 -159.00077998702665 318.051399878884 198.7319676622398 1.0 306.6656652450555 197.35134806720012 1.0 329.43713451271253 200.1125872572795 1.0
-0.9966514639809579 -0.08176710429392384 360.51321070840953 331.881699404247 363.75054963134613 1.0 333.3671228670532 345.6448642017172 1.0 330.3962759414408 381.85623506097505 1.0
0.9934525959491485 -0.11424508567942006 -33.53626276246919 71.62158025217806 329.26039524003386 1.0 72.63099459992866 338.03806211469555 1.0 70.61216590442748 320.4827283653721 1.0
0.08032543272809124 0.9967686917520258 -408.91527174489397 34.272575614247145 407.4790025397564 1.0 0.49013066127565175 410.2013889187774 1.0 68.05502056721863 404.7566161607353 1.0
-0.9999998025972684 0.0006283354394354956 105.21992160527171 105.35581955434316 216.24938371619265 1.0 105.34757265332853 203.12438889801385 1.0 105.36406645535779 229.37437853437146 1.0
-0.9997733254681491 0.021290788673944155 202.3595866327863 212.16167423927595 458.1322048554317 1.0 211.73510505423374 438.1013596292144 1.0 212.58824342431814 478.16305008164903 1.0
0.9937167461611045 0.11192420827947311 -115.47615792140937 91.08533592780284 223.0360586327252 1.0 90.2355199417931 230.58113211981797 1.0 91.9351519138126 215.49098514563244 1.0
-0.05327469975664661 0.9985798948335777 -237.5601775302694 346.66731308136104 256.39287940279615 1.0 292.9036189764463 253.5245614283742 1.0 400.43100718627574 259.2611973772181 1.0
-0.9961827334705737 0.08729239104925318 166.11578009722825 178.9731996649445 139.46497531613994 1.0 177.12055476854422 118.32255001580658 1.0 180.82584456134475 160.60740061647329 1.0
-0.3486417869572637 -0.9372560506004993 269.743616906515 556.131311458182 80.93092879821816 1.0 564.698312787719 77.74416393232973 1.0 547.564310128645 84.11769366410661 1.0
-0.1328124310386344 0.9911411898219183 -135.92234412349055 283.11501842298 175.07448965466952 1.0 229.24358084554603 167.8557435651335 1.0 336.9864560004139 182.29323574420553 1.0
0.1242295194186848 -0.9922535091925866 143.03462694322707 57.41059953229228 151.3390648069922 1.0 114.33235298917803 158.46563277667553 1.0 0.488846075406526 144.21249683730886 1.0
-0.33547576808413543 -0.9420488357979959 263.86954931666827 414.22722789148224 132.59010269101893 1.0 430.9807424256226 126.62395959644304 1.0 397.47371335734186 138.55624578559483 1.0
-0.3185712845291876 -0.9478989063573307 253.50137677972762 589.9311351714368 69.17009485364318 1.0 610.7277524068417 62.180736577026224 1.0 569.1345179360319 76.15945313026015 1.0
-0.3769593627601912 -0.9262297980671053 278.37952337901766 386.33003965503985 143.32166606230993 1.0 397.19099953982567 138.90144494042778 1.0 375.469079770254 147.7418871841921 1.0
0.6744942397643477 -0.7382801097989262 -109.61402656704139 379.71533794202054 198.43658210557004 1.0 388.5599948073795 206.51707896468437 1.0 370.8706810766616 190.3560852464557 1.0
-0.05025331788765476 -0.9987365038093293 398.4874710278839 393.116757164388 379.21118154648127 1.0 420.67278333305313 377.82464792375623 1.0 365.5607309957229 380.59771516920625 1.0
-0.9990822911502186 0.042831944971364715 190.44178468234392 207.65890909147146 397.5199819177285 1.0 207.15074651858907 385.66676750191004 1.0 208.16707166435384 409.3731963335469 1.0
0.9965115333354166 -0.0834551611914856 -569.9472129370154 588.480018922275 197.47026811994306 1.0 589.372342702776 208.12522254149673 1.0 587.587695141774 186.81531369838936 1.0
-0.36445832340717427 -0.931219700446265 276.1889263432892 470.80195322742884 112.32712942291683 1.0 485.9306975020947 106.40608117731136 1.0 455.673208952763 118.24817766852229 1.0
-0.06658967036538167 0.997780444687422 -190.04064565432537 105.54111250963972 197.50697119352174 1.0 95.54392818231544 196.83978111930955 1.0 115.538296836964 198.17416126773395 1.0
-0.9996240186299992 0.027419361371318993 70.57436349749813 82.4124073315489 430.6102590918658 1.0 81.82902519552823 409.3419739808957 1.0 82.99578946756957 451.8785442028359 1.0
-0.33984571338098735 -0.9404812018836781 265.14196650084386 511.90025921326475 96.94490176516743 1.0 523.449031762979 92.77171803967515 1.0 500.35148666355053 101.11808549065972 1.0
-0.9999999060727807 0.0004334217689537073 78.50451176062506 78.64971534200339 334.99977257692683 1.0 78.64619379046141 326.8747741032441 1.0 78.65323689354537 343.12477105060964 1.0
-0.46638115447060285 -0.8845838675641036 229.0698023835267 463.266791378387 14.708499521261919 1.0 492.44069323501463 -0.6729227804737059 1.0 434.0928895217594 30.089921822997542 1.0
-0.9999865739808379 0.005181877851349765 59.21333412170817 59.8521771606409 123.12900472732184 1.0 59.74854099505373 103.12954176448316 1.0 59.95581332622807 143.1284676901605 1.0
-0.47747829093587907 -0.878643546431061 232.1709468818962 395.6122710285235 49.25168575324005 1.0 416.7792349494224 37.74899413465975 1.0 374.44530710762456 60.75437737182034 1.0
-0.3514473482041553 -0.9362076486764394 270.4560160607185 493.3366165376292 103.68871750171752 1.0 499.63721553537033 101.32350630846955 1.0 487.03601753988806 106.05392869496549 1.0
0.00148834525634574 0.9999988924135856 -247.40728202472178 49.373822822785115 247.3340706735923 1.0 44.37383389864313 247.34151239163168 1.0 54.3738117469271 247.32662895555293 1.0
0.13675467191770063 -0.9906049463376821 360.61214630369125 183.74671566036818 389.39879065401647 1.0 193.11572322568267 390.69219783972244 1.0 174.3777080950537 388.1053834683105 1.0
0.010553404446202388 0.9999443112766805 -328.9402338197151 162.490698001996 327.2436275447868 1.0 145.6175774440747 327.42170632728414 1.0 179.3638185599173 327.0655487622895 1.0
-0.34273157569719603 -0.9394333755089379 266.5711234112222 537.0006756765879 87.84447927605183 1.0 547.2346603263859 84.1108353837577 1.0 526.7666910267898 91.57812316834597 1.0
0.9931460226459415 0.11688018524346573 -358.93214642733983 338.89956364781796 191.26760166829854 1.0 338.36610329106026 195.80048318666366 1.0 339.43302400457566 186.73472014993345 1.0
0.05579491038724887 0.9984422506959924 -398.24364157620573 284.4013800034493 382.9720665350021 1.0 274.39769322626023 383.5310921640621 1.0 294.4050667806383 382.4130409059422 1.0
-0.012088022422930902 -0.9999269371878641 336.49540188412215 264.98720490465985 333.31658365637827 1.0 271.8612003276929 333.23348457411686 1.0 258.11320948162677 333.3996827386396 1.0
-0.01722158518205683 -0.9998516975050935 389.78374257626797 438.1322359690537 382.2951062715724 1.0 459.37593358038475 381.9292018590398 1.0 416.88853835772255 382.6610106841051 1.0
-0.13577301181289947 0.990739970559003 -136.5542030590582 8.09890607473827 138.94040819968848 1.0 0.484946374527202 137.89697574411042 1.0 15.712865774949337 139.9838406552665 1.0
0.9851683874490018 -0.1715903504604306 -45.765748087245505 91.83111913029236 260.5237843738223 1.0 93.36547237355622 269.3331160546966 1.0 90.29676588702851 251.714452692948 1.0
0.03864672203046062 -0.9992529363861284 400.8797649561866 321.8797042266368 413.6283671154174 1.0 338.1778421980091 414.25870762767215 1.0 305.5815662552645 412.9980266031626 1.0
-0.9795226216425664 -0.20133413443942796 392.6354272788447 333.9323763936999 325.5340217635735 1.0 335.4621307297548 318.0915233422617 1.0 332.4026220576449 332.97652018488526 1.0
-0.7613277137094593 0.6483672665533998 -36.017653687716106 133.4361078661832 212.23505212910527 1.0 130.22557022232334 208.46516519886083 1.0 136.64664551004304 216.0049390593497 1.0
-0.995625055859464 0.09343847250912825 153.87837828414413 175.61204205744292 224.37621609068822 1.0 175.13598020020527 219.30358272589828 1.0 176.0881039146806 229.44884945547818 1.0
-0.11075916280742928 0.9938472759202983 -162.1807771471187 24.41338667596926 165.90555451687533 1.0 0.6107492011840199 163.25287310073452 1.0 48.2160241507545 168.55823593301616 1.0
-0.9961577618973766 0.08757689998857862 518.7446359226626 540.1902876102721 221.17832424316936 1.0 539.4718721479295 213.0065901537805 1.0 540.9087030726147 229.35005833255818 1.0
-0.35722277766972793 -0.9340192113195125 276.25024508291216 625.7050765462347 56.459373638062175 1.0 638.4867729061463 51.570916289772434 1.0 612.9233801863231 61.347830986351916 1.0
-0.3303423812034921 -0.9438611715611606 262.2739139702741 443.937361865766 122.499571155257 1.0 456.4373991483843 118.12467767993513 1.0 431.43732458314764 126.87446463057886 1.0
-0.10456025032522151 0.9945185539002914 -367.9369777099682 357.49467197697754 407.55067717163 1.0 333.1911842676827 404.99549230484814 1.0 381.7981596862724 410.1058620384119 1.0
-0.4663892556231441 -0.8845795963277073 228.216617800532 365.484917960736 65.29472216080926 1.0 373.90536868878377 60.85509031380626 1.0 357.0644672326883 69.73435400781226 1.0
0.06599696421079351 -0.9978198237732898 156.16248092610843 212.42205077640637 170.55352815624994 1.0 220.5939778812134 171.09402892384313 1.0 204.25012367159937 170.01302738865675 1.0
-0.06875637551837925 -0.9976334802048172 405.7516914324606 434.94747214398524 376.7378372564211 1.0 448.13903762143593 375.828681491664 1.0 421.7559066665346 377.64699302117816 1.0
0.1353502788998167 -0.9907978108583717 141.12686319604197 153.09407493056065 163.35137922396757 1.0 164.47324022816278 164.90585701933458 1.0 141.71490963295852 161.7969014286006 1.0
0.5868546243792327 0.8096923180101869 -190.46999215542272 53.35459092446983 196.56677011666173 1.0 47.17820450791519 201.04333590577 1.0 59.53097734102448 192.09020432755347 1.0
0.05148341513463107 -0.9986738496456565 357.1676957858791 479.97368380356954 382.3854808437525 1.0 488.1414170750257 382.8065420369263 1.0 471.80595053211346 381.96441965057863 1.0
-0.9995183217740207 -0.031034246213581876 70.68491296380972 66.77970113233474 126.87204104621338 1.0 67.36251686962457 108.10132550731058 1.0 66.19688539504492 145.6427565851162 1.0
-0.10849102603482536 0.9940974284595604 -166.86747201779858 251.9050151535264 195.34997276479004 1.0 204.42485128324486 190.16821537651202 1.0 299.38517902380795 200.53173015306803 1.0
-0.10547914724735213 0.9944215150005411 -183.81289821570962 186.22642622675684 204.59724551406126 1.0 180.53289571908365 203.99332782551866 1.0 191.91995673443003 205.20116320260385 1.0
-0.9999100052277673 0.013415716358301653 379.7379042249611 384.4090748679848 345.60777166532824 1.0 383.98987146129843 314.3633960854972 1.0 384.82827827467116 376.8521472451593 1.0
0.048680228431955824 0.9988144148738606 -390.32901192657056 166.88273943184868 382.6587966273453 1.0 156.87604800707732 383.1465028690173 1.0 176.88943085662004 382.17109038567327 1.0
-0.6867288018876081 0.7269137174782233 136.29069672914207 554.0699781480688 335.9478706407681 1.0 548.2714930125588 330.4699347398114 1.0 559.8684632835788 341.4258065417248 1.0
-0.1346715085388912 0.9908902990683981 -136.53550720058433 94.70965145688082 150.6626908910428 1.0 65.8138499373694 146.7354739380344 1.0 123.60545297639224 154.58990784405123 1.0
-0.056365547796489085 -0.9984101987768362 404.71688247269583 222.44653909962688 392.80304019467656 1.0 235.5650124516477 392.0624328394571 1.0 209.32806574760608 393.5436475498961 1.0
0.10232063233840014 -0.9947514705683376 147.3794040411006 177.61046075423764 166.42611103736544 1.0 190.66166316151475 167.76856422552316 1.0 164.55925834696052 165.08365784920773 1.0
-0.11703627409565433 0.9931276406111185 -161.65095740590462 98.81893994035936 174.41500051294344 1.0 73.18171323650265 171.39375191521168 1.0 124.45616664421607 177.43624911067522 1.0
-0.25273940063314265 0.9675343897596611 35.91808603615615 158.17216907436864 4.194427831709399 1.0 143.21332441225536 0.2868773879407438 1.0 173.13101373648195 8.101978275478055 1.0
0.06747195341510939 0.9977211712208723 -156.92845512890662 198.1343216548949 143.88784116167892 1.0 188.0536246816479 144.56955899647085 1.0 208.21501862814193 143.206123326887 1.0
0.006852192588640594 0.99997652345279 -329.0700885389992 265.6276219831276 327.25763979573804 1.0 258.1194090875486 327.30908872433827 1.0 273.13583487870653 327.2061908671378 1.0
0.09418285534980045 -0.9955549154909329 381.8457986463494 295.03903312781154 411.46240237683963 1.0 304.44807828754233 412.35252980775255 1.0 285.62998796808074 410.5722749459267 1.0
0.18852959137137174 -0.9820675094805568 65.45877912990605 150.51949216114696 95.54959977253094 1.0 156.89449984274563 96.77342357445761 1.0 144.1444844795483 94.32577597060427 1.0
0.023788640080810775 -0.9997170102599563 188.33127496421272 183.80334315698576 192.75825514873975 1.0 189.41029628029088 192.89167469490272 1.0 178.19639003368061 192.62483560257678 1.0
-0.35661106225896927 -0.9342529369900475 271.549982695959 367.7565418482862 150.28470994922043 1.0 374.9274402233675 147.54752648889578 1.0 360.58564347320487 153.02189340954504 1.0
0.16728267496352747 0.9859089748334005 -425.65018866097085 265.59023757031457 386.67012169194254 1.0 261.7390188071248 387.32357164829875 1.0 269.44145633350433 386.01667173558627 1.0
0.9999540387015441 0.009587517117102928 -159.52645774492942 158.31735775254032 126.87085184439228 1.0 158.04167185394448 155.62420105325273 1.0 158.59304365113618 98.11750263553182 1.0
-0.04511181431463544 -0.9989819438854948 404.52644474409743 491.2333225552125 382.7556850773808 1.0 494.4082953033117 382.6123103327791 1.0 488.0583498071133 382.89905982198246 1.0
-0.9984049673295295 0.05645813680702685 567.7512060294514 580.1421615192698 203.08161829475478 1.0 579.7858765912908 196.78108019703518 1.0 580.498446447249 209.3821563924744 1.0
0.9996386086923741 0.026882187626284842 -345.2625744275724 335.6894541708671 360.62673329551245 1.0 335.51969458685477 366.9393979020335 1.0 335.8592137548795 354.3140686889914 1.0
0.15425811863107688 -0.9880305829458927 68.96867169221044 54.959433365902214 78.38483121985071 1.0 64.30186459733747 79.8434357307602 1.0 45.61700213446696 76.92622670894121 1.0
-0.10131767624232123 0.994854124221665 -143.35166139486873 216.2634640319915 166.11779456209214 1.0 205.68453484934102 165.040417994189 1.0 226.842393214642 167.1951711299953 1.0
-0.9994749749810732 0.032400222014413456 506.7851651320104 521.0308888124812 431.23684220419045 1.0 519.5103013568005 384.3300923508434 1.0 522.5514762681619 478.14359205753743 1.0
0.9974293096288901 -0.07165732546806142 -555.3707959483677 582.0772989150414 351.81556518387595 1.0 584.3204615090743 383.03911564347135 1.0 579.8341363210084 320.59201472428055 1.0
0.17990480908979326 -0.9836840243016886 67.18198857242015 33.622793071850666 74.44554240175165 1.0 43.026182043591604 76.16531710172104 1.0 24.21940410010973 72.72576770178226 1.0
-0.45735614275624376 -0.8892836210586197 225.09089093144166 426.3233668163084 33.85790495234468 1.0 433.5255549025059 30.153839247651895 1.0 419.12117873011096 37.56197065703748 1.0
0.9975690726067182 -0.06968461364298512 -593.1202103743484 611.9849666280224 249.3673183444658 1.0 612.5124006752966 256.917792773385 1.0 611.4575325807483 241.81684391554657 1.0
0.9999271089714878 0.012073804036940266 -101.44387711232214 98.84019952029092 216.2435424531119 1.0 98.6966513272773 228.13190250923398 1.0 98.98374771330457 204.3551823969898 1.0
-0.08728057305974822 -0.9961837689735574 412.1965505266231 271.3595593666324 390.0004645530171 1.0 299.6507012429375 387.52173808468405 1.0 243.06841749032733 392.4791910213502 1.0
0.0678919200033548 -0.9976926817403534 267.4227499947946 123.77795695314524 276.4641639600793 1.0 134.43865209429754 277.18961286328334 1.0 113.11726181199295 275.7387150568752 1.0
-0.25720690669890844 0.96635635618874 -363.0147411200913 181.21399437050457 423.88527735070585 1.0 172.84977715886484 421.6590443237422 1.0 189.57821158214432 426.1115103776695 1.0
-0.9959803379047101 0.08957213019248472 571.2971890162569 591.2473208760802 196.19403242271727 1.0 590.2894135626766 185.54276346623652 1.0 592.2052281894837 206.845301379198 1.0
0.9996823898563173 -0.02520157556903937 -167.6564107928018 176.6918987839577 356.3018838721689 1.0 177.33788099797283 381.926354919316 1.0 176.04591656994253 330.6774128250218 1.0
-0.20956132417817513 -0.9777955059257992 295.3382777036401 615.048791602883 170.22765751368075 1.0 622.0060721831877 168.73657177821576 1.0 608.0915110225785 171.71874324914575 1.0
0.9999917441044757 -0.004063461933980636 -332.7487836933301 333.92740193098336 289.374279128055 1.0 333.9883636766071 304.3765710949532 1.0 333.8664401853596 274.37198716115677 1.0
0.08427591611590288 0.9964424569250475 -327.944636438394 99.48716345674484 320.70117283284503 1.0 93.17658351833451 321.2349015011049 1.0 105.79774339515518 320.1674441645852 1.0
-0.9998163236585219 -0.01916556667458214 119.88375926383976 115.91610979687026 208.1305803091923 1.0 116.08423685167007 199.35984179195268 1.0 115.74798274207045 216.90131882643195 1.0
0.12820516771945872 -0.9917476669849168 142.41801783038642 262.6542335240506 177.55690661407056 1.0 294.5615869086378 181.6816328204769 1.0 230.74688013946337 173.4321804076642 1.0
0.028208211099684806 0.9996020692388324 -212.27444884746157 76.86272256753256 210.18992998240782 1.0 68.1196849703002 210.43665361152455 1.0 85.60576016476492 209.94320635329106 1.0
-0.9923298732949423 -0.12361805113511401 265.60278558499175 240.4662004232207 218.26093470613603 1.0 241.42442811728588 210.56887066283468 1.0 239.50797272915554 225.95299874943737 1.0
-0.09310410353163517 0.9956563794329701 -170.09353017290874 169.33570661980917 186.6702038704254 1.0 156.7702493685533 185.4952044860901 1.0 181.90116387106502 187.84520325476072 1.0
-0.10984801982500571 0.9939483953106042 -162.5689901299304 154.99302417841346 180.68811999690973 1.0 130.63918909015538 177.99661149182896 1.0 179.34685926667157 183.37962850199054 1.0
0.0973606223305279 0.995249169414078 -411.85578250403773 170.77086312081653 397.1160561001548 1.0 149.48004860363378 399.1988379954033 1.0 192.06167763799928 395.0332742049063 1.0
0.9998180315102265 -0.01907626449322916 -183.33724924559456 191.99268501120935 451.8966042715125 1.0 192.49380071291557 478.16089278652106 1.0 191.49156930950312 425.6323157565039 1.0
0.9999987704319935 0.0015681627789673345 -109.50077344701972 109.15983432811711 217.4986824818452 1.0 109.14121088105475 229.37463338015476 1.0 109.17845777517948 205.62273158353565 1.0
0.12103206965308874 -0.9926485974983744 145.05837885485803 329.21967636675504 186.2738920117693 1.0 339.29845558702266 187.5027815822374 1.0 319.14089714648736 185.0450024413012 1.0
0.11700617225221317 0.9931311875351038 -439.1484106919238 162.49020353831423 423.04184907351157 1.0 152.95304525705524 424.16547342310355 1.0 172.02736181957323 421.91822472391965 1.0
-0.9997683936986367 -0.021521128252206576 176.52633115186003 173.33820936288103 150.00458956901622 1.0 173.48613285166616 143.13277378687482 1.0 173.1902858740959 156.87640535115764 1.0
0.0989196681804833 0.995095422181744 -437.07115456940454 128.1485080987757 426.48648281384465 1.0 106.9218767854566 428.59656319337176 1.0 149.3751394120948 424.37640243431747 1.0
0.9953078083988447 0.09675932275645996 -66.8079215938383 46.649001148672696 210.60302941400275 1.0 45.7829237744167 219.51187198046244 1.0 47.5150785229287 201.69418684754305 1.0
-0.9873986400038759 -0.15825272736511156 379.6111761342845 339.18380723891585 282.46935708166063 1.0 341.49263339000953 268.063717194421 1.0 336.8749810878221 296.8749969689003 1.0
0.9979768601234918 -0.06357819325882254 -410.88085720180186 433.69551274456 345.0432881500258 1.0 435.4108252888757 371.9682782977924 1.0 431.9802002002443 318.1182980022591 1.0
-0.9973689482473366 0.07249262770794059 39.65277797159602 55.29529914627214 213.7739639315885 1.0 54.61089989631257 204.35785388432257 1.0 55.97969839623172 223.19007397885443 1.0
-0.1842329096836514 -0.9828826150611758 316.56922800424934 598.8363547184807 209.83570244273392 1.0 603.2892086516225 209.00105319375118 1.0 594.3835007853389 210.67035169171666 1.0
-0.9880634767940522 0.1540472843825863 333.0665381928747 384.7310393757791 305.56949051072104 1.0 383.9403336915084 300.4978827206021 1.0 385.5217450600499 310.64109830083993 1.0
-0.10405754795427113 0.9945712778447529 -162.7766071786248 64.26888194160617 170.3892654234514 1.0 55.484260897313064 169.4701697830087 1.0 73.05350298589927 171.3083610638941 1.0
-0.9992492527249346 0.03874184983528388 372.1704368977424 383.4256884848319 283.0891101715354 1.0 382.7007622323419 264.3914481042585 1.0 384.1506147373219 301.7867722388124 1.0
0.08012876586162049 0.9967845207874637 -409.34763766302984 113.67205241361009 401.53034888019647 1.0 81.75211241838541 404.09630505713807 1.0 145.59199240883478 398.96439270325493 1.0
-0.11362325991166569 0.9935239075165961 -161.14286884897555 271.3104565483887 193.22136681136595 1.0 236.88536374176806 189.284379248352 1.0 305.7355493550093 197.1583543743799 1.0
0.0717464583857158 0.9974229021378578 -429.182844902316 309.4134885108656 408.0350692294825 1.0 289.3822616702937 409.47595210860175 1.0 329.4447153514375 406.59418635036315 1.0
-0.025648064031818355 0.999671034296493 -375.7735038761782 491.2563863487323 388.50108266126165 1.0 471.8460573729516 388.00308147550174 1.0 510.666715324513 388.99908384702155 1.0
0.9999786269958635 0.006538008218697336 -71.58222407529583 68.76009095420167 431.87506597615163 1.0 68.62113453299331 453.128243800984 1.0 68.89904737541002 410.6218881513192 1.0
0.18493519456951316 -0.9827507180407128 206.5461843317029 148.85660393413187 238.18350375758408 1.0 155.83724412017403 239.49712889906374 1.0 141.8759637480897 236.86987861610442 1.0
0.12640012178113322 -0.9919793391062712 143.04923392066965 306.9303546920731 183.31558023769796 1.0 318.392445762188 184.77610431316336 1.0 295.46826362195816 181.85505616223256 1.0
-0.02293945165668234 -0.9997368561565041 391.74024939481455 533.755072997079 379.59608907514576 1.0 539.4057797874425 379.46643084113606 1.0 528.1043662067156 379.7257473091554 1.0
0.9962979745112497 -0.08596712153364837 -569.3905049549402 590.6462537459274 221.81923698959642 1.0 591.4003003164302 230.55810200539116 1.0 589.8922071754248 213.08037197380168 1.0
-0.07069420948588424 -0.9974980344567932 465.3276636948914 77.52660437575577 461.0003887725364 1.0 90.67415660929812 460.06860166146623 1.0 64.37905214221341 461.93217588360653 1.0
-0.034051654564296985 -0.9994200742537813 314.5691406394591 100.6913022294923 311.32097824893583 1.0 120.79573157767015 310.6359919243539 1.0 80.58687288131445 312.0059645735177 1.0
-0.11322993029374784 -0.9935688113491048 450.22846938088645 161.22369784034436 434.7692040837863 1.0 190.7142755193346 431.40837389591 1.0 131.73312016135415 438.13003427166257 1.0
0.2331533818788707 -0.972439972707028 100.78046145769534 365.16448363020027 191.18896896080273 1.0 371.0505249913936 192.6002133437551 1.0 359.2784422690069 189.77772457785036 1.0
0.20334156200244544 0.9791078639059159 -294.36642021821507 616.6330444456049 172.5849622984549 1.0 609.0698528973578 174.15568932439172 1.0 624.196235993852 171.01423527251814 1.0
0.092560312270915 -0.9957070797138639 189.55602769053684 292.6093141599035 217.57406530122444 1.0 318.1875797892602 219.95180500222367 1.0 267.03104853054674 215.19632560022518 1.0
0.12493805431592384 -0.9921645441073528 172.0286326207259 11.274314130658034 174.80691536704504 1.0 22.1208352196792 176.17276062830476 1.0 0.42779304163686804 173.44107010578531 1.0
-0.09362160895471025 0.9956078516849549 -114.3204451049785 33.76179661043548 117.99955035109986 1.0 26.947056024370454 117.35872878948138 1.0 40.57653719650052 118.64037191271834 1.0
-0.000142657995256219 0.9999999898243481 -291.9810845632563 143.7499819402653 292.0015946188047 1.0 126.87498228369353 291.99918726515926 1.0 160.62498159683705 292.00400197245017 1.0
0.25338330076262466 -0.9673659612032239 -38.617638823112095 165.26392918406515 3.3673719990057265 1.0 179.6351885892821 7.131652829892638 1.0 150.8926697788482 -0.3969088318811853 1.0
-0.09478240829399893 0.9954980135982139 -166.03666596814585 216.8809975258589 187.43700808845745 1.0 206.91186226309105 186.4878362810739 1.0 226.85013278862675 188.38617989584102 1.0
-0.40619171633777923 -0.9137878799691804 254.12247729624798 469.63631275474495 69.33786139294074 1.0 484.7132519363402 62.63594737379327 1.0 454.5593735731497 76.0397754120882 1.0
0.07224301526115663 -0.9973870596443369 227.77519021773867 109.99355382398238 236.3389959052913 1.0 123.27522327680822 237.3010174592067 1.0 96.71188437115656 235.37697435137594 1.0
-0.9923176651866705 0.12371601092209059 107.26077912739255 154.75994101297863 374.32700794237894 1.0 153.8200670754974 366.78834334868696 1.0 155.69981495045985 381.86567253607086 1.0
0.9965631762229322 -0.08283619858770157 -150.03476770080002 176.95578068412374 317.6491388715798 1.0 177.6308003110092 325.7699811464653 1.0 176.28076105723824 309.52829659669425 1.0
0.9997139131174054 -0.023918443082368304 -188.4562994525309 193.6545790150182 215.01723627939805 1.0 193.84886076769578 223.13758803255226 1.0 193.4602972623406 206.89688452624387 1.0
0.08611309896739015 -0.9962853678471006 359.1358341661441 450.62077351705693 399.4238982879972 1.0 460.6538603845207 400.29109982507623 1.0 440.5876866495931 398.5566967509182 1.0
0.9827400198533223 -0.18499203598720648 -517.6825201083748 540.0667987350291 70.61242573443151 1.0 542.1762047027004 81.81830090351892 1.0 537.9573927673579 59.406550565344105 1.0
0.9994798968976601 0.0322480340089543 -47.50705877032091 43.37677252411093 128.778288903322 1.0 42.993376331536275 140.6610842054814 1.0 43.7601687166856 116.89549360116263 1.0
0.2973062716498644 -0.9547821640760038 378.72666758436503 117.07194328078022 433.1175278668691 1.0 130.84846619109462 437.40735105049373 1.0 103.29542037046582 428.8277046832445 1.0
0.17606113017387467 -0.9843792350724887 67.73588566046666 169.20527229182971 99.073968300807 1.0 176.68942953095214 100.4125471076038 1.0 161.72111505270726 97.73538949401019 1.0
-0.11824680189017635 -0.9929842364522941 244.0556391066906 87.68907411408625 235.33776061430586 1.0 93.45558091124141 234.6510719823919 1.0 81.92256731693111 236.02444924621983 1.0
0.2617913765549692 0.9651244868727837 -352.02779650184533 458.3550922230324 240.41912635502564 1.0 452.79977346529256 241.92601439337884 1.0 463.9104109807722 238.91223831667247 1.0
0.154309554359376 0.9880225510753339 -298.96450379452364 531.2870506342666 219.61223004281254 1.0 525.6054133267619 220.4995892635089 1.0 536.9686879417713 218.72487082211615 1.0
-0.9998931796016899 -0.014616066024165457 160.43377189733084 155.38060756120217 346.8622915451914 1.0 155.56342238869556 334.3558278470603 1.0 155.19779273370875 359.3687552433225 1.0
-0.09692745008893648 -0.9952914494856553 444.5799846939085 356.14045264737445 412.000122132255 1.0 373.0980908495593 410.34868562959247 1.0 339.1828144451896 413.65155863491754 1.0
0.8728799548945126 -0.48793502061581284 66.4041576461993 50.60061491703883 226.6130026352026 1.0 54.80512492075281 234.13456257112094 1.0 46.396104913324855 219.09144269928427 1.0
0.9998670775343071 -0.01630420997790957 -187.51401785971527 194.08179173264136 401.24458967876876 1.0 194.1940344188078 408.12795089307446 1.0 193.96954904647492 394.3612284644631 1.0
0.11339142736295368 -0.9935503933875685 169.89848123330864 304.4325769577557 205.7455032284309 1.0 337.14841749138066 209.47928047835788 1.0 271.7167364241307 202.0117259785039 1.0
0.24547540407890714 -0.9694028192615789 -32.2187440841862 160.78840198177767 7.47971196227345 1.0 182.24519421394817 12.913072211257782 1.0 139.3316097496072 2.046351713289117 1.0
-0.9432797057407094 -0.3319990914712278 158.59677604599344 77.30694211683567 258.05705086315135 1.0 80.00015027145977 250.40507632209312 1.0 74.61373396221158 265.70902540420957 1.0
-0.23357472097440188 -0.9723388554005905 317.12402632791617 596.7931465071488 182.78425537139725 1.0 601.804252976811 181.5804900493356 1.0 591.7820400374867 183.9880206934589 1.0
0.28995752011766224 -0.9570395167009644 -99.95705929319078 532.8950431560729 57.009000100030825 1.0 539.1398861435878 58.9010214372749 1.0 526.6502001685581 55.11697876278675 1.0
-0.9874006894069824 0.15823993983383425 47.26249703313828 89.54462990164001 260.07297719936764 1.0 88.0328717635584 250.63976438769785 1.0 91.0563880397216 269.50619001103746 1.0
0.10961154036089851 -0.9939745017955496 171.6923318805351 131.8313341884936 187.27096837244204 1.0 141.8473761359673 188.3754974968801 1.0 121.81529224101989 186.16643924800402 1.0
-0.9999746480306405 -0.007120624691475484 143.25597452401686 142.28937571494941 136.25295068875317 1.0 142.4095332103117 119.37880630687313 1.0 142.16921821958715 153.12709507063323 1.0
0.9985136499932014 0.05450220892087508 -354.7854469604397 336.30970247843635 348.16237334740356 1.0 336.0338833671534 353.2155473929701 1.0 336.5855215897193 343.109199301837 1.0
-0.03869391739632329 -0.9992511099601173 411.3732659600366 554.3349645154063 390.21610358656085 1.0 566.8404148623048 389.7318560756964 1.0 541.8295141685079 390.70035109742525 1.0
0.042972139242373766 0.9990762709868221 -426.71274077921606 201.290834473833 418.44937684192814 1.0 190.65862187141897 418.9066881940977 1.0 211.92304707624706 417.99206548975866 1.0
-0.9994918315230042 -0.031875989691152386 24.99331907658124 22.333952409581293 83.78456962302619 1.0 22.673097741534484 73.15045308983957 1.0 21.994807077628106 94.41868615621281 1.0
-0.999665301290571 -0.025870550740793655 47.24600151465819 44.981226957966705 88.12451416845633 1.0 45.24026418034746 78.11504333997462 1.0 44.72218973558595 98.13398499693804 1.0
-0.08699359602731423 -0.9962088707947929 410.8734052595609 349.9998594283739 381.8733902412675 1.0 365.83160043377666 380.49088891869417 1.0 334.16811842297113 383.2558915638408 1.0
0.08245388836031728 -0.9965948807285057 199.22514666704743 352.52505018827003 229.07222605097655 1.0 393.18200449910967 232.43600408821268 1.0 311.86809587743033 225.70844801374045 1.0
0.01878556315288908 0.9998235357386966 -274.88997226030745 128.76210367407288 272.5191935282163 1.0 111.89305881741052 272.83614396612495 1.0 145.63114853073523 272.20224309030766 1.0
0.06280208437508882 0.9980260007625775 -415.81322055136116 436.2380322586919 389.1848133666301 1.0 415.6160317169696 390.4824795767437 1.0 456.8600328004141 387.88714715651656 1.0
-0.030306505065263722 -0.9995406523752444 228.08640124246278 128.78521405725346 224.28639692399747 1.0 134.40504758335132 224.11600113987413 1.0 123.1653805311556 224.4567927081208 1.0
-0.725404123076182 0.6883232222031126 152.40075622370432 559.9953831570742 368.7543808411035 1.0 555.1139240707458 363.6099509662598 1.0 564.8768422434027 373.89881071594715 1.0
0.5384303698744384 -0.8426700046856275 164.85385405204426 58.72889706169529 233.15802713612578 1.0 63.53699949382529 236.2302005332218 1.0 53.92079462956529 230.0858537390298 1.0
0.9987764100583851 -0.04945384424778612 -492.87903829748296 513.070606229704 395.5967467580067 1.0 513.5043264453356 404.3562178674248 1.0 512.6368860140726 386.83727564858856 1.0
0.0966346035875629 -0.9953199251444104 198.82834062416157 306.9175673673068 229.5615633813515 1.0 315.76619960898176 230.42066812482616 1.0 298.06893512563175 228.70245863787687 1.0
0.4471161527029977 0.8944759057638556 -417.20164623014614 349.58721805233506 291.6742112104685 1.0 341.33679600384033 295.79829878032734 1.0 357.83764010082973 287.5501236406097 1.0
0.9983420410045419 0.05756013518821577 -46.93673797128788 41.935651535619584 88.09246207955911 1.0 41.358933776449774 98.09524582720793 1.0 42.512369294789394 78.08967833191028 1.0
-0.25738194160519023 0.9663097516508578 -85.56349877911207 372.00616536763505 187.63255529687058 1.0 367.6482810370473 186.47180872634152 1.0 376.36404969822286 188.79330186739963 1.0
0.9975669448411392 0.0697150669533904 -582.6680495177313 563.6482753849258 292.49289096497495 1.0 562.9932492062935 301.8657925824408 1.0 564.3033015635581 283.1199893475091 1.0
-0.11233695439433207 0.9936701709709344 -94.9243025464426 148.08036139027172 112.2698482954672 1.0 141.90923383603794 111.57218654122114 1.0 154.25148894450552 112.96751004971327 1.0
0.017657952860021357 0.9998440861958394 -223.08691512143534 334.3810275588097 217.21629771881987 1.0 328.110907329753 217.32703247132775 1.0 340.6511477878665 217.10556296631202 1.0
0.10173098947973272 0.9948119449320433 -438.0363673048436 438.11411496981486 395.51855693771887 1.0 420.5422178599136 397.3154859845936 1.0 455.68601207971614 393.72162789084416 1.0
0.12380444920441744 -0.9923066352479916 215.0909026243816 188.7889726123929 240.31263011249627 1.0 194.48132016117557 241.02283190690534 1.0 183.09662506361025 239.6024283180872 1.0
-0.12637964462867668 0.9919819481339011 -173.3525874562264 297.2454291965997 212.62318287380847 1.0 266.796150202796 208.74390960106854 1.0 327.69470819040333 216.5024561465484 1.0
0.08179907161272516 -0.996648840807682 203.91865765335265 353.7591277377435 233.63878664437283 1.0 390.64215933188365 236.66592882237256 1.0 316.87609614360326 230.6116444663731 1.0
0.038806043609006184 -0.9992467618058193 391.6749234174102 458.80677459495126 409.7880671441409 1.0 469.4400098199918 410.2010119798109 1.0 448.1735393699107 409.3751223084708 1.0
-0.9999867494695215 0.005147901065549013 168.76728310387625 170.6839023406197 371.8714792917607 1.0 170.63884224010147 363.1184937789746 1.0 170.72896244113795 380.62446480454685 1.0
-0.10789245423926454 0.9941625713726241 -179.25800372148313 366.79444384952785 220.11727535426763 1.0 341.6832284925539 217.39205642950571 1.0 391.90565920650187 222.84249427902952 1.0
-0.08281971020498087 -0.9965645466308558 223.11973254966264 265.5683866270546 201.81877471917153 1.0 270.6888445805984 201.39323796366185 1.0 260.44792867351083 202.24431147468124 1.0
-0.9997935499145313 -0.020318896360276326 163.4582719960732 160.90097485756934 127.49290672989758 1.0 161.47258387385477 99.36682166002016 1.0 160.32936584128393 155.61899179977502 1.0
0.0967936538273755 -0.9953044702897431 174.20417420908095 223.13945219937412 196.72639171759897 1.0 241.95463112610076 198.55617342771583 1.0 204.32427327264747 194.89661000748214 1.0
0.10014685198080103 -0.9949726669805234 174.65981222449142 359.20416678699485 211.69725132833065 1.0 381.7898910316232 213.97056923732427 1.0 336.61844254236655 209.423933419337 1.0
0.0688058787959929 0.9976300672308905 -294.87803106902396 155.7430780023114 284.8370363469767 1.0 148.27858486948807 285.35185744814515 1.0 163.2075711351347 284.32221524580825 1.0
-0.059350778191097596 0.998237188812414 -365.4671188925568 485.6258516260549 394.9856762653347 1.0 471.88725735930876 394.16884007637924 1.0 499.364445892801 395.80251245429014 1.0
0.07638335366091288 -0.9970785241311299 205.18267954053414 284.9434957829353 227.61258402397578 1.0 296.84441233634755 228.52427943811625 1.0 273.04257922952314 226.70088860983532 1.0
0.996925760634824 -0.07835194817410501 -552.7866628360141 576.0077860028739 273.7690364611882 1.0 577.4273861392319 291.83158600483387 1.0 574.588185866516 255.70648691754258 1.0
-0.9988513124175914 -0.047917175226165634 46.673877056067994 40.49289831287919 129.96368010558248 1.0 41.00286851465147 119.33316186384882 1.0 39.982928111106915 140.59419834731614 1.0
-0.17600044322889272 0.984390087304435 -127.30537376101705 146.88208726971078 155.58536011091024 1.0 143.031681490179 154.8969408221054 1.0 150.73249304924252 156.27377939971512 1.0
0.022340833718842924 -0.9997504124273954 368.4698749445677 611.8809171971775 382.235205928615 1.0 638.1317750209098 382.82181838941216 1.0 585.6300593734451 381.6485934678179 1.0
0.9999090017944057 -0.013490297643689624 -146.28673475467033 150.95467779657554 345.00398434699343 1.0 151.09811290844698 355.63548139188845 1.0 150.8112426847041 334.37248730209836 1.0
0.9962061200777533 -0.08702509017305864 -477.82163158784425 486.414973296098 77.54018632749009 1.0 487.56231092652575 90.67415455383336 1.0 485.2676356656703 64.40621810114682 1.0
-0.9960841342106094 0.08841039290660743 560.8120621962853 567.5100526530679 50.6241077470497 1.0 565.6240328770529 29.375085839857096 1.0 569.3960724290829 71.8731296542423 1.0
0.9999472478594011 -0.010271392233257572 -228.31160066887395 231.5850149036761 317.50297870779934 1.0 231.66846556313817 325.6271215081248 1.0 231.50156424421405 309.3788359074739 1.0
-0.9998607695819428 0.016686564985193705 229.40972638695942 235.07432491811522 337.50919015508873 1.0 234.25019243198008 288.1270828995973 1.0 235.89845740425037 386.8912974105801 1.0
-0.31936393349733405 0.9476321427543023 119.98193228529688 535.3904536947343 53.82095716523153 1.0 527.8988047883297 51.2961773955454 1.0 542.882102601139 56.34573693491767 1.0
-0.9922698944926518 0.12409857567088206 532.2930731362458 545.1144278943693 69.36068903603034 1.0 543.7002351318519 58.05305802036836 1.0 546.5286206568869 80.66832005169232 1.0
0.13238133280977563 0.9911988613409055 -284.61283794263454 599.935169489376 207.0145846703099 1.0 594.3267364450913 207.76362895429182 1.0 605.5436025336606 206.26554038632798 1.0
0.23502468558230916 0.971989401777065 -297.8974816899918 466.24865458777543 193.7444357912018 1.0 430.44981946799714 202.40050750644522 1.0 502.0474897075537 185.0883640759584 1.0
-0.18088905706016098 -0.9835035073836219 337.1238449551282 574.9150823813923 237.03829835205784 1.0 580.6895995110929 235.97623100737894 1.0 569.1405652516917 238.1003656967367 1.0
-0.9947439095314502 0.10239411335660964 604.9785972467854 616.7968678875608 83.7580425406994 1.0 614.5425582375808 61.85775236771164 1.0 619.0511775375408 105.65833271368717 1.0
-0.9999244181076287 -0.012294635908401182 174.9427929515368 170.63710285333474 351.25783353969166 1.0 170.72171656039362 344.37618918477716 1.0 170.55248914627586 358.13947789460616 1.0
0.08649249881006513 -0.9962525019539931 152.28064531763698 347.34725228588627 183.00940450844996 1.0 352.98402715912755 183.49877717558024 1.0 341.71047741264493 182.5200318413197 1.0
-0.08681625536433994 -0.9962243411022005 410.8187367534013 314.42727600552064 384.9748718665846 1.0 330.55479874484405 383.56943428112845 1.0 298.2997532661973 386.3803094520407 1.0
0.03678173871621554 -0.999323322902559 184.13907066735382 153.12868394651582 189.8999108306981 1.0 156.94252967792215 190.04028569635128 1.0 149.31483821510946 189.7595359650449 1.0
-0.9998951637598276 -0.014479692320887475 562.5487013512699 557.5757086401554 347.4829948396573 1.0 557.6751150502046 340.61848512135174 1.0 557.4763022301064 354.3475045579628 1.0
-0.3960698852878604 -0.9182203689572896 249.64969997095062 544.6735051161879 36.942033118656546 1.0 564.9455727499418 28.19777545056932 1.0 524.401437482434 45.686290786743776 1.0
-0.9998651472156528 -0.016422161350477752 144.38688087209493 142.72279580675337 102.50365928215109 1.0 142.83585149545502 95.62025091617693 1.0 142.6097401180517 109.38706764812525 1.0
0.07160337705907366 -0.9974331839244853 178.46261757034426 165.56702833423162 190.80754379946433 1.0 173.07321274740949 191.34639508441657 1.0 158.06084392105373 190.26869251451208 1.0
0.9999977545131227 0.0021191905795004563 -185.17315011328247 184.70072460918587 223.12304127990063 1.0 184.67952713726612 233.1256453524896 1.0 184.72192208110562 213.12043720731162 1.0
-0.04009864765467045 -0.9991957257996386 409.6730333221965 441.84074066517246 392.2713108376337 1.0 456.8667051387001 391.6683050005006 1.0 426.81477619164485 392.8743166747667 1.0
0.17666025620371192 -0.9842718902203998 164.26147433012454 95.46427071254773 184.02051166161553 1.0 100.52557863731349 184.92893134077022 1.0 90.40296278778197 183.11209198246084 1.0
-0.9968329317006969 0.07952424961603693 519.4960285105884 526.826967885978 71.20397128573323 1.0 525.576479079114 55.52914971339991 1.0 528.0774566928419 86.87879285806655 1.0
0.04472255263049017 -0.9989994460890422 179.68428570499995 105.61526915725273 184.59236475095315 1.0 109.41361601370795 184.76240665424118 1.0 101.81692230079749 184.4223228476651 1.0
-0.9539281056944039 -0.3000352798693616 251.90819470547038 144.5947837698349 379.87254892239844 1.0 146.84380801587952 372.7220316911439 1.0 142.34575952379026 387.0230661536529 1.0
0.999802465522056 -0.019875360022348073 -505.63566627255915 513.9111065319024 411.25922187132795 1.0 514.0477226403326 418.1315060405178 1.0 513.7744904234722 404.3869377021381 1.0
0.015692767143924168 -0.9998768609480703 275.9307214254413 221.8738708095505 279.4469472475255 1.0 236.87017686544098 279.6823097687973 1.0 206.87756475366 279.21158472625365 1.0
-0.5606713347920921 -0.8280384377204079 446.5528384059845 351.05540705605495 301.58761160095617 1.0 356.6531404222407 297.7973423389762 1.0 345.4576736898692 305.3778808629362 1.0
0.996388697853437 -0.08490914432457976 -476.08942554224114 514.1448682478299 426.3228716669689 1.0 514.7490403998257 433.412688772005 1.0 513.5406960958342 419.23305456193276 1.0
0.9994416202143792 0.03341328752542074 -179.2343837375373 175.6771435624076 109.39763823327856 1.0 175.3828472083794 118.20048424683962 1.0 175.97143991643577 100.59479221971749 1.0
0.024666640565832718 -0.9996957321321303 394.467922217446 388.77021906708245 404.18055663007397 1.0 414.39503967075166 404.81282724910176 1.0 363.14539846341324 403.5482860110461 1.0
0.9997277566409117 0.02333265097947364 -65.49864832306349 62.78926187977834 116.85257732833473 1.0 62.23492202492263 140.60422646580625 1.0 63.343601734634035 93.10092819086321 1.0
-0.3551504026150659 -0.9348091738544058 255.90131686518885 434.5726833931469 108.64533236643325 1.0 440.86435422631826 106.25501625484759 1.0 428.2810125599756 111.03564847801891 1.0
0.1382642623084565 -0.990395372448952 170.32423949558873 49.44428871349034 178.87868070491936 1.0 57.14325188066598 179.95349536223884 1.0 41.745325546314696 177.80386604759988 1.0
-0.9947324621932003 0.10250526161643239 108.43321892442697 151.7734475636443 415.01046478269484 1.0 151.05930188780164 408.0802460281315 1.0 152.487593239487 421.9406835372582 1.0
-0.08147980418409079 -0.9966749929190168 436.35629221327554 484.3821930783196 398.21298697241605 1.0 496.90071720126883 397.18957723357596 1.0 471.86366895537026 399.2363967112562 1.0
-0.07394169964573032 -0.9972625657536237 414.0077655499606 34.33595302605366 412.59836772607053 1.0 68.17795145575262 410.0891640627313 1.0 0.49395459635470207 415.10757138940977 1.0
-0.4010651063820558 -0.9160495513031761 252.02029487397255 511.49094014397537 51.17531741048373 1.0 522.2438522399028 46.46747401103564 1.0 500.7380280480479 55.883160809931816 1.0
-0.8058192716816197 -0.5921615500743898 475.8717196551281 397.43544787580834 262.783992793582 1.0 400.6188871445109 258.45193727152673 1.0 394.2520086071057 267.11604831563733 1.0
-0.997879252444598 0.06509222334972503 458.655702193088 482.8672868787493 356.22604167088707 1.0 482.25569332550975 346.8501671608452 1.0 483.4788804319889 365.601916180929 1.0
-0.9619997242693938 -0.2730504175159054 644.9765289416497 562.7997787420053 379.2826904098408 1.0 564.299542200079 373.99878699646405 1.0 561.3000152839315 384.56659382321766 1.0
0.9400906107234904 0.3409246890876849 -162.8954106694289 79.23246083981499 259.3233080478471 1.0 75.99222380842161 268.2581740379955 1.0 82.47269787120838 250.38844205769868 1.0
-0.06937880706204377 0.9975903874490009 -223.52238928405984 106.8580388110123 231.49388310797394 1.0 96.77640119154752 230.79274163741616 1.0 116.9396764304771 232.1950245785317 1.0
-0.9999087771884778 -0.013506935309056332 155.54328928756973 153.84372786032162 126.86782348691617 1.0 154.01277719655394 114.35322182422364 1.0 153.67467852408927 139.38242514960868 1.0
-0.06417304171088693 0.9979387860573277 -244.28100329426414 19.388994220930407 246.03237939990396 1.0 9.390150534165574 245.38939786442677 1.0 29.38783790769524 246.67536093538118 1.0
0.9960113741998614 -0.0892263552124798 -584.3424870553669 604.0113875719653 193.43752270783807 1.0 605.0261078166241 204.7645897263687 1.0 602.9966673273066 182.11045568930746 1.0
0.9997736289645305 -0.021276532308937227 -195.50270886620712 202.91573717652435 346.25445339534446 1.0 204.04636294821722 399.381993840053 1.0 201.78511140483147 293.1269129506359 1.0
0.14028743679340555 -0.9901108195944212 173.0323608458745 327.5119977238329 221.16532330728228 1.0 334.51213154441064 222.15716261603959 1.0 320.51186390325523 220.17348399852494 1.0
0.19468980605032535 -0.9808648629755715 46.828474144755425 160.21936430288403 79.5436293534897 1.0 177.6528059112802 83.00395655415205 1.0 142.78592269448785 76.08330215282734 1.0
0.05190006072475149 0.9986522836787421 -418.6366805581756 390.0418945820424 398.93112853715786 1.0 360.6812319182426 400.4570051611584 1.0 419.4025572458422 397.4052519131573 1.0
0.9999871571059492 -0.005068098574573299 -512.3532164697489 514.6974628057685 461.2451981034344 1.0 514.7830019243511 478.122932179472 1.0 514.6119236871858 444.36746402739675 1.0
0.08668579715775418 -0.996235701313261 164.9862736794189 9.980153606813579 166.47808448538152 1.0 19.338680528371217 167.29240118307476 1.0 0.6216266852559393 165.66376778768827 1.0
0.9994199046128664 -0.03405663318076115 -498.9706877362952 514.2122419088059 438.77684396040456 1.0 514.3633279727968 443.21058874253555 1.0 514.061155844815 434.3430991782735 1.0
0.028809900330153383 0.9995849086710776 -391.3808714841558 444.9990689123663 378.7176950931221 1.0 430.61800159775464 379.1321842599564 1.0 459.38013622697787 378.30320592628783 1.0
-0.010714765653805892 -0.9999425952508394 398.88658863617167 401.2592135416701 394.6098426756773 1.0 425.65150417280034 394.348469993772 1.0 376.86692291053976 394.8712153575827 1.0
0.10912441657387847 -0.9940280990532464 172.12606889797317 32.24476206387952 176.69999461086553 1.0 41.508123267386495 177.71692651430828 1.0 22.981400860372545 175.68306270742278 1.0
-0.019895107942526465 -0.9998020727523799 291.97616118181463 144.40803998593628 289.16038035673057 1.0 164.4125556608845 288.7623095689841 1.0 124.40352431098806 289.558451144477 1.0
0.21510289995795795 0.9765913896966718 -341.69224399497836 635.1351018947829 209.988377816861 1.0 631.6295242246958 210.7605123357797 1.0 638.64067956487 209.2162432979423 1.0
-0.17166636478141922 -0.9851551447374838 469.5761678675423 427.54799330327967 402.15042290942745 1.0 441.71076903237247 399.68251494831566 1.0 413.38521757418687 404.61833087053924 1.0
0.057794073767735786 -0.9983285256053386 177.05554975504208 84.4623234847831 182.24158364982935 1.0 89.48168363025303 182.53215860894736 1.0 79.44296333931315 181.95100869071132 1.0
-0.33884846876109054 -0.9408409617030203 262.8913424820038 349.8780418467719 153.4113730420852 1.0 359.17287829950806 150.06379228444743 1.0 340.5832053940357 156.75895379972292 1.0
-0.048710863246513 0.998812921322997 -369.04516265813993 405.00680583150245 389.2354468902422 1.0 395.5932340463365 388.77635870856244 1.0 414.4203776166684 389.694535071922 1.0
-0.0050415441170342966 0.9999872913357029 -251.58124733862113 138.12295408284174 252.28080645728267 1.0 129.37317648305373 252.23669350688243 1.0 146.87273168262976 252.32491940768293 1.0
-0.016251435086208906 0.9998679367084629 -282.2102150951289 124.38687776157207 284.2692218937732 1.0 109.4009952042501 284.0256476289642 1.0 139.37276031889402 284.5127961585822 1.0
0.9997636995170188 -0.021738103138137226 -296.5307751365788 301.7782216183208 238.113514750011 1.0 301.9143479991125 244.3741444469694 1.0 301.64209523752913 231.8528850530526 1.0
-0.0708033799692774 -0.9974902913737688 412.9318402534216 168.80245046911662 401.98893130164896 1.0 186.96901085193554 400.6994411796468 1.0 150.6358900862977 403.27842142365114 1.0
-0.05969411015623685 0.9982167165564075 -243.93331436059543 103.13030054546522 250.53636323036892 1.0 91.84590407352545 249.8615478372082 1.0 114.41469701740498 251.21117862352966 1.0
-0.9993922710862224 0.03485811947197527 469.6515106093122 481.642997515661 335.611292515212 1.0 481.29386873350387 325.6016703156527 1.0 481.9921262978181 345.62091471477135 1.0
0.029123588414990402 0.9995758183338742 -401.92402410749776 385.6500075858774 390.85830694218714 1.0 375.64029489819734 391.1499494040408 1.0 395.65972027355747 390.56666448033343 1.0
-0.12862829048762517 0.9916928772993336 -144.5034728785962 408.13774261682806 198.6517575192932 1.0 385.6113862034636 195.72995906465792 1.0 430.6640990301925 201.5735559739285 1.0
0.031855598389924376 -0.9994924816381662 361.7415774034038 454.37000126073883 376.4068390663409 1.0 459.3848270094254 376.566670458753 1.0 449.3551755120522 376.24700767392886 1.0
0.9998081469248901 0.01958747923080787 -166.9237904124902 159.65797668249564 372.5055438634984 1.0 159.49837936015183 380.6519062017305 1.0 159.81757400483949 364.3591815252663 1.0
-0.999518680852311 0.031022679240454445 353.49283071672664 355.272869099387 51.86653079306362 1.0 354.76839169949244 35.612790058612205 1.0 355.7773464992815 68.12027152751503 1.0
-0.46135033825473615 -0.8872180483918485 223.70765998908638 346.0847428601855 72.18219570917908 1.0 354.2711520334468 67.92529105307844 1.0 337.89833368692416 76.43910036527973 1.0
-0.38447246230503807 -0.9231364610549738 252.08671140625808 434.69998823675746 92.03031203838657 1.0 442.20047189292995 88.90647331959977 1.0 427.1995045805849 95.15415075717335 1.0
0.3394217552543728 0.9406342924112647 -252.8686295217337 436.1014783157892 111.46340413976807 1.0 429.22034796391966 113.94641518987395 1.0 442.9826086676587 108.98039308966219 1.0
-0.017094047913267994 0.9998538860883318 -456.9894310682499 71.86158266167958 458.28479818991366 1.0 64.35309199133812 458.1564289341044 1.0 79.37007333202104 458.4131674457229 1.0
0.3472422739807018 0.9377754545522672 -267.38633128435976 348.116388350296 156.22674305716572 1.0 339.40382856850846 159.45285550885612 1.0 356.8289481320835 153.0006306054753 1.0
0.9985856507365564 -0.053166701449763966 -466.62422815103184 485.81945403883026 348.1146468772402 1.0 486.9511818962596 369.37094392315635 1.0 484.687726181401 326.85834983132406 1.0
-0.9900042548942883 0.14103749604699106 485.911076803529 502.5688371174475 82.49019336065285 1.0 500.8734612246909 70.58960384001186 1.0 504.2642130102042 94.39078288129383 1.0
-0.9986188406247716 0.05253961504652697 418.1280743422113 424.33461399618244 106.97577282664037 1.0 423.48029918541386 90.73783760190007 1.0 425.188928806951 123.21370805138066 1.0
0.0263201630385851 -0.9996535645000333 272.5826386787928 27.492733967401026 273.40096772013476 1.0 54.3820050907493 274.10894298785587 1.0 0.603462844052749 272.6929924524137 1.0
0.02402228768766234 -0.9997114232088434 295.5355152738918 12.507896492438121 295.9213796039614 1.0 23.14177471757264 296.17690342416523 1.0 1.874018267303601 295.66585578375754 1.0
0.34177909420542524 0.9397803204813979 -263.4330985921438 578.8973710739291 69.78022207892423 1.0 570.5169865363973 72.82799843038428 1.0 587.2777556114609 66.73244572746417 1.0
0.9998204111503405 -0.018951133136681658 -277.08153938099633 278.77774997338395 86.86262742637317 1.0 280.4128895257384 173.12902045586645 1.0 277.1426104210295 0.5962343968798933 1.0
-0.05930382468612782 -0.9982399793524587 418.8801631124613 479.368476593037 391.1401938337617 1.0 486.8790991713253 390.6939998785212 1.0 471.8578540147486 391.58638778900223 1.0
-0.06844962286524914 -0.9976545740533671 413.6925231968652 114.45645238039128 406.81217001589437 1.0 146.8895398262831 404.5869182486347 1.0 82.02336493449944 409.037421783154 1.0
-0.9939159682838072 -0.11014103681399537 590.7937955304341 555.0015176261395 355.62516817610526 1.0 555.5412903974093 350.75424275059055 1.0 554.4617448548697 360.4960936016199 1.0
0.9980122634204328 -0.06302001318965629 -211.7979018201435 231.04581401265625 298.13789343236266 1.0 231.59862524148195 306.8924518305691 1.0 230.49300278383052 289.38333503415623 1.0
0.41782329332263074 0.9085283130189346 -241.1957979299513 486.2435648712142 41.861007250449575 1.0 453.20734057855117 57.05404398371195 1.0 519.2797891638772 26.667970517187207 1.0
0.2855373192879363 0.9583675909033335 -280.1152965910446 629.4822560873315 104.73499062498031 1.0 620.7615329615128 107.3332545137367 1.0 638.2029792131502 102.13672673622392 1.0
-0.02198348611126518 0.9997583339679624 -385.7300101039353 61.895685692421026 387.1842623350477 1.0 55.64870615280605 387.04689875098893 1.0 68.142665232036 387.3216259191065 1.0
-0.2954966195522468 -0.9553437851544305 288.2223869988352 629.987337864224 106.83406317730923 1.0 638.1086292129272 104.32207306732722 1.0 621.8660465155208 109.34605328729124 1.0
0.9997894804478265 -0.020518157467597126 -152.28352758738725 159.43403940387674 346.8609618164851 1.0 159.69072550054634 359.3685205304082 1.0 159.1773533072071 334.35340310256197 1.0
0.016517436946006686 0.9998635778328635 -316.79063703784925 361.87881165754686 310.8557341971259 1.0 341.8842681720122 311.18603786915514 1.0 381.8733551430816 310.5254305250966 1.0
-0.9999723548738919 0.007435690147061123 480.81830281015004 481.4124812710041 78.11914437139261 1.0 481.3288320694063 66.8697663781322 1.0 481.49613047260186 89.36852236465302 1.0
0.9934191717165345 -0.1145353625132198 -542.1688086757308 569.1109280129608 202.53044594026997 1.0 571.3318449331459 221.79350495444072 1.0 566.8900110927756 183.26738692609922 1.0
-0.4153952110942252 -0.9096410383222517 242.0593117424421 552.5190638719755 13.791746461767183 1.0 581.7847336394817 0.4273328538353671 1.0 523.2533941044693 27.156160069699 1.0
0.286330669216593 0.958130861555966 -280.45496250293786 593.8247548035702 115.25014744157909 1.0 571.8570792198454 121.8150327859528 1.0 615.7924303872949 108.6852620972054 1.0
0.9991356145436319 -0.04156950505501622 -354.17039568507346 368.908422831207 346.86840874393135 1.0 369.8959252043123 370.6033266629687 1.0 367.92092045810176 323.13349082489407 1.0
-0.287720167213691 -0.9577145218584324 283.36044940342373 594.8951241556022 117.15090692062125 1.0 616.8536805895654 110.55403553070919 1.0 572.9365677216388 123.7477783105333 1.0
0.10320219909688604 -0.9946603973726744 185.83959031774967 351.8522683780257 223.34408684450216 1.0 359.40070209924176 224.12728376460103 1.0 344.30383465680967 222.5608899244033 1.0
0.29038907099052735 0.9569086620201839 -282.61961870003125 509.9871972970981 140.58281171356637 1.0 493.14581629695766 145.69359519472283 1.0 526.8285782972384 135.4720282324099 1.0
0.9992853354732542 -0.037799713069092966 -340.4170118786463 353.8996170267125 349.994340474658 1.0 354.6795719541028 370.6134790339002 1.0 353.1196620993222 329.3752019154158 1.0
-0.05926688915601903 -0.9982421729469099 457.7604647770334 74.36173622212584 454.15159596049085 1.0 81.90934537626774 453.70348494369125 1.0 66.81412706798393 454.59970697729045 1.0
-0.9992737949007204 -0.038103580208593425 94.9335420042316 87.44694359320295 198.14680893633917 1.0 87.6867328791985 191.85828831750067 1.0 87.2071543072074 204.43532955517767 1.0
0.9966543501020296 -0.0817319180167755 -516.4328421546741 523.8081893992246 68.79648203015306 1.0 525.496620509696 89.38552792472686 1.0 522.1197582887531 48.20743613557925 1.0
0.29042803349286606 0.9568968373662161 -282.6171937353307 551.2257007533193 128.04493929780315 1.0 531.7480164123671 133.95661685722285 1.0 570.7033850942715 122.13326173838344 1.0
-0.03471555447728419 0.9993972334749255 -278.781405659576 222.4851362420536 286.6779003689941 1.0 211.85125702716746 286.3085167036965 1.0 233.11901545693974 287.0472840342917 1.0
-0.9995071099160214 0.031393267229170206 354.9472742838288 365.9972224436598 346.2383089589593 1.0 365.27037904052264 323.0968772650923 1.0 366.724065846797 369.3797406528263 1.0
-0.9999947149944679 0.0032511510473978125 192.03044214534864 193.13075822951103 338.1249812790271 1.0 192.99258504024655 295.62543050331027 1.0 193.2689314187755 380.62453205474395 1.0
0.974996063594781 -0.22222213205412703 -504.51978335054713 534.8452943486565 76.28526067536686 1.0 536.4274635810843 83.2270029730342 1.0 533.2631251162286 69.34351837769951 1.0
-0.999551295534703 0.029953423759177505 321.2700805431993 333.25166175034303 395.0149336375572 1.0 333.0078386294622 386.8785109595632 1.0 333.4954848712238 403.15135631555125 1.0
-0.4011072973685999 -0.9160310780741326 251.90628048782716 437.61100825921733 83.37851574512132 1.0 452.4289573394234 76.89010323339431 1.0 422.7930591790113 89.86692825684831 1.0
0.9949088647215385 -0.10077872244923207 -602.9843163415096 614.7458432154184 85.65074466562734 1.0 616.8955313155792 106.87292029217183 1.0 612.5961551152576 64.42856903908286 1.0
0.9950267788954521 -0.09960777721112356 -513.8434804064934 517.7233580431495 13.10264060357748 1.0 518.9808663194427 25.664454998274444 1.0 516.4658497668562 0.540826208880516 1.0
-0.029727391989179914 -0.9995580434199515 314.3251308975737 151.21184256903013 309.96698913056184 1.0 159.34823377023292 309.7250084950123 1.0 143.07545136782736 310.20896976611147 1.0
0.23636528432915616 0.9716642693667382 -298.40834641033655 603.2158236442922 160.3733631621193 1.0 568.0180881118521 168.9355003417541 1.0 638.4135591767322 151.8112259824845 1.0
0.021029137364613853 -0.9997788632401168 194.5399383459211 185.63052176989936 198.48748096570313 1.0 191.8908981704408 198.6191604001478 1.0 179.3701453693579 198.3558015312585 1.0
0.41781535967800165 0.9085319615826083 -241.19050186469943 540.6156393428439 16.854645419894766 1.0 522.8491208288524 25.02510571962773 1.0 558.3821578568353 8.684185120161803 1.0
-0.2874023749512664 -0.957809936716242 283.1980495135989 551.8958573836227 130.06951024427383 1.0 571.7922871654936 124.09934752914752 1.0 531.9994276017518 136.03967295940015 1.0
0.29231730183111626 0.9563213869040972 -283.4864478429203 474.99769645310505 151.24246390429994 1.0 459.4848152726195 155.98426266819288 1.0 490.5105776335905 146.50066514040702 1.0
0.40210595932840754 0.9155931397037557 -232.43566703095198 569.1662533067165 3.899684884985643 1.0 560.4504133620999 7.727467150170485 1.0 577.8820932513332 0.07190261980080159 1.0
-0.03643927719816173 0.9993358690036477 -267.9798030818894 23.740025800210898 269.0235393339349 1.0 13.106374474549417 268.6357992554458 1.0 34.373677125872376 269.4112794124239 1.0
-0.03191317612008039 0.9994906448736419 -268.18979968778183 45.631913535406056 269.78347457691586 1.0 35.62216246789413 269.46386883535735 1.0 55.641664602917984 270.10308031847444 1.0
0.11321518361170245 -0.9935704918121152 163.52259003898564 284.3626632467772 196.98326669688612 1.0 298.07702925910104 198.5459886969845 1.0 270.64829723445325 195.42054469678777 1.0
0.36679522707126644 0.9303017045011462 -248.16128275393862 436.7058912611725 94.57108998055023 1.0 428.06676077098206 97.97728800697102 1.0 445.345021751363 91.16489195412942 1.0
-0.03744542469421804 0.999298674155765 -268.50668304097206 6.219902867795735 268.9281962396799 1.0 0.5560160627798039 268.7159607466097 1.0 11.883789672811666 269.14043173275 1.0
-0.39292527109088116 -0.9195704058625188 246.15579810773238 347.96585383476895 119.0025472347537 1.0 356.71989817526793 115.26201228092832 1.0 339.21180949427 122.74308218857908 1.0
-0.3927283649983849 -0.9196545173736141 248.78315492240526 374.9109437627277 110.41645644112538 1.0 390.38335309576365 103.809133902981 1.0 359.4385344296917 117.02377897926976 1.0
0.9944290118808837 0.10540844524804124 -272.04740212738756 239.19012866686128 324.3554038301736 1.0 237.45900655519372 340.68690408994723 1.0 240.92125077852884 308.02390357039997 1.0
0.3970978953124182 0.9177762589751641 -249.34470115362913 347.3011337591988 121.41537853971658 1.0 339.0906621811736 124.96783585300219 1.0 355.51160533722395 117.86292122643098 1.0
0.46637433854068283 0.8845874611087027 -227.08509758886322 344.92626211726144 74.86013894614499 1.0 336.76358903166687 79.1636831725651 1.0 353.08893520285596 70.55659471972486 1.0
-0.47030208082367103 -0.8825054973046487 198.54282524881262 360.03255390129954 33.108877025708 1.0 364.9642440944659 30.480696049036784 1.0 355.10086370813315 35.73705800237921 1.0
0.0010588127073687104 0.9999994394576681 -281.3448061700083 26.251394635580205 281.31716854996364 1.0 6.875754599018311 281.3376837353474 1.0 45.627034672142095 281.2966533645799 1.0
-0.9961987376918211 0.08710955757677963 516.2467656522801 528.1581324142296 113.69245162008204 1.0 526.462572667149 94.30176101493282 1.0 529.8536921613102 133.08314222523126 1.0
-0.1312442522665366 0.9913500624133726 -139.35260390662123 55.650023364601836 147.93598666317632 1.0 46.88810633784582 146.7760016163216 1.0 64.41194039135785 149.09597171003108 1.0
-0.9990096533534129 0.04449396033950963 109.0148245275373 122.34543968756411 296.8818838177774 1.0 122.01082814803422 289.3689504766432 1.0 122.680051227094 304.3948171589116 1.0
0.05257415682228085 0.9986170227041127 -337.7594628225102 344.9705477372894 320.0655705639873 1.0 339.29546866339945 320.3643462612027 1.0 350.6456268111794 319.766794866772 1.0
0.28837805480929185 0.9575166304061821 -282.22568548065163 412.64185625160394 170.47101267857488 1.0 368.33300164371724 183.81563865883567 1.0 456.9507108594907 157.1263866983141 1.0
0.9909477376708671 -0.1342482074554085 -49.767303257178895 62.55993704010504 91.0725368575674 1.0 63.1532203422645 95.45183366321076 1.0 61.96665373794558 86.69324005192404 1.0
-0.0028453748717745656 0.999995951912726 -284.29492413252444 22.49826405468272 284.3600912421908 1.0 0.6216628060465856 284.29784385873523 1.0 44.374865303318856 284.4223386256463 1.0
0.9998649226912388 -0.01643582585825781 -268.66294724739095 273.6820435545626 303.12611707119413 1.0 273.86709045449516 314.3833490406076 1.0 273.4969966546301 291.8688851017806 1.0
0.9999996315705523 0.000858404776164824 -466.69612201405135 466.3711729406648 378.7501040154693 1.0 466.36312493831645 388.12563361020585 1.0 466.3792209430131 369.3745744207327 1.0
-0.13012111757290662 0.9914981062823962 -79.40917371447972 558.1783251148977 153.34367279174572 1.0 545.6480661022638 151.6992406986626 1.0 570.7085841275315 154.98810488482883 1.0
-0.29066276174958766 -0.9568255634817155 284.8196942706203 493.6265174674562 147.71851090222182 1.0 526.7340927150241 137.66115079023496 1.0 460.51894221988834 157.7758710142087 1.0
-0.9979537773078827 0.06393948980816884 449.13004173693434 456.17543703775857 95.5897331728522 1.0 455.0536752457814 78.08151687488196 1.0 457.29719882973575 113.09794947082246 1.0
-0.15626925321672713 -0.9877144934134998 137.68694570149083 191.3103980452834 109.13175151843546 1.0 196.8945034770139 108.2482735584389 1.0 185.72629261355289 110.01522947843202 1.0
-0.3478268656918405 -0.9375587829586955 269.4719041615912 348.92453132486133 157.97044490424764 1.0 357.0856280710681 154.94274279805765 1.0 340.7634345786546 160.99814701043763 1.0
0.9977220589753906 -0.06745882472966198 -517.127397675226 526.0422415598789 114.38904713875186 1.0 527.3127458125426 133.17991881468862 1.0 524.7717373072153 95.59817546281512 1.0
-0.19642926106451836 0.9805179985077517 -64.1164173582041 33.2162253358028 72.0446295364051 1.0 23.240940333250062 70.04625942495231 1.0 43.19151033835553 74.0429996478579 1.0
-0.3795746411992359 -0.9251611166485929 249.25028026273827 575.4479055550189 33.31835658474638 1.0 581.8948239375825 30.6733181283455 1.0 569.0009871724554 35.96339504114726 1.0
-0.5047779304103951 -0.8632492345612583 210.4521665190822 376.72953040798836 23.501224238639267 1.0 388.1087973580027 16.847290947247497 1.0 365.3502634579741 30.155157530031033 1.0
0.9996873205813926 0.02500522083077969 -180.00730126046778 176.24911510807755 152.49997786616126 1.0 176.07686717969608 159.38630257269634 1.0 176.421363036459 145.61365315962618 1.0
-0.9991827558282584 0.040420544967219287 431.74865523968384 446.28577476981945 350.623552781577 1.0 445.4265190123957 329.38302927156 1.0 447.14503052724314 371.864076291594 1.0
-0.09075367428981944 0.9958733707670356 -198.0334075853661 381.26380858070024 233.59847337680753 1.0 371.9095362515952 232.7460210378922 1.0 390.6180809098052 234.4509257157229 1.0
0.41599521092061414 0.9093668041506209 -240.66063682739212 404.247384766147 79.7210327082541 1.0 359.2324481069245 100.31338112548279 1.0 449.2623214253695 59.1286842910254 1.0
0.993533356542281 -0.11354060699955991 -576.8953653141992 620.7887980012666 351.23128122788563 1.0 623.7116901719993 376.8079532744816 1.0 617.865905830534 325.6546091812897 1.0
0.9996276389830023 -0.02728705519597956 -371.49500016149926 379.5153495300011 288.74616884805647 1.0 379.97657785493374 305.642700121698 1.0 379.05412120506855 271.84963757441494 1.0
-0.28871076048498995 -0.9574163654232044 284.2814981950226 413.8283801318838 172.13492249427614 1.0 455.6681405215802 159.51806166249008 1.0 371.9886197421875 184.7517833260622 1.0
0.9993421012673154 -0.03626795603045148 -191.78152131944702 199.41559655706908 206.8735266765556 1.0 200.00620731291966 223.1474571204781 1.0 198.82498580121847 190.5995962326331 1.0
-0.9999663210485131 0.00820711695433412 326.6325189724017 328.99808344730275 286.8832231232726 1.0 328.8646801904297 270.62918839542203 1.0 329.13148670417587 303.13725785112325 1.0
0.9969840306626979 -0.07760697522491511 -210.97026482730433 239.0942492469216 353.0982030384084 1.0 239.97598737018512 364.425520274682 1.0 238.21251112365806 341.77088580213484 1.0
-0.9975199408398709 0.07038442744542603 446.69000301946085 450.71072418100346 41.24395135159596 1.0 449.6952648416372 26.852402298854745 1.0 451.7261835203698 55.63550040433718 1.0
-0.16484819272242338 0.9863189511289697 -44.674969568641735 101.80240182834251 62.3093690479135 1.0 71.80468514495054 57.295707518449646 1.0 131.80011851173447 67.32303057737735 1.0
0.9636912289549379 -0.26701912896892155 -487.3452852029759 554.503091488986 176.10903261852363 1.0 557.5316724337458 187.0393989331585 1.0 551.4745105442263 165.17866630388875 1.0
-0.9967387638474523 0.0806959518430309 517.1755193533426 519.8763828004098 12.459408057773715 1.0 518.9131037030658 0.5611951388100667 1.0 520.8396618977539 24.357620976737362 1.0
0.002897827617659853 0.9999958012887346 -312.1857786514563 315.6250650813209 311.2724585642162 1.0 296.8734113980062 311.3267978522915 1.0 334.37671876463554 311.21811927614095 1.0
-0.9919552388574134 0.12658911526403774 553.7854562203884 570.9631457416913 99.41160712232423 1.0 568.4016535074986 79.33969465417685 1.0 573.5246379758839 119.48351959047162 1.0
-0.9622811480000123 -0.2720569649977346 241.59030007646595 213.19085729637973 133.94531977706333 1.0 215.8764849776361 124.44610005210056 1.0 210.50522961512337 143.4445395020261 1.0
0.021285581636569555 0.9997734363416508 -331.5098202015709 219.37583766694473 326.9143448097475 1.0 206.8815011167648 327.180354298464 1.0 231.87017421712463 326.6483353210309 1.0
-0.4173309473563342 -0.9087545765379478 243.15662804891016 486.20971527861786 44.28727843237493 1.0 518.2219732158026 29.586162997185983 1.0 454.19745734143316 58.98839386756388 1.0
0.19238023234028054 -0.9813204605044672 60.678567381459324 40.66317168459384 69.80528844025093 1.0 58.34143562276662 73.27097438146748 1.0 22.98490774642107 66.33960249903438 1.0
-0.9992581074609973 0.038512785843999 336.995002211548 350.7595016696496 350.64390448224793 1.0 349.98889037806816 330.6495165422826 1.0 351.530112961231 370.6382924222133 1.0
-0.9987313384035195 0.050355870469240505 351.9237533729835 359.08367395408834 133.13968861150957 1.0 358.4518544880972 120.60852005025573 1.0 359.71549342007944 145.6708571727634 1.0
0.5216747214640084 0.8531444690000922 -201.74707950638 371.46697095429005 9.332711152723887 1.0 356.37666458668787 18.560024529498026 1.0 386.55727732189223 0.1053977759497482 1.0
-0.8119656404434886 -0.5837052327495407 354.1202115137538 240.95866501822505 271.48986485070606 1.0 244.3098593584832 266.82817174591617 1.0 237.6074706779669 276.15155795549595 1.0
0.5032978714309936 0.8641129860226794 -208.9956528096449 343.6504870467463 41.70414603842952 1.0 335.40908948655994 46.50430286601076 1.0 351.89188460693265 36.90398921084828 1.0
0.21022713276144261 -0.9776525725690609 163.8653600043583 105.217973069095 190.23632527137528 1.0 110.97974073494642 191.4752929067251 1.0 99.45620540324359 188.9973576360255 1.0
-0.19621889491847933 0.9805601181350232 -61.53958659040748 154.39396113839638 93.65524594426203 1.0 143.216348711315 91.41850521036349 1.0 165.5715735654778 95.89198667816058 1.0
-0.9990528881753927 0.04351237327940344 626.0535166949489 637.5896992338426 251.24609327334716 1.0 636.9092789953849 235.6235070255434 1.0 638.2701194723002 266.8686795211509 1.0
0.999093096334408 -0.042579159889848145 -306.30457479182945 321.6579251208348 353.73261512464967 1.0 322.4832812898102 373.0990763834803 1.0 320.83256895185946 334.36615386581906 1.0
-0.01557577142506317 -0.9998786903142372 318.96435019360706 365.62784170388727 313.3074217294651 1.0 381.87389937823565 313.05434614805176 1.0 349.38178402953895 313.56049731087836 1.0
-0.9996924292404737 0.02480013950122609 309.8498726121676 318.596622109295 348.7383001073527 1.0 317.9915358278735 324.3473012363808 1.0 319.20170839071653 373.1292989783246 1.0
0.16169751068249283 0.986840369583189 -255.7184173395578 406.35976151710406 192.5448748524192 1.0 400.682371206006 193.47513663413494 1.0 412.0371518282022 191.61461307070348 1.0
0.9999654364880076 0.008314194449755119 -152.4346039125936 151.27584352754275 140.0002148755401 1.0 151.1562879095957 154.37941738366948 1.0 151.39539914548976 125.62101236741074 1.0
0.9957357959414835 -0.09225087902443113 -535.3313465427688 557.9028200343089 218.8863914970926 1.0 558.7746219006444 228.2964300187749 1.0 557.0310181679732 209.4763529754103 1.0
-0.4981255971204091 -0.8671048895568725 205.49176799497891 345.0189898020968 38.783056221854565 1.0 353.01762202056585 34.18808334376643 1.0 337.02035758362774 43.37802909994271 1.0
-0.508590509259925 0.8610085329953067 -129.39200869117647 71.77185329658177 192.67462023017822 1.0 68.55007416100112 190.7715423529037 1.0 74.99363243216241 194.57769810745276 1.0
0.998638136084162 -0.05217157423684616 -391.16664008731266 393.2669764500487 29.992582763830104 1.0 394.0193238190007 44.393581491744385 1.0 392.5146290810966 15.591584035915824 1.0
-0.9974951763148268 0.07073452642559055 446.05358939141666 456.96795375767135 138.11840844929932 1.0 455.81514262137335 121.86151657812937 1.0 458.1207648939693 154.37530032046928 1.0
-0.9996910028477127 0.024857570785063416 451.18672073013806 459.7494389702056 338.7562302636678 1.0 459.23652380494366 318.1284432457738 1.0 460.26235413546755 359.38401728156185 1.0
0.996010566430788 -0.08923537167637371 -556.3051903814952 567.88160735572 104.34081072995627 1.0 569.3408277025886 120.62806159167715 1.0 566.4223870088513 88.05355986823538 1.0
-0.2683585370840205 -0.9633191037107716 291.6920608607291 445.18283173470616 178.78130594323846 1.0 498.3596891433352 163.96745702657685 1.0 392.0059743260771 193.59515485990008 1.0
-0.4248350775194902 -0.90527076441748 245.60235659086692 375.6347533543411 95.02078318624623 1.0 390.57154228869604 88.01108825933426 1.0 360.6979644199862 102.03047811315821 1.0
-0.08215876653029157 -0.9966192538187394 425.08269515744394 118.73855447836118 416.73616116737173 1.0 144.49763789832093 414.6126475862066 1.0 92.97947105840144 418.8596747485369 1.0
0.9996994196387112 -0.024516736610403864 -594.0134185933478 603.0670933774031 361.8917476758181 1.0 603.4963829752019 379.39654729887326 1.0 602.6378037796044 344.38694805276305 1.0
-0.999044891120985 0.043695600751782776 389.93597962771616 395.4482466464027 117.50773072765693 1.0 394.76376834737874 101.85799629311657 1.0 396.13272494542673 133.1574651621973 1.0
-0.8681771999969017 -0.496254319281495 475.4664989414186 391.815461378275 272.6449796193829 1.0 394.8545886071648 267.32814737128865 1.0 388.77633414938515 277.9618118674772 1.0
0.9987684887627385 -0.04961356522762185 -391.4521835387897 397.7709690569442 117.48653968248635 1.0 398.54676477254895 133.10404894448612 1.0 396.99517334133935 101.86903042048658 1.0
0.19501840915986063 -0.9807995820190571 44.69030692046497 40.5259400094552 53.62319910714946 1.0 58.077654264220996 57.11311433014185 1.0 22.9742257546894 50.13328388415708 1.0
0.9999683594354188 -0.007954880768269054 -272.2776132241581 275.06554877376595 349.3744785508212 1.0 275.1451346145595 359.37881739271046 1.0 274.9859629329724 339.370139708932 1.0
-0.4138781692059251 -0.9103322805738306 241.84014371949849 420.64431794134043 74.41749015025412 1.0 448.14328484100804 61.915217827982346 1.0 393.1453510416729 86.9197624725259 1.0
0.1938495464582999 -0.9810312703160443 48.31110893768254 41.87126633125782 57.51889530234143 1.0 58.10491853178693 60.7266280338583 1.0 25.637614130728714 54.31116257082456 1.0
0.14119062472507826 0.9899824278691729 -454.5562972234993 223.10179548568692 427.33729754392766 1.0 214.2641444749185 428.5977173576393 1.0 231.93944649645536 426.0768777302161 1.0
0.9851926826271264 -0.17145080372505195 -514.5320970411248 556.1655468918677 194.79716257041505 1.0 557.6298180761652 203.211175364808 1.0 554.7012757075704 186.3831497760221 1.0
0.9949707973706546 -0.1001654250707494 -237.26369599997986 275.51750801909964 368.07290157575716 1.0 276.271241260724 375.5599417784424 1.0 274.7637747774753 360.5858613730719 1.0
0.46585608007604384 0.8848605046312003 -226.08190512929326 466.0053626357722 10.160328718846193 1.0 451.65841992057756 17.713621536635344 1.0 480.35230535096684 2.6070359010570407 1.0
-0.9978141613597521 0.06608251954892792 448.59128740615006 450.1528021078919 8.73988033175624 1.0 449.6143259459511 0.6091500931593008 1.0 450.69127826983265 16.87061057035318 1.0
0.9986859512635411 -0.05124812922279067 -445.8639497729954 463.3520723800433 329.3633476535735 1.0 464.7661099407072 356.91907442468886 1.0 461.93803481937937 301.80762088245814 1.0
-0.18299393644031933 -0.9831140418212306 434.89610153279267 167.4888314189248 411.1899980726365 1.0 173.26278810547637 410.11525087347064 1.0 161.7148747323732 412.2647452718023 1.0
0.008070146456200102 0.9999674358378754 -322.82272162057666 310.627633715776 320.3263422820904 1.0 298.1234041292872 320.42725653236334 1.0 323.1318633022649 320.2254280318175 1.0
0.9998484593237816 -0.01740857225220497 -294.54501389017423 299.5302296697062 283.758179270229 1.0 299.8459016375839 301.8885650457899 1.0 299.21455770182854 265.6277934946681 1.0
-0.9982729617731108 0.058746010866620436 417.10010557919225 418.8166870648888 16.90785540028526 1.0 417.85939919092004 0.6406299815920846 1.0 419.77397493885763 33.17508081897844 1.0
-0.9972035192836871 0.07473380177823917 464.4571977197168 492.5050757480727 356.87461960628593 1.0 491.6631809207621 345.64087443763935 1.0 493.34697057538335 368.10836477493257 1.0
0.12026929180550806 0.9927413043933456 -451.1983018631172 274.9918183375637 421.1824659344277 1.0 236.89592633772435 425.79773270256084 1.0 313.087710337403 416.5671991662945 1.0
0.049321036143090566 0.9987829771245462 -337.77821553600904 368.7490397578173 319.98055447287766 1.0 356.81056206630274 320.5700900408665 1.0 380.6875174493318 319.3910189048889 1.0
0.9976928984231201 -0.06788873570831641 -444.9507343092748 448.8739180681889 42.53409648288636 1.0 449.85332824278373 56.9275089634917 1.0 447.8945078935941 28.14068400228103 1.0
0.9981594345736549 -0.06064439934240867 -446.9882927272842 453.73400489171485 97.46299916168161 1.0 454.83575869653725 115.59700604089343 1.0 452.63225108689244 79.32899228246978 1.0
0.3774712298503385 0.9260213121927988 -251.26332691225153 576.4159240142892 36.373783978576014 1.0 568.892225473334 39.440646159698595 1.0 583.9396225552446 33.30692179745344 1.0
-0.0620202967899959 -0.9980748883656381 427.2768841662881 26.26360912673012 426.46900778204775 1.0 39.376811651294354 425.65415438585364 1.0 13.150406602165887 427.28386117824186 1.0
0.9980625501417955 -0.06221853425191099 -506.71441260267966 529.5162628884833 349.99119376850234 1.0 530.491382898513 365.63332959838465 1.0 528.5411428784536 334.34905793862004 1.0
-0.013274499826735493 0.9999118899454842 -332.50330905506166 283.11615621287234 336.2911650545418 1.0 275.6174778054647 336.1916150779681 1.0 290.61483462027996 336.3907150311156 1.0
0.027462617690082597 -0.9996228311866473 370.40786543716905 591.8768339682426 386.80824465468646 1.0 604.3674065261129 387.1513979002759 1.0 579.3862614103725 386.465091409097 1.0
0.060382261311425225 -0.9981753265428468 246.99030376648403 28.724024680232215 249.1793963612515 1.0 56.85949059495542 250.88138498970773 1.0 0.5885587655090108 247.47740773279526 1.0
-0.5205531354645538 -0.853829276353313 203.56883804718953 373.26321378900764 10.851703042226745 1.0 389.554495897397 0.9194153857533238 1.0 356.97193168061835 20.783990698700165 1.0
0.9987783553912802 -0.04941454038933561 -447.5659442979346 454.9780868767147 138.75108415136327 1.0 455.8124646755452 155.61572518869545 1.0 454.14370907788424 121.88644311403112 1.0
0.9998542514781303 0.01707266239072651 -187.63736470773185 182.51015237386332 301.87517335331745 1.0 182.42461933111053 306.88438483310904 1.0 182.5956854166161 296.8659618735258 1.0
0.9993653051342769 -0.03562284230481374 -419.93385423459847 428.30966231966903 227.4934176255075 1.0 428.6434145009475 236.85652087337743 1.0 427.9759101383906 218.13031437763755 1.0
0.9999099388130986 -0.013420665512018782 -178.3838821335613 182.66136506619836 317.49783417836477 1.0 182.7537364033254 324.37998305332746 1.0 182.5689937290713 310.6156853034021 1.0
0.0 -1.0 318.12499999999943 309.375 318.1249999999999 1.0 321.875 318.1249999999999 1.0 296.875 318.1249999999999 1.0
0.45894934147364336 -0.8884624370005233 56.59138050145566 197.223731760909 165.57490355218317 1.0 201.45810005071698 167.7622335475008 1.0 192.98936347110106 163.38757355686556 1.0
0.017716936043112162 -0.9998430427708362 307.8654865689154 309.3812734078148 313.3959645650474 1.0 321.8884211320565 313.61758768671064 1.0 296.87412568357297 313.17434144338415 1.0
-0.9982010603336794 0.059955342953886936 417.2179907116231 439.3300995841951 355.62769687133715 1.0 438.27827525934754 338.11579376780315 1.0 440.3819239090427 373.13959997487115 1.0
-0.20517887692768771 -0.9787244905808236 425.01601786118187 60.08568138346958 421.65870907202634 1.0 65.85040352819534 420.45019817152456 1.0 54.32095923874382 422.8672199725282 1.0
0.9981422973805337 -0.06092580881621588 -446.22364275296087 447.6259097945381 9.367314566680273 1.0 448.16034025023936 18.12284285934455 1.0 447.09147933883673 0.6117862740159941 1.0
0.543231195153409 0.8395831516962444 -370.21362888556877 535.915356807627 94.19875678318715 1.0 529.5143486834968 98.34036835130014 1.0 542.3163649317572 90.05714521507414 1.0
-0.9995803740808771 0.028966804316907013 291.3161295658613 301.56321228754564 349.38403528509485 1.0 300.8744905268485 325.617770022844 1.0 302.25193404824284 373.1503005473457 1.0
0.11611403749124422 -0.9932358885468657 147.182596384486 415.63670688906893 196.7748596326706 1.0 429.34548371715977 198.37748137130396 1.0 401.92793006097804 195.1722378940372 1.0
0.9835965583981384 0.1803824002150366 -571.7798835945449 565.5927006119948 85.73369574327776 1.0 564.6852469403173 90.68189638427053 1.0 566.5001542836725 80.78549510228501 1.0
-0.028064083927658776 0.9996061260282979 -376.12866494786863 529.9675511757838 391.1557848655407 1.0 521.7963509356842 390.9263772585275 1.0 538.1387514158833 391.38519247255385 1.0
0.995546693396623 -0.09426972614286169 -567.6051530508406 601.1509031569456 327.450201485363 1.0 602.276479364048 339.3369833505029 1.0 600.0253269498432 315.56341962022304 1.0
-0.9903410006316345 0.13865317330639254 550.0722287410566 606.7172968177541 366.27207931070706 1.0 605.9208751262086 360.58357585909795 1.0 607.5137185092997 371.96058276231616 1.0
-0.9999732100127128 -0.007319785302240331 131.55629676451227 130.65858022955797 123.12067081827814 1.0 130.7684075546728 108.1168997638779 1.0 130.54875290444315 138.12444187267837 1.0
0.05013526769338656 -0.9987424367339721 247.29255375012053 116.88897671792215 253.47157042422748 1.0 140.61057515972732 254.66235660117624 1.0 93.16737827611698 252.28078424727875 1.0
-1.0 0.0 185.62500000000017 185.62500000000003 356.875 1.0 185.62500000000003 334.375 1.0 185.62500000000003 379.375 1.0
0.997197523089673 0.07481376841077614 -93.9168754246074 75.14266651539792 253.76070341571835 1.0 74.71952023982674 259.4008472938795 1.0 75.5658127909691 248.1205595375572 1.0
-0.9982869853733899 0.058507220358766356 400.7381402274918 421.60755809672537 344.3540443723472 1.0 421.16736618769505 336.8432132107064 1.0 422.04775000575563 351.8648755339879 1.0
-0.05228686080522737 -0.9986321065272912 410.14016521144856 631.8811585988069 377.61762370899885 1.0 638.146706211195 377.2895691494307 1.0 625.6156109864188 377.94567826856706 1.0
-0.2508489473231673 -0.9680262422201472 281.93059151456765 597.5388238881857 136.39982140842073 1.0 605.6078598661079 134.30885621275382 1.0 589.4697879102634 138.49078660408765 1.0
0.9987880105936913 -0.0492189993223786 -401.58202765072184 418.97754124488233 343.113787057655 1.0 419.2863012286701 349.379370962326 1.0 418.6687812610946 336.84820315298396 1.0
0.2226937328137976 0.974888455858134 -562.9310509038514 464.9916000641702 471.21322752164184 1.0 450.65104989044136 474.4890388512366 1.0 479.33215023789904 467.93741619204707 1.0
-0.20731326573505657 0.9782746086096 -40.309022977696415 210.58154377875783 85.8300622167211 1.0 184.19217887083497 80.23770055100108 1.0 236.9709086866807 91.42242388244114 1.0
-0.9997798488741615 0.02098222545772151 389.98762792875084 390.5716888367938 23.738002054573535 1.0 390.4009706278261 15.603468112704725 1.0 390.74240704576147 31.87253599644235 1.0
0.9980137470635768 -0.06299651317429243 -418.9496408694528 442.5858772645869 361.24457926481887 1.0 443.41354455842276 374.35678652235043 1.0 441.75820997075095 348.13237200728736 1.0
0.07324358440537747 -0.9973140815928813 205.13706718701232 22.51154495366174 207.34279927106695 1.0 34.36849434593638 208.21358360032892 1.0 10.654595561387108 206.472014941805 1.0
-0.2571985023366526 -0.9663585930676992 285.62958019945444 578.8214486383309 141.51845026307245 1.0 586.8749949156538 139.37498089685008 1.0 570.767902361008 143.66191962929483 1.0
0.9949078781621659 -0.10078846149662658 -532.467458850877 561.9113654034111 263.7463160277027 1.0 562.475413596747 269.3141755116166 1.0 561.3473172100751 258.17845654378874 1.0
1.0 0.0 -198.125 198.125 313.75 1.0 198.125 324.375 1.0 198.125 303.125 1.0
0.9998670425602382 0.016306354646062775 -309.5635206341268 304.10063134601256 337.4955254524999 1.0 303.88663889695454 350.61703555172573 1.0 304.3146237950706 324.3740153532741 1.0
0.9981408677801601 -0.06094922531967942 -428.0583743128018 450.53329157351254 355.0055999686317 1.0 451.48849621877 370.64860098339767 1.0 449.57808692825506 339.3625989538658 1.0
0.9745351003023631 -0.2242350068090689 -528.1799331546966 553.0582594534945 48.140356621732195 1.0 555.6423677537759 59.37100377822718 1.0 550.4741511532131 36.909709465237206 1.0
-0.2642309179267552 -0.9644594454986609 608.5286064889132 618.0566075144338 461.62536313228225 1.0 627.9955277460177 458.90241814143883 1.0 608.1176872828498 464.3483081231257 1.0
0.0 -1.0 336.875 33.125 336.875 1.0 53.125 336.875 1.0 13.125 336.875 1.0
0.9999196422724428 -0.012677105259094329 -70.59070831841582 75.13681292523206 358.1311892962907 1.0 75.40617976454119 379.3777742300885 1.0 74.86744608592294 336.8846043624929 1.0
0.9967240200187325 0.08087785801872768 -497.5351326438839 467.1170563023406 395.0196413398895 1.0 466.6554321837095 400.70861306257115 1.0 467.5786804209717 389.3306696172079 1.0
0.9985672139212531 -0.053511861129532864 -257.4702744364965 272.8435368381748 279.98159032729995 1.0 273.2126934695248 286.87030062603924 1.0 272.47438020682483 273.09288002856067 1.0
-0.26474320354143344 -0.9643189494034736 289.59987825611194 558.1794661714962 147.07339134894764 1.0 568.1168187530344 144.34520006038633 1.0 548.2421135899581 149.80158263750894 1.0
0.9989942198311631 -0.044839142988308336 -288.24071169418653 304.82985973929794 363.1326366242429 1.0 305.2790567789379 373.1405274147208 1.0 304.38066269965793 353.12474583376496 1.0
0.1537499599239641 -0.988109786321024 37.97973272162494 111.23142563661122 55.744372455434885 1.0 120.57471184126457 57.198188518599416 1.0 101.88813943195785 54.29055639227035 1.0
0.18390829028572944 -0.9829434066944952 33.932368375763915 84.43235724314414 50.318440008130594 1.0 99.37695195803887 53.114567276812366 1.0 69.4877625282494 47.522312739448815 1.0
-0.06098703515411758 -0.9981385582889333 427.76839421988313 614.9841224321539 390.99014128348875 1.0 621.8715973748522 390.56931125646975 1.0 608.0966474894556 391.41097131050776 1.0
0.0692672735256004 0.9975981379384836 -434.6202945702115 389.9887661652039 408.5882085492318 1.0 383.1035640426471 409.0662759799587 1.0 396.8739682877607 408.1101411185049 1.0
0.2422717843519852 0.9702084221995319 -591.7486140264033 557.5188379764518 470.7004390919258 1.0 546.9298435982168 473.34462822057935 1.0 568.1078323546867 468.05624996327225 1.0
0.9990729018529263 -0.04305039817670602 -455.33038873794413 470.5384524902863 343.12872936223914 1.0 471.2396895625406 359.40237574730304 1.0 469.8372154180321 326.8550829771753 1.0
0.15285391625166284 -0.9882487947306233 112.0894218844493 235.03473253774575 149.77544318518693 1.0 248.13630902620437 151.8018835775352 1.0 221.93315604928713 147.7490027928387 1.0
-0.2698980650246691 -0.9628889003908703 277.11579677557364 605.6027414489101 118.04559034665078 1.0 615.5239964214926 115.26465942239835 1.0 595.6814864763277 120.8265212709032 1.0
0.25174945476020233 0.967792442638369 -300.3210324277686 627.5512900626918 147.0721727609214 1.0 616.9905760105067 149.81930519075112 1.0 638.1120041148768 144.32504033109169 1.0
-0.996853869953104 0.07926135224382666 608.4303873844387 630.576674639994 254.37884242214147 1.0 629.778701830325 244.3429010595842 1.0 631.3746474496633 264.4147837846987 1.0
