line_hom_a line_hom_b line_hom_c centroid_x centroid_y centroid_z point1_x point1_y point1_z point2_x point2_y point2_z
0.23347646980384143 0.9723624519940781 -196.79895397653863 85.33167352476937 181.90337946183757 1.0 79.13858922114305 183.39041699341132 1.0 91.5247578283957 180.41634193026385 1.0
0.9998102797180594 0.019478310247447575 -92.78727386803276 90.06543607080735 140.6140985719619 1.0 89.31032049093848 179.37373991339186 1.0 90.82055165067624 101.85445723053195 1.0
-0.14911951096902124 0.9888191803602718 -83.21299808143381 499.36210160941056 159.4605298942954 1.0 464.21880715489226 154.16072282442371 1.0 534.5053960639289 164.76033696416707 1.0
0.9968683562665803 -0.07907894962862294 -306.2729641478172 330.84542103329795 297.6312534056698 1.0 331.39129466337397 304.51253029286573 1.0 330.2995474032219 290.7499765184738 1.0
-0.1444057067197623 0.9895185657008998 -86.30166694710839 581.9275947300664 172.13960245726417 1.0 550.525483015398 167.55692529300336 1.0 613.3297064447349 176.722279621525 1.0
0.3985339867652234 0.9171535647823742 -200.79115733562975 48.90842460003154 197.6762614845119 1.0 18.875895883477423 210.72640255318825 1.0 78.94095331658565 184.62612041583557 1.0
-0.1374288029275332 0.9905116476477727 -88.53493803578058 433.11110444505005 149.4751515601913 1.0 407.01656761169005 145.85465808242824 1.0 459.2056412784101 153.09564503795434 1.0
0.39314450863986744 0.9194766964563688 -200.55008663728384 188.7935210613811 137.39005137604505 1.0 155.06363026737705 151.81208229188172 1.0 222.5234118553852 122.96802046020838 1.0
-0.9896605975475519 0.14342908234323604 469.8563139306648 493.5585073215422 129.6744917139014 1.0 491.73275117566885 117.07677520633042 1.0 495.38426346741556 142.27220822147237 1.0
-0.17887361742096647 0.9838720592590978 -95.44751880913199 268.48646998283425 145.82451404463004 1.0 259.41143033604607 144.17461947288857 1.0 277.5615096296224 147.4744086163715 1.0
0.19597837630008766 -0.9806082173950926 83.37910393273432 268.6320636357706 138.71511289957817 1.0 281.9736324069381 141.38147744628267 1.0 255.290494864603 136.04874835287367 1.0
0.40575206067861413 0.9139831865275522 -200.74686805626837 9.320352457305955 215.5019028181302 1.0 0.1566535795283952 219.57001890374755 1.0 18.484051335083514 211.43378673251283 1.0
-0.9999998130157997 0.0006115295298178494 199.59352031630607 199.66120823073092 110.6252071812101 1.0 199.65432829107664 99.37482918246954 1.0 199.6680881703852 121.87558517995066 1.0
-0.1704604484185953 0.985364519112055 -74.09392402938144 391.29154501676754 142.88484466866987 1.0 375.70064276723144 140.18773904211324 1.0 406.88244726630364 145.58195029522653 1.0
-0.7777419398975935 -0.6285837055828986 369.3570402440991 377.20370264411304 120.89066283168253 1.0 382.234764459785 114.66576749711929 1.0 372.172640828441 127.11555816624579 1.0
0.9994661771514145 -0.03267048714569722 -321.77661749127736 330.71350722087834 268.142536842011 1.0 330.9182558644172 274.40627399175463 1.0 330.50875857733945 261.87879969226736 1.0
-0.1560250007358601 0.9877531063709063 -80.18528063919248 278.01142294815054 125.09402634351935 1.0 232.9510376429959 117.97630977543307 1.0 323.07180825330516 132.21174291160563 1.0
0.39133030137467945 0.9202502894463019 -200.53298490671355 131.8596542987425 161.8389131292048 1.0 110.71280069798483 170.83147166204685 1.0 153.00650789950018 152.84635459636272 1.0
0.23903925316317434 0.9710099049171391 -259.2434868067717 471.1856962022746 150.9887892419805 1.0 459.26388877357215 153.9236511107226 1.0 483.10750363097696 148.0539273732384 1.0
-0.16475141067048116 0.9863351218942203 -73.83012994559019 626.2365170100966 179.45572007660374 1.0 614.277590202682 177.45817378843873 1.0 638.1954438175111 181.45326636476875 1.0
0.48474604126827 0.8746549465216216 -215.65469050927007 227.43684398780687 120.51104400291177 1.0 223.02991210059972 122.95342747648395 1.0 231.84377587501402 118.06866052933958 1.0
-0.14731295371803607 0.9890899320420099 -83.79737921275661 362.4145175232002 138.69894719903948 1.0 349.39221234459524 136.7594327242359 1.0 375.43682270180517 140.63846167384307 1.0
-0.9999921328592994 0.003966638313372468 283.3758601460039 284.600325855729 308.1265853752459 1.0 284.51602562081234 286.87444059796843 1.0 284.68462609064574 329.37873015252336 1.0
0.4368253086001631 -0.8995463577639411 88.62581065866489 295.78998858889156 242.16024202057875 1.0 319.67431757789126 253.75862079369975 1.0 271.9056595998919 230.56186324745775 1.0
-0.16199969975563364 0.9867908072530289 -76.29977572708219 539.3359359866978 165.86295111521258 1.0 535.4845258537805 165.23067193244916 1.0 543.1873461196151 166.495230297976 1.0
-0.9999911518166361 -0.0042066956673082224 111.51550747961653 111.09319447594915 100.62434036104476 1.0 111.14578876670059 88.12193240312166 1.0 111.0406001851977 113.12674831896786 1.0
0.9999016253479708 -0.014026390358401825 -436.452704894855 440.5986500237984 292.49160227495486 1.0 440.9932264068593 320.6198346045331 1.0 440.2040736407376 264.3633699453766 1.0
-0.999880202835586 -0.015478371279538978 112.72081395504442 110.58644712040068 138.74940319271983 1.0 110.96398669760217 114.36089730840241 1.0 110.20890754319919 163.13790907703725 1.0
0.999927061394749 -0.012077743599776355 -326.8537435260106 329.38362531715893 207.47724839691108 1.0 329.5422253095818 220.60788186751503 1.0 329.2250253247361 194.34661492630715 1.0
-0.17153985864336366 0.9851771804587308 -74.59045007775131 337.3768850743473 134.45706607948782 1.0 329.1741010352975 133.02879059518818 1.0 345.5796691133971 135.88534156378745 1.0
-0.9986641156792474 0.05167188843642862 339.02610619995323 349.34282755386766 190.6266646348068 1.0 348.823461466091 180.58886089938912 1.0 349.8621936416443 200.66446837022448 1.0
-0.9864685301984941 0.16395072103538455 380.6619947972933 403.7500278588135 107.49999536987502 1.0 402.82348418370674 101.92511182209218 1.0 404.6765715339203 113.07487891765788 1.0
0.589091305720758 -0.8080664784064566 -86.3520584647531 249.40586837329965 74.9576573317851 1.0 252.5258748848403 77.23218394420603 1.0 246.28586186175903 72.68313071936419 1.0
0.9999026123374828 0.013955853276588416 -334.0394448473593 330.6352572559042 246.23269664702957 1.0 330.4344179452164 260.6223400057557 1.0 330.83609656659206 231.84305328830348 1.0
-0.3030436771367645 -0.9529766679974008 284.7814262500195 524.6419468727482 131.99903598254116 1.0 530.4723562368162 130.14498356737272 1.0 518.8115375086803 133.85308839770963 1.0
-0.306660989572324 0.951818804959496 -139.93198638256152 273.87017235841256 235.25200729971257 1.0 262.0173374260685 231.43321104285073 1.0 285.7230072907566 239.07080355657442 1.0
0.9994583674201328 -0.0329085367934039 -356.6604287133642 362.94596259992704 185.02647403356266 1.0 363.4194434488779 199.40646300931166 1.0 362.4724817509761 170.64648505781366 1.0
0.15957440006513332 -0.9871859049053794 185.1775123227795 266.1524301141617 230.6036031844926 1.0 273.1477331859532 231.7343641540406 1.0 259.1571270423701 229.47284221494462 1.0
-0.4553639093186032 0.8903054027074524 -83.49631682034926 302.6113479085085 248.56032832685736 1.0 283.94853195059136 239.0148703214955 1.0 321.2741638664257 258.1057863322192 1.0
-0.04934439658022334 0.9987818232858133 -36.16282001585955 158.1117412614814 44.018370634759464 1.0 133.14181031933722 42.78474168170495 1.0 183.08167220362557 45.25199958781397 1.0
-0.21763860253681686 0.9760294251126967 -52.846641329836594 273.3805590867995 115.10391109084581 1.0 268.21910124315224 113.95299038780003 1.0 278.5420169304467 116.2548317938916 1.0
-0.9999999800527088 -0.00019973628042535812 322.7098303912942 322.67038893044696 197.4999091976741 1.0 322.67750458516343 161.87466094857302 1.0 322.66327327573055 233.12515744677518 1.0
-0.9999494116515998 -0.010058535560381448 106.2016260733092 103.95626684759333 223.75207484738456 1.0 104.30207474978084 189.3742664416679 1.0 103.61045894540581 258.1298832531012 1.0
-0.9998392783654616 0.017928118630602577 430.4665251197938 435.85871121362294 296.8596024487731 1.0 435.4327859443652 273.1060328396706 1.0 436.28463648288067 320.6131720578756 1.0
-0.1221870535356467 0.9925070901249406 -128.04570786584418 478.0796303049322 187.86853122101388 1.0 444.3029439849971 183.7103001910359 1.0 511.8563166248673 192.02676225099182 1.0
0.04570106488146994 -0.9989551604895486 235.4350298526546 488.75383319911407 258.0412121485315 1.0 496.9189300703013 258.4147560638467 1.0 480.5887363279269 257.66766823321626 1.0
-0.01977867256980199 -0.9998043829226677 309.18219928406046 548.1180666848994 298.39952355618334 1.0 555.6274919679371 298.2509680323253 1.0 540.6086414018617 298.5480790800413 1.0
0.6007484144467723 0.7994381417843966 -134.74462177367118 99.63471481997166 93.67732274389539 1.0 88.94214083696981 101.7123995445912 1.0 110.32728880297353 85.64224594319957 1.0
-0.04569001148662632 -0.9989556661085375 323.82736239724085 568.7512569507485 298.1524816755658 1.0 576.9163482562315 297.7790285502733 1.0 560.5861656452655 298.5259348008583 1.0
0.262375954181359 0.9649657292709526 -269.76622544448975 536.2507749863487 133.75285024315366 1.0 521.7576872506366 137.69354741854923 1.0 550.7438627220606 129.81215306775806 1.0
0.9998629359211332 0.01655624870469576 -198.99583017144357 197.19140761679165 110.61989016738073 1.0 197.0256965040575 120.62749531081758 1.0 197.3571187295258 100.61228502394387 1.0
-0.668789212503911 -0.7434520759527132 360.3897611727732 343.0781232822486 176.12811573324217 1.0 355.2353282240763 165.19182571229572 1.0 330.920918340421 187.06440575418858 1.0
-0.024077449313575357 -0.999710096195168 313.1991949748376 66.85524711317971 311.67984832504237 1.0 78.1137692662993 311.4086932196581 1.0 55.59672496006012 311.9510034304266 1.0
0.12098341675943226 -0.9926545284585234 302.104023149915 224.397689755877 331.68883325480294 1.0 243.47371992974792 334.01379450010626 1.0 205.32165958200608 329.3638720094996 1.0
-0.9999888898297318 0.004713832527857844 434.13218611954704 435.35965147190313 259.3703584662949 1.0 435.30072921994844 246.87063621900867 1.0 435.41857372385783 271.8700807135811 1.0
0.9998823051368767 0.015341964481966518 -129.98922054022128 129.05520090395743 61.870093076107416 1.0 128.7481035078836 81.88456075713854 1.0 129.36229830003128 41.85562539507629 1.0
0.04724761405590027 -0.9988832078706823 38.865656860398865 158.71257189382771 46.41628454430902 1.0 179.35052350286745 47.392468711632105 1.0 138.07462028478795 45.44010037698593 1.0
0.0046554266876873045 0.9999891634424621 -263.77450020526277 477.48686889825564 261.55442944239746 1.0 441.86846021909537 261.7202501296608 1.0 513.1052775774159 261.38860875513416 1.0
-0.06589427087279741 0.9978266107225956 -141.91150789952107 44.365069231612715 145.15038006841124 1.0 0.5995620819344794 142.26020240425993 1.0 88.13057638129095 148.04055773256255 1.0
-0.9999171319660858 -0.012873585387040625 324.5672460537158 322.7596707354826 142.4872498550725 1.0 322.8804541779049 133.10575824221777 1.0 322.6388872930603 151.86874146792724 1.0
0.8843006202584647 0.46691799388168237 -239.85283331444055 247.87408494671502 44.24251479007184 1.0 245.26457455619172 49.18469240401789 1.0 250.48359533723828 39.300337176125794 1.0
-0.9910701720646483 0.13334134409007645 385.6933513541759 406.8059237587966 131.09111522503213 1.0 405.0492218628392 118.03428831081798 1.0 408.562625654754 144.14794213924628 1.0
-0.9995896015815358 0.028646612540866014 428.04830493557205 434.4750730223969 218.1221320699076 1.0 433.6865886964337 190.60890578116394 1.0 435.26355734836005 245.63535835865127 1.0
-0.026042234316359693 -0.999660843502341 312.88970123584943 526.2476955331895 299.28654041517365 1.0 535.6163374272378 299.042477272142 1.0 516.8790536391413 299.5306035582053 1.0
-0.010812031485897508 -0.9999415482792723 304.07656431145205 589.3706389581661 297.7216727502426 1.0 599.3694699579175 297.61355875520206 1.0 579.3718079584146 297.8297867452831 1.0
0.24883433796795537 -0.9685460609842204 24.00645062711569 395.58205234128127 126.41716658167113 1.0 400.4230894011943 127.6609032508985 1.0 390.7410152813682 125.17342991244377 1.0
0.9946641770782001 -0.10316576388195309 -468.02176757619554 484.14137889292795 131.2094064978043 1.0 484.8668149619837 138.20363833886182 1.0 483.41594282387223 124.21517465674678 1.0
0.32925051685118956 0.9442426050296737 -207.16645592643596 340.81966545693194 100.55827222359628 1.0 329.817693221024 104.39457978455545 1.0 351.8216376928399 96.72196466263709 1.0
-0.9953020890419679 0.09681813646571888 87.3080390926577 116.84805049206985 299.43841847075623 1.0 115.26457118884198 283.1600607581447 1.0 118.4315297952977 315.71677618336776 1.0
-0.5587490329473441 -0.8293367941797878 395.7809608410063 527.3404255472431 121.94081914870401 1.0 533.6665087372138 117.67874746739577 1.0 521.0143423572722 126.20289083001225 1.0
-0.9997336104151013 -0.02308047240388615 328.9769843285696 322.85992210610556 268.7583093857713 1.0 323.0188910262787 261.8725503021862 1.0 322.7009531859324 275.64406846935645 1.0
0.999374196390918 0.03537252589237734 -333.01591686516275 328.17907487441994 142.54615730767074 1.0 327.80347698451607 153.15786314204817 1.0 328.5546727643238 131.93445147329334 1.0
0.018558893433951732 -0.9998277689054786 248.86918511646834 460.6372983744799 257.46244668769475 1.0 474.38256242725436 257.7175875216568 1.0 446.8920343217054 257.2073058537327 1.0
0.9972129524884199 0.0746078239149792 -341.4534143411206 329.136154260671 177.38861001004926 1.0 328.61769711892504 184.31834136970386 1.0 329.654611402417 170.45887865039467 1.0
-0.9798230041418959 0.1998671572678966 335.86996820212653 365.31295060186994 110.4336740976064 1.0 363.00994596776934 99.143490407684 1.0 367.61595523597055 121.72385778752879 1.0
0.03563931308591734 -0.9993647178897022 180.87498831304907 39.35650931935603 182.39349859734395 1.0 78.101811434748 183.77523234077125 1.0 0.6112072039640593 181.01176485391665 1.0
-0.0737222943156329 -0.9972788092207912 351.0387431220689 263.61209405616654 332.50947646024326 1.0 283.06559558772807 331.07140643196306 1.0 244.15859252460498 333.94754648852347 1.0
0.1275546759653127 -0.9918315404540149 122.05144905562199 479.3330304840322 184.70134389417274 1.0 511.93681288858613 188.89435927050647 1.0 446.7292480794782 180.50832851783903 1.0
0.9941000673254289 -0.10846684352177775 -86.26386669536943 119.31261593028154 298.2000008804748 1.0 121.22164609838332 315.6962878288014 1.0 117.40358576217974 280.7037139321483 1.0
-0.99992644766704 0.012128448209657125 495.64131453746603 499.2106512515191 291.2671551173452 1.0 498.88472318041795 264.39610840984955 1.0 499.53657932262024 318.1382018248409 1.0
-0.9999938764342172 0.0034995848421311474 245.49252774171984 245.80242401582302 88.12219183188125 1.0 245.75867181873681 75.62015769342447 1.0 245.84617621290923 100.62422597033803 1.0
0.03242187004098933 0.9994742729770713 -318.7737159488118 575.6134553402411 300.2691108916722 1.0 519.3415720209754 302.09451024137695 1.0 631.8853386595068 298.4437115419675 1.0
0.1263991374284916 0.9919794645340867 -245.3479992521402 357.4095571263365 201.7902050186978 1.0 351.79606045684903 202.50548306864633 1.0 363.0230537958239 201.07492696874928 1.0
-0.9996873886631116 -0.02500249883369597 108.73092472041544 105.70072368099405 122.51752532163101 1.0 106.34160313004494 96.89292247169101 1.0 105.05984423194315 148.14212817157102 1.0
-0.9932471483151473 -0.11601768125517638 349.72600754415055 323.2736170320136 246.81935539288585 1.0 324.01906866807605 240.43741684942069 1.0 322.5281653959512 253.20129393635102 1.0
-0.054627520452750496 -0.9985068021847344 346.04307291896276 401.8517793393231 324.5755621444124 1.0 431.9327104557192 322.92985810293436 1.0 371.7708482229271 326.2212661858904 1.0
-0.9997733850164492 -0.02128799221980983 266.9478753833496 261.68469866045814 250.02256397017288 1.0 261.8576244007978 241.9012460464015 1.0 261.5117729201185 258.1438818939443 1.0
-0.04575883080004473 0.9989525160906362 -246.40666071758056 606.8994988554534 274.46517004764456 1.0 600.634016234704 274.17816825876525 1.0 613.164981476203 274.75217183652387 1.0
0.999764858894451 -0.021684716271104663 -241.55537812017485 243.48306332558275 86.25578980746882 1.0 243.76790219450876 99.38816783996133 1.0 243.1982244566567 73.1234117749763 1.0
0.9999848206171296 -0.005509858013347364 -336.85486432499357 337.5418316608755 123.74976950998942 1.0 337.59350476974544 133.1279285077064 1.0 337.4901585520056 114.37161051227243 1.0
0.9997423954888361 -0.02269675444294402 -497.50518923325933 502.9830778848796 235.6424111281089 1.0 503.26703619475114 248.15015366211625 1.0 502.69911957500807 223.13466859410156 1.0
-0.04616536824996743 -0.9989338110076889 341.96389823860443 483.06742107157754 320.004097701737 1.0 533.1049719704276 317.69163021078117 1.0 433.0298701727274 322.31656519269285 1.0
-0.9999423700294314 -0.010735763592944314 106.79950511440592 105.05420966139624 163.1322922546072 1.0 105.18839897253629 150.63373296235625 1.0 104.92002035025618 175.63085154685814 1.0
0.06570972120254269 -0.9978387808356037 144.08595994275865 43.72350654283881 147.27731792967663 1.0 86.90818172645578 150.12111696919837 1.0 0.5388313592218452 144.4335188901549 1.0
0.999997659086826 0.0021637515726238626 -331.8721782954267 331.26034153470755 283.12502237656435 1.0 331.2441105097635 290.626339604475 1.0 331.27657255965164 275.6237051486537 1.0
-0.11145120708143005 -0.993769907191847 316.2826910627853 292.5511326370837 285.45593114098824 1.0 299.4099587424329 284.6867144007039 1.0 285.69230653173446 286.2251478812726 1.0
0.9999727855581642 0.00737754315783367 -302.04212108779586 299.77250918008497 308.7437105410203 1.0 299.6110617802974 330.6267416033688 1.0 299.93395657987253 286.8606794786718 1.0
-0.9999999109290016 0.0004220687014546867 536.787871506689 536.9068899390629 281.87498654025364 1.0 536.9000313232752 265.62498943506097 1.0 536.9137485548507 298.12498364544626 1.0
-0.09315410706276406 -0.9956517023223227 193.96001927224896 38.182048803429 191.23475023045694 1.0 48.21120823339658 190.29641266812504 1.0 28.15288937346141 192.17308779278883 1.0
0.854098927207761 0.5201105868395219 -366.7682255192832 350.8030245495164 129.10281061250845 1.0 347.7365356328258 134.13844141932393 1.0 353.8695134662071 124.06717980569299 1.0
-0.9211700372840286 -0.3891603299543024 365.3542959646101 344.38005852274637 123.65521588746417 1.0 348.5328084883191 113.82536287786508 1.0 340.22730855717367 133.48506889706326 1.0
-0.99984027552242 0.017872421303533833 320.1492541847429 321.98808923685687 100.00915054639495 1.0 321.77568849335034 88.12677522063332 1.0 322.2004899803634 111.89152587215656 1.0
-0.9999485146297797 0.01014731933552635 553.381800970198 556.3151065149729 286.24933930938585 1.0 556.2072324428858 275.6190915972782 1.0 556.4229805870599 296.8795870214934 1.0
0.16056231084831432 -0.9870257060153242 93.18162578987838 301.8134533828501 143.50334590773025 1.0 320.6743703199742 146.57150552068336 1.0 282.9525364457261 140.43518629477714 1.0
-0.1318462274056712 -0.9912701812921099 308.0529806746673 46.813728878829465 304.53934036198234 1.0 56.88494816528669 303.19979409764926 1.0 36.74250959237224 305.8788866263154 1.0
-0.9999311528240848 -0.011734121692595858 164.5188596656439 163.04866275349042 126.24910418778563 1.0 163.18799585523894 114.3757392519269 1.0 162.90932965174187 138.12246912364435 1.0
0.1311081662020493 0.9913680692634477 -152.34227167189303 285.12705906604435 115.96075099389867 1.0 279.51751388580146 116.70261186738394 1.0 290.73660424628724 115.21889012041339 1.0
-0.9980864908629854 -0.06183329812335711 341.60540550831774 323.71363019312804 299.372746823415 1.0 324.0293738847592 294.276148020557 1.0 323.3978865014969 304.469345626273 1.0
0.9997292807268887 -0.0232672571932652 -551.9907802655974 558.6859780817152 281.2514900178153 1.0 559.0497689084121 296.88256928460646 1.0 558.3221872550183 265.6204107510241 1.0
0.30844690849112955 0.9512415595642701 -235.20351543779844 416.38641487189733 112.24321725573517 1.0 406.42091133086257 115.4746033614869 1.0 426.3519184129321 109.01183114998346 1.0
0.08314226544079177 -0.9965376880466554 120.62265383096035 349.4110011365957 150.19349276069187 1.0 363.1695203886612 151.34138156956342 1.0 335.6524818845302 149.04560395182034 1.0
0.9998426310040952 -0.017740158590295565 -366.9863169527119 369.13984164478666 118.1180830588843 1.0 369.2287251747502 123.12759534702484 1.0 369.0509581148232 113.10857077074375 1.0
-0.9998634015322856 -0.016528105647272796 184.46794149583246 183.57386041107864 55.61175687124499 1.0 183.71880305334096 46.8434898712458 1.0 183.42891776881632 64.38002387124419 1.0
0.3224263124078263 0.9465945663625429 -239.22059358561782 380.60811209712153 123.07541968819916 1.0 376.86644857889803 124.34989432953114 1.0 384.3497756153451 121.80094504686717 1.0
-0.9999923841276563 -0.0039027793539888377 323.6720282178881 323.46960007598125 52.498905652631265 1.0 323.5013194365367 44.37159019156626 1.0 323.4378807154259 60.626221113696275 1.0
-0.9994346785472495 0.033620281336656836 604.8587906664519 614.8093640482284 285.63141285965855 1.0 614.4726448454514 275.62171529591114 1.0 615.1460832510053 295.64111042340596 1.0
0.7383630120781801 0.6744034863454051 -374.1230826827804 340.88050153837037 181.5375087570125 1.0 334.5874792658943 188.4273528551801 1.0 347.1735238108465 174.6476646588449 1.0
-0.3579529623412827 -0.9337396193538647 322.3070461733523 619.9997137955648 107.49925342028581 1.0 638.1002163684501 100.56035055964276 1.0 601.8992112226796 114.43815628092887 1.0
0.10490644470037186 -0.9944820952939917 300.24723455075366 86.34008191186447 311.0210500952544 1.0 97.10896889146913 312.15704404804296 1.0 75.57119493225983 309.8850561424659 1.0
0.9999903619904033 0.004390435775895323 -114.05252286700181 112.76390204282723 293.7539027049444 1.0 112.68976596335992 310.6395534073401 1.0 112.83803812229455 276.8682520025486 1.0
0.9995550581648501 -0.02982759958600443 -316.9215621555922 320.06531667612325 100.6230508930991 1.0 320.43855183017274 113.13056377691026 1.0 319.69208152207375 88.11553800928795 1.0
0.9998145027997906 -0.01926032167975768 -534.0006017951358 539.6138771090737 286.24539829643413 1.0 539.8189437665928 296.8905277827076 1.0 539.4088104515546 275.60026881016074 1.0
0.3533571439566494 0.9354884974251686 -317.38289813638863 617.9724771615207 105.84620637807316 1.0 597.7838900430322 113.47193507954204 1.0 638.1610642800092 98.22047767660429 1.0
-0.9739543577041879 -0.22674414900725182 359.474032275964 342.80213783931816 112.90433031738101 1.0 343.938463167559 108.02337083042015 1.0 341.6658125110773 117.78528980434186 1.0
0.9998080508628298 0.01959238193454432 -105.37655010774333 99.66479770029738 292.5056789172912 1.0 99.21133100840488 315.6462878982177 1.0 100.11826439218989 269.3650699363648 1.0
0.9999044923982245 -0.013820494992908492 -499.59139670662455 503.6562183662515 290.6349348668255 1.0 504.0189717108041 316.879920957177 1.0 503.29346502169886 264.38994877647406 1.0
-0.0511509496852402 -0.9986909333453959 345.0296586481165 311.817954741099 329.5112262928577 1.0 323.03852001999485 328.93653140892786 1.0 300.5973894622031 330.0859211767876 1.0
-0.31682376049635813 -0.9484844251673015 299.6290397925978 579.5247734389211 122.32338106175432 1.0 590.7724128765782 118.56631417821839 1.0 568.2771340012639 126.08044794529025 1.0
0.13407652930190878 -0.9909709805490544 298.6709728725678 156.32871197473258 322.54323313008 1.0 190.75009899576813 327.20038272994134 1.0 121.90732495369701 317.8860835302187 1.0
-0.999930899215375 -0.011755713263419086 501.06687588786076 498.19183944349356 247.4934379711014 1.0 498.30212801275013 238.11238675296426 1.0 498.08155087423705 256.87448918923855 1.0
-0.9998389708373749 0.017945261069679447 493.7379265652529 497.7545379235278 219.35921392032242 1.0 497.4181184605406 200.61525202772603 1.0 498.09095738651496 238.10317581291878 1.0
0.9999900153125476 0.004468699498826605 -8.218923685927551 6.925861905335547 289.3752272888403 1.0 6.875589537932636 300.62500263449414 1.0 6.9761342727384585 278.1254519431864 1.0
-0.05600424315989953 -0.9984305307571915 346.80614600013894 351.29327312612935 327.6464631579878 1.0 370.74729478368056 326.5552427617914 1.0 331.83925146857814 328.73768355418423 1.0
0.9999184525516176 0.012770600877733749 -166.2666508261391 165.45008233047764 64.99776601408021 1.0 165.39421550780594 69.37205250300056 1.0 165.50594915314934 60.623479525159865 1.0
0.09059027630719056 -0.9958882476656641 257.6920396933258 89.99388620129008 266.9422109693446 1.0 99.40472158293574 267.79826101261307 1.0 80.58305081964444 266.0861609260761 1.0
-0.9998813274764821 -0.015405549774937605 132.90545956419354 131.81354620798606 71.8933123809434 1.0 131.94832877163142 63.14538902687724 1.0 131.6787636443407 80.64123573500954 1.0
-0.05565099457398163 -0.998450282589437 346.2162725634176 588.7257329340964 313.93961768573183 1.0 638.1561847372114 311.1844942178408 1.0 539.2952811309815 316.6947411536229 1.0
0.16298063371181123 0.9866292682841394 -301.84957361652414 471.9540339622406 227.97844469958898 1.0 465.5685480119283 229.03325888379587 1.0 478.3395199125529 226.92363051538211 1.0
-0.9998509778456096 0.017263316633208663 625.6938896450243 630.6541460646406 281.88528794828545 1.0 630.4382005006202 269.3782252595398 1.0 630.8700916286609 294.3923506370311 1.0
-0.9999976411190596 -0.0021720396672860473 108.0330389184684 107.4074767358893 288.1234415073318 1.0 107.46720768584113 260.6235712456305 1.0 107.34774578593746 315.62331176903314 1.0
0.9999995859459051 0.0009100044056747599 -108.22557632421675 108.11869557875939 117.4999942629465 1.0 108.10106425069976 136.87497821835365 1.0 108.13632690681901 98.12501030753937 1.0
-0.9999460493136172 0.01038741845162026 596.2647021020656 599.2314922500589 282.501490755477 1.0 599.095164738241 269.3779069227919 1.0 599.3678197618767 295.625074588162 1.0
0.1047474222375646 -0.9944988574827954 113.42421683311643 376.2572029447563 153.68161339746922 1.0 388.1972311624911 154.93921884149876 1.0 364.3171747270215 152.4240079534397 1.0
0.9993375528126547 -0.03639306992292331 -589.5972668872403 598.135607141658 223.72685297116598 1.0 598.5683163434234 235.60885566254487 1.0 597.7028979398926 211.8448502797871 1.0
-0.9999638557373969 0.008502189059200652 131.76260513271293 132.2137695190795 52.502433673626626 1.0 132.1765286068947 48.12243625411271 1.0 132.25101043126435 56.88243109314053 1.0
0.9998718692753512 -0.0160076554127975 -612.8142917038821 617.4154257447501 282.4913479423074 1.0 617.6254993017167 295.61298472626487 1.0 617.2053521877835 269.36971115834996 1.0
0.10190631731919957 -0.9947940000273617 307.0384884554687 198.1056225071032 328.9391601441049 1.0 204.60751625089975 329.6052116552849 1.0 191.60372876330663 328.27310863292485 1.0
0.9998338221555332 -0.01822986763137925 -533.0947929678397 537.1375686003071 216.87021261361468 1.0 537.4109711737761 231.8652276925068 1.0 536.864166026838 201.87519753472253 1.0
0.10193360817997832 -0.9947912039837359 302.8783962407311 14.83508899013234 305.98440071665823 1.0 29.187479441791073 307.45505198386564 1.0 0.4826985384736071 304.51374944945087 1.0
-0.9952728963046187 0.09711777325194385 197.4236784018911 203.60758251185774 53.763896961699515 1.0 202.93715912184544 46.893329332467296 1.0 204.27800590187007 60.63446459093173 1.0
0.9988533439609135 -0.04787480817821536 -587.4210676982688 595.5859624361944 156.28182716580218 1.0 595.9161568311329 163.17095712980293 1.0 595.2557680412561 149.39269720180144 1.0
-0.05225230514985224 0.9986339152094358 -177.6707079551912 40.62294370906793 180.0392993545147 1.0 25.631285182425966 179.25487905383605 1.0 55.6146022357099 180.82371965519334 1.0
0.028209406266396973 -0.9996020355111815 148.4434060933483 124.38874811981232 152.01283453401783 1.0 135.6474195629937 152.3305614147941 1.0 113.13007667663095 151.69510765324154 1.0
0.8126572519934187 -0.5827419590028723 -72.0300153745631 138.5074584337359 69.5489222127381 1.0 142.95296601231271 75.74836249107979 1.0 134.0619508551591 63.349481934396415 1.0
0.9998581853161435 -0.016840702369807337 -553.4487103137474 557.201192585701 218.13003284046076 1.0 557.4328966605115 231.88665715950583 1.0 556.9694885108906 204.37340852141568 1.0
-9.286413444842985e-06 0.9999999999568812 -273.957601702898 548.1249922208473 273.9626918300073 1.0 540.624992221494 273.9626221819065 1.0 555.6249922202005 273.9627614781082 1.0
-0.9997156787905832 0.023844529357558316 568.422787577651 573.8167915037263 219.3734069350864 1.0 573.4588699049566 204.36703676513307 1.0 574.174713102496 234.37977710503975 1.0
0.17146401988382465 0.9851903825582543 -198.20159852713496 39.47266009713312 194.31113106715014 1.0 31.876425604222927 195.63319117369764 1.0 47.06889459004332 192.98907096060262 1.0
0.3129962924515865 0.9497543476665747 -295.36655955906537 578.0785074675601 120.48392329754817 1.0 566.8158716464573 124.19558122667323 1.0 589.341143288663 116.77226536842312 1.0
-0.04849864454932051 0.9988232483662356 -143.63602073862023 135.63635364809357 150.39117310081514 1.0 126.84638271805825 149.96436918287276 1.0 144.4263245781289 150.81797701875752 1.0
-0.5460971640276433 0.8377218437172123 21.814894231183516 144.11196718161523 67.90349657916236 1.0 135.39809959908064 62.22306886891048 1.0 152.8258347641498 73.58392428941424 1.0
-0.9996109674685189 0.027891104615120302 528.7487496654685 535.0057631402935 216.8748391970936 1.0 534.5870731331993 201.8690827440508 1.0 535.4244531473877 231.88059565013637 1.0
0.9995155423779503 0.03112363322158604 -164.58960375569572 160.6608403312066 128.73165432285637 1.0 160.36859220142622 138.11701578971048 1.0 160.95308846098698 119.34629285600228 1.0
0.9999621371374879 0.008701970548552904 -181.79533096912823 181.3127053953067 56.25054568116424 1.0 181.24195723395488 64.38036894696329 1.0 181.38345355665854 48.1207224153652 1.0
-0.9999145971112434 -0.013068989397032316 329.703339261698 328.4979443569806 94.3798744221368 1.0 328.6939624559944 79.38243639939469 1.0 328.30192625796684 109.37731244487888 1.0
0.5155869923419637 0.8568372385276959 -168.39786293369758 9.952253765438321 190.54565208707828 1.0 0.3083211733711888 196.34872176695868 1.0 19.596186357505452 184.74258240719786 1.0
0.9997983145264914 -0.02008308417517172 -572.1107797674795 577.9008956690435 282.50450161405274 1.0 578.1895317786079 296.8737037414217 1.0 577.6122595594791 268.13529948668383 1.0
-0.6630409582208796 -0.7485831201152868 332.13809692320547 339.360156276962 143.10824121554168 1.0 344.6437460619158 138.4284183078033 1.0 334.0765664920083 147.78806412328007 1.0
-0.2647161954205469 -0.9643263637804739 273.1147949240612 529.477123260423 137.87202163707735 1.0 536.9301997910956 135.82608559562848 1.0 522.0240467297506 139.9179576785262 1.0
0.9998984465743042 -0.014251194276037916 -572.7023818957227 575.9227920715081 221.87075567630944 1.0 576.1009139092386 234.3682169695808 1.0 575.7446702337776 209.37329438303811 1.0
-0.9996889272916964 0.024940903158808356 623.0890953158529 628.8967287358059 225.0119322290747 1.0 628.6006476422024 213.1443190567979 1.0 629.1928098294096 236.87954540135146 1.0
-0.3568850287624482 0.934148315978371 5.576952441718421 151.06199048124708 51.74211583892988 1.0 138.15012833033202 46.80922647191336 1.0 163.97385263216214 56.675005205946384 1.0
-0.9999046168891607 -0.013811485211256745 326.2583632200951 322.3614963785559 284.37308687680104 1.0 322.4651918604745 276.8658862003361 1.0 322.2578008966373 291.88028755326604 1.0
-0.9999933616129821 0.0036437247381603008 574.2916256885225 575.3202465157419 281.2511104451812 1.0 575.2678683203399 266.8763012981745 1.0 575.3726247111439 295.6259195921879 1.0
-0.47051914387640104 -0.8823897864582402 224.73892469828078 207.13695918333508 144.24126610649563 1.0 212.32745938109423 141.47352134469077 1.0 201.94645898557596 147.00901086830052 1.0
0.9992724599241775 -0.03813857413542167 -622.4566347504342 632.785861534946 258.7629436745336 1.0 634.5283043845288 304.4168568595774 1.0 631.0434186853632 213.10903048948975 1.0
0.9966421241600516 -0.08188086681112026 -545.8171512355452 559.7205511193145 146.8466106469001 1.0 560.6386177308648 158.0211852879655 1.0 558.802484507764 135.67203600583468 1.0
0.7055868275239948 0.7086234746497073 -238.17470721586125 175.93078370291488 160.93209970991265 1.0 170.92007061185618 165.92134051272512 1.0 180.9414967939736 155.94285890710017 1.0
0.04225758737861957 0.9991067492059788 -280.58761741583976 76.20201524336974 277.61548435009456 1.0 66.81736881500149 278.0124114219809 1.0 85.586661671738 277.2185572782082 1.0
-0.3657234552600276 -0.9307235649067164 256.7727784654016 380.6489322983539 126.31090490976172 1.0 384.5355825732194 124.78366393133692 1.0 376.76228202348835 127.83814588818653 1.0
0.29094803320771895 0.9567388577728827 -116.35971912395175 138.76441143601699 79.4223898403153 1.0 134.411806891184 80.74603392706018 1.0 143.11701598084994 78.09874575357041 1.0
-0.06822609065992685 0.9976698855599799 -196.37779723403443 574.3841663394809 236.11596064976777 1.0 518.0982051755934 232.266820623763 1.0 630.6701275033683 239.96510067577253 1.0
0.3691856076232796 -0.9293556838605065 -5.383457854208232 152.35836858755704 54.73153057824879 1.0 164.33035339887346 59.48738946390439 1.0 140.3863837762406 49.97567169259318 1.0
0.9999956393129988 -0.0029531940313164075 -326.7471265956872 326.9109775100857 54.99989375096863 1.0 326.9645039184904 73.1247356764095 1.0 326.857451101681 36.87505182552776 1.0
0.998802279689695 -0.04892858149045763 -603.7112478174745 615.4577258068056 225.00819430347667 1.0 616.0380568042796 236.85476548119746 1.0 614.8773948093316 213.16162312575585 1.0
0.2621498150636757 0.9650271884574447 -269.960248064517 507.5015688505897 141.88077526050668 1.0 498.1383882800439 144.4242850023409 1.0 516.8647494211356 139.33726551867247 1.0
-0.07057862875136606 0.9975062191102252 -183.18476383086087 44.29351001692156 186.77671924354445 1.0 20.573813632891913 185.09843031349965 1.0 68.0132064009512 188.45500817358928 1.0
-0.999760888247336 0.021867014677312415 608.1405060731113 613.180141737755 223.76246407929233 1.0 612.8929069423236 210.63007639612468 1.0 613.4673765331863 236.89485176245998 1.0
-0.9986688787455641 0.05157975014555355 580.385385424806 592.6520315437557 222.52442811157832 1.0 591.9759484711803 209.43434678853245 1.0 593.328114616331 235.61450943462418 1.0
-0.9997865410020701 0.020660891343692964 550.2964603143147 554.9216037204727 218.1266200828343 1.0 554.6373103102085 204.36957927808058 1.0 555.205897130737 231.88366088758804 1.0
0.05149185816203531 0.9986734143567759 -353.53538807160254 261.24536616331426 340.5351277431097 1.0 224.33957808628477 342.43799967071027 1.0 298.15115424034377 338.6322558155091 1.0
0.08057848741433461 -0.9967482667986024 187.17746076381437 546.2441616736102 231.94721954515143 1.0 553.1749186213409 232.5075113761854 1.0 539.3134047258794 231.38692771411743 1.0
-0.049653590583490496 -0.9987664997096003 341.36434676047435 170.0103848570818 333.33388816368904 1.0 190.64652478009535 332.30796424327434 1.0 149.37424493406823 334.35981208410374 1.0
-0.3859194789299551 0.92253246868738 -300.8078326316354 7.338037450997238 329.1371680967768 1.0 0.37438497495614453 326.2240899925158 1.0 14.30168992703833 332.05024620103785 1.0
-0.9999123165944763 0.013242323159769934 326.99931366418934 328.6668843632782 123.75110074063778 1.0 328.57574177488556 116.86903060833878 1.0 328.75802695167084 130.6331708729368 1.0
-0.08080029473512204 0.9967303107514677 -156.2990773336001 605.0317036879321 205.85891198691633 1.0 579.322325986932 203.77477220177101 1.0 630.7410813889322 207.94305177206164 1.0
0.07237233584052954 -0.9973776842325006 191.86538585015597 565.649320389055 233.41483583770486 1.0 571.9116985157881 233.86925038909627 1.0 559.3869422623219 232.96042128631345 1.0
0.1613309715873287 0.9869003584996251 -259.36531380521524 55.61940383860058 253.71576693466255 1.0 48.016078468369244 254.95870079187472 1.0 63.22272920883192 252.4728330774504 1.0
-0.23979295285724225 -0.9708240519064226 469.01882416187124 153.7821213599017 445.130046310373 1.0 165.70179091365011 442.18589514954925 1.0 141.8624518061533 448.0741974711967 1.0
0.9123089882101824 0.4095025152925355 -212.51304904832799 157.6884252064362 167.64849746220477 1.0 153.89544951537408 176.09866732879698 1.0 161.4814008974983 159.1983275956126 1.0
0.07158691062392797 -0.9974343658744278 192.33469186182637 525.6300639772546 230.55444261880115 1.0 533.1808828899633 231.09637281204016 1.0 518.0792450645458 230.01251242556216 1.0
-0.30993858911688826 0.9507565781924585 -166.00923349305128 8.196846275315863 177.27960692448843 1.0 0.49644776662358225 174.76934225299988 1.0 15.897244784008144 179.789871595977 1.0
-0.015723873755718307 0.9998763722551475 -147.96404445328716 118.75236174748191 149.849817192564 1.0 111.86923531774195 149.74157439972575 1.0 125.63548817722187 149.95805998540226 1.0
0.7640662855468682 0.645137745981904 -257.6102392170772 216.284814736771 143.15439574907606 1.0 211.38312786713414 148.95968880892804 1.0 221.1865016064079 137.34910268922405 1.0
-0.007741107043193585 0.9999700371819876 -180.6710841974352 73.1250574126114 181.24258363295536 1.0 68.12051898936654 181.2038418045049 1.0 78.12959583585626 181.28132546140583 1.0
-0.04419018564970915 -0.9990231366150857 367.2819947753303 316.8694671731082 353.6249174280552 1.0 324.3824132654721 353.29259431117254 1.0 309.35652108074424 353.95724054493786 1.0
0.998885880526701 -0.04719107632166311 -102.43705961896863 110.8493850201384 175.64392653851536 1.0 111.2660225142616 184.46282499594795 1.0 110.43274752601519 166.82502808108276 1.0
0.09761277570851537 -0.9952244701666448 176.47961519883762 585.0287627269918 234.70674566394473 1.0 591.898972620235 235.38058385571196 1.0 578.1585528337484 234.03290747217753 1.0
0.04627745556329919 0.9989286246307024 -364.96125958388706 317.52976329102114 350.6424597679869 1.0 305.65130240348213 351.1927542858627 1.0 329.4082241785601 350.0921652501111 1.0
-0.08362611232773397 -0.9964972018711087 359.09654999750535 291.2222579280952 335.9194226688566 1.0 300.5837787324653 335.13380321214896 1.0 281.8607371237251 336.70504212556426 1.0
0.7889607560146596 0.6144435901437793 -219.01187024601208 142.90118406065284 172.9506918759831 1.0 140.13943719920016 176.49684310399567 1.0 145.66293092210552 169.40454064797052 1.0
-0.20231009185122606 0.9793215134648828 -18.749652729518033 625.5728232639199 148.37757168180843 1.0 612.8414655847018 145.7475037153032 1.0 638.3041809431378 151.00763964831364 1.0
-0.06061960883104932 -0.9981609404425574 359.18204312146514 398.1274305868361 335.66502198115404 1.0 458.1338518399466 332.0207541718948 1.0 338.1210093337257 339.30928979041323 1.0
-0.9976569796017957 0.06841455292423086 46.40981598578289 64.81774194591269 266.8446388709649 1.0 63.885096611548526 253.2443142682165 1.0 65.75038728027684 280.44496347371336 1.0
0.9996346628265782 0.027028519670768893 -53.47003124361999 45.95192365799774 278.7757384905426 1.0 45.32666090090783 301.9007313860119 1.0 46.57718641508764 255.65074559507337 1.0
-0.6334560418260197 -0.7737786783532564 153.361986963063 174.59370852809758 55.26715665277752 1.0 179.73180290088885 51.06084157203165 1.0 169.45561415530628 59.4734717335234 1.0
0.9979853140765116 0.06344535355411299 -116.46096730433348 107.59673453054494 143.1311497462986 1.0 107.2776310545232 148.15059663879396 1.0 107.91583800656667 138.11170285380328 1.0
-0.16143815783001964 0.9868828305307827 -173.41630242050064 20.570004724417576 179.08618999350665 1.0 14.184167942899206 178.04156980728146 1.0 26.955841505935947 180.13081017973184 1.0
0.9998383872319976 0.01797774783776354 -104.53389782849518 101.50564282398534 169.3571208079232 1.0 101.16841252927128 188.1122950953511 1.0 101.84287311869942 150.60194652049532 1.0
-0.17884556043988392 0.9838771597668807 -32.01270826571331 432.62659477350894 111.17856836426388 1.0 424.54152628867934 109.70889444205717 1.0 440.7116632583385 112.64824228647059 1.0
0.9995180491648737 -0.031043024879112473 -350.17902015570616 353.6872682701108 107.52135956746248 1.0 353.8618011282396 113.14093892712323 1.0 353.51273541198196 101.90178020780174 1.0
0.06618582232411474 0.9978073145268483 -357.3903809471536 347.5082968775091 335.12508245384845 1.0 326.8498196829046 336.49538539829746 1.0 368.1667740721136 333.7547795093995 1.0
0.0625847586566671 0.9980396525108042 -355.86727070468385 410.05347456613606 330.85275933869775 1.0 370.6375066430762 333.3244435382962 1.0 449.4694424891959 328.3810751390994 1.0
-0.259741253192506 0.9656782494133263 44.20994189393698 560.0392355512445 104.85412822193307 1.0 554.3234294458945 103.31673143194537 1.0 565.7550416565945 106.39152501192076 1.0
0.06580352748796066 0.9978325990716785 -357.13598618399425 306.80437542646246 337.67906194452553 1.0 299.295813142648 338.17422504612966 1.0 314.31293771027686 337.1838988429214 1.0
0.2639626660858751 0.9645328977867146 -304.08122916803313 556.0677955846566 163.0842158748177 1.0 550.3573484447205 164.64698771500977 1.0 561.7782427245925 161.52144403462557 1.0
0.9998463277141589 0.01753057205314015 -104.42071019752449 100.50277015309082 224.3728569115284 1.0 99.91082011635564 258.13439467685873 1.0 101.094720189826 190.61131914619807 1.0
0.9999989977974346 -0.0014157697999817977 -110.6259821063004 110.94463960685732 224.9986626064324 1.0 111.00392365506303 266.8726938167714 1.0 110.8853555586516 183.12463139609338 1.0
-0.3253267196953772 -0.9456016737782592 245.39411484572108 414.03107903093473 117.06699038543377 1.0 421.1397885517587 114.62129552912445 1.0 406.9223695101107 119.5126852417431 1.0
0.8985044427916593 -0.43896442484972514 -57.63443043166761 221.6151068113534 322.32162703508004 1.0 224.9288412969302 329.10442078548925 1.0 218.3013723257766 315.5388332846709 1.0
-0.34751475933359316 0.9376745128483096 69.1355807246334 314.83305332947657 42.950460401321735 1.0 309.2763854379735 40.891084702662006 1.0 320.3897212209797 45.00983609998146 1.0
-0.12590374745500443 0.9920424619827453 -73.2440047160306 187.56209688885235 97.63571551289154 1.0 179.4097650575433 96.60107317912782 1.0 195.71442872016138 98.67035784665525 1.0
0.997105655094924 -0.07602836692789418 -578.2199655261965 601.6271801165772 284.97124037141447 1.0 602.3414957614204 294.3394301376305 1.0 600.9128644717339 275.60305060519846 1.0
0.7855978672167441 -0.6187374168615495 22.295374945108613 206.6607641654013 298.4264818627371 1.0 209.9837213657125 302.64557063654746 1.0 203.3378069650901 294.20739308892666 1.0
0.8823148026744442 -0.47065973800778477 -51.49914342898238 212.43816673772403 288.82478095988097 1.0 218.35600815675068 299.9185683868411 1.0 206.52032531869742 277.73099353292076 1.0
0.08222200961603394 0.9966140381986903 -266.8151566289916 94.93928167781972 259.8890324343406 1.0 90.49142917406509 260.2559862974383 1.0 99.38713418157435 259.5220785712429 1.0
-0.9998899557375525 0.014834972704915657 398.33058893507825 401.6476662826985 220.6190999822874 1.0 401.1469035031456 186.86725672367308 1.0 402.14842906225135 254.3709432409017 1.0
-0.00903039131336348 0.9999592251850709 -328.6803787048285 179.37216751991497 330.31364804612724 1.0 170.61723730019057 330.23458437651544 1.0 188.12709773963934 330.39271171573904 1.0
-0.9998620690054046 -0.016608520832137413 170.7011487412639 167.8490262912457 173.120415852613 1.0 167.97391781996853 165.60172688734184 1.0 167.72413476252285 180.6391048178842 1.0
-0.6622388241700432 -0.7492928264449611 364.3525962205334 198.42897157500468 310.8867710753966 1.0 201.11386601240548 308.5138118363752 1.0 195.74407713760388 313.25973031441794 1.0
0.03875955999518969 -0.9992485659279073 212.49308931557027 606.2531550722848 236.16866002977255 1.0 611.8939111368611 236.38745766487364 1.0 600.6123990077085 235.94986239467147 1.0
0.9997937662750667 0.020308247524524 -105.01840860189314 102.57741439634202 121.23887720212402 1.0 102.03122727207227 148.12817335656447 1.0 103.12360152061179 94.34958104768356 1.0
0.999988027744678 -0.004893298203543798 -193.19125505664397 194.00709739478788 166.25180027871056 1.0 194.06520461527217 178.12651593934876 1.0 193.94899017430362 154.37708461807233 1.0
-0.1551269550392861 0.9878945428638825 -61.30721994583863 253.13555268394347 101.8077973731083 1.0 246.84439366964898 100.81991020579359 1.0 259.42671169823797 102.79568454042301 1.0
0.021216964507345837 -0.9997748948723879 259.6462318505902 548.7346185451852 271.34979700689746 1.0 556.8559609985741 271.52214603813366 1.0 540.6132760917964 271.1774479756612 1.0
-0.7332714467742842 -0.6799360156261381 510.97785943046426 410.8985005587093 308.3786071477737 1.0 415.7029538148976 303.19728374504086 1.0 406.09404730252095 313.5599305505066 1.0
-0.9993697188933239 -0.03549880222033786 123.13167763823773 114.59595524945578 242.48564784942292 1.0 114.92933436501761 233.1002891284168 1.0 114.26257613389397 251.87100657042905 1.0
0.1574310001039229 -0.9875299895224846 -10.32463979902479 93.82920880802756 4.503140592958721 1.0 102.04433677323446 5.812787717872472 1.0 85.61408084282066 3.193493468044971 1.0
0.015261861706313665 -0.9998835310061155 258.00664113259285 548.1322015880802 266.40318670113015 1.0 556.899238604597 266.5370035931691 1.0 539.3651645715634 266.26936980909113 1.0
-0.172681090673106 0.9849777870205736 -65.07867602672097 123.70468768173828 87.75846273493066 1.0 113.0775987996373 85.89537777705343 1.0 134.33177656383927 89.6215476928079 1.0
0.9983261885908454 -0.05783442896472495 -408.2715244551007 421.7737008916665 221.25586839867776 1.0 422.2470001215648 229.42586375793874 1.0 421.30040166176826 213.08587303941678 1.0
0.20401818894713986 -0.9789670978019278 14.856772572702662 434.9589341867231 105.822051450412 1.0 464.35954052205074 111.94918123030881 1.0 405.5583278513956 99.6949216705152 1.0
0.9970762534264465 0.07641298877207206 -440.0822767893384 419.2445550071397 288.74000307976394 1.0 418.42774207514486 299.3982012613974 1.0 420.0613679391345 278.08180489813043 1.0
-0.2911846565490756 0.956666867718537 -216.96807990899194 269.5388977779437 308.83652528876445 1.0 263.4706175376181 306.9894977003243 1.0 275.60717801826934 310.6835528772046 1.0
0.9999077064379254 0.013585970927680316 -120.87071845281966 117.84178577603353 223.74615190463243 1.0 117.6634863650144 236.86872931042805 1.0 118.02008518705267 210.62357449883683 1.0
-0.06455508011638351 -0.997914145420921 359.3898363448247 621.8693268584218 319.91230266898356 1.0 638.1723955866913 318.85765692342954 1.0 605.5662581301524 320.96694841453757 1.0
0.04657120173118723 0.9989149729427991 -347.25771935689266 213.13424105927908 337.69821331931735 1.0 205.62143221631095 338.04847389771567 1.0 220.64704990224718 337.34795274091897 1.0
0.9997579508717818 0.022000901541896243 -427.5637371019142 422.22054478719747 247.50760413741625 1.0 421.98684178961713 258.12746121593676 1.0 422.45424778477786 236.88774705889574 1.0
-0.07789400698507884 -0.9969616460405127 367.085790446058 496.8756203136569 329.38293936463674 1.0 534.4393049668267 326.44803617515095 1.0 459.3119356604871 332.31784255412254 1.0
0.05850578340187001 0.9982870695889702 -277.4223026684454 192.44840657243628 266.619658799219 1.0 163.06444460574886 268.3417403193369 1.0 221.83236853912368 264.89757727910114 1.0
0.06031438911572859 0.9981794299952271 -355.02044073991516 494.3852738160457 325.7950276168716 1.0 454.3802753810517 328.2123054826296 1.0 534.3902722510396 323.3777497511137 1.0
-0.14203347252199533 0.9898618553532323 -72.93362889641823 527.5006148617122 149.37071489632365 1.0 521.9890908403684 148.57987636526366 1.0 533.012138883056 150.1615534273836 1.0
0.9998057813640356 0.019707855059594163 -615.0904090572443 612.0313245897191 161.25308142082577 1.0 611.7727092297415 174.37298367671823 1.0 612.2899399496968 148.13317916493332 1.0
-0.9999925911708993 -0.0038493640137861355 200.50006176455392 199.85918195387816 166.8744579360647 1.0 199.90249623919343 155.62221879941788 1.0 199.8158676685629 178.1266970727115 1.0
0.9996444938997497 -0.02666244204706412 -510.16842891126277 516.05112664891 213.75530433492156 1.0 516.4347073012226 228.1367434534342 1.0 515.6675459965975 199.3738652164089 1.0
0.999933579211663 0.011525500637838918 -120.81591759851602 118.61235877509162 191.87341351059865 1.0 118.42499880640726 208.1284578661088 1.0 118.79971874377597 175.61836915508852 1.0
-0.8951774023585679 0.44571001593700654 58.12973786987943 208.8385527250294 289.01709780971515 1.0 204.85179744042233 281.0099785799372 1.0 212.82530800963647 297.0242170394931 1.0
0.9734127519666609 0.22905810247335026 -472.8937247353812 422.041050159448 270.9949309214909 1.0 420.4425601060763 277.7879261704797 1.0 423.63954021281967 264.2019356725021 1.0
0.0029478630752839694 -0.9999956550422053 265.77789854252256 615.6247233754048 267.5938386167275 1.0 630.626435433371 267.6380618019171 1.0 600.6230113174386 267.5496154315379 1.0
0.45876354443857603 0.888558388792855 -524.6628900516001 350.65038424514506 409.42416559792133 1.0 339.2203654050656 415.3254952372693 1.0 362.08040308522453 403.52283595857335 1.0
-0.12263807391925197 0.9924514611936323 -316.7360512485012 153.20813955876176 338.07719118998523 1.0 144.36152977967885 336.98400807076536 1.0 162.05474933784467 339.17037430920504 1.0
0.04099518578006826 0.9991593440201907 -338.34236327108545 268.7541086164789 327.6001376739183 1.0 255.62556610864635 328.13879754068654 1.0 281.8826511243114 327.06147780715014 1.0
0.9999892810910329 -0.004630086720478922 -322.8468788132386 323.41753824694104 122.50153934324798 1.0 323.44938315050604 129.37928573222146 1.0 323.385693343376 115.6237929542745 1.0
-0.15973186875762035 0.9871604378738029 -100.33060924727064 311.0333856251801 151.9637005533721 1.0 301.3062782248182 150.38976283964809 1.0 320.76049302554196 153.5376382670961 1.0
-0.4607715706995181 -0.887518765793208 527.6483321857831 353.1002468213618 411.2023214713073 1.0 363.27744913124934 405.9186410868564 1.0 342.9230445114743 416.48600185575816 1.0
-0.02699592703949052 -0.9996355435473864 352.013546687184 118.13044661707605 348.95168346185505 1.0 139.38182634557052 348.37777360006373 1.0 96.87906688858158 349.5255933236463 1.0
0.0661548833205631 0.9978093662683483 -357.77008682570937 586.8928666693033 319.64448169326454 1.0 535.6196233261389 323.04390401330085 1.0 638.1661100124677 316.2450593732283 1.0
-0.2037398639344772 0.9790250598651501 -12.441830107763058 435.70198140163086 103.38008357871271 1.0 401.9816098885603 96.36271069875875 1.0 469.42235291470143 110.3974564586667 1.0
0.1605478133689665 0.9870280642527058 -439.72030717194957 96.73504687208748 429.7645855101922 1.0 86.99280287586305 431.349237484688 1.0 106.47729086831191 428.1799335356965 1.0
0.05585640416489559 0.9984388124035283 -339.69419456314466 418.08785061125604 316.8359509597235 1.0 414.31469462717973 317.04703542780067 1.0 421.8610065953324 316.6248664916464 1.0
0.7510487827985762 0.6602467159000317 -401.35876987837935 278.2575384473944 291.36651450162344 1.0 270.9590908783403 299.6686991714632 1.0 285.55598601644846 283.06432983178365 1.0
0.09076977094737325 0.9958719037517633 -436.22931165848746 124.35929705499603 426.7027166332757 1.0 115.45540196753593 427.5142713267894 1.0 133.26319214245612 425.89116193976196 1.0
0.06519067842143822 0.9978728252873471 -278.24384072503585 138.07219847914942 269.8167678406411 1.0 119.32056768144557 271.04180524243486 1.0 156.82382927685327 268.59173043884726 1.0
0.9980601076164899 -0.06225770301384825 -318.627409654156 325.44871620684273 99.4249830501625 1.0 326.22785034245754 111.91536836146172 1.0 324.6695820712279 86.93459773886329 1.0
0.9822005805920133 -0.18783508587245307 -157.76836915093713 214.54942447467033 281.9611676262106 1.0 216.22988090219957 290.7483719502184 1.0 212.8689680471411 273.1739633022028 1.0
0.9934110272431725 0.11460598130841433 -438.30093752090613 419.44834955509486 188.6142543970248 1.0 417.9212208789558 201.85149079233372 1.0 420.975478231234 175.3770180017159 1.0
0.7855342720412356 -0.6188181537807742 79.13141829406321 140.92721787408794 306.76956814817936 1.0 143.16429416291692 309.60933631482 1.0 138.690141585259 303.92979998153874 1.0
-0.12090584162641056 0.9926639801365863 -355.36708338956396 243.80317741233875 387.6884015604583 1.0 231.9517452125307 386.24490465388277 1.0 255.65460961214677 389.13189846703386 1.0
-0.9941545323191007 0.10796650346005589 379.415674469216 407.5742685631447 238.74193433533816 1.0 406.1436351497504 225.56867553346115 1.0 409.004901976539 251.91519313721514 1.0
0.9993260566243348 -0.03670739096771343 -204.24985285555547 210.35609184911016 162.48691998208287 1.0 210.6549805441059 170.6238987502661 1.0 210.05720315411443 154.34994121389963 1.0
0.1549470291245996 -0.9879227794546801 69.6416007748846 124.37498646207113 90.00008631613258 1.0 134.42191758062765 91.57585940388253 1.0 114.32805534351462 88.42431322838262 1.0
-0.7489911398504017 -0.662580012093329 397.32598518432326 275.6095979549184 288.11137488926977 1.0 282.07542384632745 280.8023009418375 1.0 269.14377206350935 295.420448836702 1.0
-0.8659921185284969 -0.5000576473233117 462.6840799959374 411.921644197721 211.90193418020166 1.0 414.7120182312968 207.06960747995456 1.0 409.13127016414523 216.73426088044877 1.0
-0.9999493343500854 -0.010066217403816517 405.8827484035983 403.1537725737809 273.1315813503087 1.0 403.3425679178458 254.37719019692886 1.0 402.96497722971594 291.88597250368855 1.0
0.24085476947456755 -0.9705611675836577 -30.797115228824378 576.8338017873134 111.41601450531628 1.0 590.51666365723 114.81155787909033 1.0 563.150939917397 108.02047113154224 1.0
0.15723229551294043 -0.9875616463025138 62.86579161599729 247.5096713615625 103.06425506388166 1.0 258.0660958980805 104.74497126878924 1.0 236.95324682504452 101.38353885897406 1.0
0.7728211101329681 -0.6346239293730159 24.225214228762525 348.3182084779545 462.34134138954016 1.0 353.0907317157031 468.15314037161795 1.0 343.54568524020584 456.52954240746243 1.0
-0.2361652762279949 0.9717129011720256 30.172145219234167 579.2864349206423 109.73940509620928 1.0 566.6230422203919 106.66169188335489 1.0 591.9498276208927 112.81711830906367 1.0
-0.2615164326727379 0.9651990237469812 45.082845224165105 531.317770723568 97.24987332322482 1.0 519.4661138604755 94.0387189935559 1.0 543.1694275866605 100.46102765289372 1.0
0.0928981867726828 0.995675613286952 -417.9852511152825 26.236260838013777 417.3527447196558 1.0 15.645145077831245 418.34091339315825 1.0 36.82737659819631 416.3645760461533 1.0
0.21842422769608327 0.9758539115848077 -441.4763096456219 110.2549579423297 427.7217631167231 1.0 105.22706598732522 428.8471502306894 1.0 115.28284989733419 426.5963760027567 1.0
-0.9545064797694667 -0.29819017434868744 340.54032841399794 268.66040476345347 282.04226176631073 1.0 271.84008947494044 271.86409386601895 1.0 265.4807200519665 292.2204296666025 1.0
-0.5008109913767594 0.8655566711176267 -233.69538831023996 278.93472828022 431.3859260394074 1.0 266.31877168460323 424.08633498933926 1.0 291.55068487583674 438.6855170894755 1.0
-0.8221378916713902 0.5692884041310884 26.284029560811515 353.3062492624995 464.05727466978817 1.0 349.25566980970285 458.2076300481794 1.0 357.35682871529605 469.9069192913969 1.0
-0.4236492455273448 0.905826317107265 -171.5471122471277 514.3934810378107 429.9604847392195 1.0 503.4836984424963 424.85804834707284 1.0 525.3032636331252 435.06292113136624 1.0
-0.06433043170247905 -0.9979286525383327 359.23606908751117 569.9670835177873 323.239381621241 1.0 604.4004420557646 321.01967100958564 1.0 535.5337249798099 325.45909223289647 1.0
-0.19303308020177476 0.9811922492293828 -302.8195250978626 128.22813175236448 333.8507785765854 1.0 116.92382026010442 331.6268453273928 1.0 139.53244324462455 336.07471182577797 1.0
0.06823402572081812 0.9976693428856731 -477.8601354586826 74.3845103632236 473.889053759875 1.0 65.63270246079962 474.4876198978205 1.0 83.13631826564756 473.29048762192957 1.0
-0.9999989081393967 -0.0014777415248990737 182.0775151780107 181.75445793320148 218.7498218697879 1.0 181.80894959243477 181.87490239446342 1.0 181.6999662739682 255.62474134511237 1.0
0.2652672150474658 -0.964174934657068 -45.21706243258121 496.1840391185907 89.61475005170283 1.0 510.5066328715235 93.5552326555656 1.0 481.86144536565797 85.67426744784005 1.0
-0.9999977601277811 0.0021165394919115945 225.2304311643005 225.84076399329211 288.1245433259644 1.0 225.76403960856354 251.87470571651835 1.0 225.91748837802072 324.3743809354104 1.0
-0.9999990328716559 -0.0013907752345301034 147.15956226227212 146.85286454453734 220.62496921452697 1.0 146.90501856539254 183.12504174911768 1.0 146.80071052368214 258.1248966799362 1.0
-0.9999969119517975 -0.0024851734082099197 162.9911229809056 162.44488680912505 219.99986303374064 1.0 162.56138281295472 173.12359930922895 1.0 162.32839080529538 266.8761267582523 1.0
0.18686087527796247 -0.9823863869630695 305.1041424630148 398.2301288670866 386.32230448388884 1.0 415.8074675251518 389.6657108363088 1.0 380.65279020902136 382.97889813146884 1.0
0.9434750975902837 0.3314434193448477 -351.0903677502724 273.4952405425695 280.75506574494943 1.0 271.2661748644268 287.10024514956075 1.0 275.72430622071226 274.4098863403381 1.0
-0.3249041459616881 0.9457469513230831 38.61711675200161 454.48572300437286 115.30270203880595 1.0 447.74320075908406 112.9863599890975 1.0 461.2282452496616 117.6190440885144 1.0
0.298513611940151 -0.954405376916143 -49.33845529971835 443.6864187263323 87.07828154908978 1.0 451.79965440795553 89.61589433546017 1.0 435.5731830447091 84.54066876271938 1.0
0.9996744424910816 -0.025514878603377117 -152.08498494762136 156.9691273029678 189.42045354841682 1.0 157.35131900296983 204.39474680543773 1.0 156.58693560296575 174.4461602913959 1.0
0.023089761637752254 0.9997333959148867 -347.64455984058634 210.63360303033102 342.8724913605846 1.0 198.0969854830878 343.16203606529524 1.0 223.17022057757427 342.582946655874 1.0
-0.013862070873752902 -0.9999039168795626 346.9586868904992 433.76356655799873 340.97858787514537 1.0 450.6439868703251 340.74456780701877 1.0 416.8831462456723 341.21260794327196 1.0
-0.29485169095639713 0.9555430290364496 -385.3203652589606 219.6384239988369 471.02130652124447 1.0 199.61627765520262 464.84307746551053 1.0 239.66057034247117 477.1995355769784 1.0
-0.06207864610696264 -0.9980712608313729 359.4459220966386 326.24059726541464 339.8488272578194 1.0 336.9408240445584 339.18328801472626 1.0 315.5403704862709 340.5143665009125 1.0
-0.18989703099134442 0.981804011817365 -302.9793581042778 54.91005222493961 319.21504722031364 1.0 20.492858597069883 312.55819635566013 1.0 89.32724585280934 325.8718980849671 1.0
-0.0842203321108108 0.9964471564810372 -324.82289899281386 179.952184235206 341.1907289833674 1.0 162.88217553177154 339.7479612532504 1.0 197.0221929386405 342.6334967134844 1.0
-0.04445923597226891 -0.9990111993049738 355.8360039309247 280.6505157368151 343.6983455890404 1.0 305.71213833185624 342.5830221636613 1.0 255.58889314177395 344.8136690144195 1.0
0.20295308360325226 -0.979188462889515 -28.471292069360167 190.5387946906539 10.41591506200767 1.0 236.7468466674797 19.993301838320523 1.0 144.33074271382813 0.8385282856948173 1.0
0.9999972293110161 0.002354011531646265 -290.8750123163827 290.1490178062752 308.7488795293226 1.0 290.10340895921786 328.12377216527324 1.0 290.1946266533326 289.37398689337203 1.0
0.7830630880395097 0.6219422804007031 -613.8213792287054 408.1072362201107 473.1108912443433 1.0 403.738075005996 478.61193045695774 1.0 412.47639743422536 467.6098520317289 1.0
-0.9998736191294625 -0.015897980027362216 228.8193183771067 226.55260293455927 144.3798113834767 1.0 226.67198068186593 136.87177199497705 1.0 226.43322518725265 151.8878507719763 1.0
0.25252154177400543 -0.967591272666346 312.9538820690762 569.3368179531933 472.02130282629764 1.0 579.3099907625461 474.62409704875523 1.0 559.3636451438406 469.41850860384005 1.0
0.0 -1.0 475.6249999999997 7.5 475.6249999999998 1.0 14.375 475.6249999999998 1.0 0.625 475.6249999999998 1.0
0.9999999650060492 0.00026455226435143125 -157.65824741351926 157.59575244926276 236.25002533152815 1.0 157.5876504927081 266.8751885333081 1.0 157.60385440581746 205.62486212974818 1.0
0.2581935432719863 -0.9660932119690402 -41.06528235063256 544.9943620216815 103.14609585125045 1.0 555.5346555965142 105.96304530446763 1.0 534.4540684468487 100.32914639803327 1.0
-0.26112771057415907 -0.9653042622770803 561.5125038449462 567.513484845635 428.17484909084953 1.0 578.0441599626092 425.32616066010644 1.0 556.982809728661 431.02353752159263 1.0
0.1652618982275119 -0.9862497173607908 305.4671581345469 116.27762300607984 329.21015146424486 1.0 126.81617524716538 330.97605427493687 1.0 105.73907076499431 327.4442486535529 1.0
-0.999945417314081 -0.010448080807888343 169.68918302198898 167.40628301025419 219.3740207838698 1.0 167.79813288138362 181.87158467951386 1.0 167.01443313912478 256.87645688822573 1.0
-0.9983307612416269 0.05775544267611272 389.57089429184975 400.6016429459744 179.41250875974293 1.0 400.23918916992085 173.14731993257698 1.0 400.9640967220279 185.67769758690892 1.0
0.1954757267957666 0.980708539900447 -540.1792501315439 485.7946324994334 453.9760521667625 1.0 470.88853210939874 456.94714978535615 1.0 500.70073288946804 451.0049545481688 1.0
-0.024191865308220463 0.9997073339997606 -473.35739829478024 33.09664177694569 474.29687836511965 1.0 0.6156622832261505 473.5108728470374 1.0 65.57762127066522 475.08288388320193 1.0
0.11886913114633055 0.9929099302859834 -487.14277461122197 596.8501753640626 419.1676406351236 1.0 584.231732891507 420.67829456996805 1.0 609.4686178366183 417.65698670027916 1.0
0.999954193202793 -0.009571389457729104 -213.5794087238771 215.5933541917044 209.38128530067647 1.0 216.10785006637755 263.1323430271477 1.0 215.0788583170313 155.6302275742052 1.0
-0.4502049928256737 -0.8929252289160807 132.6974814964446 220.8208882281993 37.27391053370863 1.0 227.8099297822314 33.750097675927826 1.0 213.8318466741672 40.79772339148944 1.0
-0.9999920563477206 -0.00398588026129628 200.59808679892842 199.73522992136907 216.87643584473895 1.0 199.87971693307736 180.62701175724177 1.0 199.59074290966078 253.12585993223612 1.0
0.18479235182206608 -0.9827775876097652 -12.591602192332584 160.5314400890474 17.372577863349655 1.0 201.73489965374844 25.120092959501665 1.0 119.32798052434634 9.625062767197647 1.0
0.9999844640709119 0.005574192032145955 -234.56690860395108 233.3720947116651 214.99789345062564 1.0 233.17349778589337 250.62527034017168 1.0 233.57069163743682 179.3705165610796 1.0
-0.9815214104595491 0.19135234727982117 154.18683919492065 211.9190094827705 281.241420138429 1.0 210.58200190440536 274.38338268674823 1.0 213.2560170611356 288.09945759010975 1.0
0.04834924353289693 0.9988304914497739 -204.26646098317332 439.32005786545744 183.23996922730305 1.0 435.5184581771717 183.42398890903775 1.0 443.12165755374315 183.05594954556832 1.0
-0.9997741202965358 -0.021253432317816682 64.53365534191423 58.5423133044676 282.5221577402542 1.0 58.92772706993714 264.3920645599883 1.0 58.15689953899805 300.65225092052015 1.0
0.9999396213613484 -0.010988795735808294 -356.5133359046811 359.04866573174434 228.74671782510734 1.0 359.31657692629165 253.1256420379886 1.0 358.780754537197 204.36779361222605 1.0
0.292922285229436 -0.9561362532693576 278.56041420300403 553.0773147247155 460.78065091065343 1.0 561.7767184451011 463.44580371622425 1.0 544.3779110043298 458.11549810508257 1.0
0.36173962972212625 -0.9322791643539499 -24.10180863441189 290.4008323649689 86.8277271780328 1.0 295.8004368155084 88.9228624006865 1.0 285.00122791442936 84.7325919553791 1.0
-0.9986327982479963 -0.05227364788664029 25.554541138827833 10.540509563655547 287.4955773299986 1.0 11.033320662081637 278.0809421146381 1.0 10.047698465229455 296.910212545359 1.0
0.9998555475896257 -0.0169965865469999 -382.11849997093697 385.764893707395 211.25824634229076 1.0 386.47670351011016 253.13177065879975 1.0 385.0530839046798 169.38472202578177 1.0
-0.03795998666402995 -0.9992792599731402 352.83446291443755 48.101702018447774 351.2616913081283 1.0 95.6280879589955 349.45628910600396 1.0 0.5753160779000499 353.06709351025273 1.0
-0.14960821577298958 -0.9887453573965456 404.054959857771 67.54670168262206 398.4336466317147 1.0 74.45272671828037 397.3886879111105 1.0 60.640676646963755 399.4786053523189 1.0
-0.639423696676114 0.7688545611031081 -128.68531434866753 337.84060330279726 448.34045245860636 1.0 331.011150097534 442.6606861728728 1.0 344.6700565080605 454.02021874434 1.0
-0.9999925921664523 0.0038491053790981828 225.73807231561338 226.5239922694144 203.74653965838638 1.0 226.343566791341 156.87223414020914 1.0 226.70441774748784 250.6208451765636 1.0
-0.2195863685881582 0.9755930641052474 -333.273632184999 571.2096828203073 470.17912387333195 1.0 561.8850526856486 468.08033725313874 1.0 580.534312954966 472.2779104935252 1.0
-0.10756996847612332 -0.9941975165338354 483.1111747568707 602.512471485511 420.74026562755574 1.0 613.1482086873984 419.5895024275871 1.0 591.8767342836236 421.8910288275244 1.0
-0.11953567706649228 -0.9928299058289166 511.5999874067015 470.6109892338422 458.63363049437305 1.0 494.39250136355423 455.7703614314647 1.0 446.82947710413015 461.4968995572814 1.0
0.2567101248725982 0.9664884436908158 -556.96403166924 568.2181866500423 425.35083859827085 1.0 553.1212182335523 429.3607620202157 1.0 583.3151550665324 421.340915176326 1.0
0.18778776216230064 0.9822096295506756 -533.0960305306027 379.30019312114047 470.2337283008944 1.0 365.573959100118 472.85803444916854 1.0 393.02642714216296 467.60942215262037 1.0
0.1453828907169984 0.9893754671947194 -401.2996121923956 73.19529821527826 394.853401063845 1.0 62.00328246377053 396.4980017810206 1.0 84.38731396678598 393.2088003466694 1.0
-0.1335967659425596 -0.991035773385446 482.4447503277432 80.66669840389972 475.93432343059465 1.0 96.95766478165136 473.7382166092316 1.0 64.37573202614809 478.1304302519577 1.0
0.9999914093224216 0.004145030923551605 -234.1040017777378 233.5360699344534 137.499113245645 1.0 233.47129364435682 153.12643541019563 1.0 233.60084622455 121.87179108109437 1.0
-0.1981806813812559 -0.9801655051710713 543.0814465819777 505.01742302195635 451.96117108891985 1.0 511.86521572705783 450.57660877052064 1.0 498.1696303168549 453.3457334073191 1.0
-0.05756990418095664 0.9983414777182181 -318.14310207055604 479.37126151247264 346.31483052587186 1.0 461.8933401406447 345.30695668599276 1.0 496.84918288430066 347.32270436575095 1.0
0.018344706020496086 0.9998317217217213 -359.06616288799717 521.2649082275435 349.56253516933134 1.0 510.6549473519608 349.7572045411096 1.0 531.8748691031262 349.3678657975531 1.0
-0.22178714259978147 0.9750951047858994 -302.83756171105495 489.37358116349196 421.8812379654529 1.0 476.94779147864045 419.05496966072775 1.0 501.79937084834353 424.7075062701781 1.0
0.9999989677003177 0.0014368710097998976 -517.971448035772 517.5579837313026 288.12508331522855 1.0 517.5436137456635 298.1259607126996 1.0 517.5723537169417 278.1242059177575 1.0
-0.34242036134929815 0.939546856805671 -354.31489238066035 151.33493515644346 432.26695147755134 1.0 144.26066570111377 429.6887150802608 1.0 158.4092046117732 434.8451878748419 1.0
0.10478459608208444 -0.9944949413767344 292.2252312584023 475.6034386128505 343.9546359030903 1.0 481.8499446347111 344.61279672743683 1.0 469.35693259098986 343.29647507874375 1.0
-0.06047752287366804 0.9981695593570589 -444.62330414345234 157.50112702956733 454.9813985997913 1.0 151.85897137619145 454.6395492672955 1.0 163.1432826829432 455.3232479322871 1.0
-0.20660838229414583 -0.9784237202591708 540.6965511809268 381.17188087661793 472.13005565178855 1.0 396.76161657621157 468.83805648354155 1.0 365.58214517702436 475.42205482003556 1.0
-0.04288292688494538 0.9990801041867365 -324.8619406549752 436.24417513938283 343.88570674333494 1.0 419.3734301689028 343.1615736933103 1.0 453.1149201098629 344.6098397933595 1.0
-0.011991302421781886 0.9999281017484354 -262.5230944483333 361.87492043940995 266.8816343810672 1.0 333.12905444025586 266.53690922335926 1.0 390.6207864385641 267.2263595387752 1.0
-0.9998750336342429 0.015808767027243677 463.800545816898 468.4634630094929 291.25453036267055 1.0 468.0977747587123 268.12543045128865 1.0 468.8291512602735 314.38363027405245 1.0
-0.9995982819252103 -0.028342102465549496 601.7106310204152 593.9424298471904 282.5054560582437 1.0 594.3147725536386 269.3732923415467 1.0 593.5700871407422 295.6376197749407 1.0
0.20440706411034013 -0.978885975046017 -7.813645213746366 622.4738309928437 122.00032088456746 1.0 638.1963254010265 125.28342944306613 1.0 606.7513365846609 118.7172123260688 1.0
0.15557490670822158 0.9878240979054562 -523.5687012982712 448.74576321886366 459.34809852473893 1.0 429.45550542637136 462.38616984007524 1.0 468.03602101135596 456.3100272094026 1.0
-0.0705974159522405 -0.9975048896425854 370.2264080352031 570.0131188922014 330.8103631459621 1.0 590.6233505769675 329.35169450761305 1.0 549.4028872074355 332.26903178431115 1.0
0.9999920923331077 -0.003976841869254762 -232.8838999991332 233.5468900985484 166.24832219652433 1.0 233.5891437092791 176.87315415926727 1.0 233.5046364878177 155.6234902337814 1.0
-0.31986465650124396 0.9474632454725308 72.39885548412722 360.52376596437534 45.299862851352074 1.0 344.23164615837504 39.79962489454947 1.0 376.81588577037564 50.80010080815468 1.0
-0.2005454240747123 0.979684404735879 7.997939630975911 620.5993219386876 118.87543989137424 1.0 603.1891725369682 115.31151075450772 1.0 638.0094713404071 122.43936902824076 1.0
-0.9999799886178056 -0.006326323097467301 124.46871498767086 123.03982497832752 226.25341517557132 1.0 123.25731299695804 191.87583707151967 1.0 122.82233695969701 260.630993279623 1.0
-0.004708846917239876 0.9999889133188977 -264.220486437055 286.875238824258 265.57428235840234 1.0 254.37595945453498 265.4212465302703 1.0 319.3745181939811 265.72731818653443 1.0
0.20135919205789576 -0.979517470887473 340.1426678382372 594.9616664019036 469.5614748694792 1.0 626.7769956080963 476.10174512949874 1.0 563.1463371957109 463.0212046094596 1.0
-0.3117645971627565 0.9501593739767787 72.49590862670448 481.89328253481415 81.81928064638566 1.0 461.98581297526846 75.28727728174457 1.0 501.80075209435984 88.35128401102676 1.0
0.0 1.0 -430.62500000000006 46.25 430.62500000000006 1.0 30.625 430.62500000000006 1.0 61.875 430.62500000000006 1.0
0.1524769862543887 -0.9883070214577953 69.94456517662942 188.76617869468703 99.89513487936782 1.0 195.76389162197975 100.97474896149092 1.0 181.76846576739428 98.81552079724472 1.0
0.14167707735135676 -0.98991292836955 27.370836910952633 461.8744899656433 93.75356366472968 1.0 471.93673096790707 95.19367910917968 1.0 451.81224896337955 92.31344822027968 1.0
0.014317437158549518 -0.9998975002435055 476.3714526100836 39.364490754762166 476.9839419706469 1.0 63.11856974686638 477.32407436736344 1.0 15.610411762657952 476.6438095739304 1.0
0.20691032445390295 -0.9783599121153629 -38.78564000926233 218.07701231027102 6.476906182810197 1.0 245.5383698587392 12.284624109450055 1.0 190.61565476180283 0.6691882561703377 1.0
0.09221809629768142 -0.9957388325837411 298.2529781173137 494.346098642689 345.3120667737056 1.0 501.83970802527233 346.00607043113774 1.0 486.8524892601057 344.61806311627356 1.0
-0.18137481828422533 0.9834140406219368 13.973269588644046 199.363842022001 22.560498542923174 1.0 161.8712029659901 15.645587513709694 1.0 236.85648107801188 29.475409572136655 1.0
0.26635785941544193 -0.9638742089752291 -33.32282524660206 492.42910702936433 101.50654172977401 1.0 511.8736554368593 106.87986559599378 1.0 472.9845586218694 96.13321786355425 1.0
-0.2808255387857497 0.9597588326062404 -338.7322575200427 299.23163383130276 440.4899730533733 1.0 292.96916849288397 438.6575750143651 1.0 305.49409916972155 442.3223710923816 1.0
0.17962632060068365 0.9837349159948834 -522.9725937204024 538.7713266749597 433.2417968855002 1.0 526.8377191451922 435.4208290385847 1.0 550.7049342047274 431.06276473241564 1.0
0.043714463181998814 -0.9990440659494002 318.52483760365584 30.61759075105669 320.1693299116847 1.0 51.854278394265606 321.09856860267723 1.0 9.380903107847773 319.2400912206922 1.0
-0.4604047523987669 -0.8877091099952901 204.1327622040126 269.47509757650846 90.19299872577788 1.0 277.17339008810234 86.2003276832193 1.0 261.77680506491464 94.18566976833647 1.0
-0.3339461943388114 0.942592138353925 83.17951880365997 424.85816462590674 62.27534266246235 1.0 389.2713785711085 49.6674804830654 1.0 460.44495068070495 74.8832048418593 1.0
-0.352280117272391 0.9358946089034546 90.8159389017104 355.64171072442593 36.83060499689225 1.0 331.95426685121316 27.914413551665767 1.0 379.32915459763865 45.74679644211873 1.0
0.03639026044188441 -0.9993376551221174 71.32669516555134 408.74969645548646 86.25833584202744 1.0 411.89328701940155 86.37280774124707 1.0 405.60610589157136 86.14386394280781 1.0
-0.9999741245551784 -0.007193762583274673 135.20514701039943 133.58551942441113 225.6238167351721 1.0 133.82833497319825 191.87106731982473 1.0 133.34270387562404 259.3765661505195 1.0
-0.07055281466190248 -0.9975080452524097 370.433886418805 520.014440056101 334.57916013455633 1.0 548.175384753857 332.5873627536519 1.0 491.85349535834507 336.5709575154608 1.0
-0.21258428275245164 -0.9771427340601913 138.57637157918646 230.1100574476128 91.75587858082291 1.0 240.90403283679242 89.40757322463222 1.0 219.31608205843318 94.1041839370136 1.0
0.3048693670457204 -0.9523941773431533 -64.35449552338983 414.9205296187777 65.24826085047748 1.0 440.52294646930466 73.44380929643202 1.0 389.3181127682508 57.05271240452294 1.0
0.03841416369944164 -0.9992619036205035 325.87199659759216 517.4853476519962 346.0061493404696 1.0 529.3428243323201 346.4619808383081 1.0 505.62787097167234 345.5503178426311 1.0
0.9991830761819311 0.04041262515122213 -27.534954914361684 15.92986193766059 287.48705180279933 1.0 15.499807831891985 298.11993651936046 1.0 16.359916043429195 276.8541670862382 1.0
0.2473159547286546 -0.9689348886982313 403.87817655886573 195.06595630368875 466.61659627572857 1.0 211.80741783050095 470.8897735442438 1.0 178.32449477687655 462.34341900721336 1.0
-0.056373639122341515 -0.9984097419457123 358.62139180071915 224.39040034093676 346.5227489418803 1.0 254.470948195577 344.8242980172578 1.0 194.30985248629653 348.2211998665028 1.0
-0.180346061802814 -0.9836032218289119 522.7681663149906 626.2115595996117 416.66534695134317 1.0 638.1438011818528 414.47754120805206 1.0 614.2793180173707 418.85315269463433 1.0
0.3561814006309482 -0.9344168287464518 -90.14626680129601 354.96812949065776 38.83361003751835 1.0 376.7721313515507 47.144868657069544 1.0 333.16412762976483 30.522351417967148 1.0
0.1884880406456904 0.982075485150479 -524.9291866333084 624.314804443828 414.6863642922438 1.0 610.4748437516099 417.34264388880644 1.0 638.1547651360461 412.0300846956812 1.0
-0.999995998427482 0.00282898020914721 166.01479590397628 166.85000792612107 294.99830258265933 1.0 166.78104680750147 270.62172955337377 1.0 166.91896904474066 319.37487561194484 1.0
-0.3059235292229969 0.9520560877741112 66.76774899021322 416.28691137067915 63.635129152202154 1.0 394.4567877821403 56.62047052300958 1.0 438.11703495921796 70.64978778139474 1.0
0.20754591609535344 -0.978225277076881 312.8749271682258 474.5302187865155 420.51840795857 1.0 485.6762965694243 422.8832240991184 1.0 463.38414100360666 418.15359181802154 1.0
-0.054499566977875044 0.9985137941957657 -389.4044691576082 120.60770246559004 396.5669167696494 1.0 106.86453114822251 395.8168050635787 1.0 134.35087378295756 397.31702847572006 1.0
-0.039146160550820853 0.9992334952923313 -419.0190467766036 146.87130446119426 425.09433124745476 1.0 140.60643450120943 424.8488975160607 1.0 153.1361744211791 425.3397649788489 1.0
-0.02924244056208092 -0.9995723483920377 345.74748872581756 597.5267622836591 328.4147950106484 1.0 604.3776146220242 328.2143736578303 1.0 590.6759099452938 328.6152163634664 1.0
-0.9999097274372973 0.013436404886346164 119.29201433637422 123.22498364106198 291.88205496924076 1.0 122.9729609564335 273.1270430425785 1.0 123.47700632569047 310.637066895903 1.0
0.45061813849491844 -0.8927168046247221 -32.81175150856095 255.71458031001214 92.32253300238102 1.0 263.4516054425336 96.22796397964468 1.0 247.97755517749067 88.41710202511736 1.0
-0.2005602447568056 0.979681370764541 -415.3768882736132 180.5573407859505 460.95549656299164 1.0 171.66809155023788 459.13569059788745 1.0 189.44659002166307 462.77530252809584 1.0
0.27774900190859225 -0.9606536795009848 394.02563698332324 225.68559115966258 475.41543265655275 1.0 235.58119758070342 478.27649993331795 1.0 215.78998473862174 472.55436537978755 1.0
0.9997581655788577 -0.02199114272605605 -101.37047065226076 106.59149042442223 236.24248841877807 1.0 106.77042750504636 244.3773002249353 1.0 106.41255334379811 228.1076766126208 1.0
0.16574496703676572 -0.9861686498271893 90.84431008930743 66.43338664092377 103.2838648704728 1.0 78.39079506190555 105.29354167872265 1.0 54.47597821994199 101.27418806222295 1.0
0.9999999834566542 -0.0001818974746732239 -290.0690105504744 290.1061906426744 204.37498068418995 1.0 290.11210233118265 236.87509329479226 1.0 290.10027895416613 171.8748680735876 1.0
0.9999958341558258 0.0028864634059325707 -176.927216208234 176.33261701662497 206.2502384719886 1.0 176.26586262113628 229.37684983421025 1.0 176.39937141211365 183.123627109767 1.0
0.9997606069142445 -0.021879873456241948 -421.1944145602855 424.0310735364153 125.00752686938195 1.0 424.2088049503876 133.12863719737445 1.0 423.85334212244305 116.88641654138945 1.0
0.06605261459266118 0.9978161414336176 -370.3493117571171 562.5114653365683 333.92319977362655 1.0 550.6470826146756 334.708588450726 1.0 574.3758480584611 333.1378110965271 1.0
0.31101477532957245 -0.9504050765472034 -66.90300537863521 363.7822299430725 48.65151110512181 1.0 376.93085253653595 52.9543247187192 1.0 350.63360734960906 44.348697491524426 1.0
0.33754535301308697 -0.9413092662134324 -82.68237062953091 412.47416714256315 60.07203982475544 1.0 431.82606553542615 67.01146303979394 1.0 393.1222687497001 53.13261660971695 1.0
-0.5686577500227346 0.8225742296833042 -24.838090400454703 6.606807763042047 34.762945161591325 1.0 0.039064438780831434 30.22256691154678 1.0 13.174551087303263 39.303323411635866 1.0
0.01710113024233651 -0.9998537649798768 344.79716180172323 170.0063229375345 347.7553160779432 1.0 193.1459333491973 348.1510874449838 1.0 146.86671252587166 347.3595447109026 1.0
-0.31362944165427487 -0.949545456167122 398.3003879130288 46.75787947516925 404.0204055410412 1.0 58.01806121726649 400.3012318145355 1.0 35.49769773307201 407.7395792675469 1.0
0.10641024569200558 -0.9943223117338597 361.89835548075723 239.4192021278973 389.58696494206356 1.0 259.39112572292385 391.72431746006436 1.0 219.44727853287077 387.44961242406276 1.0
-0.3114103810713849 0.9502755256034825 57.17058722382805 414.93767610229537 75.81518272430462 1.0 399.3483044320252 70.70646210412527 1.0 430.52704777256554 80.92390334448397 1.0
0.1334134605078804 0.9910604666493928 -341.25419329735564 66.2221008999333 335.4177518330913 1.0 59.304194058080206 336.34901881659135 1.0 73.14000774178638 334.4864848495912 1.0
0.2126007280564348 -0.9771391561235656 -40.65936997326813 286.24062572427323 20.668085326925485 1.0 305.51892061136823 24.862553947897162 1.0 266.96233083717823 16.473616705953805 1.0
0.999785848397717 -0.020694379518533736 -392.57911713524186 395.84582213249905 153.75836600177573 1.0 395.98833318435385 160.6433529499031 1.0 395.70331108064426 146.87337905364836 1.0
-0.35696571076825073 -0.9341174879723201 255.31176188412198 479.4181037406113 90.11279502957132 1.0 485.4969153359003 87.78982460060647 1.0 473.33929214532225 92.43576545853618 1.0
-0.037323206126172556 -0.9993032464094487 279.8077006213037 311.86024905671746 268.35505361034654 1.0 319.37311214450614 268.07445396391216 1.0 304.3473859689288 268.635653256781 1.0
-0.9996357351344486 0.02698883180522271 362.8203491791067 367.6940593882135 175.61976065530212 1.0 367.42381413284176 165.61018275027294 1.0 367.9643046435852 185.62933856033126 1.0
0.2277802503255582 -0.9737125641387328 322.07400266929625 525.0372288341023 453.5908545804043 1.0 536.9892097414112 456.3867774258296 1.0 513.0852479267934 450.79493173497906 1.0
-0.09331203226275563 -0.9956369140580287 379.88407045869803 466.2245821616925 337.8537923381282 1.0 480.706679350437 336.4965165069212 1.0 451.74248497294803 339.2110681693352 1.0
0.27530530265761777 0.9613568485888045 -209.49470254481133 601.2790400581622 45.72640690545447 1.0 585.8458059411677 50.146046913014644 1.0 616.7122741751567 41.30676689789429 1.0
-0.9995829422831944 -0.028878045232874894 126.38506000197023 118.81797281525502 263.7519637410269 1.0 118.98086528668493 258.11361341105624 1.0 118.65508034382512 269.3903140709975 1.0
1.0 0.0 -233.125 233.12499999999994 288.125 1.0 233.12499999999994 310.625 1.0 233.12499999999994 265.625 1.0
0.06376781812132978 -0.9979647615883263 429.024766156114 22.49443698298053 431.3370610774698 1.0 36.85075719483397 432.2543992956089 1.0 8.138116771127098 430.4197228593307 1.0
0.0 1.0 -375.625 393.125 375.62500000000006 1.0 383.125 375.62500000000006 1.0 403.125 375.62500000000006 1.0
-0.9997581838231129 -0.021990313292688225 24.930041340775 18.612393605944373 287.49697326036903 1.0 18.79132392951206 279.36216167583405 1.0 18.433463282376685 295.63178484490396 1.0
0.22551666480999477 -0.9742393103816825 307.4259955142922 64.27472212392667 330.43320367882586 1.0 72.99166767049783 332.4509999903121 1.0 55.55777657735549 328.4154073673396 1.0
0.10207238667517823 0.9947769739385973 -402.48955149798724 434.37828141472335 360.03198000864927 1.0 425.65598363332487 360.9269602656952 1.0 443.10057919612177 359.1369997516033 1.0
-0.008182787920816458 0.9999665204304806 -351.14575434446704 486.248882884008 355.1365156475049 1.0 470.61981503181386 355.0086220180467 1.0 501.8779507362022 355.26440927696314 1.0
0.08827345254777572 -0.9960962792698784 387.11818234862517 115.61340007911778 398.8808959567923 1.0 125.59043359089645 399.7650546597192 1.0 105.6363665673391 397.99673725386543 1.0
-0.3064682405743134 0.9518808841022518 -310.48014277330606 34.26770065402116 337.20826845262184 1.0 24.47762532936047 334.05624889854863 1.0 44.05777597868185 340.360288006695 1.0
0.9998839036658872 -0.01523742727190654 -394.13930682893107 397.59481846447574 223.74855504278923 1.0 398.3472242031783 273.1216134817036 1.0 396.84241272577316 174.3754966038749 1.0
0.9988953274065956 0.04699068934661777 -139.55343457809917 130.0345433170878 205.6266250093856 1.0 129.38775501376017 219.3756000297256 1.0 130.68133162041542 191.8776499890456 1.0
-0.18708137297781738 0.9823444201932103 26.51432340392547 295.63711536362246 29.311383512352133 1.0 281.9089118080403 26.69693269764487 1.0 309.3653189192047 31.9258343270594 1.0
-0.15414114369148624 0.9880488387835293 -315.1359807594465 116.82840708394966 337.17366183354136 1.0 100.58375138676776 334.63940471005657 1.0 133.07306278113157 339.70791895702615 1.0
0.9999930664070408 0.0037238606101278903 -211.38245999555207 210.57397238765225 217.5021374079856 1.0 210.4413021062833 253.12897078794393 1.0 210.7066426690212 181.87530402802727 1.0
0.0885276777661973 0.9960737172866898 -396.4611292342221 455.62759847519874 357.529236877277 1.0 445.6508574143334 358.41593602661203 1.0 465.60433953606406 356.642537727942 1.0
0.1017777672115406 0.9948071602584259 -401.8523302867096 621.9080621834316 340.323159936721 1.0 605.6365489375762 341.9878828634096 1.0 638.1795754292872 338.6584370100324 1.0
-0.056327837842335464 0.9984123269892092 -322.88199239397306 66.8936513040432 327.1694051718567 1.0 56.89023055241911 326.6050380794898 1.0 76.89707205566731 327.73377226422355 1.0
1.0 0.0 -154.3750000000001 154.37500000000006 222.5 1.0 154.37500000000006 240.625 1.0 154.37500000000006 204.375 1.0
-0.11642848713153776 0.9931990774181485 -313.0232215247903 400.667762015683 362.1352164700302 1.0 381.95511062847015 359.94161224629624 1.0 419.38041340289584 364.32882069376404 1.0
-0.17791697802344117 0.9840455014535692 -98.80046961382455 348.6918935114894 163.44638264295705 1.0 343.0261017964322 162.42199856867978 1.0 354.35768522654655 164.4707667172343 1.0
0.9997282321562405 0.02331226779526517 -147.27973676044513 142.4378142692016 209.3589757873528 1.0 141.97101629650413 229.37723896609577 1.0 142.90461224189906 189.34071260860983 1.0
-0.050691731392456994 -0.9987143477333421 361.34414957021215 486.26284524864036 337.1280735045922 1.0 490.68988622206865 336.9033702424455 1.0 481.83580427521207 337.35277676673894 1.0
-0.416267739019729 0.9092420851739116 20.64735196409266 102.04269424023667 24.00871011882034 1.0 96.96286802543734 21.683072307364206 1.0 107.12252045503601 26.334347930276472 1.0
0.052240110122274794 0.9986345532247584 -352.7634788215226 128.14030638664156 346.54260058123 1.0 116.8884024771842 347.1312049885351 1.0 139.39221029609894 345.9539961739248 1.0
0.047084686187158935 0.998890901113158 -372.55747406563864 559.3622492977614 346.60449675403464 1.0 546.8899613936782 347.19240256171116 1.0 571.8345372018447 346.0165909463581 1.0
0.12933859605284667 0.991600487883643 -416.9704037276118 583.7482643105527 344.3616929860445 1.0 571.911599651961 345.9055986290904 1.0 595.5849289691446 342.8177873429986 1.0
-0.6185937991927155 0.7857109593230338 9.293888177120795 57.04245765411308 33.0811504027148 1.0 50.06428129526405 27.58720052962606 1.0 64.0206340129621 38.57510027580353 1.0
0.0 1.0 -373.125 293.75 373.1249999999999 1.0 270.625 373.1249999999999 1.0 316.875 373.1249999999999 1.0
0.1706134220249192 0.9853380436301782 -182.72833074582687 50.592474221179245 176.68715494718754 1.0 45.52787905071066 177.56410059928177 1.0 55.65706939164784 175.8102092950933 1.0
-0.006493562765774705 -0.9999789165990485 346.2622289139691 379.37130512470736 343.80600613248487 1.0 395.628736703724 343.70043525432305 1.0 363.11387354569075 343.9115770106466 1.0
0.9996379081458078 0.02690822546868435 -198.91790192324183 193.6232756696412 199.37158883799233 1.0 193.1520996979275 216.8757294689167 1.0 194.09445164135494 181.86744820706798 1.0
-0.019801392631583415 0.9998039332038307 -314.5518553915586 84.38668823612791 316.28484229390665 1.0 73.1410993065671 316.062120303752 1.0 95.63227716568872 316.50756428406135 1.0
-0.0549785218428787 -0.9984875372962709 361.7828422525379 331.8918649018501 344.0562904157949 1.0 361.90411458257756 342.40376190342727 1.0 301.8796152211226 345.7088189281625 1.0
0.9999078298008274 0.013576888561061295 -145.3636385814139 142.07581568608555 243.12772670351208 1.0 141.9230897678495 254.37565296960335 1.0 142.2285416043216 231.8798004374208 1.0
0.12515908304803186 -0.9921366861126424 92.02496849832436 31.116940971495083 96.67975959381687 1.0 41.730721160622664 98.01869909150797 1.0 20.503160782367498 95.34082009612577 1.0
0.9999996124121769 -0.0008804405123333811 -129.2354398202116 129.44459455909146 237.499938726107 1.0 129.4594519869785 254.3749256450205 1.0 129.42973713120438 220.62495180719347 1.0
-1.0 0.0 368.125 368.12500000000006 231.25 1.0 368.12500000000006 216.875 1.0 368.12500000000006 245.625 1.0
0.09669640691834164 -0.9953139227847073 127.3994124508533 29.353051052747638 130.85092455590606 1.0 40.61816545786117 131.94534920079687 1.0 18.08793664763411 129.75649991101525 1.0
1.0 0.0 -198.1249999999996 198.12499999999994 191.25 1.0 198.12499999999994 200.625 1.0 198.12499999999994 181.875 1.0
1.0 0.0 -198.12500000000017 198.12500000000003 167.5 1.0 198.12500000000003 178.125 1.0 198.12500000000003 156.875 1.0
