-0.0882453100080023 -0.9960987728441351 469.7130877207139 350.6681180569585 440.4867096463247 1.0 440.7913392274538 432.50261026991217 1.0 260.54489688646316 448.47080902273717 1.0
-0.07237679743534872 -0.9973773604774687 466.51775941538745 91.81742228757876 461.08155916161104 1.0 183.13082055783434 454.45520930484696 1.0 0.5040240173231858 467.7079090183751 1.0
-0.095606989156471 0.9954191597635814 -44.41637341460171 231.87341409840968 66.89151173039173 1.0 156.72623732445757 59.67385347608101 1.0 307.02059087236177 74.10916998470243 1.0
-0.9998161086962595 0.019176777400532766 170.47481148515857 176.30818678909162 302.4988839596678 1.0 176.1282077183663 293.1153483227391 1.0 176.48816585981692 311.8824195965965 1.0
-0.09517223583709261 0.9954608206884734 -44.64471729704336 120.61260885268597 56.37960609326878 1.0 85.51514174431404 53.0240702976838 1.0 155.7100759610579 59.73514188885376 1.0
0.9999890507546697 -0.004679569507421046 -181.4323886482442 182.64817597733463 259.3801561185546 1.0 182.75350619784732 281.8884375019678 1.0 182.54284575682192 236.87187473514143 1.0
-0.09754194188163896 -0.9952314150859382 473.3216512478582 540.0159705185356 422.66294899871036 1.0 638.2388080845019 413.0361966996163 1.0 441.79313295256924 432.28970129780436 1.0
-0.09680850015229112 0.9953030263684842 -44.16901754375344 328.61959072242587 76.34075776849984 1.0 307.88678026133744 74.32417364134918 1.0 349.35240118351436 78.3573418956505 1.0
0.005173818006172055 -0.9999866157140499 199.80577045933865 169.37145716219896 200.68475357626357 1.0 181.8678889643155 200.74940870549702 1.0 156.87502536008245 200.62009844703016 1.0
-0.07765522867626572 -0.9969802733551134 467.10832205393535 220.72863200672649 451.3304843492929 1.0 260.72935840982444 448.2148103093283 1.0 180.72790560362853 454.44615838925745 1.0
0.007026993410931122 -0.9999753103770127 277.81895098305074 610.6276928587447 282.1167931145617 1.0 638.1307267086919 282.31006152393 1.0 583.1246590087974 281.9235247051933 1.0
0.9998989022806949 -0.01421918485221325 -152.68265580736286 155.45312082631995 193.73466845069285 1.0 155.58641220749234 203.1077729642754 1.0 155.31982944514758 184.3615639371103 1.0
0.9999358459198358 -0.011327137528182884 -166.93238134220107 170.61048933785668 323.750164374811 1.0 170.6885187924793 330.6384402980621 1.0 170.53245988323405 316.86188845155993 1.0
-0.03950953795904977 0.9992191933756388 -96.75980470899724 200.65882496641382 104.76954692709802 1.0 191.92248374782403 104.42410840140977 1.0 209.39516618500363 105.11498545278627 1.0
0.9998708872470342 0.01606887786463107 -187.06396617515583 183.5525630082198 219.99682699941826 1.0 183.28062880215506 236.91767848521232 1.0 183.82449721428458 203.07597551362423 1.0
-0.11575227406638233 0.9932781136461536 -273.3092991295389 596.9795023471323 344.7282582723024 1.0 555.7073231392087 339.9185795596047 1.0 638.2516815550559 349.5379369850001 1.0
-0.07738472731735795 0.9970013059058741 -77.64447996109301 212.4520321413956 94.36800331057529 1.0 206.8124964476489 93.93027677072831 1.0 218.0915678351423 94.80572985042227 1.0
-0.037509159878710646 -0.9992962838543898 355.3450389733148 401.87071452818986 340.5108290596695 1.0 450.6458332559863 338.68002696821435 1.0 353.0955958003935 342.3416311511247 1.0
-0.999760822933411 -0.021870000628915462 170.93878512451198 164.30776574775166 304.99852923508774 1.0 164.5127479648734 295.62801326878315 1.0 164.10278353062992 314.3690452013924 1.0
0.03809296425168241 0.9992741996441818 -359.78797619845875 369.3642842930203 345.9689000718106 1.0 183.12284776163386 353.06854137796887 1.0 555.6057208244068 338.8692587656523 1.0
0.0982157385115775 -0.9951651464498872 3.6089954811935336 68.15188037217504 10.352636222894676 1.0 83.25153760230332 11.84286524811648 1.0 53.052223142046756 8.862407197672871 1.0
-0.999958858821217 0.009070869030549596 161.83562274767257 164.20081844320748 260.001580043094 1.0 164.10434157403054 249.36611615535392 1.0 164.29729531238445 270.6370439308341 1.0
-0.08615006231242096 0.9962821722602316 -45.49936381156399 42.50264401394536 49.34442330758384 1.0 0.5092844246161654 45.71319247152342 1.0 84.49600360327454 52.975654143644256 1.0
0.11377985681439638 -0.9935059859826187 1.7386071815551905 163.14685877583153 20.434132958654388 1.0 184.54566297283662 22.88480050559068 1.0 141.74805457882644 17.9834654117181 1.0
-0.9991642708575565 -0.04087492925605425 175.11282278391997 163.83121723602088 279.3527543266341 1.0 164.0395979800575 274.25900620362637 1.0 163.62283649198426 284.4465024496419 1.0
0.10055519308783539 -0.9949314816323122 3.6014513079753203 106.87035962713811 14.42091362121658 1.0 120.73144242596706 15.82181798797358 1.0 93.00927682830917 13.020009254459579 1.0
0.032805078468228235 0.9994617685668089 -358.7064794981958 90.01051176375368 355.9452585234531 1.0 0.6087419095785762 358.87966999120766 1.0 179.41228161792878 353.01084705569855 1.0
0.999240467819785 -0.03896777477990124 -547.4296241935043 553.8901137274066 154.9945359296896 1.0 554.4507990836526 169.3720440332278 1.0 553.3294283711607 140.61702782615137 1.0
0.1064949184639713 -0.9943132465884944 274.23335330877995 609.5266053894492 341.08450291189655 1.0 638.2814509071477 344.1642616693686 1.0 580.7717598717506 338.0047441544245 1.0
-0.9996224717094342 -0.02747569932724985 207.91431390437145 200.1763509636757 284.37984719600763 1.0 200.45241969226058 274.3358988494051 1.0 199.90028223509086 294.42379554261015 1.0
-0.03603522613936066 -0.9993505203266195 353.9954888064072 93.11122870978025 350.8680863138352 1.0 151.89747657403544 348.74833384201924 1.0 34.324980845525076 352.9878387856512 1.0
-0.1048857314708831 0.994484280083812 -40.97498218141091 450.6924328834871 88.73562854643637 1.0 349.5132137094092 78.06451325054493 1.0 551.8716520575649 99.40674384232783 1.0
0.04395744033758973 0.9990334045661172 -362.1568762249255 608.8091662649052 335.71968874005927 1.0 579.43603261229 337.012105754507 1.0 638.1822999175205 334.42727172561155 1.0
0.180223181890601 -0.9836257442285797 117.74909281851363 6.924830681385887 120.97803309458067 1.0 13.30421351347053 122.14688484459077 1.0 0.5454478493012438 119.80918134457056 1.0
0.9884761768324701 -0.1513765101812802 -143.96508701512283 191.87302759104517 301.8753020572384 1.0 193.39799189130085 311.8331936714496 1.0 190.34806329078953 291.9174104430273 1.0
0.07676475280307468 -0.997049232850155 87.23296300000622 77.47451244908828 93.45604181484097 1.0 154.37486533930925 99.37674902326246 1.0 0.5741595588673132 87.5353346064195 1.0
-0.2352587885680077 0.9719327663997719 -113.05191026270163 4.7080391119639415 117.4561881101942 1.0 0.14645142922089127 116.35204425447871 1.0 9.269626794706992 118.56033196590971 1.0
0.04139468900966119 -0.9991428725271444 112.96726993457601 601.9060201525639 138.00126712917984 1.0 616.9061668536935 138.62272620662094 1.0 586.9058734514342 137.37980805173876 1.0
-0.023974073512574006 -0.9997125805946496 353.53837460710236 14.379081400884687 353.29519334693913 1.0 28.151137481747153 352.9649261368321 1.0 0.6070253200222209 353.62546055704615 1.0
0.09971810018077829 -0.9950157287683126 3.4493186917616896 20.634070255316985 5.5344943978276335 1.0 35.73296745806895 7.047669818428323 1.0 5.535173052565023 4.021318977226944 1.0
-0.06402686821321647 0.9979481750806538 -128.77438916173435 433.1679499350878 156.83056526835009 1.0 314.3856075103021 149.20966713516373 1.0 551.9502923598734 164.45146340153647 1.0
0.994862459630639 -0.10123579612802604 -531.6380573266935 557.1491189338917 223.7221060451747 1.0 559.2648126789416 244.51341073707988 1.0 555.033425188842 202.93080135326952 1.0
0.1174789261525713 -0.9930753757444792 0.2028785461555743 329.39906474416125 39.17157538902679 1.0 341.8723803039505 40.647144870777026 1.0 316.92574918437197 37.69600590727656 1.0
-0.06638202754247044 0.9977942806106631 -129.69993812519857 125.61047260355032 138.34336261449505 1.0 98.06606435847513 136.51086697657 1.0 153.1548808486255 140.17585825242014 1.0
0.08580337214696995 -0.9963120903252197 83.6594320253863 451.27511657027446 122.8333571192386 1.0 551.9073040157066 131.49989957434974 1.0 350.64292912484234 114.16681466412744 1.0
0.14763249597509545 -0.9890422873326313 -5.248534718928077 188.6050545836095 22.846040591154186 1.0 193.2497368641973 23.539343644903052 1.0 183.9603723030217 22.152737537405322 1.0
-0.01651410465839188 -0.9998636328756696 345.5880933510954 460.65434783199834 338.0268949952709 1.0 470.66194058339505 337.8616060212137 1.0 450.6467550806016 338.1921839693281 1.0
0.5649277069318905 -0.8251404037742158 176.49971500650707 186.88872508862994 341.8549529656007 1.0 191.1899801966613 344.799782929077 1.0 182.58746998059854 338.9101230021244 1.0
-0.06304513734072408 0.9980106766250997 -182.548910092841 173.19740623360076 193.8538022560369 1.0 158.13905209840667 192.90255391088996 1.0 188.25576036879485 194.80505060118378 1.0
0.12405023728407671 -0.9922759387538146 2.26906073192157 46.71844630243247 8.127270617294016 1.0 52.872268418868494 8.896596027629583 1.0 40.56462418599644 7.3579452069584494 1.0
0.07887004174539182 -0.9968849063533262 86.84885314472473 331.8551844369273 113.37546057160529 1.0 348.2006624657459 114.66865753573344 1.0 315.5097064081086 112.08226360747712 1.0
-0.9820107069194037 0.18882524062119768 529.3959567741117 550.238473933993 57.95896751969451 1.0 548.9904089550873 51.46824007147572 1.0 551.4865389128987 64.4496949679133 1.0
0.15175708328889975 -0.9884178203936057 -8.614202431551247 254.41768776809198 30.34696783319389 1.0 263.153672667086 31.688250396674253 1.0 245.68170286909796 29.005685269713528 1.0
0.2162398740965338 -0.9763402669411496 -51.96940363158558 523.2288813858663 62.65596726294983 1.0 533.0251891748718 64.82565383087373 1.0 513.4325735968607 60.486280695025926 1.0
-0.05544476880736451 0.9984617557081983 -130.7244231310769 57.47958315630707 134.1176710722787 1.0 18.052628346562862 131.9282848672416 1.0 96.90653796605129 136.30705727731583 1.0
-0.1349569469120258 0.9908514633789388 39.288989225489004 346.33243365966547 7.519773561641951 1.0 289.49040234354794 -0.2222819191473191 1.0 403.174464975783 15.261829042431222 1.0
-0.04265726225077026 -0.9990897647245062 357.5958996917828 522.4728506479621 335.6141260993145 1.0 573.1389138771423 333.4508814913816 1.0 471.8067874187819 337.7773707072474 1.0
0.031133629139374338 -0.9995152310678472 332.4440480854995 318.124549583102 342.51446020146886 1.0 336.9147224103945 343.09975020414817 1.0 299.3343767558095 341.9291701987896 1.0
-0.07640279432675462 -0.9970770346463023 185.7313267941574 168.19302282288226 173.38771615129258 1.0 180.66766765537432 172.43182438935435 1.0 155.71837799039022 174.3436079132308 1.0
0.0030518439182100434 -0.999995343113506 263.50914035314037 423.75059940262827 264.8035942030465 1.0 556.8762669030526 265.2098748537682 1.0 290.6249319022039 264.3973135523248 1.0
-0.016233840751279618 -0.9998682225245795 347.7497810551712 345.03561559104355 342.19362122965765 1.0 353.1483295347256 342.0619033659877 1.0 336.92290164736147 342.3253390933276 1.0
-0.13007899192330233 0.9915036338108991 37.07705540056936 430.6604039125509 19.105140067767273 1.0 413.13407895206103 16.80579732686559 1.0 448.18672887304075 21.40448280866896 1.0
0.01730878699246842 0.9998501917251651 -309.5949454121405 453.73764845509675 301.78650722058285 1.0 351.8607204910259 303.5501374725655 1.0 555.6145764191675 300.0228769686002 1.0
-0.9990296003427154 -0.04404381499227997 178.2347625255841 164.19153343175924 322.4643574605328 1.0 164.440251889036 316.82276848794686 1.0 163.94281497448247 328.10594643311885 1.0
-0.0039961992274330045 0.9999920151639885 -282.4677982871923 610.0003686274229 284.9077562307467 1.0 581.8733201680812 284.7953540439105 1.0 638.1274170867644 285.02015841758293 1.0
0.04238156558665164 -0.9991014977961069 173.80500810145026 134.3364057254471 179.65982003563136 1.0 153.1321210653986 180.45712826125745 1.0 115.54069038549557 178.86251181000526 1.0
-0.1447067680434696 0.9894745834443721 43.67284240331952 466.90847256307313 24.14612162166666 1.0 455.89404811114605 22.535305345063488 1.0 477.9228970150003 25.75693789826983 1.0
-0.25807862020838856 -0.9661239184449034 262.7196048298132 307.8751174469463 189.68955826866915 1.0 320.4775699986727 186.32309201760438 1.0 295.27266489522 193.05602451973394 1.0
-0.016005027116452027 0.9998719113501496 -298.2169631635254 321.2456401506415 303.3973701046833 1.0 291.8581611555557 302.92696245260174 1.0 350.6331191457274 303.86777775676484 1.0
-0.0240892814850046 0.9997098111539849 -217.86050156845306 77.48997690618566 219.79096031955237 1.0 0.5993812400395626 217.93818346182263 1.0 154.38057257233177 221.6437371772821 1.0
-0.03494720729606747 -0.9993891597882207 350.6956618214051 207.47481964268349 343.65491453140936 1.0 224.4165247323746 343.0624873733604 1.0 190.53311455299237 344.2473416894583 1.0
-0.0436789284915907 0.9990456201824952 -161.6684780317726 190.64541488333793 170.15806089481526 1.0 155.65764303837926 168.62837260668996 1.0 225.63318672829658 171.68774918294056 1.0
-0.2681003828342752 0.9633909822725741 -119.77927476043324 9.196819322658241 126.89027382561545 1.0 0.26860804642734215 124.4056576051726 1.0 18.12503059888914 129.37489004605828 1.0
0.1729160738913266 -0.9849365621145401 -25.503652210063375 461.94851299481775 55.206267173391474 1.0 468.43741659938746 56.34546311587187 1.0 455.459609390248 54.067071230911075 1.0
-0.14968628858752328 0.9887335409547371 46.15714350613745 503.8120721883905 29.589990137364445 1.0 478.1137261918923 25.69946769049829 1.0 529.5104181848887 33.480512584230596 1.0
-0.9931763426477644 0.11662226376130072 169.32862533395704 199.92234519002398 250.63411850125948 1.0 198.73857904532744 240.55295138769432 1.0 201.1061113347205 260.71528561482467 1.0
0.8079864144277343 -0.5892011151552697 93.88110020113506 12.255135002299884 176.14203388366235 1.0 23.08468571078159 190.99287109652738 1.0 1.4255842938181784 161.2911966707973 1.0
0.10054313361738991 -0.9949327003784707 113.90237304345474 584.4588653279136 173.54510387316222 1.0 594.4828181750306 174.55807653965385 1.0 574.4349124807966 172.53213120667058 1.0
0.11181697218476751 -0.9937288185070567 1.914137036940928 290.0491379323347 34.56330619145941 1.0 316.796460886351 37.572985100902244 1.0 263.30181497831836 31.553627282016574 1.0
0.0972381938147277 -0.9952611384273223 9.805496077905314 452.2883506449766 54.0412925828232 1.0 455.3838029376755 54.34372194368152 1.0 449.1928983522777 53.738863221964884 1.0
0.09119159724728851 -0.9958333658757816 11.336079365612937 411.8999549415483 49.102486257644074 1.0 421.81679586746316 50.01060260990763 1.0 401.9831140156334 48.19436990538051 1.0
0.16569262363305468 -0.9861774457335732 -1.7069657198056356 88.43947879182193 13.128269775345217 1.0 92.80141130763504 13.861139955840766 1.0 84.07754627600883 12.395399594849668 1.0
0.9999950326743623 0.003151924269574201 -155.87210380319772 154.9745754481355 284.99991986333987 1.0 154.9135010096182 304.37669732283257 1.0 155.03564988665286 265.62314240384717 1.0
0.2542371633291476 -0.9671419051940353 -55.97869655444217 393.04148713531697 45.44013238335853 1.0 402.57890528800544 47.947278566975676 1.0 383.50406898262844 42.93298619974138 1.0
-0.025185107849499015 0.9996828048649277 -217.04652379583337 453.7393812880342 228.5464928848184 1.0 353.11526388666965 226.01145953555877 1.0 554.3634986893989 231.08152623407807 1.0
0.04409759335407536 -0.9990272279874951 172.73356306531568 436.86131432108465 192.18504789218517 1.0 553.1605966866626 197.3185600903054 1.0 320.56203195550665 187.05153569406494 1.0
0.14181835322990716 0.9898926985725055 -268.2042540007673 309.33916179044144 226.62484914742043 1.0 295.6902267230107 228.58028279936707 1.0 322.98809685787216 224.66941549547377 1.0
0.10634909824349648 0.9943288537012266 -266.4861389690693 246.84606388343292 241.60445689157788 1.0 241.63824959454743 242.16146210306397 1.0 252.05387817231843 241.0474516800918 1.0
-0.24503911907833045 -0.9695131923400093 264.09026161409844 264.8086534645474 205.46577810254962 1.0 272.30376342530565 203.57143034463348 1.0 257.3135435037891 207.36012586046579 1.0
0.23439364166062346 0.9721417698818785 -292.3251819554806 265.43296141653 236.70352477525645 1.0 258.81426425668263 238.29936252074697 1.0 272.0516585763774 235.10768702976594 1.0
0.022783512019758877 -0.9997404220996795 308.969117944835 191.89670564420584 313.42255641353904 1.0 203.16933789688576 313.6794532507039 1.0 180.62407339152588 313.1656595763742 1.0
0.12265485491215564 -0.9924493874079817 0.7406194292666619 128.7003089056202 16.65207047827154 1.0 135.70012131755257 17.517163435848154 1.0 121.70049649368782 15.786977520694922 1.0
-0.9998509977778122 -0.017262162167972446 203.3107354912086 199.5858911097964 217.50364097905106 1.0 199.96381712032525 195.61358485302608 1.0 199.20796509926754 239.393697105076 1.0
0.9975018324016149 0.07064059990841369 -575.1830177819863 557.1944967279619 274.3533650177776 1.0 556.6566593421661 281.94805954983184 1.0 557.7323341137578 266.7586704857234 1.0
0.0045243789982525005 -0.999989764944962 262.8313986664879 77.49690204576314 263.1847177326046 1.0 154.37315612203605 263.53253860197736 1.0 0.6206479694902356 262.83689686323186 1.0
-0.1045962652592226 0.9945147667550355 -76.3761736810429 568.1589186670706 136.552496943253 1.0 559.3746188178151 135.6286243293277 1.0 576.9432185163262 137.4763695571783 1.0
-0.14853640933231843 0.9889069395563275 45.48144274358054 540.5939097450544 35.20698877134941 1.0 530.5391241078423 33.696733665011806 1.0 550.6486953822663 36.71724387768701 1.0
-0.9984981259078294 -0.05478587918937216 317.76174218116194 312.8584318193442 98.07608118346232 1.0 313.88600020900833 79.34816942037469 1.0 311.8308634296801 116.80399294654997 1.0
0.9987659084269139 0.04966548262285395 -571.9518760665537 558.2049801462259 290.66005644206155 1.0 557.6423080111388 301.97531437309465 1.0 558.7676522813131 279.3447985110285 1.0
-0.1430065983804903 0.9897217350445735 -129.25229236485777 11.813372463119215 132.30151257647486 1.0 5.514269584656508 131.39134435079967 1.0 18.112475341581924 133.21168080215008 1.0
-0.8591405585226769 0.5117396806007356 -81.97997186992944 19.27539839541894 192.55932683867616 1.0 13.51688606282118 182.89157643894166 1.0 25.033910728016696 202.22707723841063 1.0
-0.050099490646174694 0.9987442320419146 -166.53840856794514 601.9030530258053 196.94075683498977 1.0 565.650220455756 195.1222247344066 1.0 638.1558855958546 198.75928893557295 1.0
0.2845584648879097 -0.9586586879910056 -79.92637154269457 471.4130403222024 56.55631166620404 1.0 475.71187226182406 57.832333083287715 1.0 467.11420838258067 55.280290249120355 1.0
0.013152167382758944 0.9999135065060056 -308.44221778748084 76.87444421136176 307.45774532440515 1.0 0.6129757178741801 308.46083568367646 1.0 153.13591270484935 306.45465496513384 1.0
0.9974560373148141 0.07128431541530111 -217.18697459259292 197.81809302026022 278.77273287477277 1.0 197.4149629011253 284.41358905487203 1.0 198.2212231393951 273.1318766946735 1.0
0.30428309808208215 -0.9525816480604536 66.76019316112756 179.6142549160627 127.45760466192264 1.0 187.5304529385779 129.98627531627196 1.0 171.69805689354752 124.92893400757333 1.0
0.21840167839062258 -0.9758589584956214 124.04593878101379 8.085990946080921 128.92429964371098 1.0 15.627863562167054 130.61220507637796 1.0 0.5441183299947894 127.23639421104403 1.0
0.037064777797512875 -0.9993128650461881 174.02333122980616 71.87745001409739 176.80894454917689 1.0 85.6548594316076 177.31995229914892 1.0 58.100040596587185 176.29793679920482 1.0
-0.9971240732753768 -0.07578642685020391 213.91134500128007 193.52959100252224 276.28075094387816 1.0 194.15076430458953 268.107956963348 1.0 192.90841770045498 284.4535449244084 1.0
0.0013342249987845323 -0.9999991099214302 342.270633622558 255.6256844570293 342.6120007526917 1.0 270.6273255344481 342.6320163350554 1.0 240.6240433796105 342.591985170328 1.0
0.4839330293570517 0.8751050354656331 -282.37205139176416 265.6913078335057 175.74490568006632 1.0 218.19871767739812 202.00830503764047 1.0 313.1838979896132 149.48150632249218 1.0
-0.0590114625081042 0.9982573051536636 4.749222668423567 450.73510319568504 21.887458135387053 1.0 446.9613441286272 21.664374326683024 1.0 454.5088622627428 22.110541944091082 1.0
-0.7630437795947109 0.646346803521003 -107.73938433025592 10.694996595009105 179.31570841457415 1.0 7.278914976348695 175.2828582240774 1.0 14.111078213669517 183.34855860507093 1.0
-0.2681512990998445 0.9633768114248266 -255.2602760899203 188.1694858699512 317.34017733387486 1.0 181.88452272093286 315.5907880884441 1.0 194.45444901896954 319.08956657930554 1.0
0.9998171432705538 -0.019122761890193466 -154.0482108890447 156.39539054170544 121.24721922280605 1.0 156.78995393573712 141.87662661307374 1.0 156.00082714767376 100.61781183253837 1.0
0.1239206539657763 -0.9922921301313914 -2.2674212723537797 494.4421248163877 59.46249939048506 1.0 512.9810470884576 61.777700027490404 1.0 475.9032025443179 57.14729875347971 1.0
0.8514934968480112 -0.5243651636269764 91.86876817521444 12.384773560814663 195.3110721806816 1.0 23.84981396763982 213.9286463917253 1.0 0.919733153989506 176.69349796963792 1.0
0.8138786311183632 -0.5810349161701894 84.20564252674225 21.988058134886785 175.72309398461118 1.0 27.729313692973943 183.76509814731457 1.0 16.246802576799624 167.68108982190782 1.0
-0.019908361761657847 0.9998018089261326 -219.0438645378419 338.0962354337554 225.81956212462984 1.0 323.1021805767759 225.52099588309892 1.0 353.0902902907349 226.11812836616076 1.0
0.10748982318351773 -0.9942061848087529 2.6617080665275332 214.90144629696397 25.91155328190392 1.0 236.99124451947057 28.29981895694955 1.0 192.8116480744574 23.52328760685829 1.0
-0.06851028642114872 -0.9976504100407578 285.7558729926396 239.9964233205107 269.9479162043324 1.0 248.12600566041598 269.38964448010336 1.0 231.8668409806054 270.50618792856136 1.0
0.10819284260554553 0.9941299255172493 -132.6768914735814 211.23328750167587 110.47143721050283 1.0 203.06894906440215 111.35997598279938 1.0 219.39762593894963 109.58289843820627 1.0
-0.07758307325391095 -0.996985890945543 3.852153438355324 3.0666492322994663 3.6251599938832033 1.0 5.744974472686521 3.4167390872185397 1.0 0.3883239919124118 3.833580900547867 1.0
0.08652226857460403 -0.9962499169589445 63.840044457255715 225.57755491207536 83.67130057306288 1.0 291.87033685903793 89.42869315752733 1.0 159.2847729651128 77.91390798859842 1.0
-0.294021300727343 0.9557988672930101 -248.18462058513802 222.50504050522844 328.1086144212136 1.0 214.37987170765177 325.60916314517397 1.0 230.6302093028051 330.60806569725315 1.0
0.11912892707318015 -0.992878793576735 -0.28760303041326096 434.9966771571335 51.9026941990295 1.0 448.37896327324427 53.50834576205221 1.0 421.6143910410227 50.29704263600678 1.0
0.05130321164172485 -0.9986831231553102 172.56795651154727 99.97783581640294 177.9314543941515 1.0 114.4110673825413 178.67290192294533 1.0 85.54460425026457 177.19000686535765 1.0
-0.9208830754974245 0.3898388914184996 -56.23955306058304 27.459053676972697 209.12775163153916 1.0 24.19667954265387 201.4213242012148 1.0 30.721427811291523 216.83417906186352 1.0
0.25719224491276643 -0.9663602584733767 62.445996182381435 188.9037535107804 114.89563612194598 1.0 197.69631072657992 117.2357339364276 1.0 180.11119629498086 112.55553830746439 1.0
-0.9979503874488508 0.06399237603565461 179.42121140993945 199.26775739039562 303.756876804185 1.0 198.82359274700468 296.8302035749228 1.0 199.71192203378652 310.6835500334472 1.0
0.9232574231342884 -0.38418189783933543 52.1604530502541 28.263482712801427 203.69237517068493 1.0 33.21350948547967 215.58816981455408 1.0 23.313455940123184 191.79658052681577 1.0
-0.9972766045750802 -0.07375211161180012 173.56906794628142 157.48917951651129 223.8416416825478 1.0 158.10378151067752 215.53098892275486 1.0 156.87457752234508 232.15229444234072 1.0
-0.2892634938172177 0.9572495135254216 -249.90797686718918 248.00796014504357 336.0123158784804 1.0 232.87857398418774 331.44048895314575 1.0 263.13734630589937 340.58414280381504 1.0
-0.8557973776563831 0.5173111717297992 -74.92403281638205 26.853310580214142 189.25751258172954 1.0 18.70110038913702 175.77116145519432 1.0 35.005520771291266 202.7438637082648 1.0
0.2035440180339147 0.9790657959108823 -287.2169722107739 224.4669674812054 246.69237220063752 1.0 218.10225042790293 248.0155724269031 1.0 230.83168453450784 245.36917197437197 1.0
0.02112177921027847 -0.9997769103369971 171.31984809912532 191.25478263625155 175.39861900968424 1.0 199.37615783360087 175.5701951803566 1.0 183.13340743890225 175.22704283901192 1.0
0.856177776145217 -0.5166813482554122 95.54989173818706 7.395943363867276 197.1856240291362 1.0 14.31759762832096 208.65529789175164 1.0 0.47428909941359065 185.71595016652074 1.0
-0.006435018197310373 -0.9999792950560529 344.71576976947364 232.50065464998997 343.226730316126 1.0 239.38341356615874 343.18243872019775 1.0 225.6178957338212 343.27102191205427 1.0
-0.8308510744887013 0.5564948265895834 -100.51486349040825 4.4398832902567085 187.2501599544483 1.0 1.1602913795943826 182.35370390011767 1.0 7.719475200919034 192.14661600877895 1.0
-0.9999971748068622 -0.002377052438206859 257.8322204898799 257.1554854740506 285.0006667305636 1.0 257.19262681346584 269.37575501772443 1.0 257.1183441346354 300.62557844340273 1.0
0.11014675538415308 -0.9939153345624282 5.7960417342826975 542.5326292562941 65.95556810254621 1.0 551.8623117146715 66.98949344389042 1.0 533.2029467979168 64.92164276120198 1.0
0.057245336933860955 -0.9983601411311095 282.29464817972143 606.9075100771295 317.55802342287495 1.0 638.269420918335 319.35629548826455 1.0 575.5455992359239 315.7597513574853 1.0
-0.3897786234111294 0.9209085865229649 -104.89148380206811 25.940557038344846 124.8794506838103 1.0 9.915936379314253 118.09695926981942 1.0 41.96517769737544 131.6619420978012 1.0
0.15607466696463076 -0.9877452598377173 -13.962806923024468 354.056725521089 41.80883500878768 1.0 359.6410557070027 42.69122089250249 1.0 348.47239533517524 40.92644912507287 1.0
-0.9954081390554972 -0.09572166265831336 551.8827211129662 550.3499656929633 42.413449793166436 1.0 550.784004920941 37.899882349811726 1.0 549.9159264649857 46.92701723652114 1.0
-0.044285485698671335 0.9990189166159131 -287.70742919363266 270.5702946965467 299.9840755018678 1.0 264.3049009493537 299.7063370120625 1.0 276.8356884437397 300.26181399167314 1.0
0.22361069878887335 -0.9746785395129781 106.64612214465784 164.91369142363249 147.2512034536673 1.0 171.71736511606292 148.8121019109741 1.0 158.11001773120205 145.6903049963605 1.0
0.27431095231322955 0.9616410460462932 -291.6716273565297 614.8508345812775 127.9181144541472 1.0 591.0743918080728 134.70041507094592 1.0 638.627277354482 121.13581383734846 1.0
-0.41663583882643995 -0.909073472171193 234.90406567436676 296.0177902700632 122.73204392509102 1.0 303.1627810751859 119.45743595485767 1.0 288.8727994649405 126.00665189532437 1.0
-0.024200830085683328 0.9997071170213624 -204.07651684895035 443.72269568121004 214.87790849417578 1.0 438.0858690434082 214.7414526448963 1.0 449.3595223190119 215.01436434345527 1.0
0.3207958527287275 0.9471483626507774 -187.84761541907898 521.9639425856197 21.54229281099397 1.0 517.2795705776616 23.128873300438983 1.0 526.6483145935779 19.955712321548962 1.0
-0.07166471974992929 0.9974287783812756 -171.26842432399573 190.5512870658473 185.40093580382847 1.0 181.7568750290031 184.76906204236684 1.0 199.34569910269153 186.03280956529008 1.0
-0.03564342868644477 0.9993645711108005 -119.52583191992694 597.4897654261695 140.91195529200127 1.0 584.3369141602536 140.44284448932493 1.0 610.6426166920852 141.3810660946776 1.0
-0.8515326361855214 0.5243016016673384 -68.53445035952619 34.80133308478031 187.23750023229243 1.0 27.996005110067436 176.18478009566553 1.0 41.606661059493184 198.29022036891934 1.0
-0.3987195729860375 -0.9170728990204825 234.57358727760618 284.24563527086536 132.20245532144313 1.0 294.84981227811136 127.59203347524807 1.0 273.6414582636194 136.8128771676382 1.0
-0.8943338320799331 0.44740026463696037 -85.6861632169918 4.518812779895216 200.55305608658048 1.0 0.2670911018750838 192.05404783425737 1.0 8.770534457915348 209.0520643389036 1.0
-0.28841557981062194 0.9575053280909213 -249.99750828340902 205.0782203226518 322.8653178574706 1.0 198.08470857012682 320.75876274196173 1.0 212.07173207517675 324.9718729729794 1.0
0.10462782011109309 -0.9945114475252664 4.818946070053148 371.2340810386039 43.90131338227551 1.0 382.06793675832273 45.041091823411534 1.0 360.4002253188851 42.76153494113949 1.0
-0.9999961154809637 0.002787296716074299 288.6753286039073 289.4725884990211 285.62995419248443 1.0 289.34018756366527 238.12858116739568 1.0 289.6049894343769 333.1313272175732 1.0
0.912367348784298 -0.4093724720499791 49.317866715264785 35.80254412384855 200.26490439558495 1.0 43.02404039342528 216.3594340857128 1.0 28.58104785427181 184.17037470545708 1.0
-0.9999707444147624 0.007649203526248154 223.46961833266403 225.83319700953794 308.1329691962518 1.0 225.7471459874143 296.8836274372909 1.0 225.91924803166157 319.3823109552127 1.0
0.8324858019274703 -0.5540463785543379 93.09385465341283 11.762810440379578 185.69966580099668 1.0 19.253967979551366 196.9555507462871 1.0 4.27165290120779 174.44378085570628 1.0
0.2553442164232529 0.9668502113249988 -295.97431590695606 236.24476691600432 243.73018514600426 1.0 231.69212057425264 244.93253469215958 1.0 240.797413257756 242.52783559984897 1.0
0.31456321720492025 -0.9492365260469544 228.22308888751283 287.6638144730244 335.75566794594863 1.0 295.9179546283811 338.4909702771201 1.0 279.4096743176677 333.0203656147772 1.0
-0.06424189351377015 0.9979343561165561 -281.17871862585855 240.56083061932566 297.24680794078563 1.0 233.05171503054282 296.76340960793897 1.0 248.0699462081085 297.73020627363235 1.0
-0.8917374735186603 0.4525530668579728 -80.08453202655637 11.853599648748798 200.31867568336247 1.0 7.426443806948418 191.59514455661525 1.0 16.280755490549176 209.04220681010972 1.0
0.9995696152488119 -0.029335716649535926 -568.1319449366524 575.6596711178927 248.16066789463943 1.0 576.357170259587 271.9268828819506 1.0 574.9621719761984 224.3944529073283 1.0
0.24514460059585666 -0.9694865263626401 255.77771516352777 239.3794096752253 324.35756082040484 1.0 244.67309126743936 325.69612244484927 1.0 234.08572808301122 323.0189991959604 1.0
0.3729592608353939 -0.9278477190558356 208.1589326971761 269.5482163882018 332.6940724227195 1.0 273.64172009845817 334.3395041963275 1.0 265.4547126779454 331.0486406491115 1.0
-0.8550619165902622 0.5185259094751079 -87.97848306374976 12.374447649692524 190.0761373479122 1.0 8.149964418997923 183.10986109857745 1.0 16.598930880387122 197.04241359724696 1.0
-0.05923030481718782 -0.9982443443322195 283.24552793104357 267.48502400647345 267.87260047437303 1.0 276.82713435951655 267.3182912544027 1.0 258.14291365343036 268.4269096943433 1.0
-0.9998108424269742 0.01944940527276536 147.68761895601938 154.25670505993958 336.2523012015206 1.0 154.04962136910905 325.6070132619406 1.0 154.46378875077014 346.89758914110064 1.0
-0.994745620328577 -0.10237749184813397 317.5192695085686 305.22256173344744 135.7765534964729 1.0 307.03750765844615 118.14172500600941 1.0 303.4076158084487 153.41138198693636 1.0
0.9996892010572731 -0.02492992758655966 -549.476122246986 551.7203812734828 83.14444188091323 1.0 552.09460240266 98.1506957236908 1.0 551.3461601443055 68.13818803813565 1.0
0.2564071016622917 -0.9665688791892398 89.84793761683584 168.11136922019887 137.55138347366147 1.0 175.58297556595846 139.53341803852845 1.0 160.63976287443924 135.5693489087945 1.0
0.7939988611050132 -0.6079192451008126 81.90509665276188 34.85664458675078 180.25623245142071 1.0 36.987277078795294 183.03903590064553 1.0 32.72601209470627 177.47342900219593 1.0
-0.4614237884950742 -0.8871798506564793 253.00205869247597 256.2798239185198 151.88403042002545 1.0 262.22253918425366 148.79321384001253 1.0 250.33710865278596 154.97484700003835 1.0
-0.9999971887000496 -0.002371200539245199 350.0579625550774 349.8307189340589 96.2495985995167 1.0 349.8677723524459 80.62320445634597 1.0 349.7936655156719 111.87599274268742 1.0
0.035831795485677366 -0.9993578350282109 111.37957266874476 568.0374058947364 131.81802174119272 1.0 580.6108788890441 132.2688413546338 1.0 555.4639329004286 131.36720212775165 1.0
-0.41332837951191603 -0.9105820395165135 298.7767900403047 250.66463708146006 214.3354177050439 1.0 256.26958361360664 211.7912389634852 1.0 245.05969054931344 216.87959644660262 1.0
-0.9999918015093036 0.0040493103335708935 276.1248190096486 277.1444862268268 251.25143959739796 1.0 277.086267619935 236.87414450482967 1.0 277.20270483371866 265.6287346899662 1.0
-0.9999782127802186 0.006601057860675194 245.60575616088576 247.66987695117405 311.8780043590357 1.0 247.58731105819322 299.3702978910442 1.0 247.75244284415484 324.38571082702714 1.0
0.11195732299952696 -0.9937130158284029 255.7788920731212 587.5875327328938 323.59807524280416 1.0 599.5918198547918 324.9505460560852 1.0 575.583245610996 322.24560442952315 1.0
0.09264234658945171 0.9956994504459665 -423.18619459562086 171.95777158825894 409.01461072313083 1.0 164.29153128715308 409.7278967359884 1.0 179.62401188936482 408.30132471027326 1.0
-0.999997163045197 -0.002381995289187018 257.50573378535313 256.8990536611362 255.00005729587002 1.0 256.9273397749486 243.12512467345104 1.0 256.87076754732374 266.87498991828903 1.0
-0.04112833437918196 0.9991538720893764 -295.96267527430626 586.2358139229634 320.34463038717087 1.0 575.6031030751898 319.9069543701727 1.0 596.868524770737 320.78230640416905 1.0
-0.9998131644600438 0.019329670778194183 220.61263843714804 225.68073075999476 260.0110058432761 1.0 225.4993154313678 250.62742989532438 1.0 225.86214608862173 269.39458179122784 1.0
0.6564881130626684 0.7543363688749316 -261.1671394136728 247.95486334299417 130.4295048105143 1.0 202.44803476048276 170.03344445902462 1.0 293.4616919255056 90.82556516200394 1.0
0.08557484929863683 0.9963317445346784 -462.8423185991778 349.388949050712 434.5374061525598 1.0 314.3255274490114 437.5490004693317 1.0 384.45237065241247 431.52581183578786 1.0
-0.12790608698391215 0.9917862838900647 -61.730518446873965 623.8059552905858 142.6911215894982 1.0 609.3489910607274 140.8266738205144 1.0 638.2629195204441 144.55556935848202 1.0
0.9994387289886631 -0.03349965667772416 -170.04389218975345 182.8766839321199 380.00832317457815 1.0 183.73743639083446 405.68826824349543 1.0 182.01593147340535 354.3283781056609 1.0
-0.9999609184730706 -0.008840900773857317 211.7370396269495 209.04876033606644 304.9971156347773 1.0 209.13173824351787 295.6117977050157 1.0 208.96578242861497 314.3824335645388 1.0
-0.6215752043687987 -0.7833544953045756 279.06671583435184 267.00830097446834 144.38032495620823 1.0 271.8232422062073 140.5597710459658 1.0 262.1933597427294 148.20087886645067 1.0
0.11804392025645676 0.993008375035421 -212.20777568465184 574.8210945767377 145.3700128456192 1.0 567.7488468470239 146.2107266482701 1.0 581.8933423064515 144.52929904296826 1.0
0.06600202393465725 0.9978194891043816 -455.81450503182305 394.38153019715 430.7237236086952 1.0 386.83187956862315 431.22310473616704 1.0 401.9311808256769 430.22434248122335 1.0
-0.4448564223701452 -0.8956019001074278 257.40911401966025 222.0104228668833 177.13936466100142 1.0 228.52091500865527 173.90552355178735 1.0 215.49993072511128 180.3732057702155 1.0
0.9996047463543218 -0.028113183133750944 -264.41471977974373 271.5852370374347 251.24057169320074 1.0 271.9896982817255 265.621774191188 1.0 271.1807757931439 236.85936919521345 1.0
0.08763418040032589 0.9961527244481957 -463.5236006062557 453.1098269539532 425.45252538919544 1.0 443.0775031652468 426.33509535176916 1.0 463.1421507426595 424.5699554266217 1.0
0.051759325381675415 -0.9986595877655378 175.81932722713108 168.76026441000133 184.8019554662854 1.0 180.63575717189715 185.4174479739035 1.0 156.8847716481055 184.18646295866725 1.0
0.9999998857371557 -0.000478043591744188 -285.119828836707 285.25610393882994 285.00017634841817 1.0 285.2785125152896 331.87576319069854 1.0 285.23369536237027 238.12458950613782 1.0
0.9980986652321067 0.06163647022572881 -160.1760351477794 155.92804234152294 73.73011786377246 1.0 155.42582379335616 81.86270009543333 1.0 156.4302608896897 65.5975356321116 1.0
-0.9992850357677107 0.03780763534955666 146.5306354871657 156.56662638920932 262.4880205400493 1.0 156.25876559393168 254.35102167788486 1.0 156.87448718448692 270.6250194022138 1.0
-0.9978013316312111 0.06627595789561976 177.53395047041053 200.0930799888506 333.7438174411815 1.0 199.55302648250125 325.6131751253636 1.0 200.63313349519996 341.87445975699933 1.0
0.9999915195016166 -0.004118364341342738 -253.2528634002992 254.36698966783797 270.0026069892882 1.0 254.4673845479203 294.3797675226298 1.0 254.26659478775565 245.6254464559467 1.0
-0.865237015034436 -0.5013630499092443 593.5668219221076 578.9148405023459 184.83267441327297 1.0 584.2816025277656 175.57088067694787 1.0 573.5480784769262 194.0944681495981 1.0
0.9999911639252775 -0.004203816286282206 -230.85058301498938 232.1689492570771 313.1237642804068 1.0 232.23202803428202 328.1287539232626 1.0 232.10587047987218 298.11877463755104 1.0
0.11483346065911602 -0.9933847574394582 174.67051409854423 248.1088593850907 204.51462690608255 1.0 254.41903462387577 205.24407161983368 1.0 241.79868414630565 203.78518219233143 1.0
0.07317034253023617 0.9973194578338516 -459.6655830379448 156.8762112757107 449.3915098152242 1.0 0.5505804192497976 460.86065329395103 1.0 313.2018421321716 437.92236633649736 1.0
0.99999732495532 -0.0023130244711069897 -558.6722660872452 559.2722644847047 258.75312891871977 1.0 559.2910577582594 266.87808544930186 1.0 559.2534712111499 250.6281723881377 1.0
-0.03490654707046305 0.999390580789922 -84.46583035194922 242.4611958435085 92.98598094047446 1.0 221.81772013303126 92.26494907321775 1.0 263.1046715539858 93.70701280773119 1.0
-0.36283370035479495 -0.9318539080171563 291.2384914294373 227.14685225226188 224.0930222068253 1.0 231.57984346858422 222.3669591482059 1.0 222.71386103593954 225.8190852654447 1.0
-0.16591029168949886 -0.9861408495298758 261.92905750936234 206.1944181268319 230.91963137086736 1.0 211.76683993432937 229.98211607785464 1.0 200.62199631933441 231.85714666388012 1.0
0.08795494478733579 0.9961244539149998 -462.52921542607885 617.4829377007173 409.8067627283887 1.0 596.7437002192091 411.6379781758645 1.0 638.2221751822256 407.97554728091296 1.0
0.9998729114454148 0.015942426341990393 -277.26685157879416 272.2397959195007 317.49585118834625 1.0 272.0104938154224 331.8771603747311 1.0 272.469098023579 303.11454200196147 1.0
-0.9999871356775397 -0.00507232485452516 278.4931625571496 276.8894473228025 316.8719030386401 1.0 276.96554729713966 301.86911880358 1.0 276.8133473484653 331.8746872737002 1.0
0.9999308804722545 0.011757307429073424 -217.1944546194381 213.56447643966828 309.9978185916879 1.0 213.41008604939438 323.12835207602035 1.0 213.7188668299422 296.8672851073555 1.0
-0.9999210800972059 0.012563183403787781 560.949021784991 563.9457468767664 234.98968799263645 1.0 563.8279763275298 225.61616768242305 1.0 564.063517426003 244.36320830284987 1.0
-0.39786250414808555 -0.917445054372748 297.7736999875172 281.51483731289784 202.48569761638333 1.0 289.12664706272994 199.18473297143515 1.0 273.9030275630658 205.78666226133151 1.0
0.8631996776366594 -0.5048626709591107 58.948512562822586 44.3172225079068 192.53379252765637 1.0 51.40396275788597 204.6504972300569 1.0 37.230482257927626 180.4170878252558 1.0
0.27924985833219423 0.9602184733806413 -300.56561105093715 561.3628151557791 149.76292211857665 1.0 555.5061031931348 151.46616573573272 1.0 567.2195271184236 148.0596785014206 1.0
-0.17640141997331327 0.9843183118439882 -39.61610775770081 560.0033268708579 140.60643609100703 1.0 552.9081715452295 139.3349007966698 1.0 567.0984821964863 141.87797138534427 1.0
-0.04181242423735164 -0.9991254781955046 228.36000822537994 453.10816644644035 209.59775515156616 1.0 458.12553496381275 209.38778318549998 1.0 448.090797929068 209.8077271176323 1.0
-0.09553627323923677 0.9954259492777742 -51.2517583799856 230.07735607894398 73.56899987350963 1.0 158.14512746472857 66.66528488337804 1.0 302.0095846931594 80.4727148636412 1.0
0.08824449107060928 -0.9960988453942156 51.451451189803805 135.63220878977623 63.6686275869952 1.0 154.4010137903226 65.33135779990018 1.0 116.86340378922986 62.00589737409023 1.0
-0.9999861820280594 -0.005256971841740641 166.2605996882247 165.12932604058705 215.62896552555037 1.0 165.18850070129005 204.3727053037697 1.0 165.07015137988404 226.88522574733105 1.0
0.07930816400206264 -0.9968501467736371 174.69829652892932 169.37693102664224 188.7257282971308 1.0 179.3634446496971 189.52024296193719 1.0 159.3904174035874 187.9312136323244 1.0
-0.5833699925166768 -0.8122065327434228 273.0350588932645 240.7244434599949 163.26345180397095 1.0 243.79051255302215 161.06123767277782 1.0 237.65837436696762 165.46566593516405 1.0
0.9999982436975469 0.0018741936456646176 -308.61187694968544 308.0056481272129 323.7497763110855 1.0 307.9740211649889 340.6247170359298 1.0 308.0372750894369 306.87483558624126 1.0
-0.41356485638188256 -0.9104746616824836 249.89867492763008 233.8612556289765 168.24397731956458 1.0 238.47675158017822 166.1474808430316 1.0 229.24575967777474 170.3404737960976 1.0
-0.999997116775609 0.0024013413895653314 157.09007328713486 157.30965034559665 91.2504570958215 1.0 157.28113089478808 79.37402473826086 1.0 157.3381697964052 103.12688945338216 1.0
0.12403275691696058 0.992278123920697 -477.4896743821604 436.8407842685338 426.6012697155836 1.0 431.7638611533031 427.23587482826053 1.0 441.91770738376454 425.96666460290675 1.0
0.1904573531076481 -0.9816954704220797 271.8380570107597 219.9600641730554 319.5808456645509 1.0 224.41007930945497 320.44418682247965 1.0 215.51004903665586 318.7175045066221 1.0
0.0889670198994506 -0.9960345723769887 56.7941955168567 175.60662636295908 72.70570294176116 1.0 193.1342632537275 74.27129279506309 1.0 158.07898947219064 71.14011308845923 1.0
0.9999480101421059 -0.010196911926788982 -251.72642784827045 254.90066813484407 309.9946395296362 1.0 255.04737109435268 324.38089033731507 1.0 254.75396517533545 295.6083887219573 1.0
-0.6767872005698558 0.7361787046260018 -100.3827062544771 51.38859701154972 183.59924039884058 1.0 45.53749783160589 178.22018092677595 1.0 57.23969619149354 188.9782998709052 1.0
0.8627628625371433 0.5056087845624464 -598.7488251024057 585.3141405829799 185.44282566353502 1.0 579.899459843999 194.68235155138265 1.0 590.7288213219608 176.20329977568738 1.0
0.0995482677382236 0.9950327343310466 -299.2424753030868 569.2534675374646 243.78522468291914 1.0 564.2411082098596 244.28668726915262 1.0 574.2658268650697 243.28376209668568 1.0
0.09756279699998456 -0.9952293708696202 49.172024178529966 332.48758518861206 82.00164238118434 1.0 348.20660203883256 83.54258489643323 1.0 316.76856833839156 80.46069986593545 1.0
0.09422364380970497 0.995551055921906 -466.30591741763595 558.7389333219844 415.5080713551463 1.0 530.5118630650155 418.1796143140569 1.0 586.9660035789534 412.83652839623574 1.0
0.04426782666243601 0.9990196992665283 -446.91319510674447 410.6153334742211 429.1568494738808 1.0 404.3775812272049 429.43325216687765 1.0 416.8530857212373 428.88044678088403 1.0
0.07955799883377986 0.9968302387174881 -460.2217943431921 423.7789722613712 427.8630109686293 1.0 416.89792126636706 428.41219439603015 1.0 430.6600232563753 427.31382754122836 1.0
-0.999800060916772 0.019995954361297877 550.5871687573401 555.4598295733699 238.12830340079165 1.0 555.3598697914273 233.13030259174573 1.0 555.5597893553124 243.12630420983754 1.0
0.9988146839620964 -0.04867470700166323 -623.0790610530929 631.7074496562304 161.88316514216496 1.0 632.5004376365832 178.1554364668759 1.0 630.9144616758775 145.61089381745404 1.0
-0.9999927702122613 0.003802567975403752 155.03158797886914 155.62686434726385 156.24999291064154 1.0 155.58644428022112 145.62039336747105 1.0 155.66728441430658 166.879592453812 1.0
-0.9999491749651556 -0.01008203781508059 166.9572572250491 163.5376977581945 339.99785945197647 1.0 163.61967368170923 331.86738438443234 1.0 163.4557218346798 348.1283345195206 1.0
-0.7095392875159294 -0.7046658778963171 252.63615636436003 226.90607179023533 130.04373665267985 1.0 262.0953923942804 94.61104968321443 1.0 191.7167511861903 165.47642362214526 1.0
-0.3755238772987353 -0.926812719797546 362.5125765684536 625.3577474160384 137.75793947656325 1.0 629.9858936331149 135.88271768146137 1.0 620.729601198962 139.63316127166516 1.0
0.9984019235457907 0.056511937323587925 -234.8346524694917 220.35327946499217 262.48461996768856 1.0 219.9613887810428 269.4081910078096 1.0 220.74517014894155 255.56104892756758 1.0
-0.9999019245542468 0.014005044545211906 243.58096689623136 247.21144524203982 257.4952876072282 1.0 247.06241106113526 246.85486701950796 1.0 247.36047942294434 268.1357081949484 1.0
0.09089241538511854 -0.9958607175832668 56.44168215117522 254.32809989026555 79.88886000401664 1.0 305.6072824726118 84.56912169281475 1.0 203.04891730791928 75.20859831521854 1.0
-0.9999672986569392 0.008087126606126293 206.57548058024167 208.70012489662116 261.8754033594659 1.0 208.62932397683124 253.120921334771 1.0 208.7709258164111 270.6298853841608 1.0
-0.8032668064802888 0.5956193730957365 -73.75387949851338 46.57243213877943 186.6359177588114 1.0 39.34902766318755 176.89425839191318 1.0 53.79583661437132 196.3775771257096 1.0
0.09839759824178886 0.9951471814059706 -468.1988067898239 470.583166458702 423.9519151742036 1.0 464.2712793888912 424.57601836179975 1.0 476.89505352851285 423.32781198660746 1.0
0.9814619461856162 -0.19165711098089316 -176.83681576068486 231.57084917861454 263.1843937115501 1.0 232.74650018576216 269.2048159103655 1.0 230.39519817146692 257.1639715127348 1.0
0.08906449954273238 0.9960258605684907 -463.8685805912273 503.07887443035764 420.7341686594196 1.0 489.2716138286852 421.9688120599857 1.0 516.8861350320301 419.4995252588535 1.0
-0.20393737033779863 -0.9789839370386543 335.1309213709236 569.3681528481549 223.71713083207982 1.0 573.3365350500586 222.890455949957 1.0 565.3997706462511 224.54380571420265 1.0
0.9999765248799455 0.006851984313163206 -272.19920065747675 270.70239773617755 219.37553034052394 1.0 270.6081264764636 233.13344956162732 1.0 270.7966689958914 205.61761111942056 1.0
0.18320059019347873 0.9830755534305393 -503.92201063463483 483.24925147564784 422.54174778753753 1.0 477.9668137029009 423.5261540361219 1.0 488.5316892483948 421.55734153895315 1.0
0.9999885467198141 -0.004786066150224152 -306.44510354155256 307.62420150082755 245.62440555659276 1.0 307.7019885015244 261.87702458420216 1.0 307.5464145001307 229.37178652898334 1.0
-0.9999392298402258 -0.011024365130763677 168.30672524960124 163.94144578210228 396.87022004951956 1.0 164.05183465466877 386.857655796812 1.0 163.83105690953576 406.8827843022271 1.0
0.9999994164653773 -0.0010803096338881677 -315.7062585636812 316.0561934635697 323.7502093711906 1.0 316.07442440742165 340.62586487003 1.0 316.0379625197177 306.87455387235116 1.0
-0.9986988372272498 -0.05099639713685082 242.72462421827117 225.87034088726892 336.2625278020307 1.0 226.09641061395976 331.83524301615563 1.0 225.64427116057809 340.68981258790575 1.0
0.99945498066351 0.033011234858798685 -257.22451706559946 248.0135049191809 283.1213174026147 1.0 247.59972720342876 295.64893718615025 1.0 248.427282634933 270.59369761907914 1.0
0.07158744469103108 0.9974343275437278 -455.1020262845309 523.2126239293661 418.72087211579225 1.0 516.9500263341274 419.17034868441544 1.0 529.475221524605 418.27139554716905 1.0
0.094125479084749 -0.9955603418111162 164.9021651881122 471.91004022036736 210.25438139486488 1.0 478.22180217669995 210.85112836544823 1.0 465.5982782640348 209.65763442428155 1.0
0.9999728640735154 -0.0073668932807942605 -241.31543680765284 243.61500038681973 311.2509945547314 1.0 243.70251379007578 323.1299542685799 1.0 243.52748698356368 299.3720348408828 1.0
0.999923400134591 0.012377150854654725 -318.6410636845335 315.6483082106886 243.75028851133976 1.0 315.4394597890028 260.62270336489695 1.0 315.85715663237437 226.87787365778257 1.0
-0.058172605225926294 0.9983065400973935 -298.0658559233479 187.4928951725957 309.49692673228947 1.0 184.30587771977744 309.3112151290049 1.0 190.67991262541398 309.682638335574 1.0
-0.04640604186048958 -0.9989226593079379 396.1134057676143 538.1095370688392 371.54214954138644 1.0 556.8771036137466 370.6702817640493 1.0 519.341970523932 372.41401731872355 1.0
-0.596685651091942 -0.8024750673890032 273.98293767304745 213.0420974315187 183.01350537279222 1.0 215.25054471355875 181.3713997698433 1.0 210.83365014947867 184.65561097574113 1.0
-0.05456071804636876 0.9985104546504582 -142.94229591373514 613.7940124445449 176.69453248442298 1.0 596.9351975041502 175.77333126487162 1.0 630.6528273849398 177.61573370397434 1.0
-0.9999801164636586 0.00630608256589136 254.9285198669972 257.2944836246843 374.37629602900097 1.0 257.1841045198842 356.87305072261756 1.0 257.4048627294843 391.87954133538443 1.0
-0.06637260425267358 -0.997794907485861 406.377050936032 490.6010993358761 374.6406957175043 1.0 510.63716709619524 373.3079108072403 1.0 470.56503157555693 375.9734806277683 1.0
0.9997256965422413 -0.023420753043629443 -569.2929963635655 574.3103734008328 207.50151401891975 1.0 574.5305683965187 216.90063944529678 1.0 574.0901784051467 198.10238859254275 1.0
0.720482063858311 0.6934735724297421 -248.33497233806813 222.21889141867666 127.22942925034523 1.0 190.3630193090748 160.32598173051588 1.0 254.07476352827857 94.13287677017459 1.0
-0.09404629899041622 0.9955678247343098 -295.84155301178936 605.0060926944209 354.3105031447644 1.0 579.3736646214614 351.88913622780603 1.0 630.6385207673804 356.7318700617228 1.0
0.09213203508006745 -0.9957467991974692 294.5468361634007 599.3165188939845 351.25705348799545 1.0 621.8548823240909 353.3424282959923 1.0 576.778155463878 349.17167867999865 1.0
0.9999999982584958 -5.9017018350122204e-05 -306.8945229972485 306.9003883456501 99.374961616019 1.0 306.90119983182785 113.12499845376404 1.0 306.8995768594723 85.62492477827395 1.0
-0.09086102788188842 -0.9958635818284785 415.2745309577148 405.0043298524186 380.0474564556323 1.0 439.3783054724492 376.9112289499649 1.0 370.630354232388 383.1836839612997 1.0
0.017796449613127412 0.9998416306501582 -445.7766384806284 75.00244309908514 444.51225839851344 1.0 58.11054560240173 444.8129218170534 1.0 91.89434059576855 444.2115949799735 1.0
-0.9579198721368682 -0.2870357444035253 291.332083396625 241.0363940019778 210.56099406543825 1.0 242.32495091091084 206.26071337387765 1.0 239.74783709304478 214.86127475699888 1.0
-0.31914111482804547 0.9477072062753941 -301.649464785719 311.81660090437197 423.29841934710123 1.0 302.8236013483618 420.27001997971354 1.0 320.80960046038206 426.326818714489 1.0
0.06869106680473844 -0.9976379790992457 360.7871028231699 318.05336061335174 383.5404580427153 1.0 330.6228713621219 384.40591537356613 1.0 305.48384986458154 382.67500071186447 1.0
-0.9998231884084127 0.018804040013676006 550.2610964332545 552.4389925528512 110.62614738934904 1.0 552.2742652995382 101.86749087163047 1.0 552.6037198061643 119.38480390706762 1.0
-0.9997370901937329 0.02292924968174805 303.89702925677204 311.3881660830866 323.13616567199904 1.0 310.98635252122267 305.61671227889457 1.0 311.78997964495056 340.65561906510356 1.0
-0.05575527249459245 -0.9984444649498807 400.3943315538152 71.91700056423963 397.00213031904553 1.0 104.48993362342762 395.1831881320564 1.0 39.34406750505163 398.8210725060347 1.0
-0.45269489049415007 0.8916654844281512 -92.49834895091928 28.42146242779824 118.16606296017851 1.0 17.206410096770522 112.47222712651184 1.0 39.63651475882596 123.85989879384518 1.0
0.04590227277368694 -0.9989459351507518 157.65366546826286 174.36547740028567 165.83223510410045 1.0 190.63855570829338 166.57999457043135 1.0 158.09239909227793 165.08447563776957 1.0
0.01750478921177545 0.9998467794390555 -422.3805956383069 431.2481662302025 414.89525787462713 1.0 416.8666321669055 415.14704217547893 1.0 445.62970029349947 414.64347357377534 1.0
-0.03566235485711973 -0.9993638959088151 393.27108964205695 448.7725507202499 377.506937395464 1.0 456.9317669037331 377.2157753231873 1.0 440.6133345367667 377.7980994677407 1.0
0.03614688118037943 0.999346487951467 -430.39108713628065 466.8988567301285 413.7845628361121 1.0 448.1282013507885 414.46350718409866 1.0 485.6695121094684 413.1056184881256 1.0
-0.31476019616824735 -0.9491712273916263 338.7838712460724 566.9321416984824 168.92231294408896 1.0 571.9969492712687 167.24274262088647 1.0 561.867334125696 170.60188326729147 1.0
0.062402752508286315 0.9980510490347624 -440.15450484238926 525.6265272242415 408.14942596993046 1.0 505.5487064631448 409.40478388080305 1.0 545.7043479853381 406.89406805905793 1.0
-0.6962655881526967 0.7177842508403061 -91.79190246661948 61.664272767004064 187.69792379119798 1.0 51.192436829458096 177.54002606697478 1.0 72.13610870455004 197.85582151542116 1.0
-0.03429352421156763 -0.9994118041113735 352.6454998857879 594.9763990503861 332.43720053422265 1.0 614.3714548540829 331.7716842645002 1.0 575.5813432466894 333.1027168039451 1.0
-0.09713671556867413 -0.9952710477495719 414.2114219110292 337.5111280052101 383.23901848765394 1.0 343.20389978505676 382.6834139069453 1.0 331.8183562253634 383.79462306836257 1.0
0.9999955551172065 -0.0029815676798980073 -351.27146198024127 351.88984332729166 206.8768192315013 1.0 351.93829914282446 223.12853824464855 1.0 351.84138751175885 190.62510021835402 1.0
-0.9999884114242192 -0.004814251475200036 564.1373184721018 563.1388546470287 208.75307564256917 1.0 563.1779844726042 200.6252550835314 1.0 563.0997248214533 216.88089620160696 1.0
0.2546001883509052 -0.9670464022432861 246.00225196213333 264.3162117901806 323.973294912578 1.0 270.62272305854464 325.63364849337614 1.0 258.00970052181657 322.3129413317799 1.0
-0.08359741943441538 -0.9964996093646532 399.97403708854023 19.354476276865107 399.75535271034676 1.0 38.12963785895764 398.18028429789865 1.0 0.5793146947725702 401.3304211227948 1.0
-0.03697218202684953 -0.9993162951519271 397.2702849900161 129.36134951578407 392.75604283907865 1.0 153.12506826745164 391.87684519206346 1.0 105.5976307641165 393.63524048609383 1.0
0.007206784318202817 0.9999740307926956 -444.33153029603807 43.742993490627946 444.02781502689595 1.0 30.61417105024086 444.1224340757575 1.0 56.87181593101503 443.9331959780344 1.0
0.09586370964481207 -0.9953944691292669 47.675818677032375 263.11428850330196 73.2362221153222 1.0 276.8572058123959 74.55976476645236 1.0 249.37137119420802 71.91267946419205 1.0
0.2668050949036225 -0.9637505078252717 239.89358304139438 298.8148588886719 331.64071741661417 1.0 305.84329616209885 333.58647293999366 1.0 291.78642161524493 329.6949618932346 1.0
0.060583520925671826 -0.9981631314530949 162.94541141388524 211.14767539266015 176.0608817204164 1.0 219.3184439894242 176.55680659948928 1.0 202.9769067958961 175.56495684134353 1.0
-0.10981800321134408 -0.9939517121926362 424.64101633992397 463.7895131169755 375.9826292513378 1.0 469.61956013248926 375.33848918495613 1.0 457.9594661014617 376.62676931771955 1.0
0.9987895619025724 0.049187508927243176 -222.87948874259445 209.20691445793247 283.11672227122074 1.0 208.77402045232984 291.90696238778474 1.0 209.6398084635351 274.3264821546567 1.0
0.10734858572853385 -0.9942214447204827 325.5447682310862 240.66045878345562 353.42159434215137 1.0 246.9051407068385 354.09584832888584 1.0 234.41577686007278 352.7473403554169 1.0
0.998721070338522 -0.05055911057244775 -538.3150200355653 558.9370322643937 393.74053170578156 1.0 559.3488973025209 401.87632141917027 1.0 558.5251672262665 385.60474199239286 1.0
-0.5240495293323364 0.8516877895135967 -123.28878141443349 15.90513175772951 154.5447285339285 1.0 4.6762004626809395 147.63548757435572 1.0 27.13406305277808 161.4539694935013 1.0
0.10450266136674259 0.9945246069189377 -460.87811854284155 495.63396030977947 411.3352729341511 1.0 486.7846477364076 412.2651410427427 1.0 504.4832728831513 410.40540482555946 1.0
-0.42137859483376716 0.9068848216923249 -120.85183126802978 23.027443205045827 143.95996030097777 1.0 14.159221904853098 139.83939444656556 1.0 31.895664505238557 148.08052615538998 1.0
-0.9995203427360018 -0.030969088732244358 252.98942606799835 246.15889610457612 224.3721772414221 1.0 246.3529594960109 218.10882512291286 1.0 245.96483271314133 230.63552935993135 1.0
0.1079758921633797 0.994153512648586 -458.0097585090659 336.2293731319718 424.1850847059992 1.0 321.75360675430466 425.757310493557 1.0 350.70513950963885 422.6128589184414 1.0
0.44858611369969836 -0.8937396145387095 94.955269498003 23.733762200532336 118.15735134613841 1.0 33.22683152659491 122.9221161688974 1.0 14.240692874469767 113.39258652337942 1.0
0.025241960307834294 0.9996813709576756 -445.5094573842501 15.006881410298519 445.27253103948544 1.0 0.6252693374222651 445.6356668261996 1.0 29.388493483174774 444.9093952527713 1.0
-0.9998352241896049 0.018152808865909843 284.0605301580797 291.14254627035507 387.4906035331645 1.0 290.9039180071651 374.347241269677 1.0 291.381174533545 400.6339657966521 1.0
0.057508263064229063 0.9983450303774418 -445.96732846327023 135.01034176106512 438.9295332568673 1.0 118.15526758607895 439.900446127797 1.0 151.86541593605128 437.95862038593754 1.0
0.49819091749564964 -0.8670673616996795 -99.88622317922625 238.03550338073725 21.567992837261656 1.0 242.13458833163787 23.923204188521247 1.0 233.93641842983664 19.21278148600207 1.0
-0.9992846539828254 -0.03781772487108129 320.85934029925806 311.8643760063103 243.7495979371155 1.0 312.45664298345673 228.09970616438812 1.0 311.2721090291639 259.3994897098429 1.0
-1.0 0.0 349.375 349.3749999999999 133.75 1.0 349.3749999999999 118.125 1.0 349.3749999999999 149.375 1.0
0.05675149299542534 0.9983883352898261 -442.57815453485 171.27454579463938 433.5568165700121 1.0 163.10488920602054 434.02120521747105 1.0 179.4442023832582 433.09242792255316 1.0
0.1420645953335616 -0.9898573890984051 -76.9909228509052 555.0880396904766 1.8865696238558833 1.0 566.987043710828 3.59431784055943 1.0 543.1890356701253 0.1788214071523367 1.0
0.543377925755597 -0.8394881951531807 216.1473119073588 265.6104213646224 429.39752316798456 1.0 273.1767713590272 434.2950161753167 1.0 258.0440713702176 424.50003016065244 1.0
0.9992613977116956 0.03842732157291868 -350.52937775756294 347.1837144371996 93.73783700935667 1.0 346.87080014539225 101.87483849154592 1.0 347.496628729007 85.60083552716743 1.0
-0.9999994588130562 0.001040371854122254 349.3012656239545 349.4789687689698 170.62554206652123 1.0 349.46336252312005 155.62490807006822 1.0 349.49457501481965 185.62617606297425 1.0
-0.05045615924553993 -0.9987262768117141 401.1380494081559 360.67189880322724 383.42831217901744 1.0 369.4941076407992 382.98260970343324 1.0 351.8496899656552 383.8740146546016 1.0
0.007576934699302676 0.9999712946182818 -294.0702091610283 591.2516946052363 289.5986467198524 1.0 581.8772328234186 289.6696784436071 1.0 600.626156387054 289.5276149960977 1.0
0.03318271235427695 -0.9994493021663546 287.9316860254304 589.3697542544046 307.65799964507426 1.0 601.8767183736063 308.0732433116546 1.0 576.862790135203 307.2427559784939 1.0
0.05049735547599377 0.9987241947053906 -438.143611957916 364.38911281306264 420.279119722769 1.0 358.123529624574 420.5959192788535 1.0 370.6546960015513 419.9623201666845 1.0
0.21363233054237807 -0.9769141350942938 -57.063506733051604 376.22565725284795 23.86131636171105 1.0 387.0179341790976 26.22137973758892 1.0 365.4333803265983 21.501252985833183 1.0
-1.0 0.0 349.375 349.375 206.875 1.0 349.375 190.625 1.0 349.375 223.125 1.0
0.9999870264338171 -0.005093816256265047 -350.7822325876759 352.23216339024873 283.74818065171314 1.0 352.31812042438946 300.62274279669475 1.0 352.146206356108 266.87361850673153 1.0
0.14205947392673915 0.9898581241105505 -452.7611153854062 105.06411314980708 442.32173488113574 1.0 93.07721445669551 444.042034468399 1.0 117.05101184291865 440.6014352938725 1.0
0.027244220556119338 -0.9996288073311461 335.5071316058611 629.3842619362417 352.78516652009625 1.0 635.6636655236574 352.95630750267077 1.0 623.1048583488259 352.61402553752174 1.0
-1.0 0.0 274.375 274.37499999999994 220.0 1.0 274.37499999999994 208.125 1.0 274.37499999999994 231.875 1.0
0.4474197986487171 -0.8943240597105401 -112.29513187663154 312.6897380589051 30.870742507072556 1.0 321.9386136162263 35.497846066070004 1.0 303.4408625015839 26.24363894807511 1.0
-0.23277362499260051 0.9725309452700229 -324.93553502325983 271.18513381747607 399.02101167414503 1.0 264.5411585748924 397.430787518195 1.0 277.8291090600597 400.61123583009504 1.0
0.04867695280672577 0.9988145745159368 -436.9263451667347 381.8791000955182 418.8341308858578 1.0 371.8724075216722 419.32180428850575 1.0 391.8857926693642 418.3464574832099 1.0
-0.31044431111670784 -0.9505915682853876 76.14364477921094 198.24234550172775 15.359316117333123 1.0 203.3137904212723 13.70308301266322 1.0 193.17090058218318 17.015549222003024 1.0
-0.9999397138003658 -0.010980380906065457 316.1070549945324 314.67116450280093 132.49638904329447 1.0 314.8290733180505 118.11625989495116 1.0 314.51325568755135 146.87651819163776 1.0
-0.7031237216273318 0.7110675299048118 -105.18203134390038 13.928645377041615 161.6943363087112 1.0 2.299798081539026 150.19540260020074 1.0 25.557492672544203 173.19327001722166 1.0
0.06820489937428632 -0.9976713345091877 81.85033327884045 194.35256851240038 95.32811795595092 1.0 204.34857822502556 96.01148612842567 1.0 184.3565587997752 94.64474978347617 1.0
0.33934783970953286 -0.9406609610717738 -95.791043262294 379.36620756873685 35.02437232796056 1.0 385.49499771371256 37.23536202754467 1.0 373.2374174237612 32.813382628376466 1.0
-0.10766817642727523 0.9941868857437344 -46.45390146367236 596.2448577011993 111.29748298150685 1.0 554.386980953265 106.76437022052299 1.0 638.1027344491335 115.83059574249071 1.0
0.44243296479375266 0.89680157875854 -263.6907006415044 540.0508161854689 27.60300325468808 1.0 530.7750548453375 32.17915776605136 1.0 549.3265775256003 23.0268487433248 1.0
-0.727358484610448 0.6862577029550873 -125.24261802716354 238.1635552154278 434.92830660092045 1.0 233.60737374852428 430.0992500626741 1.0 242.71973668233133 439.7573631391667 1.0
0.060619899562586226 -0.9981609227860114 83.85618989647385 223.12128308996478 97.56120225169346 1.0 231.87694659231784 98.09294761459044 1.0 214.36561958761175 97.02945688879646 1.0
0.11488392365124699 -0.9933789227110138 -8.701583496106636 501.4115066607374 49.22848334601587 1.0 507.1049202191158 49.88692462517113 1.0 495.71809310235903 48.57004206686061 1.0
0.2713222885949289 -0.9624885535483578 -77.70103147907942 450.77506188097055 46.34267055701149 1.0 456.8913939755371 48.06684401921675 1.0 444.658729786404 44.61849709480623 1.0
-0.9998589721004039 0.01679392480404618 345.31023243952404 350.77569984024547 322.4974688012453 1.0 350.4923423261287 305.627228157232 1.0 351.05905735436227 339.3677094452585 1.0
0.9156825191877795 -0.4019023812493795 -455.3673552262686 528.498662056706 71.08599591864449 1.0 530.714448330977 76.13437794439608 1.0 526.2828757824351 66.03761389289289 1.0
-0.9996605937630134 0.026051819080045214 225.26220310190553 232.61930150207104 279.3718909236121 1.0 232.45610871045915 273.1098559210144 1.0 232.78249429368293 285.6339259262099 1.0
-0.6653674941453425 0.7465159728597559 -103.84796157411496 32.561543941488516 168.1321753788464 1.0 25.587918733596336 161.9166037120956 1.0 39.53516914938069 174.3477470455972 1.0
0.0 -1.0 359.375 61.25 359.375 1.0 78.125 359.375 1.0 44.375 359.375 1.0
-1.0 0.0 260.625 260.625 220.0 1.0 260.625 210.625 1.0 260.625 229.375 1.0
0.06656654529499496 0.9977819877345397 -442.71850776064036 411.25108261256946 416.26622754067677 1.0 406.853956884311 416.55957966825173 1.0 415.64820834082786 415.9728754131018 1.0
-0.2776143281503733 -0.9606926068236482 558.8374918030707 366.891188813704 475.68102186941246 1.0 375.6335838872591 473.1547047961557 1.0 358.1487937401489 478.20733894266925 1.0
0.9984422158649218 0.05579553368097552 -123.18726320276292 113.94865489519304 168.7611013494016 1.0 113.56371244475521 175.6495163862251 1.0 114.33359734563088 161.8726863125781 1.0
0.055747332590708125 -0.9984449082994119 101.50342041349212 210.64327988365017 113.42260394521776 1.0 218.15475954570312 113.84200110122312 1.0 203.13180022159722 113.0032067892124 1.0
0.32906017629549383 -0.9443089538791731 -86.19163543522214 302.5741613837034 14.162177957990318 1.0 308.75533727647394 16.31611160505893 1.0 296.392985490933 12.008244310921707 1.0
-0.1627311429392056 0.986670449095188 -267.4988659835574 298.78847253953734 320.39173353866056 1.0 291.89482982324614 319.2547679395942 1.0 305.68211525582853 321.52869913772696 1.0
0.9999985772552339 -0.001686857287381506 -310.3691858009353 310.5973535141589 135.00004663574245 1.0 310.6216020531655 149.37500573185952 1.0 310.5731049751523 120.6250875396254 1.0
-0.05754369173171399 0.9983429889280965 -79.13544779792733 194.38388074633292 90.47092523400674 1.0 185.66285441534143 89.96825224852952 1.0 203.10490707732444 90.97359821948396 1.0
-0.05609635177607751 0.9984253599130055 -97.18449800546882 183.1529135231101 107.62818392417213 1.0 175.6065045029647 107.20419027173013 1.0 190.6993225432555 108.05217757661414 1.0
0.9999541774940364 -0.009573030461949539 -223.540435910888 226.261166990679 283.1248930931593 1.0 226.35695018551615 293.1299595339131 1.0 226.1653837958418 273.1198266524055 1.0
0.0 -1.0 348.125 374.375 348.125 1.0 388.125 348.125 1.0 360.625 348.125 1.0
-0.04580256914768467 0.9989505116168025 -114.29958628389188 203.74946255562375 123.76172162052458 1.0 199.35504419781142 123.5602345114467 1.0 208.14388091343608 123.96320872960248 1.0
0.1679337774664252 -0.9857982787496928 -25.240511818178252 299.2060872078555 25.366545252342753 1.0 303.0572666677654 26.022605552249196 1.0 295.3549077479456 24.710484952436314 1.0
0.9996819794113151 0.025217851618942883 -323.09743701914977 315.9160650183687 288.75734236946937 1.0 315.6166982654715 300.6247905814911 1.0 316.21543177126597 276.8898941574476 1.0
-0.02817634427631893 0.9996029679944044 -116.46923618395344 173.74540680132407 121.41295141002017 1.0 168.1072693013398 121.25402620835183 1.0 179.38354430130835 121.57187661168851 1.0
0.2780971767203108 -0.9605529450791311 -59.25714063825866 230.43683900301133 5.0249116673459175 1.0 240.66518508895157 7.986199937389058 1.0 220.20849291707108 2.0636233973027767 1.0
-0.13797520604847774 -0.9904356831798217 100.89835264169946 429.3145298837052 42.06592374340519 1.0 438.15418394471504 40.83449285780809 1.0 420.4748758226953 43.29735462900229 1.0
-0.031295136799737326 0.9995101872480769 -291.66480547924107 590.6156008935754 310.300190495493 1.0 576.8595175653743 309.8694810189143 1.0 604.3716842217765 310.7308999720716 1.0
-0.9986697268244943 -0.05156332731981291 227.22581811778784 208.55425060018422 367.4898930646396 1.0 208.97430704945708 359.35431141676906 1.0 208.13419415091133 375.62547471251014 1.0
0.1155570955706514 -0.9933008394556381 -19.02361125037622 434.4316185994717 31.38832021537649 1.0 438.2750218907532 31.835448118430083 1.0 430.5882153081902 30.941192312322897 1.0
0.546228310879585 -0.8376363366005772 -73.53439401627037 150.71165407787498 10.492116729585444 1.0 153.91470980094198 12.580850993866015 1.0 147.50859835480796 8.40338246530487 1.0
0.9999663902312104 0.008198683306650887 -279.17908662180133 276.8620583861694 283.7447695429456 1.0 276.74416426324666 298.12392728317536 1.0 276.97995250909213 269.3656118027158 1.0
-0.7207225492033643 0.6932236342406426 -108.48296671173586 8.768648987018038 165.6070625585118 1.0 1.7176415271286072 158.27635451577453 1.0 15.819656446907468 172.9377706012491 1.0
0.0 -1.0 358.12500000000017 91.875 358.12500000000006 1.0 103.125 358.12500000000006 1.0 80.625 358.12500000000006 1.0
-0.9997028798706264 0.024375232888643277 344.34750571599636 350.39284402132665 243.740421489523 1.0 350.04218281266844 229.35873243013944 1.0 350.74350522998486 258.1221105489065 1.0
0.4804034838505361 0.877047600021953 -287.53325724402794 290.103029456292 168.93809550806787 1.0 283.4980163109711 172.55599643592097 1.0 296.7080426016129 165.3201945802148 1.0
0.6998999802282867 -0.7142408681085423 108.85072493811855 8.249848477168221 160.48478719472484 1.0 15.193854138782177 167.2893676132877 1.0 1.3058428155542678 153.680206776162 1.0
-0.6593126211635552 -0.7518689164837463 307.28013829985866 416.83469873266347 43.166780505159 1.0 420.1503972753908 40.25924988477195 1.0 413.51900018993615 46.07431112554605 1.0
-0.02882996759780371 -0.9995843300934191 359.4077458122753 340.63531428914996 349.7326140616668 1.0 349.3780415776227 349.48045670299797 1.0 331.8925870006772 349.9847714203356 1.0
-1.0 0.0 113.125 113.12499999999997 124.375 1.0 113.12499999999997 114.375 1.0 113.12499999999997 134.375 1.0
-0.9999975284906348 0.0022232886950653264 349.3355920044712 349.9687048327548 284.37506957836354 1.0 349.93257339136886 268.1237603503185 1.0 350.0048362741407 300.6263788064085 1.0
-0.04650293802113418 0.9989181531814317 -336.91249974176003 454.36083015499855 358.4293789489863 1.0 438.08790537151634 357.67182057423986 1.0 470.6337549384808 359.18693732373276 1.0
-0.13640853834261432 -0.9906526690355362 536.0938318443734 478.69667359223666 475.23772256984296 1.0 489.29288799631144 473.77867020567584 1.0 468.1004591881619 476.69677493401014 1.0
-0.23172108561478227 -0.9727822667388148 162.7034863193051 487.75497284717744 51.070394882606564 1.0 494.1199381974156 49.55423167601137 1.0 481.39000749693923 52.58655808920176 1.0
0.11465771438054367 -0.99340505763411 25.212986822449903 596.2700597446265 94.20120051450984 1.0 638.1640623687591 99.03656001889516 1.0 554.3760571204939 89.36584101012451 1.0
1.0 0.0 -115.625 115.62499999999997 122.5 1.0 115.62499999999997 134.375 1.0 115.62499999999997 110.625 1.0
-0.03522779493621472 -0.9993793086030609 347.45809376786275 614.9910345420533 325.9956584160234 1.0 629.3701989083141 325.4887975582007 1.0 600.6118701757924 326.502519273846 1.0
0.9989820887643904 -0.04510860591877781 -272.4029214644746 282.41710900142397 215.6287429073364 1.0 282.75635091309385 223.14164619072812 1.0 282.0778670897541 208.11583962394468 1.0
-0.05126579719328956 0.9986850444650388 -347.441207097683 375.0179877735868 367.1495885863885 1.0 365.63562798888586 366.6679611137606 1.0 384.4003475582878 367.63121605901637 1.0
0.13224859932005012 -0.9912165797533276 -35.37752655964431 357.48272161302003 12.004503251709293 1.0 368.085752390654 13.41916478737331 1.0 346.87969083538604 10.589841716045276 1.0
