line_hom_a line_hom_b line_hom_c centroid_x centroid_y centroid_z point1_x point1_y point1_z point2_x point2_y point2_z
-0.9999372834729225 0.011199514310548093 473.2167402717466 474.68140997714283 128.12156814184186 1.0 474.5832635864777 119.3586671317539 1.0 474.779556367808 136.8844691519298 1.0
-0.09735811525341212 0.9952494146666471 -193.1355248168126 144.49073382563853 208.1919037380801 1.0 138.17885558290035 207.5744579397042 1.0 150.80261206837667 208.809349536456 1.0
-0.8841366031620868 0.4672284954377317 347.7944317717269 472.3222028341887 149.39781482019995 1.0 467.7525586612894 140.75067596600505 1.0 476.8918470070881 158.04495367439486 1.0
-0.01953930748806099 -0.9998090895080355 282.13819747539435 144.37491296362998 279.3705464258943 1.0 150.6469462818096 279.2479718375401 1.0 138.10287964545034 279.4931210142486 1.0
-0.9989658109937166 0.04546766395655255 127.19779746579513 136.2914026023201 196.9015622807824 1.0 136.06171525774627 191.8551230208628 1.0 136.5210899468939 201.948001540702 1.0
-0.03531968693792805 0.9993760652099922 -155.59969013385106 237.51004226777349 164.09085246293668 1.0 220.6560934975895 163.49520462329616 1.0 254.36399103795745 164.6865003025772 1.0
0.002189299045330934 0.9999976034819734 -160.0261670009527 97.49822249778197 159.81309723048525 1.0 54.36521934546921 159.90752849941512 1.0 140.63122565009473 159.71866596155542 1.0
-0.03412162987210645 0.9994176876435953 -149.4842592527193 261.21621108151004 158.4896726185649 1.0 228.10846444257655 157.35932412595744 1.0 294.3239577204435 159.62002111117235 1.0
-0.010274563523837557 0.999947215279084 -158.69957387000227 161.87760719734962 160.37126078048163 1.0 158.1151605458283 160.33260124272263 1.0 165.6400538488709 160.40992031824067 1.0
0.07259036569900007 0.9973618394583209 -337.21466371917563 119.4233803239661 329.4147257999015 1.0 16.87524910331172 336.878422577291 1.0 221.97151154462048 321.951029022512 1.0
-0.007215775715600483 -0.9999739659515252 280.857835136952 129.3745063232324 279.9315854684727 1.0 136.88764504482558 279.87737093311364 1.0 121.86136760163922 279.98580000383174 1.0
-0.05040643476801924 -0.998728787676603 286.4228042864218 168.72585878845422 278.27167767763973 1.0 185.65237456250316 277.4173863787984 1.0 151.7993430144053 279.12596897648103 1.0
0.021316195200766913 0.9997727840975483 -87.80749245019163 221.86108033208814 83.09713934588744 1.0 203.10628036553368 83.49701118016554 1.0 240.61588029864257 82.69726751160934 1.0
-0.9998880263233152 0.014964451719503459 292.99056030477857 296.24165046095516 215.03754027909577 1.0 295.39050261130245 158.16592483665468 1.0 297.09279831060786 271.9091557215368 1.0
-0.10221381078190216 0.994762452490765 -141.12637973270708 181.8818690095814 160.55814961290326 1.0 176.8070092487894 160.0366977285509 1.0 186.95672877037342 161.07960149725562 1.0
0.006520121834197275 -0.9999787437797201 271.4751855403918 273.1241080511048 273.2617965136827 1.0 280.63193919024064 273.31074952797655 1.0 265.616276911969 273.21284349938895 1.0
0.999901630631626 0.014026013696539899 -200.76062431448617 198.0276411034836 196.23986718746528 1.0 197.9135679968437 204.37203416008003 1.0 198.1417142101235 188.1077002148505 1.0
-0.029740251578654255 -0.9995576608860732 281.9470990654552 248.09718450362277 274.690132572208 1.0 258.1254985483608 274.3917560059818 1.0 238.06887045888473 274.98850913843415 1.0
0.0812451632675013 -0.996694147392086 120.18805787376435 446.24290586653945 156.96202895060554 1.0 456.8989933390651 157.83065607033274 1.0 435.58681839401373 156.09340183087838 1.0
-0.05255985422270291 -0.9986177755898841 286.74435415104233 196.83716742348759 276.781195049713 1.0 205.5957997165166 276.320205422085 1.0 188.07853513045856 277.24218467734096 1.0
-0.9991147599046999 0.04206776129738676 429.4574162696428 438.0211681458013 194.35305619731264 1.0 437.6522950247153 185.59227196627492 1.0 438.3900412668874 203.11384042835033 1.0
-0.06221938164386538 0.9980624973156015 -149.1287145655327 171.05010596299078 160.08150473381204 1.0 165.4468817524091 159.73219880704693 1.0 176.65333017357247 160.43081066057715 1.0
0.1362040820390761 0.9906808002762002 -110.82567813105723 195.09223598921454 85.04587874490525 1.0 186.78063042643453 86.18860262290279 1.0 203.4038415519946 83.9031548669077 1.0
-0.029157909831902865 0.9995748177571475 -155.50847869438735 150.55305708346032 159.96630599050613 1.0 143.04121751599956 159.747183282642 1.0 158.06489665092107 160.18542869837026 1.0
-0.08460192310834469 -0.9964148305833117 367.71773904300164 129.31650155772223 358.06102375324326 1.0 250.59432919435542 347.76376890161185 1.0 8.038673921089039 368.3582786048747 1.0
0.8950965625272648 0.4458723401960187 -517.8012812607985 506.13122093344884 145.2545030872919 1.0 502.1439692219236 153.25898100433008 1.0 510.118472644974 137.25002517025374 1.0
0.327222223023073 0.9449474148119769 -309.63443826213484 495.36855538024076 156.13444308352544 1.0 489.0147507912051 158.3346777523426 1.0 501.72235996927645 153.93420841470828 1.0
0.037878704448096344 0.9992823443598579 -112.94177230826232 540.0966611853503 92.55002955652527 1.0 521.8793808655743 93.24057210536112 1.0 558.3139415051264 91.85948700768942 1.0
0.08213050379765927 0.9966215833233507 -370.5095487428903 130.70692367355738 360.9941117791457 1.0 5.680412657516136 371.29741095471604 1.0 255.73343468959862 350.6908126035754 1.0
0.007427943521332076 0.9999724124469854 -160.1826911063633 210.6333380563256 158.62249457404965 1.0 194.37959230280455 158.74322981030664 1.0 226.88708380984667 158.5017593377927 1.0
-0.2235890012902331 -0.9746835170977481 329.1850281979567 7.584953817643411 335.99533613144536 1.0 14.661079817749751 334.37209749283716 1.0 0.5088278175370708 337.6185747700536 1.0
-0.6465229092807312 0.7628945718611315 -101.65747101552176 237.17365153633466 334.24758756566905 1.0 222.27816939378025 321.6242568917467 1.0 252.06913367888905 346.87091823959133 1.0
0.9975211763302154 -0.07036691532803639 -168.00961786483063 187.34191930316888 268.1361512930981 1.0 187.69597643316564 273.1552640843297 1.0 186.98786217317215 263.1170385018666 1.0
0.3783127249923124 -0.9256778500692835 147.71378699244792 448.04914329322173 342.6856106564885 1.0 512.0867199818908 368.85695108251394 1.0 384.0115666045527 316.514270230463 1.0
-0.18517894468953666 0.982704817553913 -36.392593267844134 256.90901094977903 85.44451120710033 1.0 246.79698276270244 83.53902069264993 1.0 267.0210391368556 87.35000172155073 1.0
0.9999449334929199 0.010494283293290758 -586.9844591755808 585.2328386051358 169.9827657440787 1.0 584.5704234511444 233.10081378897507 1.0 585.8952537591273 106.86471769918235 1.0
-0.12884702723185604 -0.9916644813511843 289.2922565040046 65.63423370100787 283.19606670225653 1.0 69.48169413995045 282.6961659300977 1.0 61.786773262065296 283.69596747441534 1.0
0.9766228753669428 0.2149599016328505 -495.6940726480326 462.3094247591248 205.58305337345104 1.0 460.91069297778563 211.9378825475534 1.0 463.708156540464 199.2282241993487 1.0
0.10567965215496405 0.9944002268304275 -435.90492317711903 152.529186662279 422.1496339810819 1.0 0.5113176220678639 438.30529755400255 1.0 304.5470557024901 405.9939704081612 1.0
0.29213909851214953 -0.9563758398874935 32.53924953937966 192.40906854657834 92.79768232181598 1.0 198.07786670357532 94.5293002842974 1.0 186.74027038958135 91.06606435933458 1.0
-0.13714296790341088 -0.9905512638700957 293.2747571376683 114.5769931295253 280.2089486635967 1.0 121.13396423232814 279.3011284322823 1.0 108.02002202672246 281.11676889491105 1.0
-0.09737794084203136 -0.9952474750720878 416.17950648664055 148.05704979627183 403.6805175730118 1.0 295.61211369654455 389.24329603433654 1.0 0.5019858959991197 418.11773911168706 1.0
-0.1042439215144436 -0.9945517607582275 195.69586984715792 187.58969008670852 177.1056991368188 1.0 192.11154031224766 176.6317415022239 1.0 183.06783986116935 177.5796567714137 1.0
0.10412548362284899 0.9945641676937228 -208.11407680608013 456.1448486359732 161.4956370409381 1.0 448.04321615938625 162.34383409766033 1.0 464.2464811125601 160.6474399842159 1.0
0.9997849785563717 0.02073636065068582 -525.6127748590391 521.2279301226374 216.8615792399056 1.0 519.5936803614705 295.65546163556087 1.0 522.8621798838044 138.06769684425032 1.0
-0.0103171294850143 -0.9999467770032511 192.9059172663012 450.63291055693435 188.2666992958009 1.0 461.88816093411054 188.15057123959014 1.0 439.3776601797582 188.38282735201162 1.0
0.9467521941291818 0.32196317011667674 -123.5069601414846 2.310848301916967 376.8106749519827 1.0 -0.16965976156788104 384.1047590884023 1.0 4.791356365401815 369.5165908155632 1.0
-0.9998777512431871 -0.015635938375012377 442.07340621341956 438.4620993580517 234.39004516552592 1.0 438.57950736141464 226.8821075179793 1.0 438.3446913546888 241.89798281307253 1.0
-0.9987479952573454 -0.05002441373403417 269.7939491801844 259.6444884609589 209.3884979017045 1.0 260.52194771470954 191.86983840750608 1.0 258.7670292072083 226.9071573959029 1.0
0.9539271587047428 0.30003829069886484 -116.34304603025677 11.114968267446576 352.4222714557617 1.0 6.371633275784161 367.5030001882242 1.0 15.858303259108991 337.34154272329914 1.0
-0.19421165923968656 -0.9809596482095315 142.52359027062616 260.2504925296006 93.76523332676366 1.0 266.98525124616 92.43187709003234 1.0 253.5157338130412 95.09858956349498 1.0
0.9609269984095519 0.27680192146661337 -131.10053260816977 23.89679680380021 390.6672858733539 1.0 19.57179075675827 405.68168699046623 1.0 28.221802850842153 375.65288475624146 1.0
-0.9620238173195289 -0.2729655196356523 126.49494654579564 20.76761567918072 390.2178039763421 1.0 25.1967122443571 374.6081533853256 1.0 16.33851911400434 405.82745456735864 1.0
0.9874605342604748 -0.15786606119751598 -1.8187357552292014 39.800266422137 237.43201233599416 1.0 40.903138261514925 244.33053382612238 1.0 38.69739458275907 230.5334908458659 1.0
-0.6712171849886301 0.7412607439868505 -88.1817032587499 276.44762494580925 369.28719359853824 1.0 255.7858526416537 350.57780320470755 1.0 297.10939724996484 387.99658399236887 1.0
-0.9973752816726962 0.07240543838904508 158.61028424194134 178.44542372777596 267.47673852469956 1.0 178.12292819241847 263.0344054269135 1.0 178.76791926313345 271.9190716224856 1.0
-0.10991853946622845 -0.9939405991716062 424.33733883666986 545.2489247125989 366.62590670955603 1.0 579.481734277222 362.84014684392116 1.0 511.01611514797565 370.41166657519085 1.0
-0.35759752524491334 0.9338758000605399 -125.15913164283657 187.85290888932144 205.95336870197067 1.0 180.6047375397887 203.17791597369998 1.0 195.10108023885422 208.72882143024137 1.0
0.993941372985916 0.10991154200934737 -61.619557638300996 48.89243731857721 118.48929714896519 1.0 47.982165557431195 126.72097825836893 1.0 49.80270907972323 110.25761603956146 1.0
-0.0029765214012297744 -0.9999955701503622 106.88695964613532 23.124832127255544 106.81860127875089 1.0 45.63207405500259 106.75160769469879 1.0 0.617590199508502 106.88559486280299 1.0
-0.04482336323449446 -0.9989949279692809 285.23515907349 289.3767158592269 272.538241991254 1.0 298.0811494923463 272.14768746533565 1.0 280.6722822261075 272.9287965171723 1.0
0.050772955615166496 -0.9987102217250509 53.62007851641602 221.90825782217414 64.97081458661975 1.0 384.36965622931586 73.23011262029361 1.0 59.446859415032414 56.71151655294591 1.0
-0.014319672774980708 -0.9998974682294268 179.5140355824266 155.63113844010059 177.3036278612604 1.0 164.39724198179422 177.17808725513112 1.0 146.86503489840698 177.42916846738967 1.0
0.08680787940870183 0.9962250709917736 -160.2147612750089 44.273831690647114 156.96397168259705 1.0 40.33588975580855 157.30711139926532 1.0 48.21177362548568 156.6208319659288 1.0
-0.04799152640591362 -0.9988477428483434 285.37618005229257 221.34347621876688 275.07052074329926 1.0 237.05232949760207 274.31575921699493 1.0 205.6346229399317 275.8252822696036 1.0
-0.9995203246876632 0.030969671232811854 134.41081698753774 142.7634313521651 267.49183770237835 1.0 142.51132402308045 259.3552837968317 1.0 143.01553868124975 275.628391607925 1.0
-0.9915981077131163 -0.1293568428022542 136.8928457873989 110.08545668173305 214.3861480714408 1.0 112.86348542069706 193.09088466631567 1.0 107.30742794276904 235.68141147656593 1.0
0.999458841307637 0.03289414130199835 -268.73650015289127 261.4765733897737 225.00745697250397 1.0 260.8389180301308 244.38204045991625 1.0 262.1142287494166 205.6328734850917 1.0
-0.13464553660213374 -0.9908938285573907 352.8982884839856 112.69740012513603 340.8277222415975 1.0 122.06921109677388 339.554253297859 1.0 103.32558915349817 342.10119118533595 1.0
0.9949369158564842 0.1005014102686487 -116.07432566623999 95.26657077912515 211.83879404401895 1.0 94.25401948057349 221.86277941332398 1.0 96.27912207767679 201.81480867471393 1.0
-0.9999226105270919 -0.012440777977506081 518.6667264759592 515.9930539814604 218.12180314422812 1.0 516.9572363919582 140.6260231638761 1.0 515.0288715709627 295.61758312458016 1.0
-0.6833460603439329 0.7300946252455404 -87.57139814336941 343.5544698772434 441.5016636221991 1.0 304.81385199531843 405.24163966160654 1.0 382.2950877591684 477.7616875827917 1.0
0.9923417270022594 0.12352285962595377 -138.2987380736474 113.4638795661038 208.08938483515243 1.0 109.89211311288955 236.7837730752271 1.0 117.03564601931804 179.3949965950778 1.0
-0.06665809714795635 -0.9977758756778065 329.0086833652228 209.38360779432537 315.75384630507233 1.0 243.23305825937916 313.49247678060703 1.0 175.53415732927158 318.0152158295377 1.0
0.9925463032857179 -0.12186810835430105 -206.2686586051527 234.19987300464487 214.86802354775435 1.0 235.35243536601988 224.2549872623563 1.0 233.0473106432699 205.4810598331524 1.0
-0.14977111860872272 0.9887206946507653 -174.4884370802307 449.9600379654614 244.6388111467395 1.0 440.42512771660006 243.19446576029026 1.0 459.49494821432273 246.08315653318877 1.0
-0.0419169586604258 -0.9991210980540147 285.9972663443786 38.73421705998921 284.62380218274313 1.0 60.64930721841095 283.7043801727393 1.0 16.819126901567476 285.543224192747 1.0
-0.9999132492542002 -0.013171710819315948 554.4308781332481 552.9309860642906 117.51391034980126 1.0 553.1699194797128 99.37559171772887 1.0 552.6920526488683 135.65222898187366 1.0
0.9984139267174015 0.056299475457051974 -602.0629068187319 582.0140277438045 372.50783962326716 1.0 581.5533579896825 380.67734909736015 1.0 582.4746974979264 364.33833014917417 1.0
-0.9926104997435159 -0.1213441214024293 135.62301078641588 114.02214922047911 184.95686488523123 1.0 114.86863092700791 178.0325357951161 1.0 113.1756675139503 191.88119397534635 1.0
0.07053236327886132 -0.997509491548977 194.4340127565305 451.2094284287871 226.82378663482393 1.0 461.8255439658165 227.57443585070797 1.0 440.5933128917576 226.0731374189399 1.0
0.9999991595504313 -0.0012964946705710816 -522.5330788073901 522.6826146759267 114.9997632408469 1.0 522.709358007718 135.627159497781 1.0 522.6558713441354 94.37236698391278 1.0
0.9962602262850707 -0.08640348096239835 -104.80482691028662 125.48135585362047 233.870867723405 1.0 127.37369549448574 255.69015900447135 1.0 123.58901621275521 212.05157644233867 1.0
-0.9962085099907645 -0.08699772768286054 110.6528779431639 92.03373436926748 218.0297010447913 1.0 93.12654358338901 205.51597375673163 1.0 90.94092515514593 230.54342833285094 1.0
-0.16669831875336408 -0.9860079464815696 392.75969897344595 123.53874331784155 377.44726042977686 1.0 134.78431061178796 375.54604130875657 1.0 112.29317602389516 379.3484795507971 1.0
0.9818711967597868 0.18954934179127067 -99.8532860182139 34.11610393158797 350.0706760311217 1.0 32.30392740348492 359.45780404525067 1.0 35.92828045969103 340.68354801699275 1.0
0.3745076207912466 0.9272238359583299 -362.32415202604074 111.10353981136663 345.8873868771137 1.0 106.25699590042076 347.84491596422214 1.0 115.95008372231251 343.92985779000537 1.0
-0.05820521821133101 -0.9983046391623007 327.7300621455365 163.7130637560962 318.7414893840188 1.0 174.44733422559358 318.1156377847106 1.0 152.97879328659883 319.36734098332704 1.0
-0.06575707566437246 -0.9978356613190721 328.6480271868195 98.15088286361782 322.8927614492278 1.0 151.9555327933552 319.34705089419737 1.0 44.34623293388045 326.43847200425824 1.0
-0.9965578643935524 -0.08290007789720158 109.96491721560288 94.85229078117071 186.23771259935364 1.0 95.84622642861113 174.2894200128724 1.0 93.85835513373029 198.1860051858349 1.0
-0.0665899533741213 -0.9977804258000016 329.12890831001977 289.9506344903873 310.5103097508646 1.0 335.66400753177766 307.459486843651 1.0 244.2372614489969 313.56113265807824 1.0
-0.9768137486945548 0.21409086940196895 -23.136088192251314 29.590729866540478 243.07771791091665 1.0 28.226393086702533 236.85277740729745 1.0 30.955066646378423 249.3026584145358 1.0
0.041903752292658795 -0.9991216520243146 278.13132143000774 82.44930201638013 281.83380471025174 1.0 88.06442494131397 282.06930628272045 1.0 76.83417909144627 281.59830313778303 1.0
0.028342419293984282 -0.9995982729419673 106.6977259565813 333.7336050983532 116.20322570476809 1.0 353.12845509340326 116.75314359236687 1.0 314.33875510330324 115.6533078171693 1.0
-0.9832134198158117 -0.18245923132057842 94.57684090607371 31.33216246911116 349.5062312443385 1.0 33.209354544883105 339.3906540432703 1.0 29.454970393339217 359.6218084454067 1.0
0.3722270575221417 0.9281417012764852 -401.91810431613084 121.79998331393875 384.18794719656194 1.0 116.62904958962234 386.26172692458965 1.0 126.97091703825515 382.1141674685343 1.0
-0.29573471167509396 -0.9552701085611593 398.6664484282677 154.42217145016951 369.5273712792091 1.0 163.46630451586284 366.7274678167605 1.0 145.3780383844762 372.3272747416576 1.0
-0.028446248933153593 0.9995953235793139 -94.92691409038898 115.63905320307916 98.25617334073581 1.0 26.87201017938751 95.73006167999881 1.0 204.4060962267708 100.78228500147283 1.0
-0.010358185134602862 0.9999463525613348 -156.7935829926454 21.886356182871896 157.02871011000377 1.0 4.388233792859346 156.847451594725 1.0 39.38447857288445 157.20996862528253 1.0
-0.9976414824559148 -0.06864016668951539 274.64183829613756 258.2987754009151 246.97295921938473 1.0 259.1606432121709 234.44625477835913 1.0 257.43690758965926 259.49966366041036 1.0
0.9999457824549867 0.010413075937722524 -556.8232900469843 555.6233701636592 118.12498302747021 1.0 555.4281355755409 136.87294992464862 1.0 555.8186047517775 99.37701613029179 1.0
-0.10009779390441619 -0.9949776035949096 245.74847066887997 49.38960769401075 242.02020128580193 1.0 55.70147922073762 241.38520768097032 1.0 43.077736167283874 242.65519489063357 1.0
-0.9915037666346564 0.13007797949418123 70.39813819515626 87.14974539032602 123.0889554316871 1.0 86.64494701454676 119.24119047621605 1.0 87.65454376610528 126.93672038715815 1.0
-0.08374826726099949 -0.9964869430809319 374.3535650266847 133.70264035955262 364.43648668947696 1.0 240.6104252123226 355.45158046436444 1.0 26.794855506782636 373.4213929145895 1.0
-0.07588244882587696 0.9971167704738438 -334.1143713189235 143.67281331975107 346.0142547390638 1.0 132.96712425459486 345.19953180320704 1.0 154.37850238490725 346.82897767492057 1.0
0.9969646723379207 0.07785526385635314 -476.67524608056226 462.9969147961263 193.73999753188815 1.0 462.55273141312426 199.42792560454401 1.0 463.44109817912835 188.0520694592323 1.0
-0.4191705352352741 -0.9079075186331337 472.4886750730143 174.06267128063888 440.0522341629245 1.0 181.15683701156001 436.7769388432483 1.0 166.96850554971775 443.3275294826007 1.0
-0.14136220989809198 -0.9899579413352507 509.6703537072054 291.2676362192742 473.2485062421439 1.0 329.33048709472604 467.81327663277483 1.0 253.2047853438224 478.68373585151295 1.0
0.03963632471228834 0.9992141721189217 -127.26897218567159 438.1741001394713 109.9877927461469 1.0 403.0063073549751 111.38281104464123 1.0 473.3418929239676 108.59277444765256 1.0
0.9974637866854871 0.07117579821153494 -478.07792493353946 462.3121870784723 237.97780432411616 1.0 461.5071576721085 249.2595559902974 1.0 463.11721648483604 226.69605265793493 1.0
-0.9999947505593025 0.003240193487793562 119.33268808633798 120.02183933527861 212.49385384127453 1.0 119.97121157780064 196.86901788586576 1.0 120.07246709275658 228.11868979668333 1.0
-0.0918914247828639 -0.9957690324826212 329.11963724208414 28.84058254968456 327.85658558399047 1.0 43.32295614954678 326.5201251188451 1.0 14.358208949822334 329.19304604913583 1.0
0.009346596290047204 -0.9999563196149074 152.38969848143034 152.49932919221513 153.8217671399173 1.0 300.62891326330123 155.2063350393014 1.0 4.369745121129043 152.43719924053323 1.0
0.030010538498301736 -0.9995495823514918 105.48539906862605 274.3368802372305 113.76964042840284 1.0 306.9013503748685 114.74735809443726 1.0 241.77241009959252 112.79192276236842 1.0
0.9982507162819909 -0.059122816598095665 -80.32149336216366 94.08752211271707 230.05404279896794 1.0 94.64738300808727 239.50693378047768 1.0 93.52766121734685 220.6011518174582 1.0
-0.2404898900489366 -0.9706516433737958 358.64959332551126 136.86479885601057 335.5838267216738 1.0 143.3369074533891 333.98028883494203 1.0 130.39269025863206 337.1873646084056 1.0
0.049018719711793834 0.9987978599886047 -291.3480091750228 156.8566207293708 284.0005068210568 1.0 11.837833344680977 291.1176979730637 1.0 301.87540811406063 276.88331566904986 1.0
0.13884776909512925 0.9903137366599061 -511.6699266879099 301.9574927433257 474.33836881156 1.0 268.2565739869439 479.063434427192 1.0 335.65841149970754 469.6133031959279 1.0
-0.4321466336614768 -0.9018033527410803 469.2698638251734 137.2753933790837 454.5855406788981 1.0 143.0889100787622 451.79968757260326 1.0 131.46187667940524 457.37139378519294 1.0
-0.7321782875570402 0.6811130267657786 -75.66132510926617 307.90758605627184 442.0772505608133 1.0 285.62546553630466 418.12456693219815 1.0 330.1897065762391 466.02993418942845 1.0
-0.06282080701151319 -0.9980248224400144 465.1674227997869 121.27074834113428 458.4546258112806 1.0 130.6871212427735 457.86191094938357 1.0 111.85437543949507 459.0473406731776 1.0
0.99359449369489 -0.11300434548810627 -181.16047536889934 206.8443414390208 215.55740384710342 1.0 207.4137251550357 220.5637292462578 1.0 206.27495772300594 210.55107844794904 1.0
-0.10273679534235738 0.9947085758566588 -367.1401604841374 160.61906554552547 385.682458019195 1.0 147.99551823103303 384.37865625411354 1.0 173.24261286001794 386.98625978427646 1.0
-0.9992407730012858 -0.03895994830326279 83.51841957433233 74.63635157578777 229.43392691816797 1.0 75.51418222207197 206.91941620246 1.0 73.75852092950358 251.9484376338759 1.0
0.7292379964293421 -0.6842601439246031 74.74530831100635 311.987787833934 441.7306200063467 1.0 336.18703420272044 467.5205335264572 1.0 287.7885414651476 415.9407064862363 1.0
0.9622950911332729 -0.2720076425044081 -22.55418038202552 153.4852010952604 460.07484952015204 1.0 155.096281748346 465.77445041963387 1.0 151.8741204421748 454.3752486206702 1.0
0.9999253880727915 0.012215493746755754 -453.99012764829985 450.5956856342907 280.63227713710194 1.0 450.19880497015055 313.1197934288056 1.0 450.99256629843086 248.1447608453982 1.0
-0.9837989622421367 0.17927521270743177 85.11194401922964 170.34741515319348 460.0505835890924 1.0 169.315155079607 454.3859053894593 1.0 171.37967522677997 465.7152617887255 1.0
0.10162874392093303 0.9948223954098809 -482.6504023734489 144.41679244559117 470.40909745834693 1.0 136.80468817539216 471.18673233985436 1.0 152.02889671579015 469.6314625768395 1.0
0.6817430535615823 -0.7315916954972421 94.84290377474149 219.55165359919204 334.2311292199071 1.0 228.62180632896676 342.6832667391333 1.0 210.48150086941735 325.77899170068093 1.0
0.9999657973177046 0.008270682847691483 -79.59515642520519 77.82485389452265 214.36734814825996 1.0 77.77303563685649 220.63242762198294 1.0 77.87667215218879 208.10226867453696 1.0
-0.18324763388499082 0.983066785460455 -430.8760124762829 189.51495963347486 473.62415992606634 1.0 178.1923695499085 471.51358323590654 1.0 200.83754971704118 475.7347366162262 1.0
0.13409620081264514 0.9909683188314421 -168.4774476115627 496.6302131595518 102.80976786243964 1.0 474.40108622667964 105.81777670836847 1.0 518.8593400924238 99.80175901651081 1.0
-0.6880361359167043 0.7256764262898516 -94.19444073623758 216.02005826313484 334.6175211252035 1.0 207.9966952412659 327.0103239080533 1.0 224.04342128500375 342.2247183423537 1.0
-0.057101050068807425 0.9983684039877462 -52.58848469115406 469.9896940509143 79.55519167647222 1.0 446.8688339500112 78.23280869141156 1.0 493.1105541518174 80.87757466153288 1.0
-0.10604104831781691 -0.9943617531219 473.8639868170329 105.589339433707 465.2906058782996 1.0 109.42897574736095 464.88113813823344 1.0 101.74970312005304 465.7000736183657 1.0
0.9698284105719949 0.2437885437164714 -198.7788912957705 154.00437816333644 202.7210518061534 1.0 152.8956924763538 207.13157438953132 1.0 155.1130638503191 198.31052922277553 1.0
-0.9954431553646949 0.09535682690599571 100.27672153210725 123.73206072708038 240.06158930183852 1.0 122.35618649953341 225.69864721480263 1.0 125.10793495462735 254.42453138887439 1.0
0.4597297135427128 0.8880588890867176 -474.54317374894043 125.36748738157179 469.45987457677495 1.0 117.17354920210965 473.7017068452463 1.0 133.56142556103393 465.21804230830367 1.0
0.9986723066237039 0.051513337912530856 -210.7953434633508 187.1842696612123 463.17319133207184 1.0 186.79677406626055 470.68544224219704 1.0 187.57176525616407 455.66094042194663 1.0
-0.9114809923530693 0.4113421940174191 -14.487138515968114 83.45067972153655 220.13508022777216 1.0 80.34427440522911 213.2516886342542 1.0 86.55708503784396 227.01847182129015 1.0
0.7221741766411723 -0.6917112537704188 71.56296188248362 254.53141577026355 369.19881829831627 1.0 267.36767185708374 382.6003823470795 1.0 241.69515968344334 355.79725424955296 1.0
0.15723654207386517 0.9875609701869822 -479.00614892025874 114.36787584255363 466.8302550587369 1.0 103.007811626793 468.6389709445875 1.0 125.72794005831426 465.02153917288626 1.0
-0.025905083813645115 0.9996644070049748 -123.65192750709286 294.3731404518628 131.3217590454143 1.0 255.60058881313242 130.3170156607024 1.0 333.1456920905932 132.3265024301262 1.0
0.9952964228251292 0.09687636817873398 -115.5806489181445 91.11945681702613 256.92312755231126 1.0 89.16758018615569 276.9764786948427 1.0 93.07133344789656 236.8697764097798 1.0
0.9475756297367008 -0.3195315726639469 -8.645683537268877 163.87567346682903 458.91837768660355 1.0 166.59101472255261 466.97076255389914 1.0 161.1603322111054 450.8659928193079 1.0
-0.03960530046398122 0.9992154022907962 -92.22407216705452 309.4171861746751 104.56067085704937 1.0 249.41236539857576 102.18229583332938 1.0 369.4220069507745 106.93904588076937 1.0
0.3615027608578034 -0.9323710387459413 159.04608348692807 580.0548065006828 395.4836456328839 1.0 612.2214378948667 407.95542518551036 1.0 547.8881751064991 383.01186608025745 1.0
-0.2289198750628246 -0.9734452685185854 192.7144332904476 444.0341070127164 93.55040692534322 1.0 495.24462267612 81.50750607955689 1.0 392.82359134931284 105.59330777112955 1.0
0.9982218614286127 -0.059608014276568005 -112.80125594721603 128.9749344302184 267.48656822170915 1.0 129.60936412134888 278.1110051353 1.0 128.34050473908798 256.86213130811836 1.0
0.9644988062325046 0.2640872067633597 -144.6718115579539 77.80415130974947 263.6621491557538 1.0 75.87865258261559 270.69445203207965 1.0 79.72965003688334 256.62984627942797 1.0
0.9999734868404647 -0.00728186899930411 -300.7600728197576 302.342834530569 216.25569577749724 1.0 302.7752503211674 275.63664947645736 1.0 301.91041873997057 156.87474207853708 1.0
-0.01845246132751245 -0.9998297388410473 272.61722459561895 29.969742756413854 272.1105389321325 1.0 43.101804606213946 271.8681788041823 1.0 16.837680906613762 272.35289906008273 1.0
-0.11116556926030031 -0.9938018998829864 445.1619029159814 143.74818320140844 431.85875811949677 1.0 286.89971939801507 415.84598735134267 1.0 0.596647004801838 447.8715288876508 1.0
0.9999964215623939 -0.0026752312810661744 -76.31743355685008 76.96645190764346 242.49975534412044 1.0 76.9948761382901 253.12467930245737 1.0 76.93802767699684 231.87483138578352 1.0
-0.9908607745826014 0.13488856657836934 186.17667755633659 221.50843905254817 246.9249009366742 1.0 220.48327697408988 239.3942931401732 1.0 222.5336011310065 254.45550873317515 1.0
-0.9962850836928749 -0.08611638642605235 109.85014286960077 87.30127390562902 265.607822614314 1.0 88.28038926730012 254.28038459083027 1.0 86.3221585439579 276.93526063779774 1.0
0.0842878849688446 0.9964414445653487 -363.01422280636405 128.77476146306515 353.41772709874414 1.0 30.611990887901328 361.7212078096168 1.0 226.937532038229 345.11424638787145 1.0
-0.008295290414060354 0.9999655934865691 -126.27896736999408 26.2582861193581 126.50113994230011 1.0 6.879434970690994 126.34038121298369 1.0 45.63713726802521 126.66189867161653 1.0
0.9996475405930529 0.026547967648402063 -269.0499651686255 262.3051308453838 257.5446197859916 1.0 261.95593058845293 270.69354262025627 1.0 262.65433110231464 244.39569695172696 1.0
-0.0688550409409308 -0.997626675333525 342.28392992725355 371.24828045273455 317.4750858296211 1.0 383.1957776778127 316.65048336968846 1.0 359.30078322765644 318.29968828955367 1.0
-0.06915550135988073 -0.9976058924403282 332.736163656985 551.2290425345564 295.32267711019267 1.0 580.6360319247397 293.2841415420154 1.0 521.8220531443731 297.3612126783699 1.0
-0.9919255613365273 -0.1268214523147207 119.93837833113507 89.58704935265959 245.02711131552093 1.0 90.62925815586756 236.87554442140856 1.0 88.54484054945164 253.17867820963332 1.0
-0.013364009123528175 0.9999106976426175 -127.19326828876903 151.22693424520082 129.22580658690794 1.0 46.862223520119315 127.8309510767183 1.0 255.59164497028235 130.62066209709758 1.0
0.11158627866767448 0.993754749630461 -447.6968341722967 142.514904589443 434.5077359127589 1.0 0.6045081502661276 450.4425055818253 1.0 284.4253010286199 418.57296624369246 1.0
-0.9997790703401327 0.021019288994160713 139.37160927241985 144.59259487871105 246.87042529967374 1.0 144.4081644699881 238.0980228351224 1.0 144.77702528743401 255.64282776422505 1.0
-0.9998684214337151 -0.01622158499193338 78.49814591806592 74.17898685776316 266.86168011292204 1.0 74.36162013916461 255.60450327928123 1.0 73.99635357636171 278.11885694656286 1.0
-0.16629935300767906 -0.9860753141566964 503.55604183706487 625.0429790656324 405.25484522266095 1.0 638.3174499798694 403.0161359751378 1.0 611.7685081513953 407.49355447018405 1.0
-0.7125067984480579 0.7016652066087492 -80.42097095838989 251.06423638365231 369.55793701411534 1.0 239.59343055857843 357.9098931078995 1.0 262.53504220872617 381.20598092033117 1.0
-0.9965583673490628 0.08289403154974771 185.8774016028158 206.5369332189827 240.65312049883852 1.0 204.04149244549035 210.65274126097512 1.0 209.0323739924751 270.6534997367019 1.0
0.9247628957106254 -0.38054380393970305 4.081835851466586 87.0160373044285 222.18477244152086 1.0 90.32787118228643 230.2328895184336 1.0 83.70420342657056 214.13665536460815 1.0
0.028936041678185764 -0.999581265076531 105.54938318532403 144.98796525833424 109.79073420555974 1.0 201.92380885249284 111.4389223026997 1.0 88.05212166417563 108.14254610841978 1.0
0.06942256347255202 0.9975873433844775 -335.5198010518853 550.6172437844587 298.01354484666683 1.0 520.6752597156998 300.0972213320314 1.0 580.5592278532175 295.9298683613022 1.0
-0.9903179118355652 0.13881798693845723 91.39480023333229 156.15747638785405 455.637969513556 1.0 155.2621322066078 449.25064608738484 1.0 157.05282056910033 462.0252929397272 1.0
0.9997674814761592 0.021563464072767744 -438.94531615479104 434.8817545323113 193.1359299245611 1.0 434.69311809334187 201.88186132346146 1.0 435.0703909712807 184.38999852566076 1.0
0.9977937988207509 -0.06638926897364374 -207.04618435038574 221.10293837269768 204.38478490139164 1.0 221.60251408877053 211.89313013918658 1.0 220.6033626566248 196.87643966359673 1.0
-0.9996648534588066 -0.025887849643852944 17.174363429903213 10.010013168169582 276.8752593062976 1.0 10.333921698901394 264.3674620823995 1.0 9.686104637437769 289.3830565301957 1.0
0.9992110642781706 0.03971459459802438 -85.97665952067572 78.76604040816373 183.1256375412865 1.0 78.56663831584534 188.14255333512585 1.0 78.96544250048213 178.1087217474471 1.0
0.10127721800955554 -0.9948582437273388 82.71580886145661 311.8228696178952 114.887082987713 1.0 315.78629677516255 115.29056245707704 1.0 307.85944246062786 114.48360351834894 1.0
-0.12075119093955562 0.9926828042666392 -166.63369535992737 453.0673829890233 222.97366336998215 1.0 445.45198755704746 222.04731704471655 1.0 460.68277842099917 223.90000969524772 1.0
0.993734701506128 -0.11176467698931809 -180.9959680695667 208.7701238039235 236.8024433574128 1.0 209.7575518145621 245.58197465337435 1.0 207.7826957932849 228.0229120614513 1.0
0.9911446016285363 0.1327869672167043 -121.41968293972677 98.22013114604965 181.26274503876732 1.0 97.29326445837259 188.1810362926162 1.0 99.14699783372672 174.34445378491844 1.0
0.9991351387141172 -0.041580940185638945 -254.52539371233058 262.78357495243813 193.13920906334934 1.0 263.045392285923 199.43033419523263 1.0 262.5217576189532 186.84808393146605 1.0
0.9986446815267122 -0.05204613394298653 -211.32199526465902 225.35532281716422 263.76405470337835 1.0 225.77762452537078 271.86704570290374 1.0 224.9330211089577 255.66106370385293 1.0
0.10563579980628884 0.9944048862507091 -438.0209410812904 565.6669199869037 380.3946147033971 1.0 550.63734490337 381.9912090148791 1.0 580.6964950704374 378.79802039191514 1.0
0.23406502736895876 0.9722209434911225 -198.3395739315933 334.46145817623164 123.48411580048213 1.0 309.97775814561146 129.37863798304485 1.0 358.94515820685183 117.58959361791939 1.0
0.9942148323267589 -0.10740980952163919 -212.3776027687373 241.83791870699258 261.25400607040774 1.0 243.12045234691462 273.1254913048325 1.0 240.55538506707055 249.382520835983 1.0
0.08012228924847185 0.9967850414034032 -407.85959559391154 29.991107483142898 406.76437001342913 1.0 18.092509136044246 407.72078779541687 1.0 41.88970583024155 405.80795223144133 1.0
-0.9958605401616345 0.09089435928030716 199.44924418918114 218.47278113783858 199.34325725850277 1.0 217.6704204820102 190.55240024114318 1.0 219.27514179366696 208.1341142758624 1.0
0.9932982832066155 -0.11557906635195715 -203.47979913592795 235.16795814203795 260.53273228620003 1.0 236.33270117458167 270.5426526906396 1.0 234.00321510949425 250.5228118817604 1.0
-0.9900748369442881 0.14054115856126098 200.3072997658399 239.1383708012581 259.40858952323566 1.0 237.7222183832309 249.43217486492495 1.0 240.5545232192853 269.3850041815464 1.0
0.0797843883075095 0.9968121444797895 -125.03714496740429 10.542415992774595 124.59320990812381 1.0 0.4072463609385879 125.404424251716 1.0 20.677585624610604 123.78199556453164 1.0
0.37822612307002546 -0.9257132384423472 158.87269366829204 346.5782842181128 313.22621564348384 1.0 358.8219107814271 318.228692884872 1.0 334.3346576547985 308.2237384020957 1.0
0.03259026455581735 -0.9994687962393732 232.11377870450536 150.61608603487645 237.1483709011934 1.0 156.90016394208348 237.3532795109027 1.0 144.3320081276694 236.94346229148408 1.0
0.9998327441400434 0.018288896778932015 -557.8587640222775 553.9735095157808 217.5040884262765 1.0 552.5900158710666 293.13807903900715 1.0 555.3570031604951 141.8700978135458 1.0
-0.02269304428685221 0.999742479712148 -127.55652694909337 566.8646361032514 140.45658166017455 1.0 554.3568937812593 140.17266979666823 1.0 579.3723784252436 140.74049352368087 1.0
0.08075325211224392 0.9967341231608841 -150.67962447710102 612.4235274724816 101.5561026872831 1.0 586.7141005894268 103.63902508605155 1.0 638.1329543555364 99.47318028851467 1.0
0.004342653590771736 -0.9999905706354388 108.39144978198652 218.10615426794192 109.33964025931658 1.0 241.85842050813838 109.44278909622153 1.0 194.35388802774546 109.23649142241165 1.0
-0.9998128624922593 -0.01934528353460812 555.364139211117 551.2596977783242 217.50018764138605 1.0 552.723112765866 141.86722392231093 1.0 549.7962827907824 293.13315136046117 1.0
-0.9971623767909619 0.07528076987252297 104.05431804749827 118.46020434448272 186.89687812191957 1.0 117.8936587124418 179.3924651096311 1.0 119.02674997652363 194.40129113420804 1.0
0.9977236695987616 -0.06743499923912843 -52.37337592103193 68.50410010736852 236.89162009189295 1.0 68.92745162494658 243.15524928169071 1.0 68.08074858979045 230.62799090209515 1.0
0.014958187507953713 -0.9998881200546773 129.6047162339834 568.7406127071442 138.1274986592427 1.0 579.3725832125423 138.2865514624604 1.0 558.1086422017462 137.968445856025 1.0
-0.9966910220332106 0.08128349523977171 200.84281736367254 223.02000352647798 263.7585628145203 1.0 222.3535017124272 255.58597658070104 1.0 223.68650534052878 271.93114904833953 1.0
-0.09590974175162141 -0.9953900348291304 405.72312329243306 141.83270224014476 393.93601676548616 1.0 261.80287132590547 382.37641948974203 1.0 21.86253315438403 405.4956140412303 1.0
-0.9999836207815445 -0.005723475223354609 430.4606279020697 429.20494226749065 220.6204494322321 1.0 429.2908134635056 205.61736369133828 1.0 429.1190710714757 235.62353517312593 1.0
0.14714781281720243 0.9891145136854043 -191.22952041522356 450.0202029966208 126.38580274687757 1.0 427.982087057489 129.6643519079574 1.0 472.05831893575265 123.10725358579774 1.0
0.09576723399093205 0.9954037557161044 -408.03838347373016 154.322108318935 395.07524434992877 1.0 43.01999299013044 405.78355809816355 1.0 265.62422364773954 384.3669306016939 1.0
0.0662216115008702 0.9978049399407821 -152.882450902246 363.06679690078033 129.1230153026338 1.0 335.48090441645405 130.95381627572806 1.0 390.65268938510667 127.29221432953956 1.0
-0.9999980380998713 -0.001980857493135305 165.73912478485084 165.29499301960203 224.37558434027972 1.0 165.3148040080437 214.37438554473948 1.0 165.27518203116037 234.37678313581992 1.0
0.9875622799020226 0.15722831588082004 -147.89074991225743 107.74016670859913 263.887741899744 1.0 106.83585653766339 269.5677786612192 1.0 108.64447687953489 258.20770513826875 1.0
0.24622051349841456 -0.969213835400928 161.31937082185482 493.01338036704 291.68937562727854 1.0 511.96902206463807 296.5048948264488 1.0 474.05773866944185 286.87385642810835 1.0
-0.6656534859524339 -0.7462609708670104 450.18688774640935 509.45043446433397 148.83456922074123 1.0 514.4082482205403 144.4122744225991 1.0 504.4926207081276 153.25686401888333 1.0
-0.2437058258336694 0.9698491998526004 -165.41692872586722 494.86548551980854 294.9103124429257 1.0 474.28366694075874 289.7384681039002 1.0 515.4473040988584 300.0821567819512 1.0
-0.2732673776425022 -0.961938116677154 492.7138589396068 196.30489131196373 456.4432248397443 1.0 200.84606225072054 455.15316901146804 1.0 191.7637203732069 457.7332806680205 1.0
-0.9962696173204832 0.08629513082496525 209.13160619771762 232.16722791669793 256.9038241355193 1.0 230.97113334044062 243.0950185357689 1.0 233.36332249295523 270.71262973526973 1.0
-0.9980127563747742 0.06301220606537782 62.74910260942522 70.17861338972097 115.69264486068076 1.0 69.78308814427167 109.42815635797555 1.0 70.57413863517024 121.95713336338595 1.0
0.014521569745265209 -0.9998945564468953 104.05243035834093 71.24857450788373 105.0981534250298 1.0 84.37988178463009 105.28886072835125 1.0 58.11726723113738 104.90744612170836 1.0
0.0773883546985288 0.997001024351056 -276.9747255887832 27.503725359143477 275.6729941316312 1.0 16.845912695840674 276.5002656855747 1.0 38.16153802244628 274.8457225776877 1.0
-0.9984632937779625 0.055417063961040916 68.94169356002061 75.46766949239519 115.66842118538435 1.0 75.11992568419612 109.40303281386346 1.0 75.81541330059426 121.93380955690525 1.0
0.9997783700091445 0.021052573758526226 -525.6599836737431 518.7355030946535 334.37469473517507 1.0 518.0506150682917 366.8997552094337 1.0 519.4203911210154 301.84963426091645 1.0
0.02287444166188476 -0.9997383457278494 124.10275044589052 68.13771577320028 125.69425108810061 1.0 85.64285185706834 126.09477610131522 1.0 50.63257968933222 125.29372607488601 1.0
0.9957431454519234 -0.09217151558648558 -185.6269358855969 210.4313505914813 259.39292526472025 1.0 211.4744855689137 270.6620738400722 1.0 209.38821561404887 248.12377668936827 1.0
0.08448049931961903 0.9964251327795319 -376.6718368319151 133.78648418498176 366.6803213067818 1.0 29.367230469060708 375.533360438679 1.0 238.2057379009028 357.8272821748847 1.0
0.9999487334861233 0.010125729578538516 -67.86605117012046 66.69857301140769 115.6358712673283 1.0 66.63529044598467 121.88523045233144 1.0 66.7618555768307 109.38651208232517 1.0
0.026328973366036398 -0.9996533324915645 168.04351371060446 148.13807778443498 172.0034652278195 1.0 155.64932857687518 172.20129733184186 1.0 140.6268269919948 171.80563312379712 1.0
0.9931487693107389 0.11685684411520308 -136.84265644364643 108.73023714624344 246.9462140064377 1.0 107.55260543453723 256.95472907492024 1.0 109.90786885794965 236.9376989379552 1.0
0.9992421749572196 -0.03892397444718936 -53.13402216477127 57.65468449398463 115.01832043242074 1.0 57.92397786729964 121.93152238249247 1.0 57.38539112066963 108.105118482349 1.0
-0.08425787191503306 -0.9964439828813006 360.78610375836405 128.12412497628694 351.2396518616725 1.0 221.89071803647067 343.31088343745176 1.0 34.357531916103184 359.1684202858932 1.0
-0.9989914640799622 0.044900497718550876 55.430543705829116 65.79686833565002 229.3953663774846 1.0 65.34705616192767 219.38749241571722 1.0 66.24668050937237 239.40324033925197 1.0
0.13689113753396898 0.9905860974517339 -286.4196879025694 151.18085487103238 268.249644719916 1.0 145.40700817022088 269.0475445136382 1.0 156.95470157184388 267.4517449261937 1.0
0.9983583695930047 -0.057276224243548175 -110.15221976544333 121.1602486339835 188.7192925689614 1.0 121.70043244617767 198.13501501130546 1.0 120.62006482178933 179.30357012661733 1.0
-0.01659757303842452 0.9998622507971956 -121.51327927164235 410.6005827355184 128.3459319830286 1.0 391.85574797484526 128.03477035672915 1.0 429.34541749619154 128.65709360932803 1.0
-0.9999832130548681 -0.005794273764851345 449.44281306988796 447.82070133164154 281.24823678061017 1.0 447.99090526623195 251.87422300535874 1.0 447.6504973970511 310.62225055586157 1.0
-0.9972536332100097 0.07406207564898112 106.18490077623102 126.25065542002768 266.24995132455166 1.0 125.55480210664659 256.8802133193751 1.0 126.94650873340878 275.6196893297282 1.0
-0.9995506999982118 -0.02997329032797286 523.2130336342901 513.4228131303892 334.32770527053367 1.0 514.3981918850674 301.80072854111785 1.0 512.4474343757109 366.85468199994943 1.0
-0.9918282545309527 -0.12758022383615686 281.872836114448 260.0066621984749 188.0454623635548 1.0 260.9760406207681 180.50936562651034 1.0 259.03728377618165 195.5815591005993 1.0
0.02551691150330695 -0.9996743906029265 92.61512715163484 99.99495400026547 95.19768680504023 1.0 199.38496405272267 97.73463895132033 1.0 0.6049439478082697 92.66073465876015 1.0
-0.9994973295518069 -0.031703126325437404 588.9943451920336 578.8027645400007 330.6464980612707 1.0 579.7150276156698 301.8857853599354 1.0 577.8905014643315 359.40721076260587 1.0
0.9998170101573683 -0.01912972033200826 -155.9902689583543 160.3236751677689 224.99380705131546 1.0 160.527119969386 235.62687276030786 1.0 160.12023036615176 214.36074134232305 1.0
0.9895169291661586 0.14441692038530451 -46.57364321402217 5.105080718638594 287.5153362042936 1.0 3.190373543734825 300.6345410655266 1.0 7.019787893542363 274.3961313430606 1.0
-0.999999672895505 0.0008088318015614375 157.4503875478172 157.63192106797928 224.37539881805134 1.0 157.6238327526094 214.37540536014018 1.0 157.64000938334917 234.3753922759625 1.0
1.0 0.0 -168.125 168.12500000000003 225.0 1.0 168.12500000000003 235.625 1.0 168.12500000000003 214.375 1.0
-0.07337496063733429 -0.9973044245121294 339.9239073259438 72.4914830163284 335.5092380912316 1.0 109.3508951947689 332.7973701287172 1.0 35.632070837887916 338.2211060537461 1.0
0.6668177224594253 -0.7452208565345074 -180.9548036522603 378.1757426637903 95.56829111224997 1.0 386.76203981479006 103.2512418246263 1.0 369.5894455127906 87.88534039987363 1.0
-0.02807378837228289 -0.9996058535274933 241.90497565337137 175.00590745875098 237.08534319517844 1.0 180.66155258877168 236.9265052052561 1.0 169.3502623287303 237.2441811851008 1.0
0.9999994631624124 -0.0010361828444027034 -359.7330045140063 359.95791995250784 216.8750436026467 1.0 360.0472913459068 303.1255986121178 1.0 359.8685485591089 130.6244885931756 1.0
0.1517709043221096 0.9884156982774246 -251.19075677916183 39.46331428990344 248.07515128418504 1.0 32.88848950997772 249.08471345964196 1.0 46.038139069829164 247.0655891087281 1.0
-0.9997726661096178 -0.021321728355521832 586.4832111140807 581.8980533808812 221.25049164969343 1.0 583.3774802845383 151.88038454013048 1.0 580.418626477224 290.6205987592564 1.0
0.07479851381543332 0.997198667433427 -341.94956391398017 122.49788250760592 333.7217700194034 1.0 38.08214602259619 340.05367943517234 1.0 206.91361899261565 327.3898606036344 1.0
-0.9895811466723791 -0.143976227727287 43.65511556424761 2.7354440534290934 284.40925524704824 1.0 5.089548826040331 268.22896120100523 1.0 0.38133928081785534 300.5895492930912 1.0
-0.9999387747889119 -0.011065562509418718 82.26543076620676 80.99803412134682 114.98337888505147 1.0 81.08801284128924 106.85245821113861 1.0 80.90805540140438 123.11429955896432 1.0
0.02119659138369414 -0.9997753270178819 160.9245384035742 442.50599090033467 170.34242841889966 1.0 455.62509389707714 170.6205711756048 1.0 429.3868879035922 170.0642856621945 1.0
0.13357400033031244 0.9910388420419038 -162.57563820325672 581.7088028687554 85.64191712390134 1.0 559.1138343391474 88.68730768358805 1.0 604.3037713983634 82.59652656421463 1.0
-0.07272909641224928 -0.9973517326074376 279.0845313815643 28.190257242094148 277.7698883827577 1.0 39.47142073851071 276.947240964852 1.0 16.909093745677588 278.5925358006633 1.0
0.999627121088477 -0.027306021027670997 -174.92655765427583 181.78724665609053 248.76946971764346 1.0 182.07773095920615 259.4036074175523 1.0 181.4967623529749 238.13533201773467 1.0
-0.9998847359862204 -0.015182711937148279 476.7283564362391 473.97413521669193 185.00340337271638 1.0 474.34431523512825 160.62453406834894 1.0 473.60395519825556 209.38227267708385 1.0
-0.9999460844184758 -0.010384038528364723 475.5331658306924 472.7224884236633 273.1273104529328 1.0 472.8783079963267 258.1224382026084 1.0 472.56666885099986 288.13218270325723 1.0
-0.02545321761129041 -0.9996760143732729 175.46550534735528 126.88560924198302 172.2916783509684 1.0 134.41255645875054 172.1000312346002 1.0 119.35866202521548 172.48332546733658 1.0
-0.058977854502224564 0.9982592913057782 -22.339194606553097 31.258865413424477 24.22494399343708 1.0 0.5932030470557814 22.413195293465257 1.0 61.92452777979317 26.036692693408902 1.0
0.9997585251212664 0.021974791178763033 -474.8814214234837 470.9021937297538 186.2560927455724 1.0 470.5039968174143 204.37234033808915 1.0 471.3003906420932 168.13984515305563 1.0
-0.05239668451554585 -0.9986263502690975 177.78391150798348 107.52684617329643 172.38666016143168 1.0 114.44837734930736 172.02349601570668 1.0 100.6053149972855 172.7498243071567 1.0
0.041144173362428565 -0.999153219980961 89.13869378572774 318.7565750858937 102.34032931748365 1.0 383.1510649842186 104.99203278295647 1.0 254.3620851875688 99.68862585201084 1.0
-0.0710608474648845 -0.9974719825426539 339.5891363365448 145.00849597914444 330.1192569672779 1.0 176.85544083354574 327.85045049438594 1.0 113.16155112474316 332.38806344016996 1.0
-0.023949889189681283 0.9997131602653844 -268.6814585557541 167.50846848688224 272.77150952175 1.0 158.1089171862968 272.5463267182926 1.0 176.90801978746765 272.9966923252073 1.0
0.09466257853937025 0.9955094154372813 -222.16429355468284 448.73774813217494 180.4961544734499 1.0 444.28415566341187 180.91964473915618 1.0 453.1913406009381 180.07266420774363 1.0
0.06122116941091035 -0.9981242249419462 26.481803156343226 131.9363944645723 34.62405044355432 1.0 199.41255107865575 38.762782990105016 1.0 64.4602378504888 30.48531789700362 1.0
-0.04658397274023576 0.9989143774537119 -70.18563099506311 575.5851697029748 97.10409324315211 1.0 559.283183158622 96.3438566163357 1.0 591.8871562473277 97.86432986996851 1.0
-0.011066365363349274 -0.9999387659040152 124.06570266700155 489.40163916032645 118.65707117711707 1.0 503.15687132907186 118.50484143062914 1.0 475.64640699158105 118.80930092360502 1.0
-0.07771381967846155 0.9969757079442726 20.700634088323266 635.0496218291796 28.738411057640896 1.0 631.846646584219 28.488740540457787 1.0 638.2525970741401 28.988081574824 1.0
0.08491378337637545 -0.9963883025170006 17.036343454146536 485.6475202618665 58.48574460351243 1.0 503.17997743963645 59.97988826927806 1.0 468.1150630840965 56.99160093774681 1.0
0.388620916985531 -0.9213977332733811 -87.43137163364133 509.6164088343226 120.05263360638841 1.0 514.3088707887456 122.03178853785221 1.0 504.92394687989963 118.07347867492462 1.0
0.9999658240054082 0.008267455544781779 -431.04263757349804 429.79651051456335 152.50348493854204 1.0 429.66733593649667 168.12741695696104 1.0 429.92568509263 136.87955292012305 1.0
0.07031282987359247 -0.9975249901406817 25.163702376642156 620.6094074729183 68.97121048820404 1.0 638.1543995863708 70.20790937575043 1.0 603.0644153594659 67.73451160065765 1.0
-0.10311252558336752 0.9946696974713863 37.0546880324602 591.1562855660902 24.02901148743335 1.0 553.0520270292765 20.07893002501352 1.0 629.2605441029041 27.97909294985318 1.0
0.05345050338459329 -0.9985705001089975 26.361181415545776 33.08913254282464 28.170081334716787 1.0 65.59635789248716 29.91009624441642 1.0 0.5819071931621167 26.430066425017156 1.0
-0.076560050793109 0.9970649721169412 -17.891793702085973 618.7629435227683 65.4564325417182 1.0 599.310670587183 63.962781630656856 1.0 638.2152164583536 66.95008345277955 1.0
-0.06553856147993685 0.9978500373097856 -21.77471968620201 263.8059362588301 39.14834874766463 1.0 63.10259012614402 25.966199027844098 1.0 464.50928239151625 52.33049846748516 1.0
-0.18166140286345742 0.9833611415495737 -37.76694392489651 382.0622626464807 108.98631846440529 1.0 370.625276241949 106.87350465980084 1.0 393.49924905101244 111.09913226900973 1.0
-0.9996851629219623 0.025091333836398163 463.2434242782054 467.86028459344305 178.13164415446374 1.0 467.60945025190136 168.13793990480065 1.0 468.11111893498475 188.12534840412684 1.0
0.060093213830352196 0.9981927697852452 -384.9524450586096 608.8025721369553 348.9982621149063 1.0 579.3836894420448 350.7693380653118 1.0 638.2214548318658 347.2271861645008 1.0
0.07855254408547728 -0.9969099747809222 20.09820140129817 551.3109401444879 63.601608907301454 1.0 601.9172202767959 67.58918266186112 1.0 500.7046600121797 59.614035152741785 1.0
0.9993726839548526 -0.03541523069068278 -74.2911309858163 78.45695224994896 116.23823645502924 1.0 78.70027922221803 123.10461356489573 1.0 78.2136252776799 109.37185934516276 1.0
-0.027006737890290875 0.9996352515335407 -89.8928438470394 106.8834218848495 92.81326990456569 1.0 20.628837302429037 90.4829649717617 1.0 193.13800646726995 95.14357483736966 1.0
0.9999999217929711 0.00039549216377636904 -429.06083319351353 428.98498164747554 191.87509293340747 1.0 428.9810266283883 201.87533855184998 1.0 428.9889366665628 181.87484731496497 1.0
0.06866472838798467 -0.9976397922473845 24.296855266699506 334.34119919969226 47.36609672736652 1.0 468.05998701296005 56.56958311285322 1.0 200.6224113864244 38.16261034187981 1.0
0.12131305657505775 0.9926142968466739 -446.45304511092803 531.8474812078404 384.7748342404292 1.0 516.8424520588668 386.608684463867 1.0 546.8525103568139 382.9409840169914 1.0
-0.3335167337631651 0.9427441796690924 -163.45357789619447 458.93121661868423 335.7377590980331 1.0 447.0015216844709 331.51736402686294 1.0 470.86091155289756 339.9581541692033 1.0
-0.9999521363177225 -0.009783919134104316 472.3031872897314 468.79729528922746 360.62546275543434 1.0 468.8585016851466 354.3699463803697 1.0 468.73608889330825 366.88097913049904 1.0
-0.4264888023196683 0.9044928421474295 -144.43951907748468 473.2870954165875 382.8567230370799 1.0 367.5867082483708 333.01660332859245 1.0 578.9874825848041 432.6968427455674 1.0
0.016749747674682947 -0.9998597131362152 130.11859178006034 151.24714284269254 132.67055519529708 1.0 296.88362277802753 135.1102717466265 1.0 5.61066290735754 130.2308386439677 1.0
-0.10095976366896385 0.9948905096139509 36.1313766769715 453.2213858248998 9.675182577996218 1.0 354.47349301328785 -0.3455823451077622 1.0 551.9692786365118 19.695947501100196 1.0
0.18261153630898758 0.9831851437073647 -549.1269740306705 623.1757175013836 442.77306431397596 1.0 608.1148566318788 445.5703878487331 1.0 638.2365783708884 439.9757407792188 1.0
0.041010526003804525 0.9991587144977975 -219.99384486677243 148.7376508982395 214.07413303138145 1.0 141.82299367748232 214.35794552847986 1.0 155.65230811899667 213.79032053428304 1.0
-0.056392183187123544 -0.9984086947114342 362.30531799308596 610.0170999876188 328.4277507600026 1.0 638.1934163997587 326.83629427022214 1.0 581.840783575479 330.01920724978305 1.0
-0.0834033468461845 0.9965158712909972 -13.878195810476514 531.9006012014424 58.444112951982675 1.0 465.64393476797136 52.898764512861774 1.0 598.1572676349135 63.98946139110358 1.0
-0.9998742703924177 -0.0158569671510779 496.0091580842093 492.62217419773873 217.50193755584837 1.0 493.4448080981483 165.63007182418545 1.0 491.79954029732914 269.3738032875113 1.0
0.9999555196288493 0.009431795364498886 -475.60526804405043 472.478479875484 333.74390188324 1.0 472.4136391666202 340.6182902917389 1.0 472.5433205843479 326.8695134747411 1.0
0.09151558723178983 -0.995803643944739 339.8485894997129 518.1115987730735 388.8958220507601 1.0 525.6057427248027 389.5845431542753 1.0 510.61745482134444 388.20710094724495 1.0
0.07184692126089923 0.9974156705733723 -338.8376360205847 280.0122763597271 319.5454266982428 1.0 228.1363244078328 323.28221121565406 1.0 331.88822831162133 315.80864218083155 1.0
0.9999872081748751 0.005058012121269758 -430.0226232262171 428.5928828017865 283.75236658715573 1.0 428.5201748076231 298.1269988245356 1.0 428.6655907959499 269.3777343497759 1.0
0.9984497481658596 0.05566058199059083 -634.36093352043 614.0218059503198 382.5151523673686 1.0 613.3599248954813 394.38809635906125 1.0 614.6836870051584 370.64220837567603 1.0
-0.41527766706529123 0.9096947066114044 -152.64526769060797 593.432420816451 438.701573250606 1.0 579.6925851550498 432.4293075576666 1.0 607.1722564778523 444.9738389435453 1.0
-0.9987604934976334 0.049774256683187156 -3.0014232419110844 12.568440864686245 312.4965891790988 1.0 12.100837180839976 303.1137451717595 1.0 13.036044548532512 321.87943318643806 1.0
0.9999465989810024 -0.010334369178935236 -285.2262873830881 287.70895965826605 238.74784041842412 1.0 288.0384168346123 270.62589483018064 1.0 287.37950248191987 206.86978600666757 1.0
-0.9995622901334247 -0.029584254988480576 557.9519090249975 548.373445326721 331.88235328850334 1.0 549.2986426640306 300.62274003589386 1.0 547.4482479894115 363.1419665411128 1.0
-0.4351395897246687 0.9003630031571971 -139.51268783000143 350.10604565693586 324.1555771104142 1.0 332.9981608191709 315.8874475190629 1.0 367.21393049470083 332.42370670176547 1.0
-0.9977011882878862 -0.06776679783595914 636.3457851539257 611.958440887113 380.63066755035936 1.0 612.8093189948167 368.10355801806185 1.0 611.1075627794094 393.1577770826569 1.0
0.05006959759202126 0.9987457311032538 -353.8992481886913 607.4756572193669 323.8894309239615 1.0 581.8523896912532 325.17398879907574 1.0 633.0989247474807 322.60487304884737 1.0
0.03435517107854947 -0.9994096868752891 74.01896602656909 103.12130364774166 77.60752879805617 1.0 191.87385052843794 80.65843872196987 1.0 14.368756767045383 74.55661887414247 1.0
-0.9999986199463695 -0.0016613564808555695 280.7477144420431 280.3203028462715 257.4994937887103 1.0 280.34210811999026 244.37453001509314 1.0 280.2984975725528 270.6244575623275 1.0
0.4135168541687398 -0.91049646419873 141.88941136354143 490.42252460890876 378.5708176875194 1.0 510.2970251293397 387.5971470106279 1.0 470.5480240884778 369.54448836441094 1.0
0.06730440124124618 0.9977324879814015 -315.18237802592245 143.1245868286433 306.2438750738721 1.0 109.31762102396534 308.524403791415 1.0 176.93155263332125 303.96334635632917 1.0
-0.03868954601716601 0.9992512792230919 -87.51264537582647 300.6310706112893 99.21821175301896 1.0 255.6501045320472 97.47661462604557 1.0 345.6120366905314 100.95980887999235 1.0
0.32038365937669894 0.9472878711375943 -194.62577133434297 378.1461101175589 77.56241691090233 1.0 370.84689862157927 80.03109423793077 1.0 385.44532161353857 75.09373958387387 1.0
0.059340530252488366 0.9982377980568327 -314.63071048744666 63.09885611983914 311.4352026262086 1.0 14.372429522571233 314.3317589349552 1.0 111.82528271710704 308.538646317462 1.0
-0.999957140311442 -0.009258376756376694 433.01715422075273 431.2765983134464 189.99445953427158 1.0 431.3518194005014 181.87015598928542 1.0 431.2013772263914 198.11876307925777 1.0
-0.01774016962473874 -0.9998426308083115 94.14318709900719 525.6220176436937 84.83191327713244 1.0 554.3962272106708 84.3213735753763 1.0 496.84780807671655 85.34245297888859 1.0
0.999805417183886 0.019726321749262726 -499.0482988316882 494.98976279959714 210.62479801838884 1.0 494.05270163580485 258.11864100141673 1.0 495.92682396338944 163.13095503536098 1.0
-0.07256917036043999 0.9973633818790409 -1.612903554822499 189.48202623722486 15.404071651525992 1.0 0.5498976450826376 1.6571785176185228 1.0 378.4141548293671 29.150964785433462 1.0
0.06334439326867372 0.9979917273411758 -314.96416007999255 309.35675296261866 295.96251769232686 1.0 286.8285022728324 297.3924277128748 1.0 331.8850036524049 294.5326076717789 1.0
0.9996409371024839 0.026795463587479328 -559.6854378179215 551.0237534482592 330.63568862139056 1.0 550.1857983793393 361.8967335221518 1.0 551.8617085171792 299.3746437206293 1.0
0.06500556645103103 0.997884901344028 -315.1534340823959 231.88092330039038 300.71592716744726 1.0 178.11480067288943 304.2184325691913 1.0 285.6470459278913 297.2134217657032 1.0
0.009787000147878389 -0.999952106167143 157.6092791847095 236.8756338270934 159.93524095970253 1.0 250.63043336036165 160.06986563246022 1.0 223.1208342938251 159.8006162869448 1.0
-0.9978819212280944 -0.06505129734391936 622.0355457239588 608.8507985648655 222.50657099530056 1.0 610.5221417338078 196.8682947340602 1.0 607.1794553959234 248.1448472565409 1.0
0.09863203062320793 -0.9951239734501137 332.88788004319025 626.8968955930432 396.65408971951035 1.0 638.1601413443426 397.7704499213526 1.0 615.6336498417438 395.537729517668 1.0
-0.043513689478990834 -0.999052830849263 378.9831110917264 627.5059420592347 352.01142674686025 1.0 638.1651648400998 351.54716490218914 1.0 616.8467192783696 352.4756885915313 1.0
0.9981932193544418 0.060085745687436014 -623.3253805776804 610.9838109456955 223.77159844688873 1.0 609.5923256963852 246.88808181248993 1.0 612.375296195006 200.65511508128753 1.0
-0.9970630146692647 0.07658553896550929 9.415444444557899 29.413844099079846 259.9970163407729 1.0 28.690631714721974 250.58155318762138 1.0 30.137056483437714 269.4124794939245 1.0
-0.2825578088817263 -0.9592502721604814 196.53241231684027 415.6126170586225 82.45796138166017 1.0 430.60084931915685 78.04301130089702 1.0 400.6243847980881 86.87291146242333 1.0
-0.02648381363420068 -0.9996492422922096 137.78018898338206 573.1288301186171 122.64457038651454 1.0 581.889239512897 122.41247992924033 1.0 564.3684207243372 122.87666084378874 1.0
-0.12307645405998915 0.992397191882373 -289.16168973597365 626.8296121891838 369.1159736246361 1.0 615.5210112276861 367.71348829103647 1.0 638.1382131506814 370.5184589582358 1.0
-0.9996992077088656 0.024525376781335404 274.4608172577286 279.909992351916 218.75220813567262 1.0 279.618465171222 206.86902712834888 1.0 280.20151953261006 230.63538914299636 1.0
-0.376977121620215 0.9262225703225643 -108.49362031064787 601.2596799999347 361.8512165025248 1.0 589.326433441158 356.9943267187384 1.0 613.1929265587115 366.70810628631114 1.0
0.04336038849582257 -0.9990594960809348 72.425757636468 300.6015456174126 85.54040852634121 1.0 336.86461541290765 87.1142695431794 1.0 264.3384758219176 83.96654750950302 1.0
-0.06980278286207355 -0.9975608109306972 342.2845089982891 438.07899548714033 312.4675434162784 1.0 444.3855834598911 312.02624962642733 1.0 431.7724075143895 312.9088372061294 1.0
0.06052853847799646 0.9981664670933991 -224.26837475757657 178.75549696964202 213.84064964899648 1.0 169.3770832209816 214.40935406470516 1.0 188.13391071830245 213.27194523328777 1.0
-0.08723006158737659 0.9961881932423524 3.54820052339073 476.8688973649396 38.19469355385218 1.0 379.1331854989791 29.636579511559223 1.0 574.6046092309001 46.75280759614514 1.0
-0.05169854755965023 0.9986627359525451 -54.50249607869274 415.0098558266388 76.05961463598581 1.0 400.6410080784539 75.31577136243224 1.0 429.37870357482365 76.80345790953939 1.0
-0.08671377081920176 -0.9962332668357924 404.1635988269448 601.2701238183217 353.356197618076 1.0 614.4044172228981 352.2129672662388 1.0 588.1358304137452 354.4994279699132 1.0
-0.07159578220723198 0.9974337291119318 -6.701069848342934 606.8996520287626 50.28156126351627 1.0 575.4527779145176 48.02430498225303 1.0 638.3465261430075 52.538817544779505 1.0
-0.21157257004694352 -0.9773622908644118 204.5956511127199 344.7986577566969 134.6948968390904 1.0 356.91753414103556 132.07148702813072 1.0 332.6797813723583 137.3183066500501 1.0
-0.22725835939279007 -0.9738345024110091 195.44288015155456 491.48323034430774 85.99942531004339 1.0 497.23267961730085 84.65770820517847 1.0 485.73378107131464 87.34114241490833 1.0
0.9968463009557674 0.07935648852364371 -645.9950358201382 628.8329089408167 241.25660017738352 1.0 628.0873522015071 250.62200295112078 1.0 629.5784656801262 231.89119740364626 1.0
0.13993530768663603 0.990160648411482 -231.45628833943078 485.11614735892135 165.19684079287833 1.0 478.2025748112473 166.1739073963883 1.0 492.0297199065954 164.21977418936834 1.0
-0.02794716365189392 -0.9996094017384063 324.06405940710397 278.7366568604443 316.39774485115424 1.0 288.1043345733551 316.13584253048214 1.0 269.3689791475336 316.6596471718263 1.0
0.11882938679653102 -0.9929146875908123 236.20119216185446 603.1908265796881 310.07496621148846 1.0 623.2033867250285 312.47001613875824 1.0 583.1782664343476 307.6799162842186 1.0
-0.9997280893951886 -0.023318389186343085 631.8929683028463 626.4230698623325 241.8790368080572 1.0 626.6273901302329 233.1192245662887 1.0 626.218749594432 250.63884904982572 1.0
-0.9998127987037022 0.019348580006560007 0.8258551561443266 7.006570269914738 319.3724538254589 1.0 6.861483085459978 311.8752615820709 1.0 7.151657454369498 326.86964606884686 1.0
