line_hom_a line_hom_b line_hom_c centroid_x centroid_y centroid_z point1_x point1_y point1_z point2_x point2_y point2_z
0.18937345224538205 -0.981905135735966 64.1504249915857 52.763499159411325 75.50875159073067 1.0 75.98891719646568 79.98808206110499 1.0 29.538081122356974 71.02942112035635 1.0
0.9880658633394287 -0.1540319762364603 -46.39033286126555 65.57666925586008 119.47996715758411 1.0 66.22153905211526 123.61660065114032 1.0 64.9317994596049 115.34333366402791 1.0
0.9999714933054499 0.0075506672863122236 -66.38543428857035 65.62755470576283 100.6202999886975 1.0 65.52370035732854 114.37423509829715 1.0 65.73140905419714 86.86636487909784 1.0
-0.9988058041690311 -0.048856581524447364 92.23709562839858 83.1422109054574 188.18698561587522 1.0 85.40509678978253 141.9253871799483 1.0 80.87932502113227 234.44858405180213 1.0
-0.9999635943494404 0.008532876170906213 72.33456831117205 73.24917709422232 106.87394037365536 1.0 73.07843477123268 86.86473086626282 1.0 73.41991941721197 126.88314988104788 1.0
-0.21833623964119242 0.975873601681767 -55.676903314957606 76.03946175605058 74.06601975353382 1.0 66.57870326410348 71.94932510196683 1.0 85.50022024799769 76.18271440510081 1.0
0.9999952431182565 0.003084435257698903 -65.79344820310241 65.3792846084419 134.37616988438396 1.0 65.35228998223158 143.12801440201733 1.0 65.40627923465225 125.62432536675061 1.0
0.9990659540848305 -0.04321133402901996 -619.2001681770729 620.7238478371419 21.843692326518543 1.0 621.6447320424987 43.13495948824707 1.0 619.8029636317849 0.552425164790018 1.0
0.09913017849148814 -0.9950744734502267 68.47770694437959 90.59098767466006 77.8414176918018 1.0 111.81712192010548 79.95598351835703 1.0 69.36485342921462 75.72685186524656 1.0
0.9984384401208937 -0.055863058356632266 -56.10445400617367 64.72355068874674 152.4804984396801 1.0 65.04119055511657 158.1576643884872 1.0 64.40591082237692 146.80333249087303 1.0
0.9560623847215831 0.29316329326926227 -142.0322824496866 85.46395563069234 205.7672655705299 1.0 83.55104430424242 212.0056405871691 1.0 87.37686695714227 199.52889055389068 1.0
0.05431812565175489 -0.9985236808537293 175.5912940051538 46.86003940346302 178.40001887708056 1.0 63.06209444838033 179.28138531697712 1.0 30.65798435854572 177.518652437184 1.0
0.9441088884331288 0.3296337464240606 -157.02847996942515 106.76461906985391 170.586460717102 1.0 104.68373262433653 176.54635836212535 1.0 108.84550551537129 164.62656307207868 1.0
0.36256745372170573 -0.9319575320269474 54.04640755155207 17.89905647374061 64.95577405720977 1.0 27.851620398872356 68.82770559521592 1.0 7.946492548608863 61.0838425192036 1.0
0.9344007796945881 0.3562235013389008 -135.55120528822025 128.35516833360265 43.83774753989403 1.0 111.93872742364918 86.89929493476131 1.0 144.7716092435561 0.7762001450267553 1.0
-0.14640778911344796 0.9892243220255516 -61.399731479913605 31.004709274708155 66.65734045227575 1.0 22.963351764298867 65.46719849118936 1.0 39.046066785117446 67.84748241336214 1.0
-0.9334311370871513 -0.3587566198917977 138.177665518619 130.72224050745314 45.03737359338506 1.0 147.83466133215092 0.5134107086608974 1.0 113.60981968275536 89.56133647810923 1.0
0.999237868548027 0.03903437023440108 -82.9101845457038 76.67558632374795 161.21779498688147 1.0 76.35772147754146 169.35479295821796 1.0 76.99345116995444 153.08079701554496 1.0
0.999412369612752 -0.0342770399104659 -55.9855185827841 62.77184738250949 196.9085478900679 1.0 63.373546058410426 214.4522185525804 1.0 62.17014870660855 179.36487722755535 1.0
-0.09753373481012763 0.9952322194211699 -163.05562610415078 48.02278071152104 168.54304351246887 1.0 34.100242380617715 167.1786210842642 1.0 61.945319042424366 169.90746594067355 1.0
0.06798817920471029 -0.9976861267394813 123.73842223804911 14.37466097886971 125.00497493361816 1.0 21.882387324517182 125.51659540274902 1.0 6.866934633222235 124.4933544644873 1.0
0.8381245889349677 0.5454788478232603 -190.47471594051427 165.3047992799398 95.19837332329098 1.0 161.43139719875265 101.14982962637147 1.0 169.17820136112695 89.24691702021047 1.0
0.8607054183924147 0.5091033124523335 -190.0340192795851 138.29095191548612 139.47315979785463 1.0 133.16087618068048 148.1462205965389 1.0 143.42102765029173 130.80009899917033 1.0
0.8528078507628002 0.5222248267531271 -190.67923028719466 152.6000046894157 115.92851423404363 1.0 143.81170236803834 130.28005945096717 1.0 161.38830701079308 101.57696901712009 1.0
-0.1877147396775616 0.9822235878392379 31.324645151241512 603.6822738002711 83.47937958150037 1.0 569.135705769593 76.8771149801199 1.0 638.2288418309492 90.08164418288084 1.0
0.9287541440020258 0.3706962907813677 -405.0394237173264 376.8439848221865 148.48816279078565 1.0 373.61723919032573 156.57255276651006 1.0 380.07073045404724 140.40377281506125 1.0
0.14460368611168337 -0.9894896532874479 102.98170613489937 382.07064413451235 159.9112523371166 1.0 402.0995766488791 162.8382738181772 1.0 362.0417116201455 156.98423085605597 1.0
-0.9997812050688332 0.020917504418826345 31.96700644270547 37.675466330799054 272.5094051803177 1.0 37.53168995234671 265.63741328150655 1.0 37.819242709251405 279.3813970791288 1.0
-0.060908396787332515 0.9981433600444362 -123.44224564377696 83.08735019805488 128.7419904610971 1.0 75.6151739440489 128.2860256224154 1.0 90.55952645206087 129.1979552997788 1.0
0.01186856813618163 0.9999295660647288 -263.7703098253603 21.87979748681686 263.5291893559473 1.0 14.366019293406103 263.61837342598096 1.0 29.393575680227613 263.4400052859136 1.0
-0.9631391307092263 0.2690037451350371 333.02124013501333 385.3636631834671 141.7734292557521 1.0 383.9325423643014 136.64945426789757 1.0 386.7947840026328 146.89740424360664 1.0
0.9992010713099077 0.03996522354663971 -18.318977049443152 10.956614307123328 184.4382601096653 1.0 10.355618370512778 199.46421844099697 1.0 11.55761024373388 169.4123017783336 1.0
0.9991000093287024 0.042416640123740135 -112.93374610499757 104.62591077609314 198.08258381776972 1.0 103.93501174681494 214.35632036510881 1.0 105.31680980537134 181.8088472704306 1.0
0.9999341150270021 0.011478920034836014 -339.0875829740998 337.1728553108767 168.73906968710855 1.0 336.9648135929714 186.86168143551492 1.0 337.380897028782 150.6164579387022 1.0
0.9997281695563824 0.023314952186202675 -90.51807235672764 84.7562217176104 248.11931477558497 1.0 84.52279583101418 258.12844678967576 1.0 84.98964760420662 238.11018276149417 1.0
-0.9584520634253387 0.2852536452277351 328.75383745298643 388.76279126176985 153.74619307612124 1.0 387.0723372429197 148.06626866639436 1.0 390.45324528061997 159.4261174858481 1.0
-0.8831102052663143 0.46916560546835484 216.72642191304976 295.42955838215806 94.1467906358149 1.0 291.11635156662106 86.02804341345086 1.0 299.74276519769506 102.26553785817893 1.0
0.08313906698718454 0.9965379548920855 -128.7340221353463 53.776678424128434 124.69477821238708 1.0 44.36291535870243 125.480148678465 1.0 63.19044148955443 123.90940774630916 1.0
0.9811220016213268 0.1933898082489392 -129.09836965010464 95.46826094196086 183.2172993201932 1.0 94.49619120193994 188.1488881028719 1.0 96.44033068198178 178.28571053751455 1.0
-0.11868964581977477 -0.9929314014448211 172.60926016756176 98.69508288341694 162.04057551393385 1.0 110.62376702129869 160.61468517210258 1.0 86.76639874553518 163.4664658557651 1.0
-0.9992941327260054 -0.03756642516104558 104.02136778540704 94.69703289180144 249.98861056937722 1.0 95.04985155434096 240.6033784670271 1.0 94.34421422926192 259.37384267172735 1.0
-0.056789011649205405 0.9983862019058087 -148.41769129998713 122.49997202826432 155.6254917605383 1.0 117.99733795345614 155.3693783062074 1.0 127.0026061030725 155.88160521486918 1.0
0.09111312766682376 -0.9958405484648479 64.36175362310006 365.0090027602786 98.02660239294642 1.0 389.2950688945037 100.24862422929733 1.0 340.7229366260535 95.80458055659548 1.0
0.46099531472904864 0.8874025691859727 -153.22744339317282 160.56436360077325 89.25827669557417 1.0 153.12415710226455 93.12337744638158 1.0 168.00457009928195 85.39317594476675 1.0
-0.01837235380667649 -0.999831214063455 311.752809576098 438.14804774691913 303.75426807180315 1.0 458.15277766223846 303.3866720509532 1.0 418.14331783159975 304.121864092653 1.0
-0.9947147093852312 -0.10267739251001227 46.4284455577491 27.769561266612534 183.15282491071693 1.0 28.810675856121566 173.0667487938228 1.0 26.728446677103506 193.23890102761106 1.0
0.998070751540972 0.062086833696357716 -76.72574252550076 62.14019731291895 236.85261780959735 1.0 61.900593162066414 240.70435062759344 1.0 62.379801463771486 233.00088499160125 1.0
-0.06149655764226032 -0.9981072955339783 202.7438220858214 14.435925613976949 202.2388407111992 1.0 18.286831569531838 202.00157417569713 1.0 10.58501965842206 202.4761072467013 1.0
0.9115841720573676 0.41111348464199454 -137.75742768799506 101.466088253641 110.09745320033811 1.0 93.30023970091659 128.2040309949424 1.0 109.6319368063654 91.99087540573382 1.0
0.9998844640954669 0.01520060724183867 -66.550511658453 63.15680974469737 223.74098210601892 1.0 63.0328858454982 231.8926026017008 1.0 63.28073364389654 215.58936161033702 1.0
-0.9026619169361517 0.4303503964366152 255.58404835553887 357.8440299155227 156.68192758850165 1.0 353.8775285871388 148.36217298328853 1.0 361.8105312439066 165.00168219371474 1.0
0.06100275217630333 -0.9981375978425602 74.0411353424492 250.6937055512614 89.50082786926842 1.0 258.24190695861205 89.96214809287758 1.0 243.14550414391073 89.03950764565927 1.0
0.821105033894587 -0.5707771222753842 -186.66628533219168 290.7202869928094 91.18376287648844 1.0 295.571311891658 98.1623203703727 1.0 285.8692620939608 84.20520538260419 1.0
-0.43227354372802634 -0.9017425261086527 309.74121536176625 631.3516926798134 40.837135614848904 1.0 638.8910245020952 37.222962400435634 1.0 623.8123608575315 44.45130882926217 1.0
-0.0019889296553509085 -0.999998022077457 342.2112997431189 418.75149987011105 341.3791076882374 1.0 464.3763193848575 341.28836295219844 1.0 373.12668035536467 341.4698524242764 1.0
0.9989776079294238 0.04520773004262212 -84.06896096123333 74.96413555073471 203.09509324195056 1.0 73.9454469017625 225.60556100522177 1.0 75.98282419970691 180.58462547867933 1.0
-0.15995045119716395 0.9871250443392792 -111.78557224453486 385.09825646000866 175.6436158871905 1.0 376.88508184763737 174.31278045499943 1.0 393.3114310723799 176.97445131938153 1.0
-0.9998732587298386 -0.01592063054571611 84.85966384023466 80.91953856606187 248.12968983408726 1.0 81.09893979253685 236.86264306602226 1.0 80.7401373395869 259.39673660215226 1.0
-0.9082032879166968 0.4185293153619007 -44.06578899469511 88.71747305115346 297.8030095876045 1.0 85.19116476666294 290.1509654878671 1.0 92.24378133564397 305.45505368734194 1.0
0.39670734281182723 0.9179451422384561 -284.99838822174524 519.4461550419891 85.98584020908032 1.0 490.14215134200765 98.65011926743358 1.0 548.7501587419705 73.32156115072706 1.0
-0.9658224314551497 -0.2592046120308488 206.99176300650947 164.8876645508599 184.177116059012 1.0 167.24615637867026 175.38913850778002 1.0 162.52917272304956 192.965093610244 1.0
-0.0241793858007764 -0.9997076359127688 305.92975222509386 48.136608706946305 304.8549672362615 1.0 58.16097767574018 304.6125132667222 1.0 38.11223973815244 305.0974212058008 1.0
0.9997781075990717 0.021065031820985833 -187.96259853106207 184.23788853894487 178.76027966857828 1.0 183.93486856299043 193.1420636933541 1.0 184.54090851489931 164.3784956438025 1.0
0.9995849743085838 -0.028807622888877563 -92.15540640801635 100.58636679540447 291.2150889131799 1.0 101.03733644096995 306.86311663540357 1.0 100.135397149839 275.5670611909563 1.0
-0.8217650225509462 -0.5698265066771139 368.4079959232795 361.128165089723 125.73213136808062 1.0 365.3856584713989 119.59226405091151 1.0 356.870671708047 131.87199868524974 1.0
-0.9104388107053779 -0.4136437742325842 140.44723758703708 103.9592811599433 110.72008365401035 1.0 111.93993173481945 93.15450072815698 1.0 95.97863058506715 128.28566657986374 1.0
-0.9856569278865185 -0.16876143075155067 373.8642936372619 355.4465214292104 139.34444139678547 1.0 356.52175241347396 133.06451793324328 1.0 354.37129044494685 145.62436486032766 1.0
0.9987544521808692 -0.04989533293697835 -484.77760184807914 491.12603719053993 114.97496940576214 1.0 491.4717522740088 121.89514527144333 1.0 490.7803221070711 108.05479354008095 1.0
-0.4932125587347461 0.8699088296518922 34.33031223292833 369.12382231718226 169.8180172756654 1.0 361.83932467886524 165.68792272227492 1.0 376.4083199554993 173.94811182905585 1.0
-0.9612173994595825 -0.27579178917465513 373.7431125701522 311.1808346821044 270.6051551378679 1.0 313.3116682630554 263.1785587207214 1.0 309.0500011011533 278.0317515550144 1.0
0.9523046795328076 0.3051488117950265 -435.1627597276241 406.22735006750037 158.31801218542006 1.0 402.9722194132129 168.47658411736944 1.0 409.48248072178785 148.15944025347068 1.0
-0.9994230816832028 0.03396327132139004 405.81247015581573 415.6263695004434 281.89619275835116 1.0 415.28621178768844 271.8865129980347 1.0 415.96652721319833 291.9058725186677 1.0
0.06337742828798214 -0.9979896299980284 156.97046685750004 490.5653008717404 188.44006829453923 1.0 499.3196860207266 188.9960163728638 1.0 481.8109157227543 187.88412021621468 1.0
0.9999999932634762 0.00011607345770268628 -323.1318717428948 323.1091670327362 195.62514325403583 1.0 323.1064102881343 219.37514293405093 1.0 323.11192377733806 171.8751435740207 1.0
0.31552820249920727 -0.9489161993704287 -11.15367276086293 387.4340782999016 117.07325222790821 1.0 394.3731412864908 119.38058987546856 1.0 380.4950153133124 114.76591458034787 1.0
0.33223124365903006 0.943197964764966 -278.65626556879226 621.754246657232 76.43154633984048 1.0 604.5875197939515 82.47833951412787 1.0 638.9209735205125 70.3847531655531 1.0
0.44289981262741024 0.8965711103836689 -329.0264623931877 396.4935798075089 171.11808356485807 1.0 391.47561720915667 173.59692173936773 1.0 401.5115424058611 168.6392453903484 1.0
0.9991653963374066 0.04084740826433147 -319.0079803986699 306.54957171557 311.26224694951924 1.0 305.55161865923907 335.6731019688247 1.0 307.54752477190084 286.85139193021377 1.0
-0.9948340430474852 -0.10151466294971581 318.27191700914767 290.70779682097333 286.322224866268 1.0 292.05261605495434 273.1431242631162 1.0 289.3629775869923 299.50132546941984 1.0
-0.11322097910572766 0.9935698314111295 -66.31175004661903 403.1049201218076 112.67621081665239 1.0 300.4423966508177 100.97743428642931 1.0 505.7674435927974 124.37498734687546 1.0
-0.999994388656006 -0.0033500233582903238 72.53753179162169 71.88260077325428 195.62083791021513 1.0 71.98311493837961 165.61698708420997 1.0 71.78208660812895 225.6246887362203 1.0
-0.9593072670797733 0.2823642458384852 -17.959714708961062 6.293721165504228 84.98713103262278 1.0 2.051089509121852 70.57316949360279 1.0 10.536352821886604 99.40109257164276 1.0
-0.1456336592165968 0.9893385857749529 6.989714668924011 554.6212842859246 74.57690774614862 1.0 548.4137909287481 73.66314577914699 1.0 560.8287776431011 75.49066971315025 1.0
-0.01205956576890706 -0.9999272807926912 339.0592085396402 373.74489044360234 334.5763375785958 1.0 411.886955847166 334.1163273807226 1.0 335.6028250400386 335.036347776469 1.0
-0.9588923592888129 0.28377005356015705 -31.064604097541853 26.23697184856941 198.12885548929808 1.0 25.065593131809738 194.17062914637543 1.0 27.40835056532908 202.08708183222072 1.0
-0.9998387958645586 -0.01795500721552837 397.9420661842044 392.78752152104823 290.6077159056981 1.0 393.12392214701026 271.8749806440215 1.0 392.45112089508615 309.34045116737474 1.0
-0.6609538726987293 0.7504265308240052 -64.49220886944025 31.349480292319875 113.55244754229804 1.0 18.73026069586799 102.43780577509926 1.0 43.96869988877176 124.66708930949682 1.0
0.9990003033089314 -0.04470340019129415 -596.3774245987291 606.2885975042022 208.15124041790176 1.0 606.9609761519387 223.17708789600937 1.0 605.6162188564657 193.12539293979415 1.0
-0.014955601761253486 0.999888158733745 -263.95750498819945 406.2303591739609 270.06312866561484 1.0 376.85258327522473 269.62371720430775 1.0 435.60813507269705 270.50254012692193 1.0
0.14703692975821006 -0.9891310030967987 150.7023593524643 39.27151460396366 158.19615581443125 1.0 49.14621525797646 159.66405608436682 1.0 29.396813949950857 156.72825554449568 1.0
-0.7627113108776126 0.6467390944263025 119.12797240090342 418.61844626338586 309.4865506526162 1.0 414.3221325297228 304.41982883545063 1.0 422.914759997049 314.5532724697818 1.0
0.8745509033828225 -0.48493372474214363 -289.3677992190393 403.67603341488916 131.29101406960476 1.0 408.15066777329446 139.3607673591538 1.0 399.2013990564838 123.22126078005569 1.0
0.07906143032415969 -0.9968697458720965 149.10045332132378 468.710982502855 186.7419638097105 1.0 478.0766408162813 187.48475126539668 1.0 459.34532418942877 185.99917635402437 1.0
0.4110425588728959 -0.911616155404906 99.11269139706522 53.57855893925813 132.88022447383693 1.0 63.008966115833665 137.1323416331157 1.0 44.1481517626826 128.62810731455818 1.0
-0.9993078811823347 -0.03719890599026676 90.68742021056323 80.32600480024888 280.0354008397481 1.0 80.95503157228293 263.1372853163298 1.0 79.69697802821484 296.9335163631664 1.0
0.9999852779657488 0.005426218919677122 -388.37468137374975 386.8101842177816 289.3712568534447 1.0 386.7287737298538 304.3742065325649 1.0 386.8915947057094 274.36830717432446 1.0
-0.3877274192305321 -0.9217740766461331 252.85470406982202 371.34450732964 118.11381916228922 1.0 379.50399861172434 114.68167827528627 1.0 363.18501604755573 121.54596004929215 1.0
0.019034543483471406 0.9998188266652993 -347.31268950336255 439.3799634366603 339.01071218478705 1.0 423.1239566023194 339.3201939235816 1.0 455.63597027100127 338.70123044599256 1.0
-0.10375238515122964 0.9946031583377517 -69.17765555764585 232.68767166260085 93.82592012264354 1.0 170.83377584101802 87.3736087976823 1.0 294.5415674841837 100.27823144760478 1.0
0.09028966691050103 -0.9959155466449908 67.5566471371013 211.85995709149918 87.04092669964723 1.0 239.36057314029586 89.5341315414073 1.0 184.3593410427025 84.54772185788714 1.0
-0.9443836793063929 -0.3288456572006387 650.0214090217074 582.5969078724561 303.5661120246464 1.0 584.0907667688417 299.2760265999438 1.0 581.1030489760706 307.85619744934894 1.0
0.9999902779958658 -0.004409525343048451 -103.03446823407384 104.4244829702369 314.99978180146735 1.0 104.44928630915103 320.6246724294525 1.0 104.39967963132275 309.3748911734822 1.0
-0.07378025305401205 0.9972745230172512 -149.23685849136172 241.25052664822334 167.49288138988373 1.0 169.35289724830417 162.17375895300398 1.0 313.14815604814254 172.8120038267635 1.0
-0.9999913833333061 -0.00415129607964519 79.72519734969602 78.38449151595474 323.1234826529886 1.0 78.45193872519407 306.87635723114295 1.0 78.3170443067154 339.37060807483425 1.0
-0.024112727732881752 0.99970924591167 -261.02868912390835 246.23085783128158 267.0436307856414 1.0 181.8480887589141 265.4907350935392 1.0 310.61362690364905 268.5965264777436 1.0
-0.996001517044835 -0.08933631985025646 115.46061853969276 87.95191495279866 311.85947514298573 1.0 88.84170605377925 301.9392849234296 1.0 87.06212385181809 321.7796653625419 1.0
-0.04249069976717824 0.9990968623878745 -299.5221349685932 46.85222682367445 301.7854726831549 1.0 40.58697824295507 301.5190172408129 1.0 53.11747540439383 302.05192812549694 1.0
0.9316713449265933 0.36330222273290985 -290.09252158951557 198.2624138681967 290.0535840927405 1.0 196.0285023342053 295.78234442804643 1.0 200.4963254021881 284.3248237574345 1.0
-0.09761571578646439 -0.9952241817959893 130.9184113689151 33.14176964696372 128.2959720411721 1.0 44.40600723341058 127.1911288963788 1.0 21.877532060516877 129.40081518596537 1.0
-0.014638362171142711 0.9998928534362803 -264.1701761674231 348.7327408784631 269.3039073176026 1.0 331.86135688125717 269.05691142356176 1.0 365.60412487566913 269.5509032116434 1.0
0.9999548487204054 0.009502658604364035 -246.0885514853043 243.46258232485667 277.497268644632 1.0 243.38532027196058 285.6274738463695 1.0 243.53984437775276 269.3670634428945 1.0
0.05813256730514666 -0.9983088723528969 182.42497986411968 248.25223523248258 197.18999308646568 1.0 312.00442724333794 200.9023497483742 1.0 184.5000432216272 193.47763642455712 1.0
0.999439885137628 0.03346514598929963 -381.8348453666415 374.3468702156747 230.01998554310393 1.0 374.19984226089866 234.41098991166086 1.0 374.4938981704508 225.62898117454702 1.0
0.07594302527434389 -0.9971121586422363 150.93726102559765 509.9835284306781 190.2162674186788 1.0 516.8662052681151 190.7404725409314 1.0 503.10085159324115 189.69206229642617 1.0
-0.9913524211410198 0.13122643444762916 50.86524874807032 71.73523683300937 154.3107686549197 1.0 71.2366304341706 150.5440377918445 1.0 72.23384323184811 158.07749951799494 1.0
0.9998213760785719 -0.018900157045668334 -310.3605842138206 315.9099929146186 290.6314273353862 1.0 316.0283210559882 296.89100522392494 1.0 315.791664773249 284.3718494468474 1.0
0.9999821383891129 -0.005976863955040624 -409.0163157028632 410.69343527188744 279.3745909643842 1.0 410.7382609508771 286.87432304261364 1.0 410.64860959289774 271.8748588861547 1.0
0.9999711804814135 -0.007591983048461746 -604.4773952509975 606.6443359198374 283.12200612209904 1.0 606.8246763446817 306.8753820673491 1.0 606.4639954949931 259.368630176849 1.0
0.1528705012441356 0.9882462293625848 -288.7131602301447 138.85332459923325 270.6679519250714 1.0 113.16621779993883 274.6414564781346 1.0 164.54043139852763 266.6944473720082 1.0
0.9999520878461613 -0.009788871850365905 -61.100902826712264 64.30372807265911 326.8756977051918 1.0 64.43831861177006 340.62438015252536 1.0 64.16913753354818 313.12701525785826 1.0
0.060402889413317555 -0.9981740784805637 181.50471160182212 380.670542782139 204.87239321190327 1.0 435.7713377768063 208.20672867342424 1.0 325.5697477874718 201.53805775038228 1.0
0.3565937318691772 -0.9342595519402589 93.78477324114654 15.255075202994954 106.20671443140071 1.0 25.778326501508857 110.22329145664068 1.0 4.731823904481051 102.19013740616073 1.0
0.9997652015021494 0.021668914725165682 -620.0964444709097 615.6772583916744 210.61258639623412 1.0 615.5415660099052 216.87319165138592 1.0 615.8129507734436 204.35198114108232 1.0
-0.10951878674389887 -0.9939847259139067 347.30906473019536 72.45076303881991 341.4281288391839 1.0 80.61438382756991 340.5286483734261 1.0 64.28714225006992 342.3276093049417 1.0
-0.9999943509942799 -0.0033612467223935725 312.72165546063013 311.6730146620098 312.5035226557472 1.0 311.7507289309001 289.38298545619216 1.0 311.59530039311943 335.6240598553022 1.0
-0.23582895140887966 -0.9717945799794256 63.24648256719836 74.41127836225091 47.024494434823836 1.0 130.68410588734798 33.36856119393527 1.0 18.138450837153844 60.68042767571241 1.0
0.21664054481351075 0.9762514401233451 -59.78892495604799 71.34141609937603 45.41195012107788 1.0 43.08237770692166 51.68293034362561 1.0 99.60045449183039 39.14096989853016 1.0
0.9998831115515765 0.015289317641332205 -433.4846158929685 429.1390075175463 287.50594835479455 1.0 428.9191031646348 301.8871427148672 1.0 429.3589118704578 273.12475399472197 1.0
-0.05357195548955285 0.9985639917326408 -201.86869384307266 525.0160635571885 230.32558046899646 1.0 518.0939257116432 229.95421472416257 1.0 531.9382014027337 230.69694621383036 1.0
0.9999559602335717 0.00938496634813127 -169.33882166574585 167.5397006579632 192.48864088115087 1.0 167.47523690433377 199.3571700020488 1.0 167.60416441159265 185.62011176025294 1.0
0.9599793194901556 -0.28007089486631404 19.920445862096226 4.122275168455321 85.25607341119354 1.0 8.330343971894116 99.67977505366936 1.0 -0.0857936349834737 70.8323717687177 1.0
-0.014459820303779122 0.9998954513331793 -281.02869175771707 224.38507979167585 284.3029831882195 1.0 208.1294410028851 284.06790499529876 1.0 240.6407185804666 284.5380613811402 1.0
-0.9998385382918261 -0.01796934463091408 73.75393166986959 71.17072080124774 144.39604048277647 1.0 71.30607455829612 136.864775131744 1.0 71.03536704419935 151.92730583380893 1.0
0.720117322408204 0.6938523199987435 -234.3301540591514 140.8988003376814 191.49101818913385 1.0 112.99346888114536 220.45267471199531 1.0 168.80413179421743 162.52936166627242 1.0
-0.07342765565815931 0.9973005461667745 -148.72736999351224 466.89299481491963 183.5055929222211 1.0 393.2202480305334 178.0813333015209 1.0 540.5657415993059 188.92985254292128 1.0
0.8207616122349908 -0.5712708428420082 -111.5632726010571 305.481607517409 243.6047731768374 1.0 308.0557728745895 247.3031522122667 1.0 302.9074421602285 239.9063941414081 1.0
0.00019434816441571732 0.9999999811143954 -125.37292606107285 30.624828386010023 125.36697654952162 1.0 23.124707201693624 125.36843418433422 1.0 38.12494957032642 125.36551891470903 1.0
0.999842727432652 0.017734723004201793 -107.42162519595553 103.2701611900118 235.00257479844095 1.0 102.9044400549994 255.62108781519024 1.0 103.63588232502423 214.38406178169168 1.0
0.24261697417278255 0.9701221592373012 -61.028753788232706 31.27189729487149 55.08755797509478 1.0 20.536791307624156 57.772290930888424 1.0 42.00700328211882 52.40282501930114 1.0
-0.3510065365912839 0.9363730086189967 -103.6926806948213 56.266634948658776 131.83062328532364 1.0 49.41699075439392 129.26298211734783 1.0 63.11627914292363 134.39826445329945 1.0
0.6307549890436026 -0.7759820512077613 -378.38095220443853 627.8322700679385 22.716227000416104 1.0 633.0548079400728 26.961353306096505 1.0 622.6097321958041 18.471100694735703 1.0
-0.9999337996132549 0.01150636306567134 68.41402549375442 71.77010158742641 291.2583990321553 1.0 71.30260378524508 250.63158663470213 1.0 72.23759938960772 331.88521142960843 1.0
-0.018031743988451615 0.9998374148874081 -262.56674201522316 494.3587680937153 271.5250386889221 1.0 446.8516764084312 270.6682636751551 1.0 541.8658597789994 272.38181370268916 1.0
0.9863005513974751 0.16495824414995708 -627.3178021129996 614.7317559487277 127.35060540614471 1.0 612.9350573168418 138.09323218697534 1.0 616.5284545806136 116.60797862531408 1.0
-0.03645300074379256 0.9993353685008718 -346.3155512919848 144.9786863601037 351.8342996116993 1.0 123.06445037599066 351.0349286639594 1.0 166.89292234421671 352.63367055943917 1.0
-0.02377056987830707 -0.9997174400837772 343.2206621258287 523.1458926082839 330.87867918090336 1.0 580.657960033602 329.5111981680035 1.0 465.6338251829658 332.24616019380323 1.0
0.999514376283317 0.03116105907975701 -181.27747764024093 174.38986408488336 223.750463405668 1.0 174.29131929997206 226.91136140257174 1.0 174.48840886979468 220.58956540876426 1.0
-0.9996228268439148 -0.027462775762486336 213.65517091584096 206.14641016094538 276.24715406206735 1.0 206.36993243099624 268.1111242090317 1.0 205.92288789089451 284.3831839151031 1.0
-0.08144645253299214 0.996677718909072 -146.06029225030994 358.10978753908216 175.81115814900417 1.0 339.28122646458905 174.27252687760705 1.0 376.93834861357533 177.3497894204013 1.0
0.24200412486260514 -0.9702752205170885 268.0125120323055 45.60084210025758 287.59685707428787 1.0 51.92507450797394 289.17423460273955 1.0 39.27660969254122 286.01947954583625 1.0
-0.999999961909355 -0.00027600958054210356 165.90878953940756 165.8325482412538 276.2498847793107 1.0 165.8347908666236 268.12471289230245 1.0 165.83030561588401 284.37505666631904 1.0
-0.9998950139466624 -0.014490033975256777 483.54886928851846 480.7194240435734 198.7513683512572 1.0 480.8552538503588 189.37833673642538 1.0 480.583594236788 208.12439996608907 1.0
0.9993236191011076 0.03677369041399808 -629.5162428122189 624.9064910513353 136.84855989077727 1.0 624.4454404535492 149.37759210868424 1.0 625.3675416491213 124.31952767287031 1.0
0.9981134009140444 0.06139738525214029 -126.72842224169914 112.51461196319093 234.96245293429087 1.0 111.62897759015331 249.3598663161278 1.0 113.40024633622856 220.56503955245395 1.0
0.9994205220324278 0.034038509668163054 -209.42360223381368 200.1568181172546 275.6516273535076 1.0 199.90022895381585 283.1854611838316 1.0 200.41340728069335 268.11779352318365 1.0
0.5914549285506177 -0.8063380603029872 -368.1071473073298 628.2002622406026 4.272394025863826 1.0 634.0523162368505 8.564918896790303 1.0 622.3482082443546 -0.020130845062650837 1.0
0.9923074696176036 0.12379776145435188 -346.5219922904767 320.82288507587805 227.52468763983845 1.0 319.95916529523663 234.44787897963468 1.0 321.6866048565194 220.60149630004221 1.0
-0.0730793727771612 0.9973261278410872 -162.83004219199108 422.51090263187814 194.22621000330022 1.0 418.0681627739561 193.9006669004319 1.0 426.9536424898002 194.55175310616855 1.0
-0.9999688385656896 -0.007894421928534153 110.8141153917439 109.24357739706451 199.3739624621903 1.0 109.3423324985243 186.86487376600132 1.0 109.14482229560474 211.88305115837926 1.0
-0.09835284785541709 0.9951516051932636 -133.6292705490556 623.1015078220393 195.86269803434107 1.0 608.0019170762117 194.37037491135817 1.0 638.2010985678668 197.35502115732393 1.0
-0.9974610975182892 -0.07121347441046563 213.02676135980943 190.81097131219605 318.763277373238 1.0 191.39445095740945 310.5906913266766 1.0 190.22749166698267 326.9358634197994 1.0
-0.18539898311188927 0.9826633284401517 -145.96515846636584 35.46345335401757 155.23123967389097 1.0 27.765787271474114 153.77892185278753 1.0 43.161119436561016 156.68355749499437 1.0
0.035214764201110985 0.9993797678471683 -358.6461919719361 540.01639988862 339.84042174152137 1.0 441.88110924034027 343.29837759691264 1.0 638.1516905368997 336.38246588613015 1.0
-0.03169515527079534 0.9994975823544349 -306.38629836413037 238.1339806713671 314.0917971179616 1.0 230.6415150428744 313.85420288497033 1.0 245.62644629985982 314.32939135095296 1.0
0.01851450659624597 -0.9998285918323688 338.9995854848507 305.00544982250835 344.70569626925044 1.0 315.63837729427837 344.9025934248446 1.0 294.3725223507383 344.5087991136563 1.0
0.7891278875257073 0.6142289289257017 -557.5247342162659 623.4149466828828 106.75272882886777 1.0 616.6471382901486 115.4476405932453 1.0 630.182755075617 98.05781706449025 1.0
-0.9993427437534147 -0.036250248377039405 147.4757854821431 141.51836438840144 166.90740598000355 1.0 142.38038452756345 143.14333236371064 1.0 140.65634424923942 190.67147959629642 1.0
-0.23756512676375202 -0.9713716130018019 195.18424342356624 48.95517521179646 188.96393363956952 1.0 59.55744012478847 186.37097294942308 1.0 38.352910298804446 191.556894329716 1.0
0.9979643020107525 0.06377501009166187 -458.37300923496576 438.4203876639267 326.8539360901817 1.0 438.02006323503247 333.11829400537545 1.0 438.8207120928209 320.589578174988 1.0
0.053890596608063474 -0.9985468459702965 184.55924676207587 494.46197328409835 211.5134591378389 1.0 542.0258200247307 214.08043342469517 1.0 446.89812654346593 208.94648485098264 1.0
0.643036540876639 -0.7658354961069685 68.95163944660833 30.19740807976221 115.38989343125957 1.0 35.343218900799506 119.71059207631588 1.0 25.05159725872491 111.06919478620327 1.0
-0.22098623431294337 0.9752769269516145 -144.66313085947363 18.733008060671697 152.57499040120112 1.0 9.411730191821208 150.46289891385268 1.0 28.054285929522187 154.68708188854956 1.0
-0.06939151727111885 0.9975895034185214 -281.8392925410201 441.9091432260677 313.2591485922555 1.0 433.0714806070682 312.64440794376117 1.0 450.7468058450673 313.8738892407498 1.0
0.9996850418936227 -0.025096155365828363 -562.1019522294725 567.3932787146503 203.72129906015704 1.0 567.6915953324321 215.6045001400692 1.0 567.0949620968684 191.83809798024484 1.0
-0.9664348514539279 0.25691180956745513 562.9774853233878 620.7360706808247 143.72047357143873 1.0 618.9465824636576 136.9888881988233 1.0 622.5255588979918 150.4520589440542 1.0
0.27623478583017386 0.9610901846847454 -268.5502359898074 634.5984362226732 97.02739072531702 1.0 630.6367951710646 98.16603836199651 1.0 638.5600772742819 95.88874308863754 1.0
-0.9990088173408537 -0.04451272711516299 132.83951184554445 123.08532924175564 221.87323239434374 1.0 123.47690628047911 213.08498373591206 1.0 122.69375220303218 230.6614810527754 1.0
0.09550200106850049 -0.9954292379631573 143.32410930043764 403.05054083090226 182.65109718251995 1.0 413.0781663640059 183.61315281425578 1.0 393.0229152977987 181.68904155078408 1.0
0.9404855356837423 -0.33983371988321676 -526.303239765263 617.0316612564236 158.91922886249307 1.0 619.5898677969321 165.9990332134759 1.0 614.473454715915 151.83942451151026 1.0
0.9995630213950953 -0.029559537538812086 -329.39564859637807 336.26736984878687 227.49948633084028 1.0 336.3971824180574 231.8891302413633 1.0 336.13755727951633 223.1098424203173 1.0
0.045483833550837904 0.9989650749077866 -334.4089708897558 458.07486276312045 313.89883185551946 1.0 451.8093946568421 314.1841045999048 1.0 464.3403308693988 313.6135591111341 1.0
-0.996037222212918 -0.08893734854589642 151.63216231380295 133.25998350291678 212.51205283756383 1.0 134.3218166193348 200.62025119266872 1.0 132.19815038649875 224.4038544824589 1.0
0.9891439309733365 -0.14694993643624088 -111.25924436241279 162.24078467614464 334.945658024858 1.0 163.8391634121337 345.7046053537423 1.0 160.64240594015558 324.1867106959737 1.0
0.2657510865750367 0.9640416795886926 -516.3577717954654 348.45666801228606 439.5609055281492 1.0 291.4352167755527 455.2796373476205 1.0 405.47811924901936 423.8421737086779 1.0
-0.04438717940809718 -0.9990144034518189 360.1221356809751 575.620647409958 334.90203702505505 1.0 595.6089576207652 334.0139370053494 1.0 555.6323371991508 335.79013704476074 1.0
0.9964714405867233 -0.08393252108104644 -119.9277179070611 135.67134194974471 181.87109663005333 1.0 136.4119659365584 190.66400123446405 1.0 134.930717962931 173.07819202564264 1.0
-0.9991149792856951 -0.04206255064716275 174.57303242510582 167.57057726706165 170.0029712895231 1.0 167.7555438477471 165.60944596624188 1.0 167.38561068637617 174.3964966128043 1.0
0.20244051465695492 0.979294561419304 -497.71821646272537 439.4817863681162 417.3915730274256 1.0 405.8758787409175 424.3386117465054 1.0 473.0876939953149 410.4445343083458 1.0
0.9926597339266908 -0.12094069885936508 -591.9321240470138 613.981113958077 145.04798910598765 1.0 614.6746951848502 150.74078038732264 1.0 613.2875327313039 139.3551978246527 1.0
-0.5057883016020492 0.8626576342689576 309.5591356339258 633.1832352564604 12.400675661319024 1.0 628.0988376000823 9.419621818947178 1.0 638.2676329128384 15.381729503690872 1.0
-0.9999630435803467 -0.008597178230649934 602.1563692735826 600.4269908693775 203.7375507473446 1.0 600.5184249016353 193.1025899811137 1.0 600.3355568371198 214.37251151357552 1.0
0.7119785409983804 -0.7022012226974671 -321.02050648217653 631.0618779108877 182.68553868323858 1.0 637.8890193802588 189.60773999168964 1.0 624.2347364415167 175.76333737478754 1.0
-0.08039320610489033 -0.9967632278591424 130.75421063538442 8.737826333582584 130.47406357612766 1.0 16.910480148950338 129.81490418477057 1.0 0.5651725182148304 131.13322296748478 1.0
0.1420993851551736 -0.9898523954300064 249.0503145878863 384.9124267390897 306.86002798846044 1.0 391.7365160071576 307.8396678758956 1.0 378.08833747102176 305.8803881010253 1.0
-0.9981043289648682 -0.061544687029752174 122.91071197592163 108.03739946150588 244.99459841264203 1.0 108.61802182103148 235.57832353165796 1.0 107.45677710198031 254.4108732936261 1.0
-0.999804375287719 -0.019779058509795493 487.8982113593993 482.45447280831866 279.9990993388203 1.0 482.5906717412964 273.1144294222414 1.0 482.31827387534094 286.8837692553993 1.0
-0.9999951250695526 -0.003122472919070904 602.6157254973202 601.894642185897 231.8731097774044 1.0 601.9453760298288 215.62521974831856 1.0 601.8439083419652 248.12099980649026 1.0
-0.07471983187583572 0.9972045661369822 -148.3129384353422 583.1308235578506 192.4222792887252 1.0 568.0748613116197 191.29414670091998 1.0 598.1867858040814 193.55041187653043 1.0
0.07097898381762542 -0.9974778112099623 153.32911808814399 352.4964474216482 178.799924891677 1.0 363.2006684277836 179.5616207620374 1.0 341.7922264155128 178.03822902131657 1.0
-0.9853130037430301 -0.1707579709849229 178.38829137767132 147.11878644555964 195.77556353676385 1.0 148.4353335990692 188.1787818292301 1.0 145.80223929205007 203.3723452442976 1.0
-0.7101413663356633 0.7040591167074803 287.31198069668596 627.5792337248611 224.9214448995881 1.0 621.9785295458312 219.272357168521 1.0 633.179937903891 230.57053263065515 1.0
0.9996870935178942 -0.025014296986821997 -316.06697751872326 323.73511049130093 302.50037256717127 1.0 324.4395906715903 330.6546614622556 1.0 323.0306303110116 274.34608367208693 1.0
0.003425530555379947 0.9999941328529954 -136.9135560666641 423.12659259943086 135.4649177875077 1.0 410.6245983336399 135.50774400213604 1.0 435.6285868652218 135.42209157287934 1.0
0.036534272136431394 -0.9993324006352746 129.74243328558572 209.39841815145334 137.4844366018043 1.0 218.13673906234862 137.80389806825048 1.0 200.66009724055806 137.16497513535813 1.0
0.9999645112113541 0.00842474437817894 -77.26248947662198 74.82733558274938 289.36301399057976 1.0 74.45872173655421 333.1151740550457 1.0 75.19594942894456 245.6108539261138 1.0
-0.9989166084754474 -0.04653610761451625 118.60154337434216 108.42360239284716 221.23479425204994 1.0 108.80535914797527 213.04022915747808 1.0 108.04184563771906 229.42935934662182 1.0
0.9937346878025941 0.11176479883165817 -153.24575155950575 136.4254851300724 158.14473671695396 1.0 134.8749261455673 171.93122642117237 1.0 137.97604411457752 144.35824701273552 1.0
0.05790561328558621 -0.9983220622374426 159.83615629653866 422.4502243942559 184.60815661999024 1.0 426.8466850385812 184.86316425682944 1.0 418.0537637499305 184.35314898315104 1.0
-0.02315986513855357 0.9997317743508827 -276.6890433256037 402.5037595724996 286.0877121773664 1.0 395.61797614738515 285.9281955754234 1.0 409.38954299761406 286.24722877930947 1.0
0.767099028811433 -0.6415287055125095 -333.77652244633936 620.5510519405747 221.7322242993775 1.0 625.6845726340156 227.87056028416552 1.0 615.4175312471338 215.59388831458946 1.0
0.0017051024830647293 -0.9999985463117045 286.65698965602553 245.00179008716378 287.0751601344587 1.0 288.13092745665034 287.1486998405837 1.0 201.8726527176772 287.00162042833375 1.0
0.9997659746499327 -0.02163321363714137 -410.21448288789014 414.516672446265 194.38545837575168 1.0 414.7332464528901 204.39429601075196 1.0 414.30009843963984 184.37662074075143 1.0
0.742128368470912 -0.670257774823017 -319.16207440231744 631.9631282882143 223.54935154247752 1.0 636.4457712183539 228.51266059929614 1.0 627.4804853580747 218.5860424856589 1.0
-0.6262031947585521 -0.7796598994909145 258.9167668432262 140.5864673897663 219.17386277723605 1.0 144.77160145948568 215.81246849921513 1.0 136.40133332004694 222.53525705525698 1.0
0.6658248407196448 0.7461080896764621 -303.29473523986536 409.95983888959654 40.655357084926024 1.0 399.7357788875855 49.779280570729526 1.0 420.1838988916075 31.53143359912253 1.0
-0.583693548064283 -0.8119740401934833 260.10059974239806 124.51637155927759 230.82166147850316 1.0 134.66397004218356 223.52698520854787 1.0 114.36877307637161 238.11633774845845 1.0
-0.06511668365154162 0.9978776565843255 -166.29078493574787 298.79779518331225 186.1425648874434 1.0 291.95194643792945 185.69583781209704 1.0 305.64364392869504 186.58929196278976 1.0
0.9996695381488679 -0.025706312400442407 -620.6101133918821 624.945746412829 160.62639512069484 1.0 625.1067707809201 166.88832616599018 1.0 624.7847220447378 154.36446407539947 1.0
0.7531710544414522 0.6578247203864804 -175.6769656020308 133.2548215228075 114.48838700078474 1.0 124.51385921582003 124.49628058331669 1.0 141.99578382979496 104.48049341825278 1.0
0.9914478527530074 0.13050346842690044 -236.02736139677145 195.54288656064472 323.03192323741393 1.0 194.8853051708567 328.0276345757746 1.0 196.2004679504327 318.0362118990533 1.0
-0.20078524810005818 -0.9796352811865231 500.11011672776164 446.6616437651528 418.95903062055004 1.0 493.1369864822964 409.43348228924185 1.0 400.18630104800917 428.4845789518582 1.0
0.017387000972161115 0.9998488346731189 -206.60328364525688 511.2433777960505 197.7441866031122 1.0 504.3704561621948 197.86370416515297 1.0 518.1162994299061 197.62466904107143 1.0
-0.9998422742854484 -0.01776025201685538 315.1546888354718 311.8520299434442 188.72738816451772 1.0 312.10729329824017 174.35692242119845 1.0 311.5967665886482 203.09785390783702 1.0
-0.05766624983219166 -0.998335917229412 394.36967947622765 414.40187119677876 371.09020245310296 1.0 463.2056467053282 368.27118065627076 1.0 365.59809568822925 373.9092242499352 1.0
-0.0701427999258638 0.9975369605275587 -283.08087797091713 428.868751741152 313.9361701977774 1.0 423.2714268107976 313.54258874842213 1.0 434.4660766715064 314.3297516471327 1.0
0.9946729099125099 0.10308153222658334 -115.04575970462533 83.01846199384627 314.9889590831265 1.0 82.30026943861441 321.91907220193156 1.0 83.73665454907812 308.0588459643214 1.0
-0.12882098126026215 0.9916678651580595 -142.68899019740547 331.85908789690825 186.99749185768346 1.0 324.3238647016623 186.0186410951129 1.0 339.39431109215417 187.976342620254 1.0
0.16745290309929195 0.985880076502015 -484.1040696719491 499.9771991176158 406.11575965389 1.0 474.3484741792318 410.4688290544733 1.0 525.6059240559998 401.76269025330674 1.0
-0.9999556771367331 -0.009415081625651108 121.68375637504661 118.8997951438165 296.25141039601897 1.0 119.09402799781469 275.62235450840916 1.0 118.7055622898183 316.8804662836287 1.0
0.021271376358332796 0.9997737386768178 -152.48296483064016 395.0077278109295 144.1132140344196 1.0 388.12254694999535 144.25970445292364 1.0 401.8929086718636 143.96672361591556 1.0
-0.9991251184861015 0.04182101876011151 615.392973447212 622.6549526440456 160.61851404812705 1.0 622.3927068310148 154.35333001423794 1.0 622.9171984570763 166.88369808201614 1.0
-0.9980360660896758 0.06264192513201258 612.4251107690221 625.3190002905079 186.2299778855754 1.0 624.8036767034728 178.0196375347017 1.0 625.834323877543 194.44031823644912 1.0
0.9999660643286449 0.008238336669525574 -336.70583137311723 334.21474686803145 303.75382887110027 1.0 333.9830090933359 331.88206880766114 1.0 334.446484642727 275.6255889345394 1.0
-0.0010553670748316612 0.9999994431000135 -285.7982879757399 491.2499293996746 286.3168964266185 1.0 484.3742774529929 286.3096400858949 1.0 498.12558134635634 286.32415276734207 1.0
-0.04755497660195174 -0.998868622092209 417.298716101345 88.77000221408062 413.54513655447136 1.0 134.41057531560335 411.3722418034115 1.0 43.12942911255789 415.71803130553127 1.0
-0.12319181578987196 0.9923828779873191 -62.429757684233465 526.85191516123 128.3109620185769 1.0 506.84980600903697 125.82795248592217 1.0 546.8540243134229 130.79397155123166 1.0
-0.9954473122857603 -0.09531342226074994 164.1281810538787 144.89781509239782 208.6803725256932 1.0 145.5614673968244 201.74923012135895 1.0 144.23416278797123 215.61151493002748 1.0
-0.03756671626517875 0.9992941217824968 -342.99175694114916 241.25738000726395 352.3036879820553 1.0 229.37567607383244 351.85701608567916 1.0 253.13908394069546 352.75035987843137 1.0
0.9991443325175404 0.04135943420888079 -14.257966852081607 2.8084485188071495 276.88776818153815 1.0 2.3941389491989975 286.89648968123606 1.0 3.2227580884153015 266.87904668184024 1.0
-0.8435507486460571 -0.5370494711464453 191.26665497617995 111.3186798302049 181.2937252489541 1.0 114.20199861546254 176.76485807644346 1.0 108.43536104494724 185.82259242146472 1.0
-0.038319560899237215 -0.9992655359074932 351.1067436908522 622.5236774643658 327.4924411596385 1.0 638.1735981608831 326.8923022899898 1.0 606.8737567678485 328.0925800292872 1.0
-0.999290349026286 -0.037666939654338163 441.56028749263317 434.4798802607159 196.15971910138785 1.0 434.9739080074363 183.05334082963873 1.0 433.9858525139955 209.266097373137 1.0
0.04520636980656441 -0.9989776694846149 188.8915393035954 586.2787127093018 215.61550190723824 1.0 599.4615655396598 216.2120607076588 1.0 573.0958598789439 215.01894310681766 1.0
-0.35702748119760286 -0.9340938805439715 325.018558114912 157.3753725937092 287.79893631108223 1.0 164.2077687786201 285.1874716058191 1.0 150.54297640879827 290.41040101634536 1.0
-0.26810391362567265 -0.9633899996878719 519.9903367473099 354.1827845732028 441.18430355525993 1.0 399.49966634302183 428.5729692464787 1.0 308.8659028033838 453.7956378640411 1.0
0.2344805773949048 -0.972120804645468 61.803715434000544 92.44013125941187 85.87320669123321 1.0 108.06083885693626 89.64100233893596 1.0 76.81942366188748 82.10541104353045 1.0
-0.06708154351735493 -0.9977474963733706 399.1833081821402 485.536951739291 367.4404008602656 1.0 506.8168227317592 366.00969159042165 1.0 464.2570807468228 368.8711101301095 1.0
-0.1474651311612865 -0.9890672550901605 477.6977135791305 552.405621211188 400.6169895462476 1.0 610.6340082430663 391.93541942371496 1.0 494.17723417930955 409.29855966878023 1.0
0.13520613388009178 0.9908174914489543 -469.00493889874025 582.4315475307296 393.8733666647395 1.0 526.8186768745161 401.4622529130074 1.0 638.0444181869432 386.28448041647164 1.0
0.05196666050588139 -0.9986488202545809 330.2468063754581 184.95093332884244 340.3179194177244 1.0 196.7289939346599 340.9308140254246 1.0 173.172872723025 339.70502481002416 1.0
0.9999796016329665 0.006387199540749926 -415.74747363494805 413.6959917126819 322.50763919354506 1.0 413.5881844213505 339.38594267396195 1.0 413.8037990040134 305.6293357131281 1.0
0.7877117551242299 -0.6160439845003808 -174.09060663192125 461.2691138447659 307.2126364042481 1.0 464.5781179522954 311.4437327201536 1.0 457.96010973723645 302.98154008834257 1.0
-0.9939976874550356 -0.10940108470230787 232.65654862461753 198.56127252421572 322.54801689981514 1.0 199.05199013112963 318.0894489816526 1.0 198.07055491730182 327.0065848179776 1.0
0.9976709506139427 0.06821051459321927 -223.9330640295891 202.61968403129788 319.38318276743286 1.0 202.1063887428391 326.89081999075984 1.0 203.13297931975669 311.8755455441059 1.0
-0.9992306847427807 0.03921783610137076 589.6069890250382 601.3191413083463 286.8477563209601 1.0 600.531542907241 266.78054793127535 1.0 602.1067397094515 306.91496471064494 1.0
-0.9997329544391519 -0.023108868608496796 544.5112760479125 539.9487316241073 203.67658042506457 1.0 540.2519545286335 190.55858943504936 1.0 539.6455087195809 216.79457141507982 1.0
0.32189423922965155 0.9467756327402833 -525.6273942664244 258.28999340412514 467.3602890035013 1.0 225.72894194697668 478.43072060827365 1.0 290.85104486127364 456.289857398729 1.0
0.0039045808140577955 -0.999992377095279 287.18047922991974 495.0034537681619 289.1154641180317 1.0 541.8850601567865 289.2985185342753 1.0 448.1218473795372 288.93240970178806 1.0
-0.003980779616344983 -0.9999920766654334 156.35273650939342 13.125205912982917 156.30172638810618 1.0 25.62749579795055 156.251957133036 1.0 0.6229160280152812 156.35149564317635 1.0
0.5520419742707311 0.8338163218858656 -164.94420336723638 219.41068308929601 52.55389652174486 1.0 180.67453009872273 78.19981134889099 1.0 258.14683607986933 26.90798169459873 1.0
0.20083795355154663 -0.9796244772427988 64.59209811110316 243.81727994928386 115.92182953231391 1.0 259.4268623159232 119.12203190693582 1.0 228.20769758264453 112.721627157692 1.0
0.3757521390451528 -0.9267202004936507 252.30628757426362 140.3404611683558 329.16031817410067 1.0 160.8826881429262 337.4894618814831 1.0 119.79823419378538 320.83117446671827 1.0
-0.6460270931244422 -0.7633144797193245 259.0303871229482 155.69261720978318 207.5798932364525 1.0 162.83629499081195 201.53388007449513 1.0 148.5489394287544 213.62590639840988 1.0
0.9999162049429919 -0.012945388847172305 -564.5564867266735 568.3258752532347 287.4973993738174 1.0 568.5766711449315 306.8691524514021 1.0 568.075079361538 268.1256462962328 1.0
-0.4120509025705256 -0.9111608275660315 279.92708696296404 90.62022168387071 266.2394337945832 1.0 98.48939739261336 262.68078546908936 1.0 82.75104597512808 269.7980821200771 1.0
0.9980105176194247 -0.06304765436562935 -465.3573655291562 478.6437394290878 195.63171283481415 1.0 479.0394876968393 201.89619543166293 1.0 478.24799116133636 189.36723023796534 1.0
0.04784368314435777 -0.9988548352904852 279.7020636517459 575.0865268897712 307.5685378601637 1.0 580.6986511634266 307.8373503903022 1.0 569.4744026161158 307.2997253300252 1.0
-0.07169369704717181 -0.9974266959550002 355.44898856545234 259.9680049500815 337.6798741627013 1.0 274.4478906669262 336.6390793413163 1.0 245.48811923323674 338.72066898408633 1.0
-0.46756407402967176 -0.8839591826983729 319.59048556096957 140.51347846839232 287.2207632225492 1.0 145.22361886866068 284.7293671514337 1.0 135.80333806812396 289.71215929366474 1.0
0.04731305085448612 0.9988801105332114 -387.12352104949525 433.7860357371954 367.01079180063056 1.0 363.1714438452798 370.35552931419215 1.0 504.400627629111 363.66605428706896 1.0
0.9999777046632041 0.0066775876265200975 -66.06694247892064 64.20280266786925 279.37802369690655 1.0 64.06087922562551 300.63124955487285 1.0 64.34472611011299 258.1247978389402 1.0
0.9997366950449091 0.02294647207486102 -321.3397268219215 315.4567940100435 259.9961392493939 1.0 315.18437640195214 271.86488657999826 1.0 315.72921161813485 248.12739191878947 1.0
-0.9999307266146636 -0.011770385374792634 460.8029763194335 458.51012099181753 197.4971763360256 1.0 458.6205472993032 188.11611918576168 1.0 458.3996946843318 206.87823348628953 1.0
0.1422769630178556 0.9898268867809238 -408.15593352261396 34.97464389104181 407.3235964708649 1.0 0.5033215854328432 412.27847809142975 1.0 69.44596619665077 402.3687148503001 1.0
0.12546664184723882 0.9920978388161003 -408.2981556556752 170.6215186459994 389.9724720154353 1.0 149.31704860741038 392.66676304954 1.0 191.9259886845884 387.2781809813306 1.0
0.13628125477555447 0.9906701870939695 -408.3508931938679 95.05102872872236 399.12094346037395 1.0 71.93361410002791 402.3010838479704 1.0 118.1684433574168 395.94080307277756 1.0
0.03958625892450896 -0.9992161568471367 349.2091120009649 171.873327703161 356.29221126385704 1.0 180.63433784251572 356.6392989419737 1.0 163.11231756380627 355.94512358574036 1.0
0.23267677395566308 0.9725541213020412 -226.93763929488122 35.72544615742721 224.79484991760887 1.0 14.494435104409309 229.87422087644012 1.0 56.95645721044511 219.71547895877762 1.0
-0.33367921302764497 -0.9426866832586803 531.032024425358 275.1106993970991 465.93774003119114 1.0 308.47943858464305 454.1263345774355 1.0 241.7419602095552 477.7491454849468 1.0
-0.129644048087316 -0.9915605986501954 410.6608483237592 76.84027419970614 404.10940558331856 1.0 153.09419558469452 394.1393976338907 1.0 0.5863528147177721 414.07941353274634 1.0
0.30999795762617893 -0.9507372225108248 12.52975902664891 622.7254952369593 216.22524693937214 1.0 627.7976139380802 217.8790650512081 1.0 617.6533765358384 214.57142882753618 1.0
-0.9545674964928551 -0.29799478961781056 220.68376682108064 144.30831539632175 278.2992936771664 1.0 146.36366906890345 271.7153738302456 1.0 142.25296172374007 284.88321352408724 1.0
-0.9992008788962101 -0.039970033938456086 445.42371674364216 434.32944918794476 286.2481778763988 1.0 434.90755328443913 271.7962981957342 1.0 433.75134509145045 300.70005755706336 1.0
-0.201134891001637 -0.9795635536409875 381.7592549788319 236.84269069534216 341.09264780153916 1.0 244.40869712861303 339.5391111538993 1.0 229.27668426207129 342.64618444917903 1.0
-0.9999945152222275 0.003312027394566905 419.14242917942636 420.2273504937168 326.87424700480665 1.0 420.190083533939 315.62230040620005 1.0 420.26461745349457 338.1261936034132 1.0
-0.05104748442498295 -0.9986962272552556 165.82137651689425 188.75714043651703 156.38969595349985 1.0 204.3732871793002 155.5914902670507 1.0 173.14099369373383 157.18790163994902 1.0
0.021431821483675884 0.9997703121356883 -339.05950442530826 489.99750151647936 328.633448560301 1.0 466.86973154842536 329.1292326731659 1.0 513.1252714845333 328.1376644474361 1.0
-0.9999927872265224 -0.003798090958761909 359.7101492356215 358.5566942768138 304.37426580198485 1.0 358.66115004075795 276.872288713368 1.0 358.4522385128697 331.8762428906017 1.0
0.9943419018260643 0.10622703174298671 -163.67935896646745 134.30523537812653 283.6757772568911 1.0 133.1618014056978 294.3789315491825 1.0 135.44866935055526 272.9726229645997 1.0
0.021759623899762815 0.9997632313541746 -339.6279540587706 389.3746459734591 331.2337339689283 1.0 366.8717027562455 331.7235055125177 1.0 411.8775891906728 330.74396242533885 1.0
-0.9999934077403282 0.00363104336050619 391.8113524465203 392.4992911070587 188.74773315697706 1.0 392.47886662280024 183.12280731965393 1.0 392.51971559131715 194.3726589943002 1.0
-0.0781263580691731 -0.996943464883966 353.8605136762579 122.47823788438632 345.3473011608464 1.0 130.65100454844725 344.706835058903 1.0 114.30547122032537 345.9877672627899 1.0
0.9991995361894942 -0.0400035858230164 -596.5263349473214 606.1874887087074 229.37750267911017 1.0 606.4383111655084 235.64248311386848 1.0 605.9366662519066 223.11252224435185 1.0
0.03004358918273762 -0.9995485894887847 131.38372322954973 292.49294965479095 140.23456460432354 1.0 306.8737432988023 140.66681038097295 1.0 278.1121560107796 139.80231882767413 1.0
0.9985215942632627 0.05435646962370143 -147.5186634198196 136.23731078103282 211.24930923762759 1.0 135.7266256207843 220.63053218878878 1.0 136.74799594128137 201.8680862864664 1.0
0.02674374067587097 0.9996423222006268 -340.89819736907845 265.62937972125474 333.91370764205067 1.0 245.6269754151655 334.44883816001266 1.0 285.63178402734394 333.3785771240886 1.0
-0.08517094076011206 -0.9963663537324198 403.67690764026867 303.16636835602066 379.2339448487993 1.0 364.4494011063367 373.9953761913726 1.0 241.88333560570462 384.472513506226 1.0
0.008845982572636173 -0.9999608735307219 334.65007864147594 281.2475568106522 337.1511811629516 1.0 286.88317369205976 337.2010356823019 1.0 275.6119399292447 337.1013266436013 1.0
-0.003872940681977166 -0.9999925001371129 272.76073305052904 225.00974564203375 271.89132280043185 1.0 241.88449252261051 271.8259674165836 1.0 208.134998761457 271.9566781842801 1.0
0.005788988257392708 -0.9999832436670906 286.2128368202096 404.37972608479765 288.5586214903683 1.0 414.3866270750162 288.61655229340136 1.0 394.3728250945791 288.5006906873352 1.0
0.0 -1.0 145.625 421.875 145.62499999999997 1.0 431.875 145.62499999999997 1.0 411.875 145.62499999999997 1.0
0.07369742860766641 -0.9972806470681249 256.2977296086725 190.72911046993323 271.0911671711866 1.0 198.14244000050218 271.63900024649035 1.0 183.31578093936432 270.5433340958829 1.0
-0.9999999990463501 4.3672642200724854e-05 364.4553270881676 364.4684565224342 300.6249686231053 1.0 364.4672009327801 271.8749413825388 1.0 364.46971211208836 329.3749958636718 1.0
-0.028923154502227925 -0.9995816380534609 324.3318467894191 623.1123458585141 306.437673999695 1.0 638.1720752609061 306.00191681520397 1.0 608.052616456122 306.8734311841861 1.0
0.9431691701220143 -0.3323129797816371 44.3676162654655 61.757503607324765 308.79139827466844 1.0 63.266788191445166 313.07504283654555 1.0 60.24821902320436 304.5077537127913 1.0
0.07955889184256539 -0.9968301674451787 123.40624356675833 106.26755239103417 132.28007797131855 1.0 116.87486689720072 133.12666770655807 1.0 95.66023788486763 131.43348823607903 1.0
0.03485642392689222 -0.9993923302242361 331.79638213791844 216.30955390395343 339.5424893566013 1.0 229.5274675524469 340.0034986996063 1.0 203.09164025546 339.08148001359626 1.0
0.052389156111607535 0.998626745246648 -415.4578261580885 218.75932569673648 404.5527636990235 1.0 54.3776976048499 413.1764209533253 1.0 383.14095378862305 395.9291064447217 1.0
0.9997452181569463 0.022572079485949324 -521.1470794223745 514.0971423396708 318.1328377213931 1.0 513.8993685283011 326.8924835624665 1.0 514.2949161510404 309.37319188031967 1.0
0.9999704463555745 -0.0076880696818608305 -454.5067011559797 456.0193654105063 195.0017731871992 1.0 456.0722562690067 201.88117173213772 1.0 455.9664745520059 188.12237464226072 1.0
0.05079756827743814 -0.9987089701495121 250.8714461428985 491.74999127565786 276.2077423404512 1.0 499.2623458205239 276.58984498929397 1.0 484.23763673079185 275.82563969160844 1.0
-0.01165668013696365 0.999932058596075 -280.4240090734437 512.4980474376464 286.41749448992766 1.0 505.6166966701115 286.3372753349182 1.0 519.3793982051812 286.49771364493705 1.0
-0.9977108359224378 -0.06762461003917376 344.42991250855505 333.52632425519363 172.52720166533186 1.0 333.9115582749848 166.84358802690954 1.0 333.14109023540243 178.21081530375415 1.0
-0.03993796528786811 0.9992021611909498 -236.90740365641378 624.367906826815 262.0524630711667 1.0 610.5899560150093 261.5017603779259 1.0 638.1458576386207 262.60316576440744 1.0
0.7942722993511897 -0.6075619429188881 43.60097278099162 51.84669220863067 139.5435728050741 1.0 59.973187991187984 150.16742863756699 1.0 43.72019642607336 128.9197169725812 1.0
-0.04491082962350207 -0.9989909996504116 164.58962395102927 259.969368211734 153.0686302493749 1.0 269.35349994630815 152.64675543604483 1.0 250.5852364771598 153.490505062705 1.0
0.040996280755345414 -0.9991592990931071 163.86117413496652 300.57036000549726 176.3316832064729 1.0 306.83545679598933 176.5887449855261 1.0 294.30526321500525 176.0746214274197 1.0
0.012922472479817808 0.9999165013664932 -366.4946859878977 268.12416221666774 363.0601739088806 1.0 255.62624959535515 363.2216913272684 1.0 280.62207483798034 362.8986564904928 1.0
-0.23523865767171573 0.9719376389135309 -59.5810316091035 95.01847427871019 84.29866965953663 1.0 80.58155700767368 80.80449379496928 1.0 109.45539154974671 87.79284552410398 1.0
0.9998691668201721 0.01617557548697294 -116.2907101989444 111.69533165680667 284.99709338086984 1.0 111.54370547694734 294.36964041922295 1.0 111.84695783666602 275.6245463425167 1.0
-0.5538707222405987 -0.8326026801810559 167.463394416891 220.1877980596331 54.65730625217164 1.0 258.14594213349494 29.40648113048126 1.0 182.2296539857713 79.90813137386202 1.0
0.014268649595877023 0.9998981976374945 -338.2489111514491 215.00307140216074 335.2152333662783 1.0 203.12157208706756 335.3847835772911 1.0 226.88457071725395 335.0456831552656 1.0
0.9988917225776184 0.04706725577212417 -161.53356390816157 148.51984391834446 279.98915516575227 1.0 148.0776928499106 289.3727709118188 1.0 148.96199498677834 270.6055394196857 1.0
-0.0204273455463443 -0.9997913400074688 361.6476659746168 413.7274236086322 353.27002625160367 1.0 459.358914224751 352.33770148611484 1.0 368.09593299251344 354.2023510170925 1.0
-0.0030762747440124865 0.999995268255655 -259.10273496281786 583.7491548133391 260.89974225548895 1.0 568.12430268 260.8516756900535 1.0 599.3740069466782 260.94780882092437 1.0
0.9978204053915594 0.06598817003239434 -163.14764233262247 150.44095474052597 197.52916135632944 1.0 149.5740262201432 210.63816206401947 1.0 151.3078832609087 184.4201606486394 1.0
-0.05516920167308794 -0.9984770198591224 289.3207468468503 299.34583661712827 273.2221879828661 1.0 304.4339031257019 272.94105525596854 1.0 294.2577701085547 273.5033207097637 1.0
-0.253049418432755 -0.9674533538268625 470.82277601546946 136.7796790557556 450.88557091824066 1.0 190.60704530202236 436.8063559664236 1.0 82.95231280948883 464.9647858700577 1.0
-0.20612801543643994 -0.9785250335337542 467.0057027873225 240.43674271402156 426.60631038345286 1.0 289.25849334675064 416.3219229399199 1.0 191.61499208129248 436.8906978269858 1.0
1.0 0.0 -314.375 314.375 319.375 1.0 314.375 333.125 1.0 314.375 305.625 1.0
0.9992122487861212 -0.0396847814128103 -307.10828757367915 320.1357700963281 321.91925283039166 1.0 320.48372269468365 330.68025606377734 1.0 319.7878174979725 313.158249597006 1.0
0.0958603980088864 0.9953947880582749 -404.23477731580437 251.19357138212973 381.9140567607471 1.0 190.58893605581085 387.7505193716245 1.0 311.7982067084486 376.0775941498697 1.0
0.19674776592491536 0.980454137939942 -463.002805374135 257.36698868096596 420.58716402050777 1.0 203.04724225256274 431.487509423559 1.0 311.6867351093692 409.6868186174565 1.0
-0.543036524556911 -0.8397090764051269 320.83665926529426 484.41482829718746 68.81158735395078 1.0 493.1495113899184 63.16290249027283 1.0 475.6801452044565 74.46027221762873 1.0
-0.9194036763392116 0.3933152424378469 234.10372472481959 303.03606804556955 113.16304454356387 1.0 299.2918192970632 104.41058419351985 1.0 306.7803167940759 121.91550489360789 1.0
-0.06764095885707888 0.9977097276687719 -186.16680609497303 584.3775253385362 226.2127510480949 1.0 569.3196184983118 225.1918817222708 1.0 599.4354321787606 227.23362037391897 1.0
0.9999999758804091 -0.00021963419838723946 -126.33771917775532 126.3857671401772 218.74969563813767 1.0 126.38755169814554 226.87483251756498 1.0 126.38398258220886 210.62455875871032 1.0
-0.1079985011077403 -0.9941510568110268 408.5594820859712 198.0648844592846 389.44662261309225 1.0 241.7743284787631 384.6982954790864 1.0 154.35544043980613 394.19494974709806 1.0
-0.046634615645410014 0.9989120144555299 -342.5525416967907 191.28008273872115 351.8556286736707 1.0 175.6017190204941 351.1236778558131 1.0 206.9584464569482 352.58757949152823 1.0
-0.025020684242647275 -0.9996869336747529 356.1028705514885 239.38058255188452 350.2230476241734 1.0 269.3774345446285 349.4722708192541 1.0 209.3837305591405 350.97382442909264 1.0
0.9989706515126491 -0.04536118843673873 -541.6027723697453 548.515860295982 139.95387188778602 1.0 548.8286834791337 146.8430471905271 1.0 548.2030371128302 133.06469658504497 1.0
-0.9999415922811418 0.010807961244131244 104.46172091469086 107.53475671731121 283.7496243288042 1.0 107.48740164115081 279.36838080018424 1.0 107.58211179347161 288.13086785742416 1.0
0.9154208664069058 -0.40249799669915104 -229.25877998138756 301.1735319794023 115.383818013728 1.0 304.54446235594327 123.05048972687196 1.0 297.80260160286133 107.71714630058405 1.0
0.025846434449313293 0.9996659251101127 -354.61360664982396 373.751777139096 345.06873464121276 1.0 311.8696661264628 346.66870107569633 1.0 435.63388815172925 343.4687682067292 1.0
-0.9935362204066182 0.11351554404631936 422.9775063698576 463.2257825172859 328.18489397419705 1.0 461.9328263805199 316.8683931014188 1.0 464.51873865405196 339.5013948469753 1.0
-0.9971789606685332 -0.07506077804035945 133.2040972003861 119.984811854192 180.62385674077942 1.0 120.54970089419145 173.11933200088382 1.0 119.41992281419256 188.12838148067502 1.0
0.24016726751369552 0.9707315198421267 -467.5351705871659 160.48320661724847 441.9268856561225 1.0 119.13542909164931 452.1566789028715 1.0 201.8309841428476 431.69709240937357 1.0
-0.46280769917213954 0.8864587038249387 -237.46878900920925 126.46497083068022 333.91036706847314 1.0 110.10579979501865 325.3694725240238 1.0 142.82414186634176 342.45126161292245 1.0
-0.13067651077251374 -0.9914250599678832 468.97251051202585 625.0031724636095 390.6490690534646 1.0 638.2279352825439 388.90595610347685 1.0 611.7784096446752 392.3921820034524 1.0
0.017337724668622143 0.9998496903551629 -356.40651107940414 325.6282701862053 350.8135884524803 1.0 251.8787702942841 352.0924291981533 1.0 399.37777007812656 349.5347477068073 1.0
0.10350101246869313 0.9946293482589157 -434.5575595265857 451.2445436159374 389.9475649600465 1.0 440.54034135291687 391.0614429828815 1.0 461.94874587895794 388.8336869372115 1.0
0.9991042362122365 0.04231696093487294 -87.66951256465656 78.72127741541672 213.12378345777574 1.0 77.82172829483723 234.36215495697556 1.0 79.6208265359962 191.88541195857596 1.0
0.01923762193684828 0.9998149398274737 -352.5633926268456 256.24178892275665 347.6982550661976 1.0 203.11240716942748 348.7205272079655 1.0 309.37117067608585 346.6759829244296 1.0
-0.996128617389711 -0.08790777904862898 315.61894724685567 289.0398833325045 315.0807379292644 1.0 289.5421099855345 309.3897473603596 1.0 288.53765667947437 320.7717284981692 1.0
0.026158933292326384 -0.9996577965529041 279.47213451808034 300.03482733016335 287.41908135198423 1.0 305.67232193859854 287.56660267968897 1.0 294.3973327217282 287.27156002427944 1.0
0.0 -1.0 345.625 450.625 345.625 1.0 461.875 345.625 1.0 439.375 345.625 1.0
0.5415563876975559 -0.8406644270718099 219.2504815417085 112.43001039547005 333.2336456962373 1.0 122.78429504919254 339.90388035074017 1.0 102.07572574174755 326.5634110417344 1.0
-0.38041476706092925 0.9248159844001286 5.0174938931606565 495.41745616673586 198.36013367720582 1.0 492.3049247045049 197.07982175445892 1.0 498.5299876289668 199.64044559995273 1.0
0.12385065953564948 -0.992300868755331 59.67664110066567 520.6102887552304 125.11786760781145 1.0 548.0725201346676 128.54547265760863 1.0 493.14805737579326 121.69026255801427 1.0
0.9999845984386679 0.0055500347256514935 -117.77536510448884 116.13295955115282 296.2493504114399 1.0 116.02541003269943 315.6272223238132 1.0 116.24050906960623 276.87147849906654 1.0
-0.11341798211096514 0.9935473624009461 -156.34136354804372 193.7388238542669 179.47290361200425 1.0 186.8114036988775 178.68210687196716 1.0 200.6662440096563 180.2637003520413 1.0
-0.05563311319902406 -0.9984512790896632 418.7160606295893 256.2548571791864 405.0871721263211 1.0 378.1345340810266 398.296108802808 1.0 134.37518027734615 411.8782354498342 1.0
0.03429063211984638 -0.9994119033455733 158.53442739115746 177.48824918399902 164.71748144928782 1.0 183.1066350420861 164.91025282005305 1.0 171.8698633259119 164.5247100785226 1.0
-0.6203250703919231 -0.7843448266185326 331.7867378103535 449.4276553669786 67.56657793897847 1.0 472.8572758053352 49.03648702177504 1.0 425.9980349286221 86.09666885618189 1.0
-0.04880228824667247 -0.998808458445306 357.3097988008254 441.2768754321562 336.1750440640475 1.0 456.92559211536354 335.41043982405824 1.0 425.62815874894886 336.9396483040367 1.0
-0.1027202902588051 0.9947102804179451 -163.74320927530442 617.4738365473438 228.37835846757045 1.0 610.5436566603959 227.66270276002723 1.0 624.4040164342916 229.09401417511367 1.0
-0.5194977544970093 -0.8544718152593244 296.36569357336094 399.22215448937175 104.12359914255606 1.0 406.36268082232175 99.78233553426666 1.0 392.08162815642174 108.46486275084547 1.0
0.04810748518117244 0.9988421646434151 -353.179560760299 561.264767963036 326.556623056905 1.0 540.5974039257881 327.552030483974 1.0 581.9321320002839 325.5612156298359 1.0
-0.04793423792023295 -0.9988504937351769 355.4215128873561 142.51158926651146 348.99149637251486 1.0 155.6363565307293 348.3616466396103 1.0 129.3868220022936 349.62134610541943 1.0
-0.9997277534823488 0.02333278631316843 125.18488223516813 130.9952082336964 247.49135965808875 1.0 130.71820682943164 235.6228246327298 1.0 131.27220963796114 259.35989468344775 1.0
-0.26684395399831706 -0.9637397492137304 470.4687363704391 58.176697649599305 472.06171241792526 1.0 81.84286315785435 465.5089338432596 1.0 34.51053214134426 478.6144909925909 1.0
0.12015043636264937 0.9927556963532695 -407.49961513179886 129.35297070198988 394.8179805937599 1.0 118.04172707829697 396.1869486713879 1.0 140.66421432568276 393.449012516132 1.0
-0.12431843281268908 -0.992242373245064 445.4491361183398 415.6228984713515 396.8582267369652 1.0 435.62218205864184 394.35250871887933 1.0 395.6236148840611 399.36394475505114 1.0
0.07869616082462283 0.9968986479434433 -425.06916685559577 411.9340539644839 393.87307737420485 1.0 384.4082335812076 396.04599273744736 1.0 439.4598743477602 391.70016201096234 1.0
0.0645480373018761 0.9979146009957344 -419.4662216969065 560.6059940580649 384.0811675651887 1.0 483.10682672038223 389.09404054969616 1.0 638.1051613957476 379.0682945806812 1.0
0.011356635070304282 0.9999355113405464 -330.9162191282939 623.1262548412121 323.8604869779922 1.0 608.1210919994288 324.03090612665926 1.0 638.1314176829953 323.69006782932513 1.0
0.015162660320717268 0.9998850402581282 -338.9229089194479 181.249444014806 336.21333616487226 1.0 174.36654904713274 336.317711162213 1.0 188.1323389824792 336.1089611675315 1.0
-0.994307469881867 0.1065488401491083 508.7251297116026 541.9309048444982 282.6949321359947 1.0 540.9306003005296 273.360149337488 1.0 542.9312093884668 292.0297149345014 1.0
0.23995326370519213 -0.9707844411800317 61.47181934892256 125.62543996258215 94.37322003325626 1.0 136.81004955153938 97.1377715240861 1.0 114.44083037362492 91.60866854242641 1.0
-0.03466343414895529 -0.9993990425915972 376.49027402448957 348.11260489203397 364.6426303585266 1.0 383.13550539412915 363.42788634385187 1.0 313.0897043899388 365.8573743732013 1.0
-0.05298513839128483 0.9985953009651389 -188.80148228394742 248.13915385104002 202.23324653726883 1.0 185.64927193725362 198.91755394582873 1.0 310.6290357648264 205.54893912870895 1.0
-0.06365320016589131 -0.9979720788221688 421.3067449719953 537.5241226112073 387.87820081928953 1.0 638.1781455917803 381.4582309541544 1.0 436.87009963063423 394.29817068442475 1.0
0.6575893286095394 0.7533765823934636 -345.6244002896938 497.21770165341536 24.767621031391432 1.0 469.843309569798 48.66152553021593 1.0 524.5920937370327 0.8737165325669283 1.0
-0.25436308658487283 0.9671087943882097 -57.16991435945168 126.87890002482357 92.48517179376987 1.0 115.58804161650225 89.51551872929724 1.0 138.16975843314486 95.45482485824249 1.0
0.034830310919942056 0.999393240642151 -373.86593083365693 228.09949971910333 366.1433152205809 1.0 221.85708191009573 366.36087257872373 1.0 234.34191752811097 365.92575786243805 1.0
-0.9971537818242615 -0.07539453158932079 620.2539118758679 611.9654122373902 133.03732387843053 1.0 613.1002167911795 118.02861398145518 1.0 610.8306076836008 148.04603377540587 1.0
-0.8152203157445246 0.5791509620102496 -36.190016579063844 56.64363136867767 142.22035536720048 1.0 49.91137595837923 132.7439463801441 1.0 63.3758867789761 151.69676435425686 1.0
-0.00169392691772141 0.9999985653047696 -352.05906878322173 214.99907042727597 352.42376711660165 1.0 201.87410808799874 352.40153435770384 1.0 228.1240327665532 352.44599987549947 1.0
-0.16022377256668832 -0.9870807174210718 457.1958073571776 323.6516892486095 410.6443430150336 1.0 356.81593070529436 405.26109543788954 1.0 290.4874477919247 416.02759059217766 1.0
-0.8148304277641308 -0.5796993824300001 253.74953064889348 306.6411517133315 6.708632001524517 1.0 311.27363793178034 0.19716961016009726 1.0 302.0086654948826 13.220094392888937 1.0
0.04617670042272306 0.9989332872309692 -409.33009278108614 470.6197913161294 388.0123213622155 1.0 463.07812416966044 388.3609425453935 1.0 478.1614584625983 387.66370017903745 1.0
0.9999019273646856 0.014004843890132321 -131.18550208318408 127.74065950118987 246.86961684337314 1.0 127.56561612121256 259.3671651477183 1.0 127.91570288116718 234.372068539028 1.0
0.44364756468995536 -0.8962013380623084 -160.13439829885758 373.2135782676303 6.071065259246878 1.0 384.4858038677135 11.65116788096936 1.0 361.9413526675471 0.4909626375243964 1.0
-0.6389074826915979 -0.769283581366901 295.648600550028 410.7028579196623 43.21874568446634 1.0 419.56734144292153 35.85659082975932 1.0 401.83837439640297 50.58090053917336 1.0
0.025226117273517108 -0.9996817708687615 336.7119255619559 281.2615696760994 343.9165071544289 1.0 293.1605355487963 344.2167674145289 1.0 269.3626038034025 343.616246894329 1.0
0.5335946243896383 0.8457403719951417 -159.9995408495364 293.7951386582546 3.821544172071184 1.0 288.3614489257347 7.249768397709123 1.0 299.2288283907745 0.39331994643324486 1.0
-0.9992556023350722 -0.03857772935220648 388.036126996725 377.1280110297605 290.033896904651 1.0 377.5385244349302 279.4006163348091 1.0 376.71749762459086 300.6671774744929 1.0
-0.5487733881874226 -0.835971152861925 166.68034842376366 296.209597332478 4.938452801695426 1.0 303.0212451490225 0.4669455748880713 1.0 289.39794951593353 9.40996002850278 1.0
-0.05332041784235889 0.9985774547029972 -188.94827614385613 379.4029695357615 209.47619037959322 1.0 324.3929489462103 206.53885460304693 1.0 434.4129901253126 212.41352615613948 1.0
-0.15566432455806822 -0.9878100111154373 230.5286946634351 23.179488095473033 229.7207689252029 1.0 31.909671976211964 228.3450203887729 1.0 14.449304214734106 231.09651746163289 1.0
0.057602790140952105 -0.998339580788009 247.48557811981917 512.394030387014 277.46160650370877 1.0 519.3181025088708 277.86111572985936 1.0 505.4699582651573 277.06209727755817 1.0
0.02673117747148931 -0.9996426582289231 254.29044346380445 29.99509480381807 255.18343536702298 1.0 46.87473768968173 255.63480939145367 1.0 13.115451917954406 254.7320613425923 1.0
0.2301815402371426 0.9731477064321 -60.183390642783095 194.289419315804 15.888187117635773 1.0 139.2635057234056 28.90363118633937 1.0 249.3153329082024 2.8727430489321737 1.0
0.05198448864657131 -0.9986478923725592 342.5892197110707 281.7659266281646 357.72035374365066 1.0 289.2456587252158 358.10971024382286 1.0 274.2861945311135 357.3309972434784 1.0
0.1495618005858582 0.9887523794183839 -452.09574516644074 351.82144837399585 404.02097044548873 1.0 313.0139893327861 409.8911089869296 1.0 390.6289074152056 398.1508319040478 1.0
-0.019299603136747563 0.9998137453139782 -257.2279930449492 620.61523700262 269.25577096879937 1.0 610.6069017441229 269.06257808717135 1.0 630.6235722611171 269.4489638504274 1.0
-0.9990984558064435 -0.042453216664700845 162.79060973015802 150.24385027912223 298.7338043672392 1.0 150.537705858223 291.81817633300767 1.0 149.94999470002142 305.64943240147073 1.0
-0.23154635921858857 -0.9728238707662432 62.47656954320656 194.92882191701355 17.825950866002543 1.0 251.8517818926879 4.277450942854699 1.0 138.0058619413392 31.374450789150387 1.0
0.015149035309583211 0.9998852467804439 -367.0129623800767 348.1425060334583 361.78045473536247 1.0 293.1361940422167 362.6138429319464 1.0 403.14881802469995 360.9470665387785 1.0
0.25198802460135156 0.9677303526589981 -62.86468358282599 115.5892191860339 34.862587994915245 1.0 100.47481664205054 38.798238488488295 1.0 130.70362173001726 30.92693750134219 1.0
0.7983388098554324 0.6022085557999085 -501.9765328039502 609.4206859809633 25.659462171043916 1.0 600.8388307706523 37.036298333477546 1.0 618.0025411912743 14.282626008610286 1.0
0.07202780062455622 -0.9974026247896027 346.73002605242857 43.116217676379335 350.74661294049025 1.0 74.38369434291837 353.00460536942086 1.0 11.848741009840293 348.48862051155965 1.0
0.999483003163072 0.032151615637888424 -153.0916085841068 143.54064523955827 299.368265424456 1.0 143.3391554521013 305.6318890053767 1.0 143.74213502701522 293.1046418435354 1.0
0.5071943561430402 0.8618317034645725 -290.0984393512384 393.2342137695224 105.18557755599863 1.0 387.22601393784845 108.72144776471146 1.0 399.2424136011964 101.64970734728581 1.0
0.023495124252815906 -0.9997239514667761 265.3857012288691 423.05681012664 275.40149772829 1.0 428.06873042135817 275.5192859336209 1.0 418.0448898319219 275.28370952295904 1.0
0.2645337503514644 0.9643764280222682 -468.13983913743033 72.05790836998423 465.66680535193115 1.0 25.696075493227948 478.38411071909735 1.0 118.41974124674053 452.94949998476494 1.0
-0.020327327774256065 -0.9997933785265624 335.45564250184964 450.62729801821285 326.36302732058675 1.0 458.1369009711245 326.2103456125889 1.0 443.1176950653013 326.5157090285846 1.0
-0.9999494923211804 0.01005051275376205 599.8648191388816 601.7293181116721 182.4889004761232 1.0 601.6350993136188 173.11484747118521 1.0 601.8235369097255 191.86295348106123 1.0
0.003028808401371758 -0.9999954131493142 274.845782762181 401.87177660119175 276.06424164088105 1.0 408.1311842485293 276.08320027431137 1.0 395.6123689538542 276.0452830074508 1.0
-0.011519823265454532 -0.9999336446344491 358.58136341230284 330.0049343598263 354.8033079949504 1.0 369.3891078717378 354.3495791692951 1.0 290.6207608479147 355.2570368206057 1.0
-0.9999999825365977 -0.00018688714272497377 602.656143636303 602.5969342929588 316.87501811577334 1.0 602.5985695772584 308.1249016169207 1.0 602.5952990086594 325.625134614626 1.0
-0.05851388644156012 0.998286594667836 -343.79255641711023 81.26343299321388 349.14582402371144 1.0 40.63149384019895 346.76421068121135 1.0 121.89537214622881 351.52743736621153 1.0
-0.09934846703433906 -0.9950527031760313 437.6859520827665 385.69769429391124 401.3530902848439 1.0 394.4849019631167 400.47575423152585 1.0 376.9104866247057 402.23042633816203 1.0
0.006848430265158168 -0.9999765492264823 360.90681379411626 398.12574048438364 363.64187784790704 1.0 411.87937576421365 363.7360708689126 1.0 384.37210520455363 363.5476848269015 1.0
0.9773473794181035 -0.21164144193556664 -273.11570214560743 312.88647990073855 154.4266507628724 1.0 315.58405025874987 166.88386753519532 1.0 310.1889095427272 141.9694339905495 1.0
-0.05604224006011699 0.9984283986991977 -187.6355079084601 493.7488656787982 215.64520865868144 1.0 449.37335028106503 213.15439079938253 1.0 538.1243810765313 218.13602651798035 1.0
0.03570266916270928 0.9993624564764569 -274.10391355293314 485.62694843151894 256.92953904020897 1.0 481.8371285997674 257.0649320427802 1.0 489.4167682632704 256.79414603763774 1.0
-0.02831821001280061 0.9995989590739233 -251.7587113641238 583.7599893559652 268.3973876766859 1.0 570.6278227860486 268.0253590271218 1.0 596.892155925882 268.76941632625005 1.0
0.04889353803138611 0.9988039957563113 -368.51080490869447 433.1066722683279 347.75059854810456 1.0 406.8583811159946 349.03550712593193 1.0 459.3549634206612 346.46568997027725 1.0
0.6187620922659645 0.7855784322234453 -328.96261902226297 446.82410767549504 66.81038726273555 1.0 425.8111213621579 83.36129910383146 1.0 467.83709398883224 50.259475421639635 1.0
-0.06817643368608152 0.9976732801322522 -69.80478603909337 141.85543329823213 79.66133318697806 1.0 120.61918159529371 78.21014477209498 1.0 163.09168500117053 81.11252160186112 1.0
-0.048997368179656345 -0.9987989076443101 388.3301802138418 154.96664530077464 381.19507292659216 1.0 188.07329386636113 379.5709835963501 1.0 121.85999673518818 382.8191622568342 1.0
-0.07157149230994704 0.9974354723432124 -69.66806457504053 213.1149997645318 85.13936539906933 1.0 186.86561242813582 83.2558271893502 1.0 239.3643871009278 87.02290360878845 1.0
-0.006187870225330806 -0.9999808549477707 355.2589550314098 475.6316369484411 352.3225534205977 1.0 490.62719525752334 352.2297610753104 1.0 460.63607863935886 352.415345765885 1.0
0.16466219030227375 -0.9863500205732536 341.3282737856596 6.3157363859584255 347.1062296661821 1.0 12.092749468546284 348.0706496061046 1.0 0.5387233033705674 346.1418097262596 1.0
0.08275072451313856 0.9965702772973669 -216.7322419569818 349.97243147510596 188.41799115463968 1.0 343.0929674713605 188.98923097940732 1.0 356.85189547885136 187.84675132987203 1.0
-0.9999852861420415 -0.005424711920413023 184.14603196186462 182.57554967237877 290.0004098412387 1.0 182.64676636090428 276.87240568210484 1.0 182.50433298385323 303.1284140003725 1.0
-0.6593487643678297 -0.7518372210303345 348.72957782321043 501.4971738192778 24.031845492765093 1.0 528.1521080551853 0.6559105680930521 1.0 474.8422395833703 47.40778041743713 1.0
0.04122873423882691 -0.9991497342606183 349.4034374598683 118.74069621778631 354.6004706989687 1.0 161.89537617220878 356.38119762106425 1.0 75.58601626336385 352.8197437768731 1.0
0.5549159680442067 0.8319064060395022 -323.8373307087733 482.46487033422693 67.44733509994018 1.0 474.2451010673578 72.9302610477518 1.0 490.684639601096 61.96440915212855 1.0
-0.09640319034234585 -0.9953423656671193 431.7948772790992 585.0269308933222 377.1530557258915 1.0 638.137980613366 372.0090220626489 1.0 531.9158811732783 382.2970893891341 1.0
-0.06781677332292553 0.9976977925484585 -69.31002962424995 99.99883014202939 76.26721056101154 1.0 86.89190561989223 75.37629014811978 1.0 113.10575466416654 77.1581309739033 1.0
-0.04366339233341214 -0.9990462993124685 388.04322228900463 254.39337236832148 377.2953715194874 1.0 320.6261216608952 374.40066431755656 1.0 188.16062307574774 380.1900787214183 1.0
0.08294379870472032 -0.9965542264505385 69.53747516724432 141.2265056850249 81.53227979971524 1.0 163.1059965590538 83.35332278829493 1.0 119.34701481099601 79.71123681113554 1.0
-0.002157767344589516 0.9999976720173336 -292.0897701754966 246.87473427111632 292.6231496369312 1.0 205.62357772801192 292.5341390312008 1.0 288.1258908142207 292.71216024266164 1.0
-0.28536653415798546 -0.9584184582856589 297.1307269040709 555.5117865095399 144.61976655985939 1.0 560.6174297536669 143.09957493100677 1.0 550.4061432654128 146.13995818871197 1.0
-0.006257502056681095 -0.9999804216423493 357.98329033400876 217.49455148595308 356.6292999467515 1.0 254.37201845842665 356.3985346033196 1.0 180.61708451347954 356.86006529018334 1.0
-0.028245309607349747 0.999601021650731 -282.5088821613031 406.8822409178773 294.11874404074683 1.0 396.8902188930254 293.8364036373434 1.0 416.87426294272916 294.40108444415034 1.0
-0.04932402555633443 -0.9987828294994454 391.1359457410157 573.7575599484467 363.2780845590015 1.0 638.1606845801 360.0975919920323 1.0 509.3544353167934 366.4585771259707 1.0
0.27656372089375497 0.9609955818240796 -536.724419110735 438.6812732045022 432.261190127856 1.0 409.39365909841075 440.6898360930191 1.0 467.9688873105936 423.83254416269295 1.0
-0.800420887370953 -0.5994384063940984 505.02624793494704 584.5271123711682 61.98891756362757 1.0 589.3225132687834 55.585692476903446 1.0 579.731711473553 68.39214265035169 1.0
0.06987102031264361 -0.9975560337747801 155.8827488147629 194.296300937775 169.8735949328304 1.0 201.8032489028653 170.3993980917467 1.0 186.78935297268467 169.3477917739141 1.0
-0.9345304731579629 0.35588311949171475 -26.809470972174807 24.881623844920703 140.6700794024947 1.0 21.575727185945013 131.9889675438138 1.0 28.18752050389639 149.35119126117561 1.0
-0.031763656762663746 -0.9994954077478614 359.0459143474567 337.51195397803343 348.5011514688951 1.0 375.63817306227594 347.28951194833064 1.0 299.3857348937909 349.71279098945956 1.0
0.8102234601391326 0.5861211006610932 -507.74945159169295 583.2227375463768 60.070703998435825 1.0 579.2632192563864 65.54413705822807 1.0 587.1822558363673 54.597270938643575 1.0
0.14821726905047114 0.9889548226057753 -485.46896980450504 616.9209181855915 398.43138137767 1.0 595.5880701247147 401.6285916125325 1.0 638.2537662464684 395.2341711428075 1.0
-0.9999798492078151 0.006348320905189811 566.7597897750322 568.3146696418464 243.12379589198383 1.0 568.2115115058971 226.87445078613146 1.0 568.4178277777957 259.37314099783623 1.0
-0.04838321397345224 0.9988288465025423 -124.90214591150891 106.24055983737958 130.19488384434558 1.0 96.8573020130751 129.74035935531919 1.0 115.62381766168407 130.64940833337198 1.0
0.15604295880737407 -0.9877502695553366 75.63077508618352 178.07358497811512 104.70045654167362 1.0 191.87410934601692 106.88063783023972 1.0 164.27306061021332 102.52027525310753 1.0
-0.04718359934543652 -0.9988862337387623 157.75250750497855 396.8364247554078 139.18335435785372 1.0 405.5964016048976 138.7695662566857 1.0 388.076447905918 139.5971424590217 1.0
-0.06885715942332801 0.9976265291160568 -70.74513702025175 385.000925659917 97.4865887164391 1.0 371.8952217521174 96.58202020608294 1.0 398.1066295677167 98.39115722679526 1.0
-0.11555982329346466 -0.9933005221182475 394.6884702886681 108.71540583680105 384.7026440557935 1.0 120.64704928430552 383.3145257797114 1.0 96.78376238929658 386.0907623318756 1.0
0.0 1.0 -363.125 244.375 363.12500000000006 1.0 234.375 363.12500000000006 1.0 254.375 363.12500000000006 1.0
0.09427501574116981 0.9955461925028904 -416.25834472941773 506.26692489042347 370.1787272066428 1.0 498.15547863338577 370.94685502363876 1.0 514.3783711474612 369.41059938964685 1.0
0.04040313924159125 0.9991834598007637 -384.34545188967445 159.977382896841 378.1906712990799 1.0 139.36082008580647 379.0243258694862 1.0 180.5939457078755 377.35701672867367 1.0
-0.3549311567565057 0.934892439783042 122.57931832130171 458.0218608472689 42.77166962465365 1.0 446.73736902413856 38.48752145342396 1.0 469.30635267039924 47.055817795883335 1.0
-0.02475290828177881 -0.9996935998252635 354.92289341934116 577.4871940320639 340.7328064630021 1.0 589.3703839702431 340.43857279912135 1.0 565.6040040938848 341.0270401268828 1.0
-0.4543835745206253 0.8908061333454431 166.1228498028642 387.03620321033225 10.933965670126963 1.0 365.8729158595422 0.13896797635823965 1.0 408.1994905611222 21.728963363895687 1.0
0.09547553794920459 0.995431776493653 -429.24378051272845 568.110524929755 376.7240823388023 1.0 539.3849993463411 379.47925358480234 1.0 596.8360505131687 373.9689110928022 1.0
-0.9996585942763512 -0.026128430672919718 120.55042971116953 113.89380513963383 256.2537586858582 1.0 114.30234917202 240.62310109958233 1.0 113.48526110724765 271.88441627213405 1.0
-0.9995931020873342 0.028524204799084286 536.501408316864 543.2834160899661 230.01331435258803 1.0 542.9443204655327 218.13015583794385 1.0 543.6225117143996 241.8964728672322 1.0
0.18500799369463133 0.9827370158231994 -503.27546648572917 497.44687759036117 418.467821066651 1.0 476.73239207769353 422.3674863315286 1.0 518.1613631030287 414.5681558017735 1.0
-0.0035572802187185536 0.9999936728587063 -292.34915977299755 485.0010625481067 294.0763051211907 1.0 448.12652917330087 293.9451312430864 1.0 521.8755959229125 294.20747899929506 1.0
0.05811793321429171 0.9983097244036538 -383.03568307516923 413.1037411069234 359.63482941469806 1.0 404.34703361965177 360.1446128300869 1.0 421.8604485941951 359.1250459993093 1.0
-0.05013978812677417 0.9987422098052141 -313.0538705615775 37.48343799928689 315.32990105879935 1.0 28.100708782104437 314.85886053364504 1.0 46.86616721646935 315.80094158395366 1.0
0.9376229945740255 -0.3476537358436367 27.62074093544854 22.660847621053154 140.56536059622653 1.0 25.8907660688669 149.27645872356294 1.0 19.43092917323941 131.8542624688901 1.0
0.017627294432322943 0.9998446271751408 -382.6882936894172 124.37376675439455 380.55504859609505 1.0 113.12726237137085 380.75332484693024 1.0 135.62027113741826 380.3567723452599 1.0
0.310315062207307 0.9506337686865932 -545.4693664353083 379.5464614555734 449.90026309402083 1.0 353.61174687068484 458.36612327575784 1.0 405.481176040462 441.43440291228376 1.0
-0.2414882835054736 0.9704037350142363 -204.565603588094 12.461263160840916 213.90566127207893 1.0 0.5464566414400029 210.9406209792077 1.0 24.37606968024183 216.87070156495017 1.0
0.022703992394312113 0.9997422311422874 -345.4010628431054 561.8802211295535 332.7299059838582 1.0 543.1256998783704 333.15581827862974 1.0 580.6347423807366 332.30399368908667 1.0
0.0 1.0 -275.625 346.875 275.62499999999994 1.0 336.875 275.62499999999994 1.0 356.875 275.62499999999994 1.0
0.0 1.0 -138.125 340.625 138.12499999999997 1.0 331.875 138.12499999999997 1.0 349.375 138.12499999999997 1.0
0.0 1.0 -315.625 627.5 315.625 1.0 616.875 315.625 1.0 638.125 315.625 1.0
-0.7957866930503188 -0.6055770299177783 502.6542239656931 610.1531787830289 28.24156585022496 1.0 616.8911168575048 19.38726459148498 1.0 603.415240708553 37.09586710896494 1.0
0.0 1.0 -344.375 525.0 344.3749999999999 1.0 510.625 344.3749999999999 1.0 539.375 344.3749999999999 1.0
0.16357520251193977 0.9865308678004848 -493.1807939254407 546.852840638399 409.2413556951517 1.0 519.2817939950879 413.81286955786624 1.0 574.4238872817101 404.6698418324371 1.0
0.22415101236094948 -0.9745544231378571 57.677099330689195 269.99256964887155 121.28230537074714 1.0 279.3061239841872 123.42445626901915 1.0 260.6790153135559 119.14015447247515 1.0
0.0 1.0 -136.875 244.375 136.87500000000006 1.0 228.125 136.87500000000006 1.0 260.625 136.87500000000006 1.0
-0.13443670211317432 0.9909221831833889 -103.32347895666395 471.2395162522634 168.20227486640024 1.0 459.41261543345735 166.59773964730562 1.0 483.06641707106945 169.80681008549487 1.0
0.0427251856599156 0.9990868623449743 -385.5348713208156 323.10660422188585 372.0698326419756 1.0 311.85046158134213 372.5511929743525 1.0 334.36274686242956 371.5884723095988 1.0
0.0 -1.0 173.125 515.0 173.125 1.0 524.375 173.125 1.0 505.625 173.125 1.0
0.3814532536222388 0.9243881302250738 -558.0732912802043 330.32979936914137 467.4096306680848 1.0 320.4625744915658 471.48138895954736 1.0 340.197024246717 463.3378723766223 1.0
-0.9998318139200573 0.018339680295137693 539.3489027997722 544.1512918534979 256.8676391977173 1.0 543.9218741908746 244.3603831237488 1.0 544.3807095161213 269.37489527168583 1.0
0.0 -1.0 151.875 587.5 151.87500000000006 1.0 596.875 151.87500000000006 1.0 578.125 151.87500000000006 1.0
-0.12655163159047267 -0.9919600216449195 414.3655546965388 523.7852009769033 350.900918701103 1.0 530.7070133821427 350.0178522121999 1.0 516.8633885716639 351.7839851900061 1.0
0.45226096152699574 -0.8918856556076442 -163.09744924055443 402.50677595806764 21.236637405574115 1.0 413.2274671850256 26.672928584889817 1.0 391.78608473110967 15.800346226258414 1.0
-0.39741103842966036 0.9176407066680614 -167.4675282252328 39.08310262032667 199.4240047252245 1.0 31.627992414625105 196.19535208707697 1.0 46.53821282602824 202.65265736337207 1.0
0.11364756130763616 0.9935211280133035 -394.34183821049777 199.96168413940393 374.0400379770389 1.0 189.33277510980224 375.25586475365753 1.0 210.59059316900561 372.8242112004202 1.0
0.0 -1.0 350.625 549.375 350.62500000000006 1.0 566.875 350.62500000000006 1.0 531.875 350.62500000000006 1.0
0.0 -1.0 351.875 505.0 351.875 1.0 515.625 351.875 1.0 494.375 351.875 1.0
0.9992887321629753 0.0377098100248905 -570.0172348906589 561.6259563073842 233.1156019251152 1.0 561.202022689573 244.3496040901789 1.0 562.0498899251953 221.88159976005144 1.0
0.0 -1.0 150.625 559.375 150.625 1.0 569.375 150.625 1.0 549.375 150.625 1.0
0.9987193607965882 -0.05059286876679622 -547.7219676585102 561.4049503429835 256.2421505653383 1.0 561.8170907471044 264.3779335520539 1.0 560.9928099388627 248.10636757862272 1.0
0.0 -1.0 384.375 68.125 384.37500000000006 1.0 78.125 384.37500000000006 1.0 58.125 384.37500000000006 1.0
0.0 1.0 -343.125 560.625 343.1249999999999 1.0 550.625 343.1249999999999 1.0 570.625 343.1249999999999 1.0
0.04250421928947191 0.9990962873229948 -390.7407720674291 583.1265507223302 366.2864509911899 1.0 561.8884000264953 367.18997853496387 1.0 604.364701418165 365.382923447416 1.0
