line_hom_a line_hom_b line_hom_c centroid_x centroid_y centroid_z point1_x point1_y point1_z point2_x point2_y point2_z
-0.02736211950319276 -0.9996255871156425 330.0029986749273 538.1187595811609 315.39701757542593 1.0 569.3795530001364 314.5413356317867 1.0 506.8579661621854 316.2526995190652 1.0
-0.0012676381678159315 -0.999999196546415 349.88583820069493 564.9997400116488 349.1699035072604 1.0 581.8762974415379 349.14851012173233 1.0 548.1231825817597 349.19129689278844 1.0
-0.006167644480179995 -0.999980979899901 319.62131242572383 480.6314019626474 316.6629717738285 1.0 495.6308313650709 316.570458866264 1.0 465.6319725602239 316.75548468139294 1.0
0.9999954706923251 -0.00300974996222375 -342.5840988545342 343.55441995898445 321.87558864968724 1.0 343.5769986430823 329.3774017954323 1.0 343.53184127488663 314.37377550394217 1.0
-0.7450693838889026 -0.6669869662830086 640.5795103564027 544.3102877852291 352.37657026740885 1.0 548.1201694730555 348.1206757067436 1.0 540.5004060974026 356.63246482807415 1.0
0.4510164070157128 -0.8925156584635571 36.47052752480423 216.43968603888806 150.2364421129621 1.0 222.4246853063683 153.26085164573985 1.0 210.45468677140784 147.2120325801843 1.0
0.9999362913373918 -0.011287748509897916 -269.4704499186801 270.98353382498965 132.5171185794091 1.0 271.1601325589663 148.16129092721349 1.0 270.806935091013 116.87294623160469 1.0
-0.053711793213921666 -0.9985564797595302 292.0947425236747 548.1201010618313 263.0339237919717 1.0 591.9450126767074 260.67660636627784 1.0 504.29518944695513 265.3912412176655 1.0
0.048111802456548766 -0.9988419567000488 247.5616241506081 430.63265010277314 268.5911773570573 1.0 438.1453245655723 268.95304472481257 1.0 423.119975639974 268.22930998930207 1.0
-0.05280597160581518 -0.9986047913778332 291.4898856705155 473.7484370976082 266.8454442173981 1.0 503.23927188361046 265.28597624990243 1.0 444.257602311606 268.40491218489376 1.0
-0.3150135240605513 -0.9490871823278157 493.252684095993 510.69379566423277 350.20727073009886 1.0 518.0101229453232 347.778893144866 1.0 503.37746838314223 352.6356483153317 1.0
0.9995675463586173 0.029406126344914962 -161.5164781271566 155.8500274157984 194.98823326708794 1.0 155.1697643695915 218.1116074918966 1.0 156.5302904620053 171.8648590422793 1.0
0.1871268209937367 0.9823357638123423 -324.0430896647072 629.4860777611706 209.95811073090755 1.0 623.2251538449774 211.1507648437682 1.0 635.7470016773638 208.76545661804693 1.0
-0.9999788703858992 -0.006500675483458263 263.5875400047539 262.7317157184333 132.5055693485453 1.0 262.9064176805882 105.63170505330459 1.0 262.5570137562784 159.379433643786 1.0
0.9996992600479804 -0.024523243250443146 -303.42100291550986 308.5262375110548 204.3958206705857 1.0 308.74075135720494 213.1405585128149 1.0 308.31172366490466 195.65108282835652 1.0
0.07872392502610844 0.9968964558210064 -259.4702809585799 477.55457186751846 222.56605422905022 1.0 333.0933346080705 233.9740149503326 1.0 622.0158091269664 211.15809350776786 1.0
-0.06157054584878754 -0.9981027341330563 394.7507993429689 421.25862046033967 369.51474384855567 1.0 429.4296362995884 369.01069362591136 1.0 413.087604621091 370.0187940711999 1.0
0.9998473939590671 0.017469653495764403 -159.75054237637357 157.11070585953019 152.48227792832802 1.0 156.9251191171184 163.1040352973996 1.0 157.29629260194196 141.86052055925643 1.0
0.9991053962115161 0.04228956444596724 -320.6135811841291 308.33544685181437 296.857453030338 1.0 308.01744110696575 304.37044730840614 1.0 308.65345259666304 289.3444587522698 1.0
0.9833392747803265 -0.18177973119823282 -128.59618128191724 200.5410085411329 377.3999893630761 1.0 201.79057510999732 384.1595322203427 1.0 199.2914419722685 370.6404465058094 1.0
-0.9998355400811282 0.01813540158581576 298.86964095365755 302.7162486242595 209.35974110888952 1.0 302.46651674648297 195.59159786096245 1.0 302.9659805020361 223.12788435681662 1.0
-0.9730402614677635 0.23063531724943234 385.46266353975676 465.5876378188635 292.98571487465796 1.0 461.1470928007749 274.25125071283406 1.0 470.0281828369522 311.72017903648185 1.0
-0.004815570302302493 0.9999884050741107 -320.29414968271567 118.12684574166792 320.8667182387921 1.0 111.87398098085994 320.8366067798055 1.0 124.3797105024759 320.8968296977787 1.0
0.610667215198376 -0.7918873355988592 -70.3819794574722 222.2224401837156 82.48898082794298 1.0 227.86545731396802 86.84061697785306 1.0 216.5794230534632 78.13734467803289 1.0
0.9998982673211562 -0.0142637655669762 -220.01857421264418 222.50145480133918 172.48214772593633 1.0 222.76034072935505 190.63020194355593 1.0 222.2425688733233 154.33409350831676 1.0
0.9983245554458858 0.05786261309148202 -331.41573700435794 309.7648098217923 383.1475932686666 1.0 309.47179638184264 388.2030599430621 1.0 310.057823261742 378.09212659427106 1.0
0.061411293718401413 0.9981125452592168 -290.3804216913574 464.95061344542216 262.32232451953735 1.0 339.33967354170875 270.0508420713011 1.0 590.5615533491356 254.59380696777365 1.0
-0.6630485650170728 0.7485763824946661 136.58910688695744 315.123854709494 96.6545491853486 1.0 308.8296369155835 91.07947071139337 1.0 321.4180725034045 102.22962765930384 1.0
-0.645331556695131 0.7639025997687395 129.88410768228354 278.46855941116803 65.21831614168946 1.0 271.0108902099659 58.918207624731814 1.0 285.9262286123702 71.51842465864709 1.0
0.1565552277313475 0.9876692060958395 -206.1072057482565 345.03780992603566 153.98853371216916 1.0 330.53193212426845 156.28785719890183 1.0 359.5436877278029 151.6892102254365 1.0
0.9998919992726383 -0.014696591120604943 -305.29812223933334 308.5831062759309 221.25245303375266 1.0 308.6475319115166 225.6356924558427 1.0 308.5186806403452 216.8692136116626 1.0
-0.026191527741498043 -0.9996569430932625 366.39332671651187 592.5260583817229 350.99457513407384 1.0 599.4127062474587 350.814141406416 1.0 585.6394105159872 351.17500886173167 1.0
0.44482653445656917 -0.8956167451780692 37.4508908562478 150.97288991367282 116.7995561010213 1.0 162.73580453800258 122.64185033638506 1.0 139.20997528934308 110.95726186565751 1.0
0.9999731218802477 0.007331815400776078 -223.87718834332887 223.14090598313803 101.24095160727738 1.0 223.01718492372876 118.1150444829268 1.0 223.2646270425473 84.36685873162796 1.0
-0.9998951332199681 0.014481801097315429 298.47368393315446 302.8859793950417 302.4853576619927 1.0 302.7140260410968 290.61284811742854 1.0 303.0579327489866 314.35786720655676 1.0
0.10474698974420275 0.9944989030358595 -300.1504543935971 119.16534648913768 289.2594875558776 1.0 111.552315791097 290.0613406760929 1.0 126.77837718717835 288.4576344356624 1.0
0.999818505296486 -0.019051416396182918 -305.35196298895414 308.3967545496315 156.88173104781453 1.0 308.63553457631923 169.41290901447766 1.0 308.1579745229438 144.35055308115142 1.0
0.04059600794613719 0.9991756422865987 -313.66807386721354 88.73766873024401 310.32149468009266 1.0 79.32741588855009 310.70382855911146 1.0 98.14792157193793 309.9391608010738 1.0
-0.9993927149511268 -0.03484539141143178 214.77740743472998 209.17544911259597 164.4116255526367 1.0 209.6993303191173 149.38630828426818 1.0 208.6515679060746 179.43694282100523 1.0
-0.03191494485468999 -0.9994905883973707 316.23052861893234 90.61695949661699 313.49819297060066 1.0 96.88053015284243 313.2981895744632 1.0 84.35338884039155 313.6981963667381 1.0
0.2605500423986801 0.9654603437770223 -447.60681618392175 601.8602348511868 301.1952881852642 1.0 596.728008848834 302.5803287114046 1.0 606.9924608535396 299.8102476591238 1.0
0.9997084438525052 0.024145958046896707 -132.02319254551583 130.9304397000243 46.837090410070715 1.0 130.56653396757716 61.9037791199219 1.0 131.2943454324714 31.770401700219537 1.0
-0.04328437017789475 -0.9990627924701746 386.194320617893 551.8813410111393 362.64635925785285 1.0 560.6960296970124 362.2644630938101 1.0 543.0666523252661 363.02825542189566 1.0
0.9999978438890134 -0.0020765879044017366 -159.91204768086098 160.0499745849594 66.2537898338734 1.0 160.08502232056247 83.13131279448984 1.0 160.0149268493563 49.376266873256945 1.0
-0.9994658973720417 0.03267904512526967 213.43282232636957 226.48352109609021 395.6582353110367 1.0 226.23789171238587 388.1458312164881 1.0 226.72915047979458 403.1706394055853 1.0
-0.6546323406112292 0.7559474178974774 133.32983811021035 230.8272851454775 23.51640791492219 1.0 221.0919206853163 15.085815690684932 1.0 240.5626496056387 31.94700013915945 1.0
0.004581606580066563 0.9999895043854938 -328.2244968263457 93.11778988772787 327.8013082236405 1.0 89.36786860442356 327.8184890679903 1.0 96.86771117103216 327.7841273792906 1.0
0.9958028962092947 -0.09152372316061319 -84.3215966174894 119.7820469175584 381.9524753767522 1.0 120.57951831776637 390.62918019761685 1.0 118.98457551735044 373.2757705558875 1.0
-0.003058246093670724 -0.9999953235544806 364.6426679214049 579.3704049869896 362.87250759707683 1.0 595.6202530028656 362.8228113304577 1.0 563.1205569711136 362.92220386369604 1.0
0.9957032009020247 0.09260202866817759 -254.41344700338203 219.92801231534617 382.6095570749379 1.0 217.99950470392127 403.3458328269569 1.0 221.85651992677109 361.87328132291896 1.0
-0.0016921866906764963 -0.9999985682510769 374.5670974976218 96.87504857070422 374.40370288187023 1.0 113.1271172692324 374.37620130814724 1.0 80.62297987217605 374.43120445559316 1.0
0.9999669632694951 0.00812849122434744 -132.04920893594564 131.84019391005924 26.24971706965627 1.0 131.80455034534788 30.634588281396304 1.0 131.8758374747706 21.864845857916233 1.0
-0.9677400374905053 0.2519508282143076 92.45703473722224 140.6129797974994 173.12812945611216 1.0 139.3145162529927 168.1407469253742 1.0 141.91144334200615 178.11551198685012 1.0
-0.9999020240814341 -0.013997936914096669 211.20387914779866 209.83330296785596 99.3814159246377 1.0 210.23570422464033 70.63704926397591 1.0 209.43090171107158 128.12578258529948 1.0
-0.9999465855709078 0.010335666649189845 259.72588087347526 262.09768083643496 228.12269832216262 1.0 261.90363037313244 209.3488635233193 1.0 262.2917312997375 246.89653312100594 1.0
-0.9988690482703815 -0.04754602409689234 97.15623573145605 82.00282920593122 320.6608345627267 1.0 82.30106867017776 314.3952808078739 1.0 81.70458974168469 326.9263883175795 1.0
-0.9997069689282181 0.02420694686148594 413.0970286289225 419.4229346174574 256.2488393091439 1.0 419.2558281544788 249.34761807920145 1.0 419.59004108043587 263.1500605390863 1.0
0.9999381037349198 0.011126036985959929 -435.282848780351 431.24150742464076 365.63185970899906 1.0 431.14400589091605 374.39468324329 1.0 431.3390089583655 356.86903617470807 1.0
0.9995597693781649 0.02966930131751922 -107.24755919897041 97.74221987182685 321.8265352187111 1.0 97.51869773765688 329.3570035128843 1.0 97.96574200599682 314.29606692453797 1.0
0.9999588030467884 -0.009077015436471896 -330.053724638831 333.18199694731163 343.1244826165148 1.0 333.2727633622225 353.12365869442243 1.0 333.0912305324007 333.1253065386071 1.0
-0.9955212608686699 -0.09453792444545096 513.4960661449948 481.97467455550225 356.2594654187385 1.0 482.5040686953114 350.6847384015048 1.0 481.44528041569316 361.83419243597217 1.0
-0.999998950424343 -0.0014488444403960613 302.65610091916375 302.3059780584498 241.8756244208193 1.0 302.3295217558953 225.62565853201025 1.0 302.2824343610043 258.1255903096283 1.0
-0.9999633155413226 0.008565487236891448 300.6023736265936 301.9678620101729 158.12420456245687 1.0 301.78576037410505 136.8650571570827 1.0 302.1499636462408 179.38335196783103 1.0
0.9999323411848406 -0.011632413876904413 -295.6276010000399 299.69018343005234 347.5036041584206 1.0 299.84293310300575 360.6340979413811 1.0 299.53743375709894 334.3731103754601 1.0
0.01054033726080736 0.9999444491022631 -316.4872431848517 541.2452523776471 310.7996008808261 1.0 506.8806587406235 311.1618354100442 1.0 575.6098460146709 310.437366351608 1.0
0.6143247805561534 -0.7890532706950996 -66.25140268861828 154.6891374627982 36.47151441661791 1.0 159.61991894789716 40.31042031347244 1.0 149.7583559776992 32.63260851976338 1.0
0.2594440032749522 0.9657581525230148 -426.9019363875477 611.0195370256465 277.8921212534227 1.0 604.1375011602282 279.74093084508013 1.0 617.9015728910648 276.04331166176524 1.0
0.8032930273541605 -0.5955840093590391 -11.606368749570793 229.05521105130038 289.4504930590746 1.0 232.2568366353461 293.76868069918675 1.0 225.85358546725462 285.13230541896246 1.0
-0.95637641822489 0.29213720520216224 419.6596017889525 515.4489671753472 250.92194321910702 1.0 514.1199420310242 246.57108244333224 1.0 516.7779923196704 255.2728039948818 1.0
0.8782125315886848 0.4782705817427967 -665.4729438941184 600.1515234848307 289.401774646747 1.0 597.8850292493813 293.5635686527508 1.0 602.41801772028 285.2399806407432 1.0
-0.9998852076562841 0.015151617410352295 287.7111632255193 292.85865668361475 337.5135068433933 1.0 292.6407337034362 323.1323382600263 1.0 293.0765796637934 351.89467542676033 1.0
0.6894968462694925 -0.7242886848380443 -150.71847611639868 310.8968691143473 87.870949781901 1.0 322.4324934071227 98.85245030250755 1.0 299.3612448215718 76.88944926129444 1.0
0.9999481073313956 -0.010187376716290032 -220.56648420947897 220.9854742587183 40.00269496322642 1.0 221.15744218398692 56.88231041114418 1.0 220.8135063334497 23.12307951530866 1.0
-0.01334698207925508 -0.9999109250675161 335.1099718570144 56.2501867048675 334.3889872995768 1.0 66.88997618835178 334.2469655694377 1.0 45.61039722138323 334.53100902971596 1.0
-0.9999852268871446 0.005435623926078985 261.35502046153977 262.3950288322919 190.61877596193472 1.0 262.29988835259985 173.11589580229978 1.0 262.49016931198395 208.12165612156969 1.0
-0.007489536260234161 -0.999971953029987 369.5297239587257 443.1341459247019 366.2211260976171 1.0 449.38847617136906 366.1742827506373 1.0 436.8798156780347 366.267969444597 1.0
0.031252643875374166 -0.9995115168174897 371.60135089654324 67.51503938948557 373.89401531733847 1.0 79.41748746931934 374.2661800846526 1.0 55.61259130965178 373.52185055002434 1.0
0.999243752833091 -0.03888344665845214 -243.62834925710635 257.40711171187786 349.3542940037839 1.0 258.5279452013477 378.1579613369979 1.0 256.28627822240804 320.55062667056984 1.0
-0.9999749401542789 0.007079481862858659 335.8301636201378 338.27223650621306 343.75338240275147 1.0 338.19698757199444 333.124490352518 1.0 338.3474854404316 354.3822744529849 1.0
0.39869574849663025 -0.9170832569242074 93.57515235880338 146.32159831536376 165.64793913026972 1.0 156.10315479999508 169.9004047103108 1.0 136.5400418307324 161.39547355022864 1.0
0.9999845988231311 0.005549965454091601 -271.77260808347677 270.5211556971856 226.23901731333405 1.0 270.4622074737412 236.86022136585947 1.0 270.58010392063 215.61781326080862 1.0
0.9994173248218797 -0.03413225521229614 -288.5025696535048 301.32832197609275 370.6223251357462 1.0 301.58343659827216 378.0922673249056 1.0 301.07320735391335 363.15238294658684 1.0
0.010524334130359116 0.9999446176619545 -309.23618203492026 518.1518364768035 303.79980412102896 1.0 470.65052030868304 304.29975153227065 1.0 565.6531526449239 303.2998567097873 1.0
-0.5416419711973384 -0.8406092879795355 543.3729744810183 590.5943723364039 265.85748892666703 1.0 596.8456785547297 261.8294941482717 1.0 584.343066118078 269.88548370506237 1.0
-0.9989761965126915 -0.04523890804425318 142.1873310586559 134.77780987185736 166.8366347652358 1.0 136.92957440275063 119.32086482755395 1.0 132.62604534096408 214.35240470291765 1.0
-0.02013566926417349 -0.9997972568592514 305.4920547023888 93.12356037477711 303.67851822654325 1.0 98.13411539070312 303.57760688883104 1.0 88.11300535885111 303.7794295642554 1.0
0.6851535632825314 -0.7283986509606193 -147.03528166282172 273.1204605982499 55.04427427008392 1.0 287.60946945131093 68.67306947860719 1.0 258.6314517451889 41.415479061560646 1.0
-0.0040959328087257765 0.9999916116320308 -306.31772447752303 441.24742925227315 308.1276289876969 1.0 433.1200056261494 308.09433932737034 1.0 449.37485287839695 308.1609186480235 1.0
-0.07268659615364444 -0.9973548309100412 337.55690512986246 336.8859415026034 313.90013167566497 1.0 341.9048337511865 313.534357948296 1.0 331.86704925402023 314.26590540303397 1.0
-0.9995529611765782 -0.02989778926833977 235.98934097442603 224.93378278036616 373.1417138415502 1.0 225.34469360755844 359.4040046613433 1.0 224.52287195317388 386.87942302175713 1.0
0.99996534992591 0.008324598942429534 -272.5647032596685 270.95610498335355 194.36214724782837 1.0 270.82079162597637 210.6162238339897 1.0 271.09141834073074 178.10807066166706 1.0
0.9999915303347832 0.004115733069385567 -153.83611447281777 152.61556803721135 296.8703309413104 1.0 152.5692558453065 308.1227126860316 1.0 152.6618802291162 285.6179491965892 1.0
0.996381096665737 -0.0849982953192786 -225.5895533053118 229.55330378969765 36.85978943626692 1.0 229.98578815098134 41.92952925361219 1.0 229.12081942841397 31.79004961892166 1.0
-0.9880350497211147 0.1542295060051558 277.50080048454146 338.2097200613622 367.3892146847455 1.0 337.3079590361896 361.61229480462083 1.0 339.1114810865348 373.16613456487016 1.0
0.999538942677145 0.03036284031270548 -431.31647316598145 420.5223234712756 361.89086653953416 1.0 420.33091464674817 368.19200872902786 1.0 420.7137322958031 355.5897243500404 1.0
0.9998936528003477 -0.01458365830570823 -269.7714007396805 270.93038198930515 77.4955459397384 1.0 271.1035445143772 89.36802032804967 1.0 270.7572194642331 65.62307155142715 1.0
0.7097716658053956 -0.7044318153092136 -151.44539551916392 230.9908923678899 17.75245619361874 1.0 243.44351643561708 30.299475700850067 1.0 218.53826830016274 5.205436686387419 1.0
0.998422259667767 -0.056151503986181156 -272.43470775307935 277.6471497368155 85.0268744118014 1.0 278.45699532878626 99.42662879979473 1.0 276.8373041448447 70.62712002380808 1.0
-0.37848353919614613 0.9256080220901066 -129.12199338460925 439.98535701087246 319.41081045620274 1.0 422.90024170689605 312.4246621585449 1.0 457.0704723148488 326.39695875386053 1.0
-0.9959568246521474 -0.08983319781023012 86.75308922184489 52.82236785104115 380.08545057522076 1.0 53.335724029048926 374.3940068614586 1.0 52.30901167303337 385.776894288983 1.0
0.9975609536510318 -0.06980074319693166 -121.10915163881857 129.3240893465368 113.172294419227 1.0 129.7684152157514 119.52240070068875 1.0 128.8797634773222 106.82218813776524 1.0
0.999791715103215 -0.020408978685171414 -207.37229651414157 213.66734473583364 306.2644455299885 1.0 213.80762723948033 313.1365819109131 1.0 213.52706223218698 299.3923091490639 1.0
-0.9999665807873437 0.008175408764632021 424.1070093121343 425.8789377622329 214.99792388561087 1.0 425.8022123198263 205.61333156594162 1.0 425.9556632046395 224.3825162052801 1.0
0.058261981973988464 0.998301327984924 -56.03875833616137 286.1803929271771 39.43230399341279 1.0 281.89294745077467 39.68252410637691 1.0 290.46783840357955 39.18208388044867 1.0
-0.11558970426793873 -0.9932970453329913 411.2264663547387 290.57408512474024 380.1874731849664 1.0 299.35069519172896 379.16614148274823 1.0 281.79747505775146 381.2088048871846 1.0
0.999935382454938 0.01136797759924314 -371.59236223068876 367.6442511339251 349.3908508399005 1.0 367.50207982674794 361.8963399803596 1.0 367.7864224411023 336.8853616994415 1.0
0.35059226840079466 -0.936528195698125 138.40842745551973 446.43899434072614 314.9146908109425 1.0 454.04319337748024 317.7613465783959 1.0 438.834795303972 312.06803504348915 1.0
-0.9999999973833469 7.234159513897337e-05 217.89149668580123 217.89398399622524 34.374971498569174 1.0 217.89298929602387 20.624926357030297 1.0 217.89497869642662 48.12501664010805 1.0
-0.9999935579983426 -0.0035894236049100916 226.71697570281435 226.5681240428649 41.8761418893048 1.0 226.6174863519663 28.124075668478614 1.0 226.5187617337635 55.628208110130984 1.0
-0.9990608576671073 0.04332900503662761 277.4407935826243 281.47010225432973 86.89256030809017 1.0 280.8160840536297 71.81250056591774 1.0 282.1241204550297 101.9726200502626 1.0
-0.9999881488593232 -0.00486848445660808 235.27624819617938 235.04472205573688 48.12826057006007 1.0 235.1116629236802 34.37858647449751 1.0 234.97778118779357 61.87793466562263 1.0
0.9993916819121128 0.03487500716671651 -209.971533115419 198.38697239670273 335.6341418503654 1.0 198.0804813834425 344.417066761859 1.0 198.69346340996293 326.8512169388718 1.0
0.9992561837724597 -0.03856266578570706 -137.69984332413824 144.4842421059351 173.1449038040676 1.0 144.7260089194874 179.4096932980202 1.0 144.2424752923828 166.88011431011503 1.0
-0.9845087673073605 0.17533535608924292 182.18223775861517 251.25760939722988 371.76233590028653 1.0 250.57185930602816 367.91184623278156 1.0 251.94335948843164 375.6128255677915 1.0
-0.010845703605434655 -0.9999411836269687 312.82086805797337 263.1316190094017 309.98525271723713 1.0 271.88058975314306 309.8903583923579 1.0 254.3826482656603 310.0801470421164 1.0
-0.9856496750811308 0.16880378553948738 270.8502946865404 329.07105767334474 316.9270536014186 1.0 327.7875788030582 309.4327872410503 1.0 330.35453654363124 324.421319961787 1.0
-0.029940995989160075 0.9995516678787432 -63.53142480290403 321.26697551899633 73.18328844731799 1.0 315.6283133919266 73.01438556259858 1.0 326.905637646066 73.3521913320374 1.0
-0.656060961369327 0.7547079004271482 121.81821968579519 366.5605213526387 157.23676442991484 1.0 360.5249493055577 151.9900945628302 1.0 372.5960933997198 162.48343429699946 1.0
-0.9998853419739857 0.01514275092464246 258.38939376449207 258.7123133187142 19.366105440867393 1.0 258.6363216166487 14.348325687036827 1.0 258.7883050207797 24.383885194697957 1.0
-0.07750313583983577 0.9969921082611396 -314.80568049592824 548.7759939744124 358.415616273836 1.0 541.8939965256106 357.88063071206045 1.0 555.6579914232141 358.95060183561156 1.0
0.9997355838199886 0.022994835161544217 -280.6053001266878 273.7217538903026 302.499350313576 1.0 273.33348817390817 319.37979541917855 1.0 274.11001960669694 285.61890520797334 1.0
-0.6266871636107606 0.7792709406653758 107.05070728968198 399.7285674963608 184.08752001751452 1.0 373.33596267968437 162.8626728048876 1.0 426.1211723130373 205.31236723014146 1.0
0.998697957071379 0.05101363093776016 -85.55746593127044 67.95266766549793 346.83427215314794 1.0 67.37788507015576 358.0868372651818 1.0 68.5274502608401 335.5817070411141 1.0
-0.9996121583938667 -0.027848389381706126 140.5188523829501 139.07617282011898 53.74167491552271 1.0 140.0340593448393 19.35853686944661 1.0 138.11828629539866 88.1248129615988 1.0
-0.01836368512043825 -0.9998313733169195 284.2435104982445 488.10803782802304 275.32647557715643 1.0 511.86150410372767 274.89020083438766 1.0 464.3545715523184 275.7627503199252 1.0
0.9991273409040803 0.04176789027401061 -133.45258472988849 127.87264823587961 136.2655783251942 1.0 127.2195041200833 151.88940177812927 1.0 128.5257923516759 120.64175487225913 1.0
-0.9990355636157976 -0.043908343522222684 129.47063325738486 127.89177238059239 38.76721868259355 1.0 128.68804853525333 20.64974639482914 1.0 127.09549622593146 56.88469097035796 1.0
-0.7381705170573364 0.6746141769539866 124.92833971475858 241.79715519661553 79.39233000046079 1.0 237.0049347737542 74.14862782484292 1.0 246.58937561947687 84.63603217607866 1.0
0.2921733651457444 -0.9563653719679585 242.05261815330766 395.3435716568553 373.8753936032389 1.0 401.0123129002334 375.60721624525917 1.0 389.67483041347725 372.14357096121864 1.0
-0.03144829816718437 -0.9995053799466954 281.8706223777584 403.76749472387246 269.3060259743878 1.0 420.6454508900305 268.77498031058724 1.0 386.8895385577145 269.8370716381883 1.0
-0.40223207903968383 0.9155377406701558 -88.44790181053415 150.2905693890604 162.6362119020481 1.0 137.51133590123618 157.02178725738128 1.0 163.06980287688467 168.2506365467149 1.0
-0.9896943806756063 0.14319578506062308 133.75535733451858 190.21508107049988 380.5938805924907 1.0 188.93658357554335 371.75757451036253 1.0 191.49357856545637 389.4301866746188 1.0
-0.3060549323454909 0.9520138540940447 -165.79616742710994 368.1254324328836 292.4986548751461 1.0 363.04746453649847 290.8661816560881 1.0 373.2034003292687 294.1311280942041 1.0
0.9996295138323664 0.027218285678320315 -130.95981673308353 126.46538574921959 166.84682913684026 1.0 126.22685096259782 175.60735195598164 1.0 126.70392053584138 158.08630631769887 1.0
-0.5890520958447941 0.8080950614753535 74.985586241759 157.4334139139284 21.96634656798099 1.0 128.95207871163427 1.2051874009649 1.0 185.9147491162225 42.72750573499708 1.0
0.9967638921397451 0.08038496953054312 -65.69006777957024 34.80147052675973 385.6593931201457 1.0 33.88391177358217 397.0370105954704 1.0 35.71902927993728 374.281775644821 1.0
-0.6832459361232361 0.7301883255510749 171.43603464691918 297.2889418578085 43.393499489179646 1.0 293.73047874855 40.06380306269902 1.0 300.8474049670669 46.72319591566027 1.0
-0.11006040432173582 -0.993924900281976 409.29658888900167 121.82606968936913 398.3081239737011 1.0 159.48714995908566 394.13779508818624 1.0 84.16498941965261 402.47845285921585 1.0
-0.03699621822103198 -0.9993154055839136 370.45014707657674 413.7642802740579 355.3857285568162 1.0 418.15639893010666 355.22312545939184 1.0 409.37216161800916 355.5483316542406 1.0
-0.03645502347042698 -0.9993352947153274 407.06021559957605 628.1037764510013 384.4182024979159 1.0 638.1132560084038 384.05306397621905 1.0 618.0942968935988 384.7833410196128 1.0
-0.9994867427765843 -0.03203515278336932 128.66638796927958 124.98580219525877 116.8945771897796 1.0 125.34601268849401 105.65612251368545 1.0 124.62559170202351 128.13303186587373 1.0
0.021368755359471428 -0.9997716620780903 366.59125207801145 348.75525480090573 374.1291456698302 1.0 355.62711551292966 374.27602231775836 1.0 341.88339408888186 373.982269021902 1.0
0.25880882030471825 -0.9659285659573796 184.62484220860145 374.3259041026387 291.4332361419397 1.0 379.45972688652745 292.8087815654616 1.0 369.19208131874996 290.0576907184178 1.0
-0.9987810688507384 -0.04935966476159093 344.70360420671534 328.4180454854187 338.0468199594054 1.0 329.1004817988858 324.23788357623806 1.0 327.7356091719515 351.8557563425728 1.0
-0.012906924508449612 0.9999167021806032 -358.1504000084815 55.01432322622668 358.89036050967877 1.0 43.133235311173735 358.7369994302374 1.0 66.89541114127962 359.0437215891201 1.0
0.02336885927434744 0.9997269109192849 -322.56889936965626 485.6262945427521 311.3053809328643 1.0 471.8692019185953 311.62695631314733 1.0 499.38338716690885 310.9838055525812 1.0
-0.6294261185531496 0.7770603331036249 94.38141142692355 285.296840051878 109.63353502056592 1.0 282.49282754284263 107.3622587312623 1.0 288.10085256091344 111.90481130986953 1.0
-0.4731460138520707 0.8809840234509908 -23.59781785278256 149.3187731419397 106.97969276331145 1.0 126.57343890400398 94.76396132898199 1.0 172.06410737987542 119.19542419764092 1.0
-0.9983763124467367 -0.056962608308047134 157.71305901849394 147.09268688883148 190.6374201794731 1.0 148.3052328373992 169.3852832292724 1.0 145.88014094026377 211.88955712967385 1.0
-0.11533537647934204 -0.9933266083883832 411.2627161834996 239.44451690792303 386.22371477842023 1.0 251.9214459175094 384.7750157377679 1.0 226.96758789833666 387.6724138190725 1.0
-0.593527428738102 0.8048137618949723 81.77214093588606 163.34293299832217 18.856996248939264 1.0 136.68028702866246 -0.8059524417810615 1.0 190.00557896798188 38.51994493965959 1.0
-0.9999566898237162 0.009306904791405071 328.7915134277426 329.8296268310752 110.00740278297266 1.0 329.6376802333535 89.38418928905658 1.0 330.02157342879684 130.63061627688873 1.0
-0.6247392674382831 0.7808334314824624 157.69381559334497 256.5826759591664 3.3342033239998186 1.0 250.86655354991274 -1.2392255054558288 1.0 262.29879836842 7.907632153455466 1.0
-0.9965494517205132 0.08300114623030565 306.66748816960705 317.5156178536523 117.49869921181275 1.0 316.3136761370959 103.06764117183373 1.0 318.7175595702088 131.92975725179176 1.0
-0.5807000533960056 0.814117588549637 77.00749382673024 267.63563617618445 96.31106795167017 1.0 252.96624318498226 85.8475705244079 1.0 282.3050291673866 106.77456537893242 1.0
-0.9966447285774461 0.08184916003715982 291.90683365123937 297.7003869880177 58.57955944395174 1.0 296.91887752030647 49.063428906091566 1.0 298.48189645572904 68.09568998181192 1.0
0.9618452681008861 0.27359400620615637 -517.9044002533496 456.42754150840994 288.35328052880703 1.0 452.85740145441326 300.90444115184596 1.0 459.9976815624067 275.8021199057681 1.0
-0.9983628476186333 0.05719811618238587 300.32052012357775 307.15205665391284 110.64493433948573 1.0 306.36482536903736 96.9042288799455 1.0 307.93928793878825 124.38563979902597 1.0
-0.064932719849422 -0.9978896441455621 296.5625077916091 350.00260281066494 274.41500013882467 1.0 361.98952396740367 273.6350106901977 1.0 338.0156816539262 275.1949895874516 1.0
0.9990261969201572 -0.04412094590154822 -609.2670833753333 626.2005079330529 369.974583294754 1.0 626.4508798973225 375.6437308202364 1.0 625.9501359687832 364.3054357692715 1.0
0.999303601771543 0.03731369033506886 -242.06552630726404 228.93082840271524 356.280089385677 1.0 228.11341946326172 378.1712422033455 1.0 229.74823734216875 334.38893656800843 1.0
0.2319896025815541 -0.9727182656319622 196.65201615044558 355.0093323353541 286.8358700865947 1.0 368.2741826187177 289.9994863712566 1.0 341.7444820519905 283.6722538019328 1.0
-0.10643737509711527 -0.9943194080286454 409.0502697241831 188.74284174415772 391.18312882147734 1.0 217.012234286533 388.15701878731244 1.0 160.47344920178247 394.20923885564224 1.0
-0.9996409434354369 0.026795227327076596 266.1599163148921 268.2988131074909 76.22858793304974 1.0 267.98028529225417 64.34537299156091 1.0 268.6173409227277 88.11180287453855 1.0
-0.9983668134548945 0.05712885253459744 230.17587890198055 252.2619064222657 379.3886242638562 1.0 252.04190365967597 375.5439215034609 1.0 252.48190918485543 383.2333270242515 1.0
0.1054811173000213 0.9944213060333831 -318.25239707238677 452.5172882408156 272.0379845744051 1.0 446.8237576496325 272.6419136781925 1.0 458.2108188319987 271.4340554706177 1.0
-0.7029685297957292 0.7112209544978486 159.8650042027854 238.45670187515225 10.914404145768703 1.0 233.7401746188163 6.2526036038134984 1.0 243.1732291314882 15.576204687723907 1.0
0.7747450148791705 -0.6322738029682029 -234.30695260344447 630.3548078462693 401.8153072101056 1.0 640.2257903253719 413.91053309443504 1.0 620.4838253671666 389.7200813257761 1.0
-0.9944863148100579 -0.10486643722140242 342.9521230082282 329.3797312938423 146.74368910043972 1.0 330.1756392811585 139.1958060769816 1.0 328.58382330652614 154.29157212389788 1.0
-0.9999920815352968 0.003979556093868096 312.464755220153 313.8650578053365 351.2495421173839 1.0 313.7630725898838 325.62246073422955 1.0 313.9670430207892 376.87662350053824 1.0
-0.22936219198729374 0.9733411451730496 -195.5801131154869 353.17551725159353 284.16062064178465 1.0 341.9592270250965 281.5175669446581 1.0 364.39180747809064 286.8036743389112 1.0
-0.026217044521383376 0.9996562742145741 -371.6676044780782 629.3867562399521 388.3017344062311 1.0 620.5936303454437 388.0711253668995 1.0 638.1798821344604 388.53234344556273 1.0
-0.9999099813611751 -0.013417495082701241 190.84216163300763 186.37244166318624 334.37664300831506 1.0 186.77526783562976 304.35688834493504 1.0 185.9696154907427 364.39639767169507 1.0
-0.484237203004468 0.8749367584153781 -11.419982619277853 215.93603836207762 132.5630049806778 1.0 207.11940332034223 127.68340351067732 1.0 224.752673403813 137.44260645067826 1.0
-0.6057663390761229 0.7956425971768427 81.73212631930161 312.1029924651601 134.89644875960016 1.0 300.36828949474034 125.96217590422549 1.0 323.83769543557986 143.83072161497486 1.0
-0.999155840553421 0.04108048548869514 355.87110428928105 370.99830556786475 360.60965146942937 1.0 370.69046201529875 353.12230851658927 1.0 371.30614912043075 368.09699442226946 1.0
-0.035947290405976884 -0.9993536872961786 388.31962994518386 235.58351525818955 380.0967022346718 1.0 244.34466097668334 379.7815591042313 1.0 226.82236953969573 380.4118453651123 1.0
0.029288425415160104 -0.9995710020487293 380.81650841132165 171.2390876130607 385.9974237610263 1.0 180.6426404527681 386.27295722029913 1.0 161.8355347733533 385.7218903017535 1.0
-0.997096430528694 0.07614924968072326 127.75270900335433 136.629722847616 111.36419580868261 1.0 136.00555828384913 103.19140013172135 1.0 137.2538874113829 119.53699148564385 1.0
-0.04303102639316386 -0.9990737364016486 393.4286530645856 146.16914596407497 387.497769765315 1.0 160.5175282188585 386.87977172071766 1.0 131.82076370929144 388.11576780991237 1.0
0.032862932385988454 0.99945986796619 -394.7428898709461 618.1129077324784 374.6322380498944 1.0 611.8491293207201 374.8381954204943 1.0 624.3766861442368 374.4262806792945 1.0
-0.9995475067804556 -0.03007958924212798 53.63888746453111 43.24328990992409 346.25355972265237 1.0 43.56387190787476 335.6005905550578 1.0 42.922707911973404 356.90652889024693 1.0
-0.9890819095409 -0.14736680840313676 188.67772578763783 145.76603762613473 301.9891346525411 1.0 146.32620265224026 298.22947466070065 1.0 145.20587260002918 305.7487946443816 1.0
-0.3529100447269052 0.9356572557998221 -137.27515768424396 383.0623304443065 291.1981926775421 1.0 377.72514532495376 289.185119805493 1.0 388.39951556365924 293.21126554959125 1.0
-0.999976280913847 0.006887496621492849 260.0539599101261 262.04032270309506 287.49886131343237 1.0 262.0101313230863 283.1154596864044 1.0 262.0705140831038 291.8822629404603 1.0
-0.6120956251407016 0.7907837540589803 88.90463972466868 308.2101573007885 126.13998286013299 1.0 298.0239812240812 118.25550903089395 1.0 318.39633337749586 134.02445668937204 1.0
-0.9999232324205722 0.012390692700345783 354.11506030323216 358.0996401944325 319.3598246947108 1.0 357.96025560259284 308.11155189894873 1.0 358.2390247862722 330.60809749047286 1.0
0.5892619108189997 -0.8079420774151705 -84.35193703660032 178.17990442299066 25.549720073101756 1.0 186.86720475430226 31.885688128466064 1.0 169.49260409167908 19.21375201773745 1.0
-0.48604778638212337 0.8739322338448432 -19.308374123341537 222.40880526477974 145.78897157007782 1.0 201.8776114976553 134.3703044288164 1.0 242.93999903190416 157.2076387113392 1.0
-0.5819804416936375 0.8132027825125037 72.37619062036576 274.145905908451 107.19511376905137 1.0 260.32036673748627 97.30066484880675 1.0 287.97144507941584 117.08956268929602 1.0
-0.9881654148945374 -0.1533920232812214 650.0844374820149 627.648639509244 194.68912773007025 1.0 628.6254052272969 188.39671381970066 1.0 626.6718737911912 200.98154164043984 1.0
-0.3985763732567712 -0.9171351452656686 563.3599938616849 631.6801148386676 339.73970601749204 1.0 638.60526960206 336.7301135009658 1.0 624.7549600752752 342.74929853401835 1.0
-0.0841616613846852 -0.9964521136276292 406.59487550958966 49.95341391075417 403.82343285730224 1.0 69.61049252345887 402.16317003946165 1.0 30.296335298049474 405.48369567514277 1.0
-0.24353064447934306 0.9698932029865329 -193.98948391373526 350.6427930736792 288.0541367160031 1.0 339.4695019981865 285.248633215008 1.0 361.8160841491719 290.8596402169981 1.0
-0.5263487816587511 0.8502687575386669 118.61709946756059 231.016318813779 3.5024907794829807 1.0 227.29395970781002 1.198208559359143 1.0 234.738677919748 5.806772999606818 1.0
0.4275897807119342 -0.9039728864466676 93.59538897712446 396.3862879159171 291.03319231005526 1.0 405.22756584718394 295.21522049754196 1.0 387.5450099846502 286.8511641225686 1.0
0.9905836232027392 -0.13690904076259477 -256.5921002145267 310.05775213725286 369.1942549457989 1.0 311.1100461998163 376.8079615305695 1.0 309.00545807468944 361.5805483610282 1.0
0.9995722292716921 -0.029246512079557984 -394.7685334355342 404.97699988078534 343.1256729611375 1.0 405.3429594958007 355.63325223107586 1.0 404.61104026577004 330.61809369119914 1.0
0.9989006678520588 0.046877028113043576 -155.82780353740552 142.09758166827746 296.2311150637331 1.0 141.65721924571477 305.6147798501196 1.0 142.53794409084014 286.8474502773466 1.0
-0.772935761192903 0.6344842859119111 181.83357110429412 264.94946359234297 36.179531510559485 1.0 260.87794035406847 31.219556956001 1.0 269.02098683061746 41.13950606511797 1.0
0.9010919807429422 -0.43362799983483663 -214.1704031724278 289.2862431854304 107.241946366306 1.0 291.58332893801867 112.01535941049258 1.0 286.98915743284215 102.46853332211941 1.0
-0.9985126754150859 0.054520060852929694 305.6526072880516 312.21724919739324 111.89043855310392 1.0 311.5349042764205 99.39356965865522 1.0 312.89959411836605 124.38730744755262 1.0
-0.9999986712068702 -0.0016302099537990433 207.82564312078733 207.328701715088 305.00175851260985 1.0 207.34398657408693 295.6257645475972 1.0 207.31341685608905 314.37775247762244 1.0
-0.6614710418481136 0.7499707066255129 143.53389909291778 228.21464568935795 9.898360416797878 1.0 217.2362283991443 0.21544205925849602 1.0 239.19306297957158 19.58127877433726 1.0
-0.99843487933292 0.05592666386847783 375.8681420845592 395.6441532335489 342.5339361025585 1.0 395.1187065022384 333.1533596926091 1.0 396.1695999648593 351.914512512508 1.0
0.8500666718775606 -0.5266750927877715 -418.33689795709523 616.588289314265 200.8909449256883 1.0 620.2533035015675 206.8063687899411 1.0 612.9232751269624 194.9755210614355 1.0
-0.7170693335464114 0.6970018442495726 161.9212974534302 272.8663759287603 48.41136814689434 1.0 269.1703376081704 44.60891660795925 1.0 276.5624142493502 52.21381968582943 1.0
0.9604816436733125 0.2783433350497401 -305.1649722586473 230.4357500612632 301.19515620423056 1.0 228.5009186063706 307.87169507552767 1.0 232.3705815161558 294.5186173329334 1.0
0.22867049691423957 -0.9735038797257024 249.83940424462227 459.6514520821812 364.6088501461521 1.0 464.3542115137976 365.71350145622074 1.0 454.9486926505648 363.50419883608356 1.0
0.01657108599118006 -0.9998626901275358 372.34343080312266 17.48658592269312 372.68437576624564 1.0 34.356952032658725 372.96397444541554 1.0 0.6162198127275165 372.40477708707573 1.0
0.47127756455006153 -0.8819849529055258 19.357341824044596 310.7077016499613 187.9702257940266 1.0 323.0292931179528 194.55411319401705 1.0 298.38611018196974 181.38633839403613 1.0
-0.9878178758577946 0.15561440850960703 148.09839792987918 209.18596111752612 376.1813215187788 1.0 208.24561894822585 370.2121647218338 1.0 210.12630328682638 382.15047831572383 1.0
-0.7594805001725328 0.65053006837323 180.63354862223275 278.0021964072545 46.89052825873472 1.0 273.3716278420344 41.48443451922315 1.0 282.63276497247455 52.29662199824628 1.0
0.40074748723414555 -0.9161885458111328 107.73127170250457 377.4237842632315 282.6742443490282 1.0 386.899498997668 286.8189904135089 1.0 367.94806952879503 278.5294982845475 1.0
-0.060929914381278615 -0.9981420467716458 287.9831790100984 505.0116982513324 257.69163848574516 1.0 586.924835032544 252.69138784313995 1.0 423.09856147012084 262.69188912835034 1.0
-0.9989155150268807 -0.04655957300686695 128.4807815249488 114.37640481045722 305.5959341527712 1.0 114.72928752277646 298.0249880818426 1.0 114.02352209813799 313.16688022369976 1.0
0.5878228070599488 -0.8089897079074383 -77.44195126717871 159.33825258060625 20.05057354652565 1.0 186.5496600309404 39.82274834079086 1.0 132.1268451302721 0.2783987522604403 1.0
-0.9976229564155475 0.06890890241980754 476.85509531195447 501.260250487422 336.87429196713754 1.0 500.3979689274591 324.3906817381992 1.0 502.12253204738494 349.3579021960758 1.0
-0.06860948068659321 -0.9976435932535807 276.347182060803 469.39863280746624 244.71864228854903 1.0 518.175833124675 241.36415937928126 1.0 420.6214324902574 248.0731251978168 1.0
0.16140641609823278 0.9868880224434401 -441.23522568739236 299.9852324302836 398.0347065778049 1.0 235.4953187746392 408.58208946311964 1.0 364.475146085928 387.4873236924902 1.0
0.9986340062348362 -0.05225056546450966 -303.49960609152043 309.7036882768548 110.64050363295405 1.0 310.42285848622 124.3855764557715 1.0 308.98451806748966 96.8954308101366 1.0
-0.15755155719576633 -0.9875107628908099 419.68223765028733 261.88813390383456 383.2073214421125 1.0 269.39644502807477 382.00941438733634 1.0 254.37982277959438 384.40522849688875 1.0
0.988862326911364 -0.14883312270943852 -230.94635542783698 242.2638079443798 57.91182275518847 1.0 245.73646345044418 80.98449731696867 1.0 238.79115243831544 34.83914819340826 1.0
0.9988849689863609 -0.047210366797100674 -309.0274822210717 314.8081233592652 115.0090686784466 1.0 315.42846152175656 128.13428901118317 1.0 314.1877851967738 101.88384834571004 1.0
0.9876063133497806 -0.1569514887844486 -298.2242898067608 321.2516976690723 121.34905589654453 1.0 323.95980530141327 138.38963458518472 1.0 318.5435900367314 104.30847720790433 1.0
-0.9964144128785799 0.08460684255918714 112.01913228895799 137.9454795090306 300.5871737560228 1.0 137.5194881736301 295.5702756717157 1.0 138.37147084443112 305.60407184033 1.0
-0.06852320929257916 -0.9976495225219352 295.81241083712956 377.4969847935512 270.5811007240459 1.0 383.18102568240056 270.19069435922387 1.0 371.81294390470174 270.9715070888679 1.0
0.998983409468116 -0.045079347904092334 -487.7937308375307 503.4640600303917 336.26290310454357 1.0 504.0589352658947 349.4456690184441 1.0 502.8691847948887 323.08013719064303 1.0
-0.7364530700812817 0.6764886366879009 175.11459078588717 309.10504514255666 77.64619512920966 1.0 299.80732481434643 67.52431826518394 1.0 318.4027654707669 87.76807199323538 1.0
0.023124867832100292 0.999732584488346 -331.00516604848053 526.8786188106544 318.90644815592714 1.0 520.6175118801787 319.0512741548956 1.0 533.1397257411302 318.7616221569586 1.0
-0.9992007855829708 -0.039972366584601245 129.47878667260954 122.93093980522022 166.26723946189662 1.0 123.25645433728188 158.13025874382285 1.0 122.60542527315857 174.40422017997042 1.0
-0.09568200766845954 0.9954119516102532 -295.9308594971213 145.061174463773 311.2385815775939 1.0 131.93728068280194 309.97707321077195 1.0 158.18506824474406 312.5000899444159 1.0
-0.9997542627657949 -0.022167861458020924 190.7207060958639 188.28686612612154 111.87858910783602 1.0 189.867166658046 40.60819632617896 1.0 186.70656559419712 183.1489818894931 1.0
-0.5521516540980868 0.8337436961541279 24.16728363254678 216.46515940942194 114.36885535665141 1.0 210.9754724509898 110.7332779621104 1.0 221.9548463678541 118.0044327511924 1.0
0.28407184141709974 0.9588029979687684 -508.2859874467754 242.37151163157836 458.3163243768469 1.0 236.68973944420787 459.99970614682275 1.0 248.0532838189488 456.6329426068711 1.0
0.9999973291635603 0.0023112043928764335 -356.2698838987906 355.47346526563234 345.0010942779244 1.0 355.4546834415535 353.12749537577776 1.0 355.49224708971116 336.87469318007106 1.0
0.9988570159410448 -0.04779813495683156 -194.62085436596604 201.81084154444562 145.59816214492866 1.0 202.23002510445357 154.35801104403842 1.0 201.39165798443764 136.8383132458189 1.0
-0.9999953223220358 -0.0030586490559612704 371.5581896193801 370.5218947427038 339.3746846357269 1.0 370.56012767706113 326.87480157740254 1.0 370.4836618083465 351.8745676940513 1.0
-0.48892824281946234 0.8723240071060024 -16.13098271577682 310.3183690054691 192.4220773713329 1.0 300.04322824696203 186.6629712652814 1.0 320.5935097639761 198.1811834773844 1.0
0.9578192746521919 0.28737125309388417 -170.95999027033787 124.07931302553109 181.34880266487784 1.0 122.3761916267419 187.02537081590287 1.0 125.7824344243203 175.6722345138528 1.0
0.9933134528654756 -0.11544862215057755 -253.03656678419304 261.3655623248439 57.006850893728114 1.0 261.963936392997 62.155227727252566 1.0 260.76718825669076 51.85847406020366 1.0
-0.9997382569917728 -0.022878319585412265 204.48657564297358 203.5672978104709 42.510121679938834 1.0 203.63942811780854 39.35816694546684 1.0 203.49516750313327 45.66207641441083 1.0
-0.9990447592809031 0.04369861500508379 431.11268284202407 446.0131570699399 331.2330218554241 1.0 445.71062911162613 324.31657905159267 1.0 446.31568502825365 338.1494646592556 1.0
-0.25174150549908536 0.9677945104251491 -190.91688001902236 147.4969361645978 235.6367786023295 1.0 124.3147421622123 229.6066551039345 1.0 170.67913016698327 241.6669021007245 1.0
0.12835570711607378 0.9917281948451061 -434.5915919721061 229.96160620141438 408.4533539573732 1.0 225.42000894622439 409.0411560690369 1.0 234.50320345660438 407.8655518457096 1.0
-0.9965974547591175 0.08242277092920824 280.96763771478385 292.00983092142064 121.91553902956242 1.0 291.5948733570797 116.89816764307426 1.0 292.42478848576167 126.93291041605059 1.0
0.0 1.0 -251.875 571.25 251.875 1.0 566.875 251.875 1.0 575.625 251.875 1.0
-0.5950389407245238 0.8036968701080257 80.18234448471124 227.43395290626052 68.62004318868208 1.0 219.00275595670453 62.37777612444765 1.0 235.8651498558165 74.86231025291652 1.0
-0.9953629271492378 -0.09619066096509046 434.34164274167006 409.4323404082778 278.69514206844394 1.0 410.09636755811897 271.823913604671 1.0 408.76831325843665 285.5663705322169 1.0
-0.06767508333700095 -0.9977074135713987 227.1459216196109 46.26051319528837 224.52999194625733 1.0 56.921251493625476 223.806867768808 1.0 35.59977489695125 225.25311612370666 1.0
-0.013990163209377756 0.9999021328777007 -405.6435833275129 196.86188033885776 408.43768578410476 1.0 170.60827511508643 408.07035761283856 1.0 223.1154855626291 408.80501395537095 1.0
0.999921867863711 0.012500326713624483 -216.57848825093836 215.4078214249833 94.99728498472714 1.0 215.22814326821012 109.3700387735629 1.0 215.58749958175645 80.6245311958914 1.0
0.9999903956412989 -0.004382764556579201 -256.5988684977465 257.59840760607676 227.49682944433295 1.0 257.68334686457763 246.8769356802992 1.0 257.51346834757595 208.11672320836672 1.0
-0.999906935750536 0.013642574462817154 127.66204617501181 131.70718804577638 295.61023479488995 1.0 131.51962010440698 281.8627939426621 1.0 131.89475598714574 309.35767564711784 1.0
-0.01269684615319729 -0.99991939180004 314.4330924596424 524.3788086828383 307.79994659944253 1.0 541.8839223987262 307.57766894629617 1.0 506.87369496695044 308.0222242525889 1.0
-0.4882393713624044 0.8727097548736603 -10.896133936469067 147.76434700213724 95.15248954515275 1.0 134.57236963557426 87.77220910195982 1.0 160.95632436870022 102.53276998834569 1.0
0.999754939528347 -0.022137318913347765 -189.69453438951868 197.629015708017 356.23330402228174 1.0 197.8647796571504 366.88076199275406 1.0 197.39325175888362 345.5858460518094 1.0
-0.9998343448482501 0.018201177485826135 273.4946759339324 275.0188665594329 81.23827892881874 1.0 274.80234927774734 69.3444652098447 1.0 275.23538384111845 93.13209264779279 1.0
-0.9996180679852249 0.02763545109974131 399.717059707013 409.3213034865397 341.87648449434784 1.0 409.216755477957 338.0948173171431 1.0 409.4258514951224 345.65815167155256 1.0
-0.9999499022453762 -0.010009645321515524 275.52008009669663 272.0490839245317 348.1267426056413 1.0 272.29931252105075 323.1292474306279 1.0 271.79885532801273 373.12423778065477 1.0
-0.1095668831722174 -0.9939794253966857 408.871101393638 77.4651261851749 402.80862836089113 1.0 84.52986055363945 402.029878916572 1.0 70.40039181671034 403.5873778052102 1.0
-0.4297889535274708 0.902929374550281 -78.6352666650274 215.97416151470134 189.8914581406787 1.0 209.90847974079736 187.00423008551073 1.0 222.03984328860528 192.77868619584666 1.0
0.9925041069803051 -0.1222112827329249 -272.3769346450246 285.29034585696854 88.16620739834134 1.0 286.9954938514733 102.01408093104637 1.0 283.5851978624638 74.31833386563632 1.0
-0.9995223470925373 -0.03090433080695451 128.21316590043946 123.94557567283317 140.00604702366945 1.0 124.23576230821755 130.6206948959669 1.0 123.6553890374488 149.39139915137204 1.0
0.9893126763267377 -0.14580956230380618 -191.74867070667545 202.54296969514553 59.184436035914096 1.0 204.0519210172487 69.42261690231184 1.0 201.03401837304236 48.94625516951635 1.0
0.2366637709573181 0.9715916114892419 -8.337234850392623 26.768008327036377 2.0607599273426525 1.0 18.076955053883694 4.17775786854815 1.0 35.45906160018906 -0.05623801386284488 1.0
0.9928932360204066 -0.1190084949275688 -288.1714328666753 302.81486723423836 104.96225991447085 1.0 305.00082615233754 123.19981367330207 1.0 300.62890831613925 86.72470615563964 1.0
0.12102530293776166 0.992649422529839 -425.6658090097848 86.04602627434704 418.3270076912364 1.0 0.3987444812694818 428.76925244506486 1.0 171.6933080674246 407.88476293740797 1.0
-0.9999124846454421 -0.013229627741480532 249.4952501337668 247.40028787146946 159.99041148917786 1.0 248.38437410250984 85.61189324110248 1.0 246.41620164042908 234.36892973725327 1.0
0.9679980199591932 -0.2509578318265472 -85.27853868122654 186.40039901180205 379.1739743255771 1.0 188.37979872744987 386.80894228616734 1.0 184.42099929615424 371.5390063649869 1.0
0.995842027920251 -0.09109695619328988 -208.07889677607199 211.86881672204782 31.932738952373427 1.0 214.04930673809042 55.769140190943745 1.0 209.68832670600523 8.096337713803106 1.0
-0.4729081875506281 0.881111710367976 -23.194457825595713 271.72116481262145 172.16162219989872 1.0 257.92110736324406 164.75488809378396 1.0 285.52122226199884 179.5683563060135 1.0
-0.9999986462216606 -0.00164546493310093 292.3565574867581 292.0412288117349 191.87527352405084 1.0 292.1461304436545 128.1233893022904 1.0 291.93632717981535 255.6271577458113 1.0
0.9773306193268033 0.2117188242133581 -376.14530654179 317.44658973107266 311.23842975026605 1.0 316.45727122562266 315.8052946534478 1.0 318.4359082365226 306.6715648470843 1.0
-0.01043922734284357 -0.9999455097816503 313.48236191242097 486.25963585947295 308.4229930622713 1.0 500.6395934699444 308.27286923531506 1.0 471.8796782490016 308.5731168892276 1.0
-0.9600323810192971 -0.27988895547059217 279.0312591147259 206.78426361865903 287.65575983594806 1.0 208.68055417562792 281.1513933615713 1.0 204.88797306169013 294.16012631032487 1.0
0.99995661349465 -0.009315102163215185 -271.4235254676565 274.68411234190523 348.7529426534786 1.0 274.91121233793916 373.1316492934845 1.0 274.45701234587136 324.3742360134728 1.0
-0.9854084953521948 -0.17020604362866648 298.8893582529376 238.88137897660448 373.03973862683307 1.0 239.54655090328404 369.18872338997204 1.0 238.21620704992492 376.8907538636941 1.0
0.9999987580265227 0.0015760537465856711 -298.92910789800453 298.690112744261 151.876875683979 1.0 298.6487429372612 178.1258254480437 1.0 298.7314825512608 125.62792591991429 1.0
0.9998270318511994 -0.01859855853610298 -255.55329874619596 257.6785208969677 111.8716791942542 1.0 257.9576672121229 126.87811268704604 1.0 257.3993745818125 96.86524570146236 1.0
0.9999539174815131 -0.00960015173710074 -255.62732152519166 257.42121957046913 185.6257563389314 1.0 257.60127172237617 204.38002810264183 1.0 257.24116741856204 166.871484575221 1.0
-0.23882770253721988 0.9710619591461676 -193.70174279330686 223.72001389748246 254.49692205153949 1.0 170.43634149092048 241.39207642995382 1.0 277.00368630404444 267.60176767312515 1.0
-0.03220584017711968 -0.9994812573822912 401.6091944534837 25.636811203970048 400.9915508159471 1.0 35.666675459599006 400.6683629594174 1.0 15.606946948341093 401.3147386724768 1.0
-0.9780264454721557 0.2084808671247812 278.6379927796812 351.65544166729035 313.17180212053535 1.0 350.8364870720077 309.32991838859573 1.0 352.47439626257295 317.01368585247496 1.0
0.48170941763006486 -0.8763310087897744 15.205995849980464 216.74174672246437 136.49241581097135 1.0 230.73100454240304 144.18215538417874 1.0 202.75248890252573 128.80267623776396 1.0
-0.9999852600341524 -0.00542952248623572 240.49102907960338 238.54329822468748 359.3772711930942 1.0 238.5976294988831 349.3707791871694 1.0 238.48896695049183 369.383763199019 1.0
0.9952290230597448 -0.09756634491230132 -254.83704421000084 263.72386338499604 78.18883356804565 1.0 264.8400460181139 89.57449480720221 1.0 262.60768075187815 66.8031723288891 1.0
-0.6262962012508326 0.7795851898918914 84.72553169957992 211.35650296308836 61.117429927664446 1.0 205.1914787121413 56.16462769507863 1.0 217.52152721403542 66.07023216025027 1.0
-0.9999165633102189 -0.012917678501994816 219.85150950362714 218.6100906996879 97.51434099133145 1.0 218.79587112617045 83.13366682065495 1.0 218.42431027320535 111.89501516200795 1.0
-0.9879422725508583 -0.15482269248093317 510.9032923526128 464.0602539006313 338.70067541909475 1.0 465.14178817649804 331.79927477026564 1.0 462.97871962476466 345.60207606792386 1.0
0.9999263833838363 0.012133746862410266 -233.39572441014946 232.1843216444717 101.24616935674507 1.0 231.94915558825878 120.62589985138037 1.0 232.41948770068464 81.86643886210977 1.0
-0.028606271777957853 0.9995907568675122 -391.4745309950385 244.36060765308105 398.62791268507374 1.0 235.61776794245012 398.377710242569 1.0 253.103447363712 398.8781151275785 1.0
-0.02498193770798085 -0.9996879026918124 255.3896959413598 575.6208720226807 241.08481309428862 1.0 580.6333603746928 240.959552328969 1.0 570.6083836706686 241.21007385960826 1.0
-0.0331356814184454 -0.9994508625324886 391.39118985970947 90.62008750009107 388.601827333527 1.0 96.88392359480584 388.39415681657346 1.0 84.35625140537631 388.8094978504806 1.0
0.9997688672119652 0.021499119835564243 -170.73112916049413 167.8942454803598 133.75847789034532 1.0 167.6118458700355 146.8908452000055 1.0 168.1766450906841 120.62611058068514 1.0
-1.0 0.0 268.125 268.125 130.625 1.0 268.125 118.125 1.0 268.125 143.125 1.0
-0.9998838331588907 0.015242053256810054 372.3286733074583 375.37297177582195 196.86931448386116 1.0 375.20137339605395 185.6124029093231 1.0 375.54457015559 208.12622605839925 1.0
0.08149741177516093 0.9966735533131948 -312.326890672122 543.1419181657851 268.9569009069292 1.0 531.9158722853408 269.8748480930305 1.0 554.3679640462294 268.0389537208279 1.0
0.48506325654598625 -0.8744790661582487 14.9914391674491 153.51602488925909 102.29681371931143 1.0 181.91648296776998 118.050213904728 1.0 125.11556681074818 86.54341353389486 1.0
0.999991918987129 -0.004020194079773935 -232.72757616565656 233.61893410171893 221.25052691460633 1.0 233.6867844298182 238.12776678251925 1.0 233.55108377361964 204.3732870466934 1.0
-0.9983166277002697 0.05799923152215773 355.8339715058207 376.3660250175449 343.08194864698856 1.0 375.9999351463334 336.7805960933178 1.0 376.7321148887564 349.38330120065933 1.0
-5.716535827675277e-05 -0.9999999983660609 307.5021980864392 555.6250340383172 307.47043608468823 1.0 564.3750340097232 307.4699358878041 1.0 546.875034066911 307.47093628157234 1.0
0.1875668590101928 0.9822518380746613 -56.24390902726747 183.20170903322767 22.27671056487504 1.0 178.1473183011916 23.24187668324699 1.0 188.25609976526374 21.31154444650309 1.0
0.9999540800322654 0.009583205456720869 -201.8600411918947 199.10200104523494 288.7533734532463 1.0 198.88034219680523 311.8822389318736 1.0 199.32365989366465 265.624507974619 1.0
-0.9999999762271067 0.00021804996192054343 208.26779463309452 208.3134536682604 209.37441378276606 1.0 208.30718479143644 180.62468771215336 1.0 208.31972254508435 238.12413985337878 1.0
0.9980738574620608 0.06203688459942147 -272.72390947387544 254.60477317355702 299.9754340414396 1.0 254.1718750204069 306.94007019930984 1.0 255.03767132670717 293.0107978835693 1.0
0.9999823972164734 -0.005933401823181098 -297.6269840809115 298.98579605266343 228.1236009026432 1.0 299.2231499511009 268.1259010032171 1.0 298.7484421542259 188.12130080206927 1.0
0.9999828591348222 0.005855035144765342 -301.1110736499631 299.3926074976565 294.37876255397646 1.0 299.35599272935616 300.63220762923834 1.0 299.4292222659568 288.12531747871463 1.0
-0.9904522131281099 -0.13785649607337688 474.05717193539124 428.2448510719356 361.9786724008614 1.0 428.963185705416 356.81768145910337 1.0 427.52651643845525 367.13966334261943 1.0
0.08461907954822301 0.9964133737442565 -285.64186677416 489.38431894293126 245.10973316438125 1.0 478.16217607586174 246.0627587107985 1.0 500.6064618100007 244.156707617964 1.0
-0.9999744230940399 -0.007152143576702443 312.7296346350909 310.85122777833567 263.7471478508671 1.0 310.92724933093365 253.11822137776375 1.0 310.77520622573775 274.37607432397044 1.0
-0.9992675347256526 0.03826740183651005 404.69155255304287 415.80730673742835 282.5169531385544 1.0 415.5912950220002 276.87629074736464 1.0 416.02331845285653 288.1576155297442 1.0
0.41612228258889344 0.9093086637292142 -400.4509239398441 633.3735099816873 150.54304296796033 1.0 628.5298295081557 152.75963174048024 1.0 638.217190455219 148.32645419544045 1.0
0.24763857628177904 0.9688524838886122 -29.31237389314567 41.9173441252962 19.54066567126695 1.0 33.10412356500317 21.79332376762498 1.0 50.73056468558922 17.288007574908924 1.0
0.9995197741507431 -0.03098743425402061 -128.52479399092942 128.874068523033 9.274271330244725 1.0 129.1462786406471 18.054585087389174 1.0 128.6018584054189 0.49395757310027544 1.0
0.6008060801130584 -0.7993948048987942 -81.91994674243365 308.9557124837327 129.72629189976263 1.0 319.6477132894877 137.7621448391429 1.0 298.26371167797777 121.69043896038235 1.0
-0.9997800986597918 0.02097032006948772 378.07134435697793 385.35137016303554 343.117630034553 1.0 385.22005963740816 336.85727493115934 1.0 385.4826806886629 349.3779851379466 1.0
0.9974330234284827 0.0716056127291414 -366.81869477970633 342.4570163903125 352.4969142111433 1.0 342.0520641472099 358.13771141666206 1.0 342.86196863341513 346.8561170056245 1.0
0.25116979984673427 0.967943041529279 -29.2977291965681 16.201703842392654 26.06387917768315 1.0 0.49878527292301245 30.13860128929818 1.0 31.90462241186229 21.989157066068124 1.0
-0.9939751287206237 -0.10960585515755776 216.19064255144585 175.81047625796504 378.0765336206955 1.0 176.37772893444293 372.9323280368906 1.0 175.24322358148717 383.2207392045004 1.0
0.48618800298324444 0.8738542359885685 -464.245368278547 628.0891629531076 181.8105879720601 1.0 625.1179662739853 183.46367852240652 1.0 631.0603596322298 180.15749742171366 1.0
-0.9994610388795032 0.032827302080797774 298.14312965433334 306.28930312160236 243.12370908880348 1.0 306.08356954274313 236.85993828141457 1.0 306.4950367004616 249.3874798961924 1.0
-0.6130819136985887 0.7900193460262072 91.56480170557555 414.9600247875674 206.12113515787001 1.0 405.6915530383566 198.92848547701144 1.0 424.22849653677827 213.31378483872857 1.0
-0.999869793312872 -0.01613680329169562 189.7824305186836 186.56919378718692 200.63015143810745 1.0 186.8315454452447 184.37429869108266 1.0 186.30684212912917 216.88600418513224 1.0
-0.9999905978994142 -0.004336370921872017 397.53829926976135 396.1787789131888 314.3746911560463 1.0 396.22757437995665 303.12219249597075 1.0 396.12998344642097 325.6271898161219 1.0
-0.8367603776942562 0.5475692379242701 300.38800317895647 622.990130614128 403.42926248180993 1.0 606.5642833054192 378.3283304972336 1.0 639.4159779228369 428.53019446638626 1.0
-0.004939712514351484 -0.9999877995457123 347.41353667407316 55.62323654645822 347.14300917883065 1.0 65.62607982151573 347.0935974058797 1.0 45.620393271400715 347.1924209517816 1.0
0.9996015173648333 0.028227760837919853 -120.5264516656238 111.99729900503398 303.7358042197692 1.0 111.73227119568219 313.1209694793545 1.0 112.26232681438577 294.3506389601838 1.0
0.582679556789367 -0.8127019958753313 -74.81344054770736 271.2870382275255 102.44834031658927 1.0 284.3953806009453 111.84657381810908 1.0 258.1786958541056 93.05010681506946 1.0
0.6127026554833794 -0.7903135175129015 -88.59926126859243 156.80804472159224 9.461364341856388 1.0 168.85247584102737 18.798993987731816 1.0 144.7636136021571 0.12373469598096154 1.0
-0.9999991718111609 0.0012870031049722758 325.86862475764264 326.13594819298964 207.50014678515132 1.0 326.0675751744273 154.37443040390457 1.0 326.2043212115519 260.62586316639806 1.0
-0.0690336751420279 -0.997614330137847 276.4681376374731 545.0028203299521 239.4157569431898 1.0 565.6156150631697 237.98937709639506 1.0 524.3900255967344 240.84213678998452 1.0
0.9956862794295714 -0.0927837968381185 -375.4361868015528 406.1099775630514 311.71332477251656 1.0 406.58265637157155 316.7857600495695 1.0 405.63729875453134 306.6408894954637 1.0
-0.05980976573613018 0.998209793541713 -303.03265148519904 213.74203682589018 316.3829033525925 1.0 208.09984443763358 316.04483994431587 1.0 219.38422921414676 316.7209667608691 1.0
0.9995576343073627 0.029741144864793578 -206.61642933528825 201.59354411790656 171.88522191720358 1.0 201.33287138457226 180.64606222259889 1.0 201.8542168512409 163.12438161180827 1.0
0.9992643221142419 0.038351200105925694 -209.98809128664846 202.25220290565787 205.59150254064292 1.0 201.67551959782918 220.6173440548696 1.0 202.82888621348656 190.56566102641625 1.0
0.9949990601442377 -0.0998842846101618 -184.1074886202595 220.4210563371549 352.5204731518652 1.0 221.24102867569113 360.6886420422174 1.0 219.6010839986187 344.352304261513 1.0
0.9999918984506365 0.00402529913071953 -227.72795862527272 226.8316420200348 223.1273413020858 1.0 226.73603181329955 246.8794722716246 1.0 226.92725222677 199.375210332547 1.0
0.9999966416256305 -0.0025916669269672767 -331.0863467302845 331.5831101748895 191.24751688920813 1.0 331.61712568906876 204.37242873202896 1.0 331.5490946607103 178.1226050463873 1.0
0.9996770198936137 0.02541369506040536 -170.7917152301212 165.92120969154072 193.75753021488435 1.0 165.3646573448034 215.65015897582379 1.0 166.47776203827806 171.8649014539449 1.0
0.998891345874208 0.047075249735006645 -160.7802046384171 151.29740975990427 205.002234303357 1.0 151.0315200003892 210.64415827043612 1.0 151.56329951941933 199.36031033627785 1.0
0.9997194021185906 0.023687908891415935 -171.30581604046023 169.93226215924432 59.99839498183498 1.0 169.4138838523503 81.87592133567665 1.0 170.45064046613837 38.1208686279933 1.0
0.9999958593348183 0.00287772709240833 -257.9280390538092 257.5172305136464 143.12504958492124 1.0 257.47405961017506 158.1267239372084 1.0 257.5604014171177 128.1233752326341 1.0
0.14936368848907025 0.9887823261774757 -438.18069455105496 418.73467021448687 379.89851736300346 1.0 365.5948965849628 387.9257164589502 1.0 471.874443844011 371.8713182670567 1.0
0.9983238914700313 0.057874067769020585 -112.06935381423912 91.8589356599889 351.87406873038856 1.0 91.42142091621098 359.4211695031755 1.0 92.29645040376684 344.32696795760165 1.0
-0.06584237375717435 -0.9978300365382977 274.6466451923037 578.1395204135074 237.0950544104653 1.0 588.1782926044525 236.43264040561894 1.0 568.1007482225624 237.75746841531168 1.0
0.9973107768305304 0.07328856948859204 -289.87393942256057 266.6293549577429 326.9488062195073 1.0 266.2638975568956 331.9219501474189 1.0 266.99481235859025 321.97566229159565 1.0
0.6345334660818399 -0.7728953877609611 -124.14208675881514 223.09451280147852 22.53713502341887 1.0 228.22697165684085 26.750793118145037 1.0 217.96205394611619 18.323476928692706 1.0
0.9999191291580761 0.012717513269290322 -204.26332790776962 203.01585965074517 99.38156098254561 1.0 202.64995745954369 128.15075450615007 1.0 203.38176184194666 70.61236745894116 1.0
0.10412769189763037 -0.9945639364968308 424.833270463456 336.8827610490471 462.4258712130177 1.0 344.36616775686764 463.2093601767954 1.0 329.3993543412265 461.64238224924 1.0
-0.14203125108391082 -0.9898621741007883 400.17466735758035 110.66366145813114 388.39444432797404 1.0 116.96332018508849 387.49053221394234 1.0 104.36400273117381 389.2983564420057 1.0
-0.044983958541357345 -0.9989877093708157 397.5411022985653 347.49084027059575 382.29658399587976 1.0 364.4159522949093 381.53445396117786 1.0 330.5657282462822 383.05871403058165 1.0
-0.10360998032946786 -0.994618003042438 410.7719050733874 15.50823910282204 411.379137994088 1.0 30.54043684195875 409.8132245405848 1.0 0.4760413636853289 412.9450514475912 1.0
0.999954520788891 0.00953710406043145 -224.69145766599115 222.62730771750793 217.4952532410329 1.0 222.46637640585013 234.36871835256156 1.0 222.78823902916574 200.6217881295043 1.0
0.9999973413480984 -0.0023059264374327634 -409.9215736771285 410.43140759770085 220.62400520317033 1.0 410.4458229229287 226.87541317025747 1.0 410.41699227247307 214.3725972360832 1.0
-0.999952450334973 -0.00975177261236496 133.57008949504063 130.16923734748735 349.3766504426082 1.0 130.53497086761217 311.87412201462456 1.0 129.80350382736253 386.87917887059183 1.0
1.0 0.0 -166.875 166.875 156.875 1.0 166.875 165.625 1.0 166.875 148.125 1.0
-0.9999978689328146 -0.002064492632410309 85.89772241804219 85.17661574125006 349.37794524396355 1.0 85.18951612887415 343.1292621874205 1.0 85.16371535362596 355.6266283005066 1.0
0.9982910021917577 0.05843864254905411 -273.6038877179859 257.3548040157555 285.57991373986425 1.0 256.91726323297786 293.05430067779196 1.0 257.7923447985332 278.10552680193655 1.0
-0.008628841031520465 0.9999627708582218 -268.8542843512299 478.7511173468613 272.9955150252126 1.0 464.3771876647635 272.87148005327197 1.0 493.12504702895905 273.11954999715323 1.0
0.22213192788329467 0.9750166186352164 -27.193284042597874 70.60876088759778 11.80372071739119 1.0 64.12569629321574 13.280716708452136 1.0 77.09182548197984 10.326724726330243 1.0
0.29821053681937515 0.9545001182450948 -33.034525471203686 88.18241554852824 7.058773344979091 1.0 82.91545818823866 8.704307118934477 1.0 93.44937290881781 5.413239571023705 1.0
-0.13302479456600888 -0.991112710054044 341.0104009848439 533.2091766714113 272.5021655535945 1.0 550.7291101535648 270.150681682354 1.0 515.6892431892578 274.8536494248351 1.0
-0.9999977643574985 0.0021145401402920616 351.81077890317493 352.5252242081125 337.4999466622802 1.0 352.4842522899369 318.1237117086972 1.0 352.56619612628816 356.8761816158632 1.0
-0.2569862542715643 -0.966415058406827 32.289229164495325 46.954842523748134 20.925253480366578 1.0 93.25484535948372 8.613292694973211 1.0 0.6548396880125384 33.237214265759945 1.0
0.9993162667179727 0.03697295055650796 -210.38679051816115 198.6451938501685 321.24612235613006 1.0 198.4826934154744 325.6382340295111 1.0 198.80769428486263 316.854010682749 1.0
-0.016997619576625246 -0.9998555300285779 397.7070502242814 8.730723483289953 397.6160922933743 1.0 14.364720290970933 397.52031392184284 1.0 3.0967266756089717 397.7118706649058 1.0
-0.9971112687942145 -0.07595470784350217 263.833220065409 238.97885496805384 336.3150421940549 1.0 239.69608475675264 326.8994585530777 1.0 238.261625179355 345.73062583503213 1.0
0.9999991374291506 -0.0013134462131283806 -265.86637171031396 266.33862102620384 359.37488360094835 1.0 266.3566819742695 373.1256807834353 1.0 266.32056007813816 345.62408641846133 1.0
0.9993722798504503 -0.03542663216442345 -386.73183908119387 398.9827679316285 338.7417486365594 1.0 399.22695754535096 345.6302479398231 1.0 398.73857831790605 331.8532493332957 1.0
-0.9999581706383058 0.009146418626594837 398.4623948365827 401.61758067070014 343.1273545634382 1.0 401.51468776527554 331.87829570439226 1.0 401.72047357612473 354.3764134224842 1.0
-0.05343992029913158 -0.9985710665337857 399.33918564064453 384.3397943679628 379.34215235848706 1.0 394.2778838932666 378.8103016670772 1.0 374.4017048426589 379.87400304989694 1.0
0.37629541418367485 0.9264997362462316 -35.39480647633024 57.88323760827324 14.693592532890877 1.0 51.965235194936845 17.09717354014393 1.0 63.80124002160964 12.290011525637823 1.0
-0.9999907322028997 0.00430528841176116 406.3344611044353 407.27734241493374 218.12864944420045 1.0 407.2396714904605 209.37881162989814 1.0 407.3150133394069 226.87848725850273 1.0
-0.9990384892715084 -0.0438417261761229 169.50411985402536 163.38827078490203 143.08169845303973 1.0 164.37616377353075 120.57019616964946 1.0 162.4003777962733 165.59320073643 1.0
-0.9998247393585172 0.01872139328877757 388.2891189498241 392.27773943180216 209.37916175690202 1.0 392.0903392535442 199.37096784246538 1.0 392.46513961006013 219.38735567133864 1.0
1.0 0.0 -224.37499999999991 224.37499999999994 45.625 1.0 224.37499999999994 58.125 1.0 224.37499999999994 33.125 1.0
0.9994793040956131 0.032266401791162795 -434.14262397095484 425.1471010444822 285.6499259013394 1.0 424.8233036355475 295.6798266955038 1.0 425.4708984534169 275.62002510717497 1.0
-0.0379991404405011 0.9992777718561457 -381.07472578566797 84.36802678901859 384.5583771672569 1.0 78.12705138073245 384.3210540648079 1.0 90.60900219730473 384.79570026970583 1.0
-0.6101534414888998 0.7922832686856714 99.57961106528957 197.72387702309817 26.5842960432854 1.0 193.16482975871656 23.07328112195855 1.0 202.2829242874798 30.095310964612242 1.0
-0.9178472876422553 -0.3969336929107369 129.86792186594263 103.66699690675125 87.46410435072389 1.0 105.75328026720274 82.63989930629549 1.0 101.58071354629976 92.28830939515228 1.0
0.9999936223852819 0.0035714407124077846 -120.22152279039692 119.30487073241439 256.8747495358813 1.0 119.26914060907708 266.87908625641256 1.0 119.34060085575169 246.87041281534994 1.0
0.1349841838426919 0.9908477532458366 -234.5230201895159 22.48315582743778 233.6263558065587 1.0 0.5887693709674346 236.60905004680077 1.0 44.37754228390813 230.64366156631667 1.0
-0.9997685592590363 -0.0215134357346936 229.41170233068726 224.59645508078557 226.24131635256458 1.0 225.17478412068067 199.3653120674312 1.0 224.0181260408905 253.117320637698 1.0
0.6006362791514355 -0.7995223950378869 -80.34866936684925 217.2086699781633 62.680843312577984 1.0 230.80038736999919 72.89153736214655 1.0 203.61695258632741 52.47014926300942 1.0
0.9997914364676148 0.02042262387704872 -216.8775518566255 212.55652396224178 213.7511546084301 1.0 212.21170338470878 230.6318778010425 1.0 212.90134453977475 196.8704314158177 1.0
-0.9985043558622263 0.05467221711400387 310.1220827324443 326.8740864144798 297.46582870395105 1.0 326.2239567000731 285.5922046590923 1.0 327.5242161288865 309.3394527488097 1.0
-0.999873035839292 0.015934622729072395 379.97245988860374 383.24800723109684 202.50800008110878 1.0 383.07856466518825 191.87574002349797 1.0 383.4174497970054 213.14026013871955 1.0
-0.564002108417366 0.8257733476570709 64.87638816903758 391.15735723663767 188.59555891123998 1.0 379.99292967385315 180.97026959601936 1.0 402.3217847994222 196.2208482264606 1.0
0.9989745612845061 -0.04527500310798974 -399.140830078972 412.35288048775124 282.478341750224 1.0 412.55331779173974 286.90090948234206 1.0 412.1524431837628 278.0557740181059 1.0
0.06401827064150883 0.9979487266508589 -275.588682014952 545.6587568818551 241.15121910784896 1.0 529.3954962006276 242.19450499619148 1.0 561.9220175630826 240.10793321950644 1.0
1.0 0.0 -275.62500000000017 275.6250000000001 236.875 1.0 275.6250000000001 255.625 1.0 275.6250000000001 218.125 1.0
0.058928075557813604 0.9982622310350386 -283.8289769283965 375.6043918443247 262.1508906278175 1.0 334.3138029899408 264.5883012241444 1.0 416.89498069870854 259.7134800314906 1.0
0.9999999126781071 0.00041790403016517903 -219.08058696560659 218.99310749887846 209.37484040557075 1.0 218.98892845894173 219.37483865913296 1.0 218.9972865388152 199.37484215200854 1.0
-0.10253647454596544 -0.9947292452661098 415.57896965118334 293.6863855441732 387.5078619531462 1.0 304.3271722150891 386.4110119742964 1.0 283.04559887325735 388.604711931996 1.0
-0.9999563046795757 -0.009348194027055312 229.5573894388363 228.4397723949567 120.62209980543057 1.0 228.59172852817815 104.36767750634684 1.0 228.28781626173523 136.8765221045143 1.0
0.9989863649353117 -0.04501380536382382 -384.21143058260316 398.7949206748803 314.99797589778314 1.0 399.27397396559445 325.6295521804992 1.0 398.31586738416615 304.3663996150671 1.0
1.0 0.0 -190.625 190.625 91.25 1.0 190.625 106.875 1.0 190.625 75.625 1.0
0.01450392392486169 0.9998948125631925 -373.6681173724443 45.6329127341012 373.0455007777183 1.0 38.1254264637364 373.15440024230617 1.0 53.14039900446598 372.93660131313044 1.0
0.6659266783438409 -0.7460171975698272 -146.53698024928622 230.5927367071212 9.411143575742722 1.0 240.50508989851483 18.259331602531326 1.0 220.68038351572756 0.5629555489541171 1.0
0.9999280611817607 0.011994684709706388 -406.3020835496532 403.7072946396637 218.74948772581496 1.0 403.60975491703704 226.88081490070843 1.0 403.8048343622904 210.61816055092146 1.0
-0.004290295998439679 0.999990796637772 -391.16930469826536 146.8753086932728 391.803049152805 1.0 130.62560780116883 391.733332484464 1.0 163.12500958537683 391.87276582114595 1.0
0.9999400554785277 -0.010949221415183988 -277.6473026206881 279.13536561466935 134.3776239672361 1.0 279.3543369160563 154.37522625824414 1.0 278.91639431328247 114.3800216762281 1.0
0.9999997348400843 0.0007282305686029462 -426.0035973464322 425.7674903766472 324.37510376587545 1.0 425.76111836086153 333.12509912557755 1.0 425.7738623924329 315.6251084061734 1.0
0.023892206528707743 -0.999714540490029 349.70010222213256 55.627882024573914 351.12940829704723 1.0 64.38781556258128 351.3387622003777 1.0 46.86794848656655 350.9200543937167 1.0
1.0 0.0 -304.37499999999966 304.3749999999999 153.125 1.0 304.3749999999999 163.125 1.0 304.3749999999999 143.125 1.0
0.9921941418364344 0.12470278627786018 -105.52997238950365 86.16372564930481 160.69270911727347 1.0 85.06165514553672 169.46130146687014 1.0 87.26579615307291 151.9241167676768 1.0
-0.9998731786220552 0.01592566080976744 211.8195920839392 215.241143091077 213.13111395031058 1.0 214.94225778719573 194.36596489904545 1.0 215.54002839495826 231.89626300157573 1.0
0.08352000177256766 0.996506100986798 -233.8338331483183 72.48562306893619 228.57846385040114 1.0 63.12400161213653 229.36308788821862 1.0 81.84724452573585 227.79383981258366 1.0
0.9963157795221809 0.08576052399040718 -138.11891054356883 121.89354071260918 194.43039447417863 1.0 121.45252751953468 199.5538286930126 1.0 122.33455390568368 189.30696025534468 1.0
0.1373122106788873 0.9905278172764644 -108.70018691545756 16.861447697158876 107.40223787902096 1.0 10.64428198946267 108.26409430807918 1.0 23.078613404855084 106.54038144996272 1.0
-1.0 0.0 220.625 220.62500000000003 216.875 1.0 220.62500000000003 200.625 1.0 220.62500000000003 233.125 1.0
-0.14014668997329252 -0.9901307516129018 236.85955445326846 22.47026982220032 236.0399574845757 1.0 44.34925696128165 232.94312646249543 1.0 0.5912826831189921 239.13678850665596 1.0
0.9990118131424286 -0.0444454407321779 -270.4919001700149 279.1560325618318 188.7319358530852 1.0 279.5735314381933 198.1161674545249 1.0 278.7385336854703 179.34770425164544 1.0
-0.9975730204490506 0.06962807531562282 146.68455341676358 151.6170461209681 65.55575768829809 1.0 151.1768667261238 59.24923425699826 1.0 152.05722551581243 71.86228111959792 1.0
-0.11632694981441861 0.9932109749428234 -424.40054249068385 314.3320477035719 464.1167309448015 1.0 307.94999019283404 463.36925100096875 1.0 320.7141052143098 464.86421088863426 1.0
0.9993574101316658 0.035843643996244866 -129.34250080675494 117.56715713778081 330.62740870434743 1.0 117.29769957426821 338.14016083525655 1.0 117.8366147012934 323.1146565734383 1.0
1.0 0.0 -313.125 313.125 247.5 1.0 313.125 261.875 1.0 313.125 233.125 1.0
-0.9993131216120661 0.03705785981337909 346.56244122132625 359.52552172233595 343.142595235285 1.0 359.2006298704865 334.38146622532554 1.0 359.85041357418544 351.90372424524446 1.0
0.9980508103075624 0.062406570522806674 -135.76960509788273 131.39098881075677 74.26657496747535 1.0 130.68541514256472 85.55061710232415 1.0 132.09656247894884 62.982532832626546 1.0
0.9989892869434679 -0.0449489106895971 -319.9099917842509 331.5940423534429 252.48452002516896 1.0 332.35557684104356 269.40961972346093 1.0 330.8325078658422 235.559420326877 1.0
-0.9995781411402616 -0.02904375586213663 168.00544478119528 166.00736848060313 71.2066300785729 1.0 166.93327486689768 39.34037321856487 1.0 165.08146209430856 103.07288693858094 1.0
0.9999938859498825 0.003496864717625843 -222.3852368917793 221.25010094893562 325.002185906818 1.0 221.23041592008295 330.63148817813646 1.0 221.2697859777883 319.37288363549953 1.0
0.9999831741226659 0.005800988843101214 -190.2711101511405 189.43679878012537 144.37173282103393 1.0 189.23374655468254 179.37418057655213 1.0 189.6398510055682 109.36928506551571 1.0
-0.9999818979904388 0.006016950343793984 275.7496884076578 276.93928633675654 196.87461318530183 1.0 276.82647056003964 178.1252920045163 1.0 277.05210211347344 215.62393436608733 1.0
-1.0 0.0 305.62499999999966 305.6249999999999 154.375 1.0 305.6249999999999 144.375 1.0 305.6249999999999 164.375 1.0
-0.9998842462950832 0.015214927239835276 156.58394279178546 161.17660407501234 300.6261168429371 1.0 161.02432773069916 290.6189235542614 1.0 161.32888041932554 310.63331013161275 1.0
-0.996260595955868 0.0863992184319904 113.51341813046993 133.28377293452928 223.05702845796935 1.0 132.63353639259944 215.55921705953355 1.0 133.93400947645915 230.55483985640515 1.0
-0.9995061652728744 -0.03142332861925281 167.91930011595272 161.930581811023 193.12674742845388 1.0 162.67775159684794 169.3609390226544 1.0 161.18341202519807 216.89255583425336 1.0
1.0 0.0 -191.875 191.875 57.5 1.0 191.875 70.625 1.0 191.875 44.375 1.0
0.999950384138272 0.009961388543896403 -364.0626754969001 361.10464161189884 298.7485519567721 1.0 361.04854956316706 304.379219351113 1.0 361.1607336606307 293.11788456243113 1.0
-0.02915570560486027 0.9995748820527068 -317.7231309223015 542.5019830449137 333.6820132425304 1.0 533.1167377427566 333.4082634175076 1.0 551.8872283470708 333.95576306755316 1.0
-0.9999556526272246 -0.009417684368317858 250.77740723259083 247.73939727599873 323.7522546679726 1.0 248.02796736822106 293.11231350922753 1.0 247.45082718377637 354.39219582671757 1.0
0.999999723294413 0.0007439160553137244 -282.0811258692203 281.8566342114917 301.87498633739125 1.0 281.84454557893787 318.12497734446094 1.0 281.8687228440456 285.62499533032155 1.0
-0.4523437690717086 0.8918436603923362 11.953758242066048 376.03291546509274 177.32075144747648 1.0 371.04744008527126 174.79211462010858 1.0 381.01839084491417 179.84938827484436 1.0
0.9957253277332354 -0.09236380086668562 -391.046586525018 419.1638668534649 285.019584778412 1.0 419.57689496261605 289.47222255953926 1.0 418.75083874431385 280.5669469972848 1.0
-0.9999682155445934 0.007972948047103516 289.78097292881944 292.25682895100203 309.36697234992687 1.0 292.1471646698839 295.612863474415 1.0 292.36649323212015 323.1210812254387 1.0
-0.12851065352280897 -0.9917081283982403 484.61128617211847 282.5229926161941 452.0524324832049 1.0 289.4437583978261 451.155603962789 1.0 275.6022268345621 452.9492610036208 1.0
-0.9999232985477354 -0.01238535511870822 294.4974252470585 293.4827033110864 83.74668918164116 1.0 293.59890298244966 74.36538702550196 1.0 293.3665036397232 93.12799133778037 1.0
0.9988624856993905 0.047683693884123204 -24.75359690257141 10.250961921723476 304.3869804193504 1.0 9.713709491304682 315.64116931252323 1.0 10.788214352142269 293.13279152617747 1.0
0.9985025962323629 0.05470434459191223 -135.97961111630113 116.25684185679206 363.71613335187516 1.0 115.80929390558128 371.88509679629794 1.0 116.70438980800284 355.54716990745237 1.0
0.999769879724748 -0.021451983478530265 -354.54735397837254 361.9913138117231 343.12250426371304 1.0 362.17897547246724 351.8684776222554 1.0 361.80365215097896 334.37653090517074 1.0
-0.9988975831713345 -0.046942713326639664 151.14707468860172 147.37836317220098 83.74428373555654 1.0 147.76072950713709 75.60788128271817 1.0 146.99599683726487 91.88068618839492 1.0
0.6669436413246176 -0.745108166172308 -146.4523715910525 271.91102455745136 46.834753433009084 1.0 283.1263206098154 56.87352461722874 1.0 260.69572850508723 36.79598224878942 1.0
0.9997812592498576 0.020914914601041133 -171.84838214298946 169.88533099421244 95.6356758644088 1.0 169.7546413713566 101.88294190407899 1.0 170.01602061706825 89.3884098247386 1.0
0.9999797294381993 0.006367158919459352 -248.54898990025904 248.19188601401703 56.87542588251361 1.0 248.13617450279827 65.62507115127744 1.0 248.24759752523576 48.12578061374979 1.0
0.5915456380843602 -0.8062715163413421 -75.35358866158758 380.54258609038766 185.73732943596028 1.0 395.6593394456262 196.82819563679814 1.0 365.4258327351491 174.6464632351224 1.0
0.5855132859206023 -0.8106628103042962 -72.18757702404163 411.61366220832946 208.24649745805112 1.0 421.8593831885555 215.64662199997503 1.0 401.3679412281034 200.84637291612725 1.0
-0.9999802842204063 -0.006279424374524383 251.4390378265958 251.17711731726865 42.49954232968224 1.0 251.3301999131629 18.121578901605847 1.0 251.0240347213744 66.87750575775864 1.0
-0.999974696456832 -0.007113820778355228 238.66110028590415 237.15095402651377 213.126963137162 1.0 237.23993779423992 200.61870366677098 1.0 237.06197025878765 225.635222607553 1.0
0.9991585224839471 0.04101520386022371 -22.69999050502832 8.865676998717209 337.4790924200132 1.0 8.327805436057496 350.5820129288247 1.0 9.40354856137692 324.3761719112017 1.0
-0.03855138421378636 0.9992566190800044 -376.0286955996029 563.1525886436318 398.0348989647747 1.0 536.9175249321264 397.0227485304382 1.0 589.3876523551373 399.04704939911113 1.0
-0.2312721649349905 0.9728890922023344 -199.69096692062277 172.49734582417534 246.2611652809984 1.0 143.1466310981233 239.2840047891305 1.0 201.84806055022736 253.23832577286632 1.0
0.9998988954165315 -0.014219667534795609 -238.95109087005793 243.85484793347626 343.12350894649194 1.0 244.08602054306178 359.3791096073022 1.0 243.62367532389072 326.8679082856816 1.0
0.03312048480435827 -0.9994513662436629 360.83124276738005 56.25766763499226 362.8936196831311 1.0 68.16101904987782 363.28808086751 1.0 44.3543162201067 362.4991584987521 1.0
-0.9994072631012132 -0.03442560762779119 182.31238671360086 175.63967706577023 196.85397680091413 1.0 176.4160162221312 174.31613230196405 1.0 174.86333790940924 219.3918212998642 1.0
0.10298711812778938 -0.994682689856284 452.0173139535253 198.1304213396476 474.94763895911115 1.0 204.37815636382086 475.5945148236732 1.0 191.88268631547433 474.30076309454915 1.0
-0.11284433104080749 -0.9936126795446769 228.79176428771038 69.43202876561352 222.3771475522052 1.0 79.44484478280415 221.2399946670263 1.0 59.419212748422886 223.5143004373841 1.0
-0.11230414397312526 -0.9936738797243608 480.3958636269985 196.25270634450186 461.273945900355 1.0 205.71870495203288 460.2041071009649 1.0 186.7867077369708 462.343784699745 1.0
-0.2045552118839922 0.9788550277191691 -207.52156731331354 296.4676638848853 273.9584162333946 1.0 288.3072058588974 272.25309300032507 1.0 304.62812191087323 275.66373946646405 1.0
-0.9999925444437248 0.0038614837776786964 340.81953038829937 341.56058105378736 191.2488006873576 1.0 341.5195437751275 180.62154570797026 1.0 341.6016183324473 201.87605566674495 1.0
-0.9995601355855093 0.029656961211124072 392.0197461798537 398.45975294501767 211.24006787610642 1.0 397.99546733568786 195.59175572071172 1.0 398.9240385543475 226.88838003150113 1.0
-0.08375323678359742 -0.9964865254122961 264.60959316112485 465.5859803578543 226.41074871709066 1.0 526.8236306812835 221.26381366396762 1.0 404.3483300344251 231.55768377021366 1.0
-0.24064457788116458 0.9706133046359896 -197.65826173663504 128.9103034799916 235.60343363299825 1.0 120.81787165517093 233.59707349841673 1.0 137.00273530481226 237.60979376757976 1.0
0.9984945490993546 -0.054851029332879456 -154.24457932496443 159.52372464698422 91.86683000049263 1.0 160.0029486177462 100.59050444057746 1.0 159.04450067622224 83.14315556040779 1.0
-0.9997210655600393 -0.02361760096834242 232.13687555497643 228.14122777990912 171.87538336816507 1.0 228.58463151636678 153.10632818432316 1.0 227.69782404345142 190.644438552007 1.0
0.9999097232920053 0.013436713366940807 -233.53245300992626 231.2437820991102 171.88331514836653 1.0 231.143015846525 179.38196105887076 1.0 231.34454835169538 164.3846692378623 1.0
0.999746688635965 -0.022506855875992753 -391.25693635512823 396.2244250463783 216.25057575764112 1.0 396.46381641346153 226.88425679457202 1.0 395.9850336792951 205.61689472071023 1.0
-0.9954665782591935 -0.09511199487411108 38.664355209892435 5.751073653509013 346.3217614383474 1.0 6.53731704842175 338.0927360346786 1.0 4.964830258596276 354.5507868420161 1.0
0.03402303769767629 -0.9994210488607004 466.79538728712527 227.4851908498785 474.8100163109682 1.0 235.6007856172383 475.08629344864073 1.0 219.36959608251868 474.5337391732956 1.0
-0.999962398481671 -0.008671886921771989 163.53845688787632 160.51471328278615 349.37946370322743 1.0 160.8182649133984 314.37667603449637 1.0 160.21116165217393 384.38225137195855 1.0
0.9914731894523156 -0.13031083837215018 -214.17373305958964 233.75876284364847 134.998848286051 1.0 234.678850013488 141.99935394045932 1.0 232.83867567380898 127.99834263164264 1.0
-0.052963887986083265 0.9985964282779093 -351.6098950780801 587.5256980827803 383.26548093137137 1.0 570.5988674793517 382.3677100855599 1.0 604.4525286862088 384.1632517771829 1.0
-0.9989415167067297 0.04599832822677862 123.7171203866721 139.87860469273556 348.1305898980023 1.0 139.5900970403306 341.8650954118972 1.0 140.16711234514057 354.3960843841075 1.0
-0.047440833057916465 -0.9988740497974561 455.33364524609414 518.7480681676317 431.2093249718266 1.0 528.1315856222716 430.76366129165405 1.0 509.36455071299184 431.6549886519992 1.0
-0.9999464476605782 0.010349000482696422 183.60922950284578 186.53644668084536 281.88497234780755 1.0 186.31634138172265 260.6178449245358 1.0 186.75655197996804 303.15209977107935 1.0
-0.9970441473807952 -0.07683077621437422 203.916165348445 186.90082427383243 228.65566679368078 1.0 187.34647737043505 222.87236180024968 1.0 186.4551711772298 234.43897178711185 1.0
0.9999886856483526 -0.004756950207896487 -309.01210776725685 310.67758117169296 349.37474987115434 1.0 310.73109625603644 360.6244952996824 1.0 310.62406608734943 338.1250044426262 1.0
1.0 0.0 -281.875 281.875 236.875 1.0 281.875 250.625 1.0 281.875 223.125 1.0
-0.9999218601718394 0.012500941984045484 343.4318380441234 347.67042850419347 336.8884967152677 1.0 347.4828313557856 321.8830283402984 1.0 347.8580256526013 351.893965090237 1.0
0.12632207351545857 0.9919892810624291 -435.3673149859131 460.5750130630417 380.2324596919144 1.0 448.1178412126461 381.8187830608474 1.0 473.0321849134373 378.6461363229814 1.0
0.039278646322778776 -0.9992282962081539 372.48269387933817 563.7527159714289 394.93090710201346 1.0 580.6262112272443 395.5941870100158 1.0 546.8792207156133 394.26762719401114 1.0
-0.9999736437597551 0.007260288275173528 245.8975432297296 246.08097448985717 24.371689406502714 1.0 246.0446740052508 19.37195296543191 1.0 246.11727497446353 29.37142584757352 1.0
0.9998673600867585 -0.016286873031261796 -148.76169475707528 150.11489742060164 81.86294778604989 1.0 150.27774454802 91.86029516371853 1.0 149.95205029318328 71.86560040838125 1.0
-0.9997637020881859 -0.02173798488648787 180.4726288200694 178.721785394595 82.48579707465848 1.0 179.30585569120765 55.62349658680709 1.0 178.13771509798235 109.34809756250986 1.0
-0.23660178742197394 0.9716067075667639 -198.07617526769292 241.08039202307242 262.5714962092435 1.0 220.46056847452255 257.5502390792567 1.0 261.70021557162227 267.5927533392303 1.0
0.9994818357401766 -0.03218788631529893 -310.1907131319803 316.1069456756351 178.71435128654622 1.0 316.36898427573794 186.85104030365383 1.0 315.8449070755322 170.57766226943858 1.0
-0.999934506044761 0.011444807600824695 359.8749275699808 362.44514241301465 222.50062787565054 1.0 362.3663826492602 215.6193758517731 1.0 362.5239021767692 229.38187989952797 1.0
0.9633521082427139 -0.2682400334482503 -364.7969254188509 462.2738690904131 300.2369926651978 1.0 465.93531779650857 313.38664928019415 1.0 458.61242038431766 287.08733605020154 1.0
0.99995913348207 0.009040540126994564 -242.36736931306174 240.5577457827477 201.25504252920018 1.0 240.21303819378937 239.38257662754927 1.0 240.90245337170606 163.12750843085112 1.0
-0.9999734558880318 -0.007286118263291415 263.25484688882074 260.83457123851366 333.12652700136124 1.0 260.9074304871112 323.1270578765547 1.0 260.76171198991614 343.12599612616776 1.0
-0.9999990333291278 0.0013904462628630669 191.90515559667364 192.0426474830449 98.74976689495838 1.0 192.01744566889238 80.62480193676055 1.0 192.0678492971974 116.8747318531562 1.0
0.9995313429028577 0.030612000176562706 -184.31470757408115 182.16189351170019 73.11464503119085 1.0 181.47286062058143 95.61268393723601 1.0 182.85092640281894 50.61660612514567 1.0
1.0 0.0 -318.125 318.125 219.375 1.0 318.125 228.125 1.0 318.125 210.625 1.0
0.8440487731197225 -0.5362664156882206 -306.7337385815568 630.001652691546 419.60185619187064 1.0 634.5514267298319 426.7629072714141 1.0 625.4518786532603 412.4408051123271 1.0
-0.9985254139642415 -0.05428625670959375 184.50574034127214 176.96277871592582 143.7547722149479 1.0 177.54240341189137 133.0933263064736 1.0 176.3831540199603 154.4162181234222 1.0
-0.9999067877940222 -0.013653414351008912 210.50290192022624 205.97385902413797 333.1212293813696 1.0 206.12756212793417 321.86479396970446 1.0 205.82015592034176 344.3776647930347 1.0
0.17734536957818037 0.9841486777358279 -480.72497724989614 387.9769971235566 418.55368261517447 1.0 381.70540048553306 419.6838356588939 1.0 394.24859376158014 417.4235295714551 1.0
0.9992211634633189 0.03945968179054718 -286.8058985600926 280.63691428683944 161.87547050041036 1.0 280.43782320798744 166.9169713544111 1.0 280.8360053656914 156.8339696464096 1.0
-0.9940993765050571 0.10847317471272237 214.35487344982837 246.6599255402557 284.3984682869736 1.0 245.70167774390777 275.616633152069 1.0 247.61817333660363 293.18030342187814 1.0
0.8412281260194278 -0.5406803491841013 -302.8102155501868 613.9148155693924 395.1173639086215 1.0 617.2852503039677 400.36132089710105 1.0 610.5443808348172 389.8734069201419 1.0
0.06922987990556573 0.9976007336245603 -223.33927434030184 23.731231880707995 222.22955189868887 1.0 14.357999296391467 222.88002031181995 1.0 33.10446446502452 221.5790834855578 1.0
-0.9999427469396039 0.010700600117714999 236.99990660694252 238.27092371909737 117.50512669722693 1.0 238.0234149444471 94.37608708329624 1.0 238.51843249374767 140.6341663111576 1.0
0.9999941161675588 0.0034303979744099897 -242.2357464639722 241.84909864267672 113.12705515886252 1.0 241.77619575985918 134.37894908283852 1.0 241.92200152549424 91.87516123488652 1.0
-0.9998485255293689 0.01740476936781869 291.81346419819744 297.49332294759836 323.750116230163 1.0 297.373493954547 316.8663225132721 1.0 297.6131519406498 330.63390994705384 1.0
-1.0 0.0 314.375 314.375 248.75 1.0 314.375 235.625 1.0 314.375 261.875 1.0
-0.06182676147111348 -0.9980868957991554 256.6212716639492 367.4983505003605 234.34837166082121 1.0 381.8955369671642 233.4565340690397 1.0 353.1011640335568 235.24020925260274 1.0
0.9994993633464653 0.03163894230233304 -178.1657812931649 175.26733362370277 94.38346238967824 1.0 174.87141920093228 106.8907140454832 1.0 175.66324804647323 81.8762107338733 1.0
-0.07989851025160989 -0.996803003636914 228.05177882507698 11.851613611063453 227.83323457580425 1.0 23.129350020489802 226.92927026707338 1.0 0.573877201637103 228.73719888453513 1.0
0.036502191649684816 0.9993335729398717 -396.57256130337 485.63772443523214 379.0983614202198 1.0 478.12491884419546 379.37277816847745 1.0 493.1505300262688 378.8239446719622 1.0
-1.0 0.0 276.875 276.875 137.5 1.0 276.875 124.375 1.0 276.875 150.625 1.0
0.15627021683483186 0.9877143409561262 -444.885823016583 494.32907883455556 372.20975279498816 1.0 480.6254521920775 374.3778581044349 1.0 508.03270547703363 370.0416474855415 1.0
-0.15583750309623348 -0.9877827051678578 442.82102041345127 281.2771867026821 403.92232408237044 1.0 291.9327805813155 402.2412446958149 1.0 270.6215928240487 405.60340346892593 1.0
0.9998824930431564 -0.015329713167647393 -312.29691851252187 316.20483796993125 252.5006924023291 1.0 316.3486840183071 261.8830692212245 1.0 316.0609919215554 243.1183155834337 1.0
0.025880637439151977 0.9996650402038391 -454.2958050084398 360.0033083901993 445.1277898208409 1.0 350.6184178542291 445.3707581548321 1.0 369.3881989261695 444.8848214868497 1.0
-0.9998010691130942 0.01994548069899269 347.2308109358024 351.2274564079512 196.87544973224573 1.0 350.853304401698 178.12044545292233 1.0 351.6016084142044 215.63045401156913 1.0
0.9999999897545915 0.00014314613754869398 -286.87128593382937 286.83881259339523 226.87499481991244 1.0 286.8346971419829 255.62499423080146 1.0 286.8429280448076 198.12499540902343 1.0
-0.9993216600418692 -0.036826889240916996 247.8209859952259 246.56077429810745 38.76145261942471 1.0 246.90663982381201 29.37616598722285 1.0 246.21490877240285 48.14673925162656 1.0
-0.0342448146552029 0.9994134743284336 -464.7355979190955 335.03466681909623 476.4882705902851 1.0 326.8978046104136 476.209461723516 1.0 343.1715290277789 476.76707945705414 1.0
0.9999984231885061 0.0017758436028314705 -322.26003981350436 321.8287954466215 243.12491794781008 1.0 321.7932786305683 263.12485487540005 1.0 321.86431226267473 223.1249810202201 1.0
-0.0018716952266035023 0.9999982483769552 -365.13477312792656 556.2501374851302 366.1765452583297 1.0 536.8763751679312 366.1402834163622 1.0 575.623899802329 366.21280710029725 1.0
-0.9992707451539857 -0.03818347652320517 232.41333345444008 228.88103058785444 96.88000685464817 1.0 229.12041451801602 90.61527194699572 1.0 228.64164665769286 103.14474176230064 1.0
1.0 0.0 -325.625 325.625 323.75 1.0 325.625 336.875 1.0 325.625 310.625 1.0
-0.9999629573047536 -0.008607207348008383 363.9439897724299 362.3059170291804 191.87332942574488 1.0 362.4134568330921 179.37963478129518 1.0 362.19837722526876 204.36702407019456 1.0
0.15075973745342464 0.9885704332838275 -448.4571858294567 422.2890677175729 389.24186268923825 1.0 406.6466089582112 391.6273811068322 1.0 437.9315264769346 386.85634427164433 1.0
-0.03202623712780048 0.9994870284978359 -367.51185898548545 544.3703998841993 385.14356216916747 1.0 531.8632147521433 384.7427985119917 1.0 556.8775850162552 385.5443258263432 1.0
-0.9994375842760316 -0.03353379096508717 238.09411955533477 234.55877715396974 109.36019579919689 1.0 234.9365229500599 98.1018997625863 1.0 234.1810313578796 120.61849183580748 1.0
0.9999998042819809 -0.0006256484633491808 -321.5075354307906 321.63976671144997 211.2501471733743 1.0 321.64563216464586 220.6251435036618 1.0 321.633901258254 201.8751508430868 1.0
0.9999870784593936 -0.005083592651509504 -319.8111883361318 320.6573009206121 165.6248357931555 1.0 320.7399082337716 181.87441584579904 1.0 320.5746936074526 149.37525574051202 1.0
-0.06113730271762839 -0.9981293654714369 287.32542565103483 374.3708956142002 264.9329916791903 1.0 414.4120815015073 262.48039366188937 1.0 334.32970972689316 267.3855896964913 1.0
0.1268885397278974 0.9919169816500379 -486.4794651722385 206.90391767942594 463.9760561698796 1.0 198.21613450684282 465.08741945998867 1.0 215.59170085200904 462.8646928797705 1.0
-1.0 0.0 283.125 283.12499999999994 147.5 1.0 283.12499999999994 129.375 1.0 283.12499999999994 165.625 1.0
-0.9999996309246888 0.0008591568461161653 224.4988399008987 224.78942496781065 338.1246439438203 1.0 224.77331578289147 319.3746577841419 1.0 224.80553415272982 356.87463010349865 1.0
-1.0 0.0 174.375 174.375 66.875 1.0 174.375 56.875 1.0 174.375 76.875 1.0
-0.0735695009680361 -0.997290092464231 259.54317416749905 591.899663681302 216.5843348083439 1.0 600.6481608899302 215.93896333747256 1.0 583.1511664726736 217.2297062792152 1.0
-0.06193553522684792 -0.9980801518295832 253.3259000914958 571.226166734123 218.36593115264245 1.0 580.6038395282138 217.78400275478825 1.0 561.8484939400322 218.94785955049664 1.0
-0.14848791665920882 -0.9889142220669132 446.70233097590506 519.2794713938754 373.7387893282072 1.0 531.6874153921897 371.87570584409775 1.0 506.87152739556103 375.6018728123167 1.0
-0.9994525187799373 0.03308568730491896 307.10186265730107 312.62862571231767 161.87074199872717 1.0 312.33860027989334 153.1096530639457 1.0 312.91865114474206 170.6318309335086 1.0
0.9965557651635503 -0.08292530928064587 -93.42834415383015 124.06507610390375 364.29677447124516 1.0 124.69346957536484 371.8484995381525 1.0 123.43668263244264 356.7450494043378 1.0
-0.9994103228939901 -0.03433666397497158 178.38054060510802 171.20646781489344 211.87350436804797 1.0 171.37878677610317 206.85795164024364 1.0 171.03414885368372 216.88905709585228 1.0
