line_hom_a line_hom_b line_hom_c centroid_x centroid_y centroid_z point1_x point1_y point1_z point2_x point2_y point2_z
0.07531499866253068 0.9971597920977676 -320.74468087228087 110.59141511211666 313.30534089604896 1.0 94.29277624298382 314.53636923710087 1.0 126.89005398124952 312.074312554997 1.0
0.12684324690070203 0.9919227745725409 -198.99335603939923 377.47993431314285 152.34308497088068 1.0 369.24974906595 153.39552921967623 1.0 385.7101195603357 151.29064072208513 1.0
0.012077057132693777 0.9999270696860915 -304.7895320313023 621.8801419678664 297.30073226279774 1.0 614.3812358826838 297.39130358541615 1.0 629.3790480530489 297.21016094017926 1.0
-0.9999305177112515 -0.011788119006380087 360.1132922658568 358.95202552375713 100.6273816664 1.0 359.57111932018466 48.112575865870525 1.0 358.33293172732965 153.14218746692947 1.0
-0.9995597405775983 0.02967027159370529 574.2420807080205 575.9227052877261 48.097611025258004 1.0 574.5123372519095 0.5838191967071094 1.0 577.3330733235429 95.6114028538089 1.0
0.9999979729841924 -0.0020134615731962967 -395.36153995608214 395.5120933275816 74.37522733370707 1.0 395.66059088514197 148.1274451710433 1.0 395.3635957700212 0.6230094963708499 1.0
-0.023058674289347065 -0.9997341134221728 308.6212334385891 618.780128849487 294.43126931333256 1.0 626.9296244461214 294.2433027709666 1.0 610.6306332528526 294.6192358556985 1.0
0.9993940398021188 0.034807372897143654 -180.76497410592782 178.78331155999427 60.04469578788041 1.0 178.15205299585008 78.1694778116195 1.0 179.41457012413844 41.91991376414131 1.0
0.9768686430129117 -0.2138402541574259 60.202509996282345 6.726598465731303 312.258855914174 1.0 8.277062743916154 319.34171288812524 1.0 5.1761341875464515 305.17599894022277 1.0
-0.028839146006255093 0.9995840653279892 -217.67401975849677 28.772512100534037 218.59471555724943 1.0 24.401150772031908 218.46859677247528 1.0 33.14387342903617 218.72083434202358 1.0
-0.9996393664485116 0.026853994980605683 295.21883703201684 301.6888105168017 236.88000173524077 1.0 301.3523552138809 224.3554605601597 1.0 302.02526581972256 249.40454291032182 1.0
-0.9999580253742957 -0.00916228626161021 181.8630260307364 179.63728941237605 243.74667660226768 1.0 179.73468708488656 233.11684235579526 1.0 179.53989173986557 254.3765108487401 1.0
0.6618636595682563 -0.74962423662987 -122.36170129003744 524.8070188891835 300.13569706678686 1.0 530.7998671928613 305.426946089553 1.0 518.8141705855057 294.8444480440208 1.0
0.20072152125620812 0.9796483404286427 -134.75904777835098 63.29702228207519 124.5895778494355 1.0 56.93013589169593 125.89409812390787 1.0 69.66390867245444 123.28505757496313 1.0
-0.03303458438644401 -0.9994542091733943 271.88214114645933 292.51610284644664 262.36218813811854 1.0 305.6267797470233 261.9288458614436 1.0 279.4054259458699 262.7955304147934 1.0
-0.9999086437769648 -0.013516808059260121 330.44990127644706 328.9087053983259 116.24369660951615 1.0 329.0187478108207 108.10328661381115 1.0 328.7986629858311 124.38410660522116 1.0
-0.019924321687730284 -0.9998014909997304 301.0611067749319 570.0077044752813 289.76161019403753 1.0 580.6533870358758 289.54946007640706 1.0 559.362021914687 289.97376031166806 1.0
-0.9995263281908736 -0.030775302651151217 120.96727356391014 114.54050768281697 210.59160860415295 1.0 114.88774974103457 199.3138127891799 1.0 114.19326562459936 221.869404419126 1.0
0.9988368713220197 0.04821726337774835 -182.25697292824466 176.58655822457845 121.86107593146193 1.0 175.98163733776966 134.39221610098636 1.0 177.19147911138725 109.32993576193748 1.0
0.01180300266476784 -0.9999303421379389 294.70346741792235 108.14269989734407 296.00049475461924 1.0 114.41395829281873 296.0745195905843 1.0 101.8714415018694 295.9264699186542 1.0
0.24996200309727432 0.9682556465146992 -84.70015110371988 186.84086411237078 39.242770839022626 1.0 179.5069377336725 41.13607549961108 1.0 194.17479049106907 37.34946617843418 1.0
0.3367781164861417 0.941584037808653 -139.48511750401917 323.344140647901 32.48768629402522 1.0 317.0102502743842 34.753140660676436 1.0 329.67803102141784 30.222231927373997 1.0
0.10777454763020107 -0.994175360227312 231.4598780258999 4.290330114740552 233.2810444629937 1.0 8.063739290373192 233.6901045576177 1.0 0.5169209391079116 232.87198436836965 1.0
0.2633203916345861 0.9647084385188139 -75.08850044652414 210.44841750613392 20.392835746451688 1.0 193.6321200977953 24.982900311664917 1.0 227.2647149144725 15.802771181238455 1.0
-0.8220356209851384 0.5694360700127609 437.02915128722026 613.8530193302618 118.67863700664293 1.0 603.6788935103273 103.99130988283893 1.0 624.0271451501962 133.36596413044694 1.0
-0.9994777101435967 0.03231573805613388 621.916243288125 627.655478984087 167.45455717498027 1.0 626.8258626243307 141.79575717769828 1.0 628.4850953438433 193.11335717226228 1.0
0.13574996188967672 0.9907431290939905 -173.72224337968382 61.42860995224663 166.9285479385251 1.0 54.51218613327763 167.87622473008307 1.0 68.34503377121563 165.98087114696713 1.0
-0.01115917292598657 0.9999377344913073 -107.71802893574946 5.010817744924427 107.78065653487207 1.0 0.6154404047366285 107.7316047048208 1.0 9.406195085112227 107.82970836492333 1.0
-0.12707705874440017 -0.9918928476105029 259.2910168078968 81.21860279442073 251.00493087456746 1.0 88.21891911288414 250.10808036276694 1.0 74.21828647595733 251.901781386368 1.0
-0.04280735493376375 -0.999083345053642 300.1063527486509 120.66085355095873 295.21178810987817 1.0 128.14711002868555 294.8910272446773 1.0 113.17459707323192 295.5325489750791 1.0
0.23199134290319012 0.9727178505702332 -111.0352306415831 34.166511224369486 106.00082620040286 1.0 24.42263340566513 108.32472238357731 1.0 43.91038904307385 103.67693001722839 1.0
-0.18425788568548737 -0.9828779331955285 130.11291804384612 65.4125589302058 120.11678587009527 1.0 73.9786773375405 118.51091517856858 1.0 56.8464405228711 121.72265656162196 1.0
0.0005608767896910755 0.9999998427086011 -273.55601889346826 270.0005073831783 273.4046248798683 1.0 258.1251605709103 273.4112854873125 1.0 281.87585419544627 273.39796427242413 1.0
-0.9995480208820605 -0.030062500740226115 322.5817582335324 322.0695338434334 21.880850818259894 1.0 322.3711526670485 11.852327216370384 1.0 321.7679150198184 31.9093744201494 1.0
0.09982543913200805 0.9950049656670572 -191.0688981542061 166.1604858997992 175.35777277844767 1.0 160.40530192590694 175.93517066821008 1.0 171.91566987369148 174.78037488868523 1.0
-0.06371475309147828 -0.9979681509138916 301.8783711489922 93.68689615350459 296.51160051719614 1.0 100.65320903826041 296.06683992538393 1.0 86.72058326874875 296.95636110900836 1.0
-0.999788144291607 -0.020583161417643554 388.13103283608314 384.27648582347194 191.22223743337233 1.0 384.5208590824661 179.3522684734629 1.0 384.0321125644778 203.09220639328174 1.0
-0.17637494240990234 -0.984323056567255 143.55219923462488 64.14557990035362 134.34463958918235 1.0 72.84039625065876 132.78666761766533 1.0 55.450763550048485 135.90261156069937 1.0
-0.01066457337737572 0.9999431318203443 -299.4374093790928 523.1246410398244 305.0336572077955 1.0 518.1185447261369 304.98026629007967 1.0 528.1307373535118 305.08704812551133 1.0
0.03926552325030688 0.999228811976456 -307.3168493239536 183.0900014914285 300.35935815326036 1.0 170.58475173153684 300.85076229344594 1.0 195.59525125132015 299.86795401307484 1.0
0.9999967871543797 -0.002534892683798698 -526.6448063163743 527.2517035023734 238.74904509397987 1.0 527.3863692435386 291.8737037296811 1.0 527.1170377612083 185.62438645827868 1.0
0.9999897356177853 0.00453085632877699 -463.11141379173705 462.1391860456455 215.62619700130335 1.0 462.02025228780917 241.8756581240027 1.0 462.2581198034818 189.37673587860402 1.0
-0.9992901216623995 -0.0376729710528227 99.75178525314638 91.81154405468948 212.49760772778694 1.0 92.21330929128372 201.84062950345043 1.0 91.40977881809522 223.15458595212348 1.0
0.1725382527582225 0.9850028179325883 -147.38743915947776 63.807733252368294 138.45459309232646 1.0 54.49938350214134 140.08509238910767 1.0 73.11608300259525 136.82409379554525 1.0
-0.10690986327527305 0.9942687167634625 -265.20618916815135 293.8620667220889 298.3327721591844 1.0 281.9899232179071 297.05620656135676 1.0 305.73421022627076 299.6093377570121 1.0
0.9999971990493717 0.0023668319355648368 -512.5415146501823 511.868401303632 284.999984381951 1.0 511.84917084801924 293.124938866567 1.0 511.88763175924475 276.8750298973349 1.0
-0.9996395844073948 0.02684588023908228 119.91430694930725 125.64709646629424 211.85762186241095 1.0 125.37738310573087 201.81451099170923 1.0 125.9168098268576 221.9007327331127 1.0
0.9999149099337479 -0.013045033238166484 -193.29463827924533 193.71867806657815 31.242254790848357 1.0 193.79226285089266 36.882602472374096 1.0 193.64509328226367 25.601907109322617 1.0
0.15295511294739517 0.9882331371813281 -132.1266263407129 33.003756474323886 128.59165338651977 1.0 26.522088612638754 129.5948622474362 1.0 39.48542433600902 127.58844452560334 1.0
0.999812256112661 0.01937659740280931 -179.4015916897767 177.4856182205061 100.60049598281586 1.0 177.36383324973633 106.8844737037072 1.0 177.60740319127586 94.3165182619245 1.0
0.9999999942369269 -0.00010735989110117188 -280.72703163787315 280.73911124222695 112.49998774902937 1.0 280.74052035519725 125.62512179761181 1.0 280.7377021292567 99.37485370044695 1.0
0.9999869474945448 0.005109289631881755 -333.7663341787583 333.2852976872955 95.00081901800195 1.0 333.109668148635 129.37492166410829 1.0 333.460927225956 60.6267163718956 1.0
0.9999701345206169 0.007728522939042285 -251.645930729398 251.60036503656823 6.868046942891971 1.0 251.55202587950774 13.122503812551225 1.0 251.64870419362876 0.6135900732327182 1.0
0.9999999645328632 0.00026633488735550604 -429.6841292971577 429.67382408270987 38.74991312797073 1.0 429.6723259046877 44.37507918826414 1.0 429.675322260732 33.12474706767732 1.0
-0.9996635442540873 0.025938355563841053 623.026686302308 628.8639959884017 216.88825906483592 1.0 628.2481673125938 193.15423802420815 1.0 629.4798246642097 240.6222801054637 1.0
-0.9991236146055752 0.0418569317734854 171.65325871125586 180.62876473785488 210.6510258106232 1.0 180.36629318008255 204.38583817212637 1.0 180.8912362956272 216.91621344912002 1.0
-0.9999857726077936 0.005334283643933942 463.0274215857066 464.59763715649945 293.1238123733607 1.0 464.5109562805459 276.8742747603181 1.0 464.684318032453 309.3733499864033 1.0
0.24702468795091534 0.9690091865110221 -75.45278843876201 241.86445025732382 16.20861629194498 1.0 233.19956849147576 18.417511464597553 1.0 250.52933202317186 13.999721119292412 1.0
-0.032938588361160676 0.9994573774787867 -250.93449674713463 110.63433160658046 254.71685055417925 1.0 103.12189328914134 254.46926709649247 1.0 118.14676992401958 254.964434011866 1.0
-0.9993034447243775 -0.03731789600168776 99.49133791822344 90.5515720119732 241.2472579119633 1.0 90.85630949762356 233.08695811549904 1.0 90.24683452632284 249.40755770842756 1.0
-0.07223792508256494 -0.9973874283245029 302.0966602630441 76.19527192716322 297.3693707130093 1.0 84.45799609068781 296.77092518206325 1.0 67.93254776363864 297.9678162439554 1.0
0.06874423438309393 0.9976343168912557 -128.71946283363218 49.37482162256394 125.62241133997392 1.0 40.58044509883573 126.22840761612873 1.0 58.169198146292146 125.01641506381911 1.0
-0.9984207805641998 -0.05617779755004454 175.81613005676866 164.49478080386697 206.15123968713812 1.0 165.2329224507568 193.03260578914362 1.0 163.75663915697714 219.26987358513264 1.0
-0.496259243690077 0.868174385162424 137.62923144016568 344.76126992593584 38.542643273965595 1.0 330.15660152405786 30.194433721452274 1.0 359.3659383278138 46.89085282647892 1.0
-0.006945623238103522 -0.9999758788680027 288.1476503047055 166.87583708079353 286.9955162695297 1.0 181.87511345556106 286.89133443400254 1.0 151.87656070602603 287.0996981050568 1.0
0.9999787516243689 -0.00651891860422547 -429.5436144599726 429.6587175014172 16.2562992508058 1.0 429.69538563941103 21.881060209119603 1.0 429.62204936342334 10.631538292491998 1.0
-0.24625806907960776 0.9692042939510653 -253.33455520907455 111.63169636714932 289.7477476701198 1.0 105.90029898925255 288.29149860042673 1.0 117.36309374504607 291.2039967398129 1.0
-0.9999227431620623 -0.01243011292211325 326.7412390704602 323.87643309833106 232.48603285747942 1.0 324.05519873442967 218.10548568538943 1.0 323.6976674622324 246.8665800295694 1.0
0.14662216099074507 0.9891925706890463 -179.97509441662893 585.6449695235276 95.13472522966732 1.0 579.2573869759556 96.08151879078294 1.0 592.0325520710998 94.18793166855171 1.0
0.05988990220392302 0.9982049887743522 -259.47199022651404 82.49932930240172 254.988821259279 1.0 70.6295585575122 255.70097899951156 1.0 94.36910004729125 254.27666351904642 1.0
-0.20873346018168473 0.9779725674069703 -135.979991364345 151.9600900684743 171.4763300759053 1.0 145.98240042722068 170.20048258867016 1.0 157.93777970972792 172.75217756314044 1.0
-0.15161000347160616 -0.9884403911452322 170.32755318869144 61.83063063785548 162.83572839081353 1.0 70.56682851168596 161.49574370195893 1.0 53.09443276402501 164.17571307966816 1.0
0.9999254589938468 0.012209686971611615 -484.88944935525257 481.4608078212708 283.7525740893841 1.0 481.2546915391546 300.6326889097208 1.0 481.66692410338703 266.87245926904734 1.0
-0.9990276897029297 -0.044087131986858895 111.91236171940557 101.29329801191625 243.0993294679517 1.0 101.62363000402469 235.61390703200288 1.0 100.9629660198078 250.58475190390047 1.0
-0.9992925307217737 0.0376090154573743 325.9854218321387 329.3203423472346 82.47853479987721 1.0 329.06107926684615 75.58977005628098 1.0 329.5796054276231 89.36729954347344 1.0
-0.20316021876045282 0.9791455078348696 -160.64147227930513 76.39743710745674 179.91441609565481 1.0 62.11844338927929 176.9517068106184 1.0 90.67643082563417 182.8771253806912 1.0
-0.999723228353726 0.023525872778793862 563.2674686059486 566.4086457262183 126.85655894638057 1.0 565.8199698557495 101.84099641177535 1.0 566.9973215966872 151.87212148098578 1.0
0.997739149756922 0.06720557300056337 -184.86393942325142 174.88498849681994 154.36725307138164 1.0 173.61926430615603 173.15829258545884 1.0 176.15071268748386 135.57621355730447 1.0
-0.017705926633552558 -0.9998432377938289 298.64202959735536 296.2445589285571 293.4427459036102 1.0 306.87729246216225 293.25445398669376 1.0 285.61182539495195 293.6310378205266 1.0
-0.5449664130344404 0.8384578753070281 166.803420869647 314.1961933310015 5.275102935141271 1.0 306.04576696424704 -0.022370858834384055 1.0 322.3466196977559 10.572576729116925 1.0
0.9999508754314445 -0.009911948541434063 -504.56734077998146 506.63033582689434 205.62122994565306 1.0 506.7542905013622 218.12619652511773 1.0 506.5063811524264 193.11626336618838 1.0
0.9997127766732701 0.02396589568992476 -475.3960957411652 470.7380585989264 200.00271032905846 1.0 470.57334039056263 206.87376157548442 1.0 470.90277680729014 193.13165908263247 1.0
-0.010183167724479768 -0.9999481502033468 308.8704203948736 497.4943491182145 303.82010500648585 1.0 508.1182473385998 303.711914459362 1.0 486.87045089782913 303.9282955536097 1.0
0.999595986028131 0.028422961078121832 -180.11528989923872 177.824717615672 83.11646163585938 1.0 177.71716474300874 86.8989464904286 1.0 177.9322704883353 79.33397678129016 1.0
0.1973942703257636 0.980324182116589 -404.99751839466444 499.51024475401846 312.54666945955375 1.0 493.0199969247235 313.8535205582699 1.0 506.0004925833134 311.23981836083766 1.0
-0.9804192194044423 -0.1969216956619661 159.79917815200184 113.51450722228083 246.32823431157408 1.0 114.4076428563169 241.88155646736612 1.0 112.62137158824477 250.77491215578206 1.0
0.9995680901263779 -0.029387636875142734 -490.27923007811495 496.6097118473083 208.11442435112446 1.0 496.8305636985436 215.62630644215653 1.0 496.388859996073 200.60254226009235 1.0
-0.9979066110944091 -0.06467144295646858 563.1267861116521 554.137235787889 156.94060007548518 1.0 554.4651440846831 151.88084197756146 1.0 553.8093274910951 162.00035817340893 1.0
-0.998641940646887 -0.05209869845801674 113.54008032820349 102.64237478821218 211.84982166094397 1.0 103.23108201618797 200.56532231606383 1.0 102.05366756023638 223.13432100582412 1.0
-0.997600241698508 0.06923696818231118 321.7572424592648 329.3416206477745 98.12731664453493 1.0 328.81759732912207 90.57693130751659 1.0 329.86564396642694 105.67770198155327 1.0
0.0521252685091314 0.9986405541449089 -322.42892773369994 503.14356378103736 296.6056536994902 1.0 495.6314076037729 296.9977599044677 1.0 510.6557199583018 296.2135474945126 1.0
-0.43797495108216383 0.8989871757842689 -46.84362265065547 120.77302334946616 110.9461673434567 1.0 112.47104802894609 106.90155209995443 1.0 129.07499866998623 114.99078258695897 1.0
0.9983937369661351 -0.056656385225283705 -451.9433157671875 462.9544511000238 181.22421101952494 1.0 463.2786500121944 186.93721516116435 1.0 462.6302521878532 175.51120687788557 1.0
0.005860335360982519 0.9999828280872911 -102.51379266197726 59.384039937513 102.16753668487509 1.0 48.12710100882184 102.23350725497619 1.0 70.64097886620416 102.10156611477399 1.0
0.9998679517761523 -0.01625050802166342 -479.21987386598386 482.4725878822619 196.2402876108219 1.0 482.70648818723294 210.631801927753 1.0 482.23868757729093 181.84877329389082 1.0
0.0032205739320626922 -0.9999948139383263 318.9080565791034 318.1252117166624 319.93426154190183 1.0 335.63106874978075 319.99064074110714 1.0 300.61935468354415 319.8778823426966 1.0
-0.996646101916923 -0.08183243570737837 264.901346409954 246.70805990812704 232.43497552789535 1.0 247.48522197904785 222.96983445216577 1.0 245.93089783720623 241.90011660362495 1.0
0.1414867272578244 0.9899401527415028 -149.892927154617 424.91921520058077 90.6847730120966 1.0 420.5442564915422 91.31006191255764 1.0 429.2941739096193 90.05948411163554 1.0
0.9999076457172676 -0.013590439144896159 -509.939943869684 512.8328583399991 209.3789707001631 1.0 512.9859675351528 220.64387930476843 1.0 512.6797491448456 198.11406209555776 1.0
0.24307099318001163 0.9700085011351616 -436.52469927193266 566.5438036120013 308.05331489187176 1.0 561.5444949884239 309.3060739253486 1.0 571.5431122355787 306.800555858395 1.0
-0.18141722438313812 -0.9834062185572745 225.34894252614143 444.4283140031947 147.16399859126494 1.0 450.91862976158114 145.9666754016841 1.0 437.93799824480834 148.36132178084574 1.0
-0.9999187128422106 0.012750204232751569 205.86391291818924 208.96492140248165 241.88022901092125 1.0 208.8212900550417 230.61612143787988 1.0 209.1085527499216 253.14433658396263 1.0
-0.9995798054288503 0.028986420593476277 562.2335672859041 567.7438304511685 181.86792925690105 1.0 566.8719775671525 151.80259113221288 1.0 568.6156833351845 211.93326738158922 1.0
0.9998057095447096 0.01971149821296196 -502.3849682772866 496.85165709303305 285.6122177064703 1.0 496.65433756898693 295.62064956763794 1.0 497.0489766170792 275.60378584530264 1.0
0.9990608477931682 0.04332923270490858 -565.3993079703865 559.2911108289354 153.09425550238217 1.0 558.9111627152778 161.85488339379793 1.0 559.6710589425932 144.33362761096637 1.0
-0.8498434928179006 0.5270351389756387 456.748960531852 599.4018287408221 99.89615362082947 1.0 596.5742588208288 95.33670071288032 1.0 602.2293986608153 104.45560652877862 1.0
-0.2049429910901562 -0.9787739117911859 140.97394255535085 423.93619452492993 55.26423433072979 1.0 428.3781784617975 54.33413856149326 1.0 419.49421058806234 56.19433009996632 1.0
-0.9577773536932138 0.28751094023084484 509.4417940582673 543.4985501853317 38.637865624934626 1.0 541.8462575047479 33.133628082301826 1.0 545.1508428659156 44.14210316756743 1.0
-0.015751856862270208 -0.9998759318062369 267.2688939676092 273.12302020433043 262.99932909928145 1.0 279.3714694481141 262.900892208295 1.0 266.87457096054675 263.097765990268 1.0
0.9999990557078119 -0.0013742574302195057 -506.15525076077864 506.54567289495526 283.7487347572385 1.0 506.5602743663633 294.37371469103897 1.0 506.53107142354725 273.12375482343805 1.0
0.9999263464916939 -0.012136786715309761 -487.3078055006906 489.86987403982397 208.12657942735515 1.0 489.96098529930674 215.63305959841585 1.0 489.7787627803412 200.62009925629445 1.0
0.9999993220786092 -0.001164406424788675 -489.80081383174434 490.1344581085716 286.25057119051723 1.0 490.15265364142783 301.8770055125252 1.0 490.1162625757154 270.6241368685092 1.0
-0.9990584969358332 -0.04338340351233511 476.2260833898243 466.38848497960254 236.88101361158422 1.0 466.93379592785305 224.3232728117663 1.0 465.843174031352 249.43875441140216 1.0
0.03476265302046862 0.9993955963255884 -312.08067828352193 123.09848083267315 307.9875973424962 1.0 118.08280951643248 308.1620608305006 1.0 128.1141521489138 307.8131338544918 1.0
0.9999154121662815 0.013006479628826857 -453.28480191912917 449.7461060245331 274.996697453825 1.0 449.55904796477887 289.3773940186095 1.0 449.9331640842874 260.6160008890405 1.0
-0.9998432660531833 -0.0177043307725342 258.69329594571184 253.6098984295284 289.37251920663005 1.0 253.8756176701519 274.36615738411234 1.0 253.3441791889049 304.3788810291478 1.0
0.9999929498165685 0.0037550389023278427 -453.87261675016526 453.17876426371663 185.62989572004545 1.0 453.1130515462159 203.12964896449517 1.0 453.2444769812174 168.1301424755957 1.0
0.9998081409778747 0.01958778278331302 -517.8531488712998 513.2135447331597 241.88897944132123 1.0 513.0174646854836 251.8973826444091 1.0 513.4096247808358 231.88057623823335 1.0
-0.9999337205044161 -0.011513235783056826 437.8276770887432 435.1798351338198 232.4876781228811 1.0 435.3166285936564 220.60705691330244 1.0 435.0430416739832 244.36829933245977 1.0
0.026787064693104944 -0.9996411622002804 310.9572731999326 285.017915444422 318.7064304538967 1.0 299.41607252427286 319.09225326686544 1.0 270.61975836457106 318.32060764092796 1.0
0.9999245527848507 -0.012283677707272525 -467.76785059086205 470.6976940112932 235.62410698281835 1.0 470.8514170089407 248.13757431226566 1.0 470.5439710136457 223.11063965337104 1.0
-0.08190365464591226 0.9966402517235812 -278.0530857717314 288.16226616590455 302.6715286484651 1.0 270.67762421845157 301.23464500545043 1.0 305.64690811335754 304.10841229147974 1.0
-0.999791153593052 -0.020436467333521415 527.223592189027 522.2749968577992 247.48262530990945 1.0 522.4926110363348 236.8365225835649 1.0 522.0573826792637 258.12872803625396 1.0
-0.08574546584158703 -0.9963170755776541 323.2521463446599 183.17300108349198 308.6827472658164 1.0 191.96545568022273 307.9260472816767 1.0 174.38054648676123 309.439447249956 1.0
-0.9998987496584794 0.014229913260791373 483.20460727884955 486.6424251847679 238.12830985457128 1.0 486.50014045999575 228.13033475888537 1.0 486.78470990954 248.1262849502572 1.0
-0.09956347020736613 -0.9950312132793959 191.63797469866793 365.6012495154299 156.01263911423996 1.0 383.1135279609822 154.26034914583747 1.0 348.0889710698776 157.76492908264245 1.0
0.9795417389195957 -0.20124110344155471 -66.66964941197902 130.1278901536164 302.10553088469504 1.0 131.24006664851 307.5190536648958 1.0 129.01571365872277 296.6920081044943 1.0
0.9971327565280479 0.07567209432001214 -36.73028355365401 11.034647218291287 339.98365694447114 1.0 10.512314324618796 346.86644831919307 1.0 11.556980111963776 333.10086556974926 1.0
0.9851033180146135 0.1719635218195986 -88.72525591791013 30.625151536653476 340.51592398696084 1.0 29.087438998267654 349.3248022169943 1.0 32.162864075039295 331.7070457569274 1.0
-0.999638465296991 -0.02688751938495756 234.07410976516235 227.68648211395234 240.63001585485944 1.0 227.95571193677523 230.62044661771267 1.0 227.41725229112944 250.63958509200617 1.0
-0.9807720615065798 -0.19515676613464777 112.96522400726671 73.76596944010167 208.12817764382726 1.0 75.03365789540965 201.7573330951803 1.0 72.4982809847937 214.49902219247426 1.0
0.0014383438301914491 -0.9999989655829781 291.6018885392555 431.8744989166785 292.22337484102235 1.0 441.8762761562767 292.237760850487 1.0 421.8727216770803 292.2089888315577 1.0
-0.9999291267918966 0.011905519442468199 491.17097092487654 493.63916296336515 204.37631966602356 1.0 493.5051467738181 193.12047383440944 1.0 493.7731791529121 215.6321654976377 1.0
0.03260131039150195 0.9994684360002355 -267.054131437067 403.11430496987987 254.04711916027904 1.0 383.0133719510076 254.70278444484725 1.0 423.21523798875205 253.39145387571082 1.0
-0.9999984471236607 -0.0017623138957572019 186.2805385825235 185.7917844701251 277.50029392704573 1.0 185.81491480408832 264.37533469001795 1.0 185.7686541361619 290.62525316407346 1.0
-0.04020077476046902 -0.9991916221169281 339.37095627790535 505.67230042268534 319.3006536124351 1.0 540.6659471891675 317.89274377755646 1.0 470.67865365620327 320.70856344731374 1.0
-0.033260572978887466 -0.9994467140799035 338.3129346387927 570.6295010160895 319.51025099954495 1.0 583.1572254076187 319.0933410377493 1.0 558.1017766245604 319.92716096134063 1.0
0.9999617940263276 -0.008741309263981147 -516.9157753243923 518.7876581347205 211.87467080602093 1.0 518.8860418633299 223.12927429759347 1.0 518.6892744061109 200.6200673144484 1.0
0.9998933630884752 0.0146035081955887 -522.48039917784 518.9397162528636 246.24364265230338 1.0 518.7845705243112 256.8663767387549 1.0 519.094861981416 235.6209085658518 1.0
0.9773609521548873 -0.21157875413871843 -517.3155523975736 558.7184723184218 135.90242466042332 1.0 560.0388808779284 142.0018828607807 1.0 557.3980637589152 129.8029664600659 1.0
0.9995563635551212 -0.02978382239509052 -499.6423532395775 507.08914867844123 242.4749958520469 1.0 507.4804423468179 255.6069596092971 1.0 506.6978550100646 229.3430320947967 1.0
-0.161934851211253 -0.9868014511355307 388.1937669912441 562.5725835623997 301.06731099216086 1.0 573.3184591574203 299.3039048240691 1.0 551.8267079673791 302.8307171602526 1.0
0.04028904431302847 0.9991880668364403 -318.48085598033504 177.4630662163542 311.58402404397464 1.0 170.52374514204345 311.86382984184655 1.0 184.402387290665 311.3042182461028 1.0
-0.9998873180906245 -0.015011699488674783 543.5449255488978 543.3148302595176 19.40600010450197 1.0 543.4463086734586 10.64859067185186 1.0 543.1833518455767 28.163409537152084 1.0
0.9988498790132713 0.04794704573978799 -323.7377547795457 312.7679310450127 236.29286270295188 1.0 312.25620594963374 246.95330156254846 1.0 313.2796561403916 225.63242384335533 1.0
-0.07593783342299838 0.9971125540554692 -239.46089007070896 251.83058711247816 259.3331697549647 1.0 248.0548875876257 259.04562103199714 1.0 255.60628663733064 259.6207184779322 1.0
-0.9964792507806209 -0.08383974453499013 522.5185169171621 500.4442121118915 284.3072042575041 1.0 501.39726804504687 272.9796356026834 1.0 499.49115617873605 295.6347729123248 1.0
0.9999931150087867 0.003710786307955412 -498.02317095343875 497.1313715777941 241.24863208928008 1.0 497.0872976875689 253.12578779677622 1.0 497.17544546801923 229.37147638178396 1.0
-0.10877525963950095 -0.9940663674475458 195.56795270801535 419.67852991216296 150.81217568665642 1.0 437.7918173030845 148.83013746124956 1.0 401.5652425212415 152.7942139120633 1.0
0.9994415915800438 0.03341414401042165 -227.57821846089055 225.30204999313446 71.88509838098992 1.0 225.0091416813752 80.64620114035976 1.0 225.5949583048937 63.123995621620054 1.0
-0.9967600069703796 -0.08043313063911432 537.2926052256195 522.4005482332891 206.19154066858005 1.0 523.3606838622154 194.2931501847493 1.0 521.4404126043627 218.08993115241083 1.0
-0.035368038232997105 0.9993743552200793 -292.806752844475 558.7627484366543 312.76477474301817 1.0 550.647911983948 312.4775892209816 1.0 566.8775848893606 313.05196026505473 1.0
-0.9999454578176604 0.010444203647464553 472.7999649736815 474.882149711137 196.88275890288395 1.0 474.7645224769244 185.6209315260223 1.0 474.9997769453496 208.14458627974562 1.0
-0.9999510305315816 -0.009896289144314278 285.0638435549666 282.2510008235697 285.6287211950935 1.0 282.34995886885264 275.62970056048175 1.0 282.1520427782867 295.6277418297052 1.0
-0.9996775707209272 -0.025392018381880842 500.9876973184697 493.8787930747426 286.2373962408117 1.0 494.1493022250388 275.58751696934553 1.0 493.6082839244464 296.88727551227777 1.0
-0.999914196409922 0.01309961136446668 513.2835773428831 516.1115527415016 212.50181376090802 1.0 515.9886471725142 203.12023595459408 1.0 516.2344583104888 221.88339156722193 1.0
-0.17140833592307397 -0.9852000722574489 155.0977846021981 320.58604394789865 101.65109312208523 1.0 328.0767771968904 100.34783081302828 1.0 313.09531069890687 102.95435543114219 1.0
-0.2696667546039452 0.9629537068111714 -244.94440085297256 165.4303423904937 300.6951033578773 1.0 161.46614935823303 299.58496580705634 1.0 169.3945354227544 301.80524090869824 1.0
-0.41651625756757965 0.909128267727881 35.80855195069132 556.8299511620887 215.72332790732486 1.0 546.6714755716552 211.0692319060052 1.0 566.9884267525223 220.37742390864452 1.0
0.03709116533697512 0.9993118859765179 -265.8325760584366 235.61647495123876 257.27031774337 1.0 221.7695614437909 257.7842695591334 1.0 249.4633884586866 256.7563659276067 1.0
-0.9661781286732314 -0.2578755972818921 124.65411330456342 38.105383516132775 340.61976430655614 1.0 40.45172849292422 331.82875335866845 1.0 35.759038539341326 349.4107752544439 1.0
-0.9999803091800855 -0.006275448358525951 459.9223580634555 458.47230572433557 232.5061017745107 1.0 458.5390056635098 221.87759812232065 1.0 458.40560578516136 243.13460542670077 1.0
0.9999065892725562 0.013667945321950434 -263.0340506483745 260.0854345798706 217.50971108811228 1.0 259.64957600267707 249.3958397681016 1.0 260.5212931570641 185.62358240812293 1.0
-0.9999930509990003 -0.003727995937608265 384.4777325326683 383.42026134469626 284.37144071343806 1.0 383.45288108247416 275.62156232053303 1.0 383.38764160691835 293.1213191063431 1.0
-0.9999803788567545 -0.006264335679204096 444.5393380673476 442.8175159883742 276.24807377914055 1.0 442.9153943128395 260.6236869338515 1.0 442.719637663909 291.87246062442955 1.0
-0.9998392654538865 0.017928838686119324 454.7975517400468 458.2666402443609 189.38366747224842 1.0 458.04236488104584 176.87648178989235 1.0 458.4909156076759 201.89085315460449 1.0
-0.999925557294738 -0.012201633858124939 513.0410839384409 510.07439184221914 246.2509077695976 1.0 510.1888666940324 236.869678064908 1.0 509.95991699040593 255.63213747428722 1.0
0.998400186181933 -0.056542623142910566 -439.6957684302334 453.28187808420887 227.45571972194017 1.0 454.0993724658194 241.89060967636894 1.0 452.4643837025983 213.0208297675114 1.0
0.08734580259513768 -0.9961780517402555 274.1689335500048 292.4789012715921 300.86563079776084 1.0 303.13160503783405 301.7996696060293 1.0 281.82619750535025 299.9315919894924 1.0
-0.4574614558704669 0.8892294509252788 63.65996684855359 573.8216138468006 223.61079451973046 1.0 568.1025500070183 220.66863907532783 1.0 579.540677686583 226.5529499641331 1.0
-0.9998342953685656 0.018203895320612097 482.8453777035713 486.58963637318584 201.25519559052424 1.0 486.39583780813956 190.61096542363714 1.0 486.7834349382322 211.89942575741134 1.0
0.9975589222054713 0.06982976964202656 -34.048559047944735 15.317647324290213 268.7722355181121 1.0 14.835691946859102 275.657248734194 1.0 15.799602701721325 261.8872223020301 1.0
-0.06579657980616115 -0.9978330572224051 181.76703021118294 341.84996672626426 159.62035977952638 1.0 348.11394304078976 159.20731652093775 1.0 335.5859904117387 160.03340303811498 1.0
0.9991906050796071 0.04022604530212272 -403.82312582077867 394.73919783447377 233.76466210602263 1.0 394.2598775133465 245.67068861439665 1.0 395.2185181556011 221.85863559764857 1.0
-0.25672598310064465 -0.9664842314290532 422.8965609101587 531.8825670208527 296.2784872074292 1.0 538.1858686079806 294.6041491850255 1.0 525.5792654337247 297.9528252298329 1.0
-0.9986900785719931 -0.05116763588310616 152.29971974493475 145.45514990107233 137.49129777274942 1.0 146.00136654421686 126.8302396088437 1.0 144.9089332579278 148.1523559366551 1.0
0.9970462273098641 0.07680377990155514 -112.84070327898714 96.79150339988604 212.686146429496 1.0 95.97787363557498 223.24847146054486 1.0 97.60513316419711 202.12382139844715 1.0
0.02812073104642093 0.9996045340460471 -261.9483349138927 291.2530517034204 253.8584785658864 1.0 264.34659827614735 254.6154070455711 1.0 318.15950513069345 253.1015500862017 1.0
0.9756317820353039 0.21941427912197833 -405.50292071881086 370.65088905040545 200.00582230656735 1.0 369.86157141024967 203.5155454610436 1.0 371.4402066905613 196.49609915209112 1.0
-0.9941663809687956 -0.10785734537530252 549.7946664923434 522.2397378650307 283.7217640995342 1.0 523.132778820105 275.4902311309281 1.0 521.3466969099564 291.9532970681402 1.0
-0.14154407673469926 -0.9899319543995544 260.13735256339146 53.76368873714659 255.0957363856503 1.0 74.41334440954779 252.1431733998314 1.0 33.114033064745385 258.04829937146917 1.0
0.9967152881250049 0.08098539632482289 -228.8266506154712 226.68328402966813 35.66020531819061 1.0 226.07378951341835 43.16146517420133 1.0 227.2927785459179 28.15894546217989 1.0
0.9993019733468061 0.03735727593359959 -429.46514293184947 420.9320066669544 236.28484155056026 1.0 420.57940998471366 245.7167541178729 1.0 421.2846033491951 226.85292898324764 1.0
0.9967288351215399 0.08081849563842715 -309.3293347168526 291.138546113918 236.86596290275867 1.0 290.21190086614445 248.29421371450815 1.0 292.0651913616915 225.4377120910092 1.0
-0.9999667754129716 0.00815156857197816 472.98096347255733 474.93788101296775 238.1306012836402 1.0 474.8460958533109 226.87115970225543 1.0 475.0296661726246 249.390042865025 1.0
-0.9998267271860893 -0.018614929609142506 235.81212248189587 230.69827879943347 276.8647279688238 1.0 230.74502463205596 274.3539619427423 1.0 230.65153296681098 279.37549399490536 1.0
0.019143949915520674 0.9998167377982987 -262.39744157948525 208.13142110208906 258.4603500908711 1.0 195.5881511334359 258.7005218373309 1.0 220.67469107074226 258.2201783444113 1.0
-0.999931124761423 0.011736512827736306 507.4956915534989 509.99548592992744 210.00005298309054 1.0 509.8853776094133 200.61900953404535 1.0 510.1055942504415 219.3810964321357 1.0
0.9985739306074769 0.053386375707044735 -228.76759263612598 218.1677524322391 204.37728565691526 1.0 217.63108737054347 214.41542240959228 1.0 218.70441749393473 194.33914890423827 1.0
0.9999195183724126 0.012686874236099958 -422.8640044451424 420.5109467818413 188.1394127739236 1.0 420.3521724211713 200.65325813066983 1.0 420.6697211425113 175.62556741717736 1.0
-0.1147135492232743 0.9933986116482141 -201.03239732698756 482.43328921555417 258.07770334105356 1.0 469.4097810188965 256.57380266003867 1.0 495.4567974122118 259.58160402206846 1.0
-0.9973784170329324 -0.07236223626230642 88.41237208151614 72.53385155626268 222.0588371092021 1.0 73.16208853373192 213.39976250793498 1.0 71.90561457879343 230.7179117104692 1.0
-0.9999113900779913 0.013312099470001598 496.88760478492117 500.1851484137766 244.38085586695576 1.0 500.05181769992714 234.36598933702135 1.0 500.318479127626 254.39572239689014 1.0
0.9990805354727871 -0.04287287766652861 -85.16121485155654 95.64579234568579 242.49910775191654 1.0 95.94486757562161 249.46855457083643 1.0 95.34671711574997 235.52966093299665 1.0
0.04727610644435703 -0.9988818597609337 312.141587243539 165.63893718114585 320.33052571965334 1.0 198.1253277547376 321.8680749740944 1.0 133.1525466075541 318.79297646521235 1.0
0.0468529455626676 -0.9989017977219291 265.22834286823263 546.1965762548025 291.13899082497437 1.0 553.0857351972801 291.46212307845576 1.0 539.3074173123248 290.81585857149304 1.0
0.9992668223239066 0.03828600008726658 -278.6062761515476 269.6857772868052 238.16085345623802 1.0 269.3004495819582 248.21792889629876 1.0 270.0711049916522 228.10377801617727 1.0
-0.9999195704133786 0.01268277194954259 497.38240371241255 500.04636322351007 206.87441193851183 1.0 499.91944517177546 196.86809437063042 1.0 500.1732812752446 216.88072950639324 1.0
0.9841187787110778 -0.1775112091903402 -519.0511104016593 559.8087652276478 179.5222289977163 1.0 560.9399787293576 185.79365520703485 1.0 558.677551725938 173.25080278839778 1.0
0.999877487518426 0.01565279380302758 -240.30908509150444 235.8672463331336 285.6190081016928 1.0 235.6910208453328 296.87603353729986 1.0 236.04347182093443 274.3619826660858 1.0
-0.9986112152088313 -0.05268435117889435 423.8864106655939 408.8462036203038 296.25507547405795 1.0 409.5384601852271 283.1336237703634 1.0 408.1539470553805 309.3765271777525 1.0
-0.007262577899869705 0.9999736271333601 -269.9610991405292 221.8816839667337 271.579694489957 1.0 214.3775405630388 271.5251936265719 1.0 229.38582737042864 271.63419535334214 1.0
-0.9997672795257034 -0.021572825261749154 521.6300613976583 515.5613684570626 286.87362696831053 1.0 515.6967489706975 280.59957587971707 1.0 515.4259879434278 293.14767805690394 1.0
0.18419569666811822 0.9828895895923135 -119.98378208942373 41.35720535571298 114.32206020544925 1.0 30.526928334396686 116.3516782237635 1.0 52.187482377029276 112.29244218713498 1.0
0.9977601102346076 0.06689366505599259 -215.3958629068728 199.62017675103493 242.5164375898525 1.0 198.89983664463307 253.26075281564152 1.0 200.3405168574368 231.77212236406348 1.0
0.9990640680780473 0.043254917354481205 -245.38238704155862 236.81681487338005 203.1495404987395 1.0 236.3811624341483 213.2118576831671 1.0 237.2524673126118 193.0872233143119 1.0
0.0024493863783308983 0.9999970002486855 -253.3040715271108 368.74975902382585 252.40161803243066 1.0 353.1263836278081 252.4398858301031 1.0 384.3731344198436 252.36335023475823 1.0
-0.2456562677185986 -0.9693570024147801 230.27147808821903 279.7839269429887 166.64737803031767 1.0 290.80955277506393 163.8532432745753 1.0 268.75830111091346 169.44151278606003 1.0
0.9984635156628366 0.055413066060347675 -249.34283350536697 236.40453219068718 240.0432627413031 1.0 235.88199463627186 249.45863569827273 1.0 236.92706974510247 230.62788978433346 1.0
0.9989895345444796 0.04494340742093189 -380.463126987029 370.27375783839807 235.0404340969621 1.0 369.738069276344 246.94757015932402 1.0 370.80944640045215 223.13329803460013 1.0
0.014423007542431858 0.9998959830169492 -263.0006412498477 280.6283187218137 258.9800752183975 1.0 256.87424582947926 259.32271603135075 1.0 304.3823916141481 258.63743440544425 1.0
0.9973344332679317 0.07296593875318393 -170.9726638071253 156.10895573922238 209.41040666365205 1.0 155.45889554090218 218.29575002467908 1.0 156.75901593754256 200.52506330262506 1.0
0.023435841429437977 -0.9997253429499995 266.25620799820047 6.244707965613937 266.4757474265406 1.0 11.881261876013198 266.6078811016386 1.0 0.6081540552146769 266.3436137514426 1.0
0.20047478000149502 0.9796988632142798 -337.9532591536305 440.46131982110546 254.82511242714673 1.0 431.81747738091286 256.5938930970353 1.0 449.10516226129806 253.0563317572582 1.0
-0.004430654370219349 0.9999901846027549 -315.3020313724483 154.3761558790357 315.9891203208929 1.0 145.62909677944552 315.95036474486534 1.0 163.12321497862592 316.0278758969204 1.0
-0.9998053523511449 0.019729607446755115 563.3777153406782 564.6589597667902 59.36939649456139 1.0 563.8447853011193 18.110796153817706 1.0 565.4731342324611 100.62799683530508 1.0
0.08037453388256689 -0.9967647336774913 274.25900311838274 549.3190590181571 319.4437520527292 1.0 556.9208232145431 320.0567234323601 1.0 541.7172948217711 318.83078067309833 1.0
-0.1123409002993052 -0.9936697248683496 245.3759313033689 377.4174235788449 204.26960092476392 1.0 383.04120198545195 203.6337957739471 1.0 371.7936451722378 204.90540607558074 1.0
0.9988443186886279 0.04806274049043445 -18.170891494612448 6.615485573453035 240.58243862527146 1.0 6.374005830165997 245.60089298720388 1.0 6.856965316740073 235.56398426333905 1.0
-0.9744902136988426 0.22442999666975094 542.7160842264411 594.7168406501933 164.10309430811552 1.0 592.8454223185605 155.97726943187928 1.0 596.5882589818259 172.22891918435175 1.0
0.9992162837999088 0.039583054317475226 -226.56670898457855 217.21174087406033 240.63833968683753 1.0 216.81426202695837 250.6721115454922 1.0 217.60921972116228 230.6045678281828 1.0
0.9984079565549726 -0.05640525053329711 -348.91336660231207 366.56053726417497 302.51776563305725 1.0 366.95168292963655 309.441286774734 1.0 366.16939159871333 295.59424449138044 1.0
-0.061204286404630485 -0.9981252603384507 271.01372714185976 401.8371300074833 246.88241259950632 1.0 408.1018986934573 246.49826171970082 1.0 395.57236132150933 247.26656347931183 1.0
0.9987926061822043 -0.049125653540285884 -424.35176621079387 430.0612787850705 105.65272665008384 1.0 430.3096271450147 110.70199292531741 1.0 429.81293042512624 100.60346037485026 1.0
0.996712782271984 -0.08101623081605591 -122.92280853538672 139.98727251254803 204.95023239183723 1.0 140.85344487339233 215.60643121777838 1.0 139.1211001517037 194.2940335658961 1.0
-0.005716997599663821 -0.9999836578356895 298.810141528678 175.0053712251738 297.8145031750004 1.0 185.63002395701977 297.7537610681777 1.0 164.3807184933278 297.87524528182314 1.0
-0.12220641943378836 -0.9925047058070672 338.03655664610056 124.9482345080568 325.2045843247017 1.0 128.1781775380453 324.80688366861364 1.0 121.7182914780683 325.6022849807899 1.0
-0.9893990446987325 0.1452223479676436 559.9776387440434 594.9801556790201 197.59464917807236 1.0 593.9659741561903 190.68503613378823 1.0 595.9943372018497 204.5042622223565 1.0
-0.999909333176994 -0.013465712960674158 305.2613943614277 302.5956698083879 200.00128837899197 1.0 302.70518213482535 191.86934634053245 1.0 302.48615748195044 208.1332304174515 1.0
-0.9997184900071332 -0.02372637220177524 493.134191563408 486.49486565983716 285.6011450931378 1.0 486.8806625089005 269.3454680720087 1.0 486.10906881077375 301.85682211426695 1.0
0.9992828395543629 0.03786563840963838 -116.09595216902981 106.96644972212223 243.1284652872775 1.0 106.6790765856554 250.71230794466504 1.0 107.25382285858907 235.54462262988997 1.0
0.13867336700614086 -0.9903381731929655 256.46453444562667 408.14356072533405 316.1174482691425 1.0 419.4347201865537 317.6985072874396 1.0 396.85240126411446 314.5363892508455 1.0
-0.9997683112741196 -0.021524956959193646 521.229244875718 516.0349302719325 246.87036956053947 1.0 516.1966196233101 239.36039450766188 1.0 515.8732409205548 254.3803446134171 1.0
-0.9815949104531653 -0.19097495064128753 66.15525622091772 2.464053177942648 333.7430063384651 1.0 4.055549934050924 325.5628491474158 1.0 0.8725564218343725 341.92316352951434 1.0
-0.010200732156483719 0.9999479711782367 -269.6269406741882 404.3812108468739 273.76616882635443 1.0 381.8835520829458 273.53666429430524 1.0 426.878869610802 273.9956733584036 1.0
0.9989070823315632 0.04674014193221481 -180.8036356263452 171.2324454609269 208.77842315122396 1.0 170.79200473354268 218.19130346659452 1.0 171.67288618831114 199.3655428358534 1.0
0.999794062313763 0.020293668030774488 -294.72172138452504 290.7732845962131 197.51569601328953 1.0 290.55745138211455 208.14900121856658 1.0 290.9891178103116 186.88239080801245 1.0
0.994290119765924 0.10671062616189826 -130.43201778362837 108.23222861921971 213.8285852870277 1.0 107.21617781158862 223.29577066062924 1.0 109.24827942685081 204.36139991342614 1.0
-0.0700418342526782 -0.9975440548940784 201.68778231691724 428.09871838171864 172.12569409625962 1.0 434.36172540040474 171.6859415887147 1.0 421.8357113630325 172.5654466038045 1.0
0.9999084970858593 0.01352765521065626 -522.6171327106345 518.7923046719395 286.2505723353861 1.0 518.6822881572297 294.38253949192944 1.0 518.9023211866493 278.1186051788428 1.0
-0.041600034733112926 -0.9991343438748383 192.30484390126117 95.64017120562654 188.4893764404698 1.0 111.96595961718795 187.80963465286143 1.0 79.31438279406514 189.1691182280782 1.0
-0.1469571988175142 -0.9891428520267987 169.49051823995242 257.4955027229799 133.0947296256748 1.0 270.70045388990917 131.13286675618363 1.0 244.29055155605064 135.056592495166 1.0
-0.9858544385966026 0.16760377650690797 22.405770115646092 68.85707428781753 271.3380518481363 1.0 67.06636065612261 260.80497783957355 1.0 70.64778791951244 281.87112585669905 1.0
-0.13167237298800838 -0.9912932896936744 203.21944840473589 391.2382610772969 153.03662371392164 1.0 398.1572224070912 152.1175858606665 1.0 384.3192997475026 153.95566156717675 1.0
0.9984745825757964 0.055213295048284726 -359.0603503074546 346.54393607521257 236.26625397334016 1.0 345.88356239606026 248.20841995091905 1.0 347.2043097543649 224.3240879957613 1.0
0.9998301694304673 -0.018429115460136227 -477.3972832752932 481.902315757822 240.01101666287394 1.0 482.09830412535763 250.6439243107427 1.0 481.7063273902864 229.37810901500515 1.0
-0.9830261218793763 0.18346564720075914 502.10673626408004 547.5900440158455 197.2499028386198 1.0 546.2870154587 190.26815378220306 1.0 548.893072572991 204.23165189503655 1.0
0.3871881627469645 0.9220007194295622 -286.57347549271503 316.34694517315916 177.9691485512342 1.0 312.4897731396631 179.58894268108295 1.0 320.20411720665527 176.34935442138547 1.0
-0.9999918313495185 -0.004041934467088001 436.37930029479554 435.6300484274272 186.2500204055795 1.0 435.6780460071452 174.37521441023605 1.0 435.5820508477092 198.12482640092293 1.0
0.9992637378826714 0.038366419597763914 -94.22646510688057 86.06346262143285 214.4158313157114 1.0 85.67732093633208 224.47299556641468 1.0 86.44960430653363 204.3586670650081 1.0
0.9993012725453708 0.03737601756745334 -127.32465338841371 118.34335363252754 242.50816689563948 1.0 118.03639326272213 250.71519129608427 1.0 118.65031400233295 234.30114249519465 1.0
-0.08579779932775884 -0.9963125702461622 187.2838724986892 64.3158767142304 182.43844074943598 1.0 76.83071271707395 181.36072134685284 1.0 51.80104071138685 183.51616015201915 1.0
0.9939391398767418 -0.10993173436766433 -478.9108023125849 511.06614128712954 264.32620885691114 1.0 511.62757478741867 269.4023657426839 1.0 510.5047077868404 259.25005197113836 1.0
0.24199100364916745 -0.9702784930899316 215.91183875915286 328.5698887741588 304.47216754409226 1.0 336.6593391510797 306.48970604424716 1.0 320.48043839723795 302.45462904393736 1.0
-0.9998834753192447 -0.015265509605290047 497.1188236275671 493.49343773139657 241.25562504518416 1.0 493.57929621712776 235.63193587146642 1.0 493.4075792456654 246.87931421890192 1.0
-0.033657996554127476 0.9994334091213692 -250.9574755979456 181.25996665028384 257.20405240089957 1.0 178.1174825111713 257.09822271844115 1.0 184.40245078939643 257.309882083358 1.0
0.13078639084803903 0.9914105708378058 -196.91841329581771 112.5043489004322 183.78296631883524 1.0 101.81797223124629 185.19270782948345 1.0 123.19072556961811 182.373224808187 1.0
0.9988388380362302 0.04817650496282823 -129.48421175305458 119.41248030993675 211.9370984078504 1.0 118.92837344802153 221.97403935684324 1.0 119.89658717185198 201.9001574588576 1.0
0.9991046306344913 0.04230764759138563 -208.85553514951263 200.3072616344785 206.28947714331923 1.0 199.85590794283715 216.94829627049387 1.0 200.7586153261198 195.6306580161446 1.0
-0.07325986645356565 0.9973128856919505 -267.86114429671443 6.228668160413064 269.0403979972315 1.0 0.588193200086149 268.62606419260857 1.0 11.86914312073998 269.45473180185445 1.0
0.999867743872506 0.01626329497072546 -350.0039599050125 346.90881760374543 193.1357159622733 1.0 346.72571442395235 204.39290361121755 1.0 347.0919207835385 181.87852831332904 1.0
0.9996176604332834 0.027650188966602755 -422.42526773988465 414.70279245054314 285.02635496785047 1.0 414.44319320614943 294.4114622321986 1.0 414.9623916949368 275.6412477035023 1.0
-0.9981162978964189 -0.06135027199244792 564.404270253846 554.4437128899822 179.37922351032506 1.0 554.7545912416043 174.32149940674776 1.0 554.13283453836 184.4369476139024 1.0
0.06832878942811406 -0.9976628571492919 248.7542343627218 222.52892133087676 264.5777221016712 1.0 228.25547625254976 264.9699273066536 1.0 216.80236640920373 264.18551689668885 1.0
0.14560291539844478 0.9893431108707804 -264.783824063205 352.69923822341826 215.7287844570048 1.0 345.7899256085142 216.7456370019665 1.0 359.60855083832234 214.71193191204307 1.0
-0.9999747013358894 -0.007113134906557547 385.79246300132013 384.1350522521242 234.37329317611847 1.0 384.21513624121405 223.1149711951685 1.0 384.05496826303425 245.6316151570684 1.0
0.9997553899902737 -0.022116966007925717 -423.02452963006755 429.0597476966057 268.1319741304202 1.0 429.19855637169155 274.40655632423227 1.0 428.92093902151987 261.8573919366081 1.0
-0.999297197722735 -0.03748480523477711 108.65810048237039 102.6621708142354 161.88108321668489 1.0 103.3653951489056 143.13401750285763 1.0 101.95894647956517 180.62814893051217 1.0
0.999366313329394 0.035594547088222184 -276.82539949176845 269.87687119027635 200.01787520499363 1.0 269.4973350680051 210.6738786189282 1.0 270.2564073125476 189.36187179105906 1.0
-0.1892145167628126 -0.9819357752145583 265.44215124814053 318.29205747536275 208.99195098442857 1.0 323.34529243759295 208.01821580173964 1.0 313.2388225131325 209.9656861671175 1.0
-0.14716716480629538 -0.9891116345503559 338.0365420014258 428.81771772040656 277.95513131415913 1.0 440.70846081494136 276.1859407723269 1.0 416.92697462587176 279.7243218559914 1.0
-0.13058959928022906 -0.9914365116132395 245.42995408053346 275.54345787980765 211.25593205248643 1.0 280.620028783561 210.5872585143694 1.0 270.4668869760543 211.92460559060345 1.0
-0.04985502627421164 -0.9987564649879357 266.5866312234378 377.4663821644615 248.07652666958182 1.0 383.10852173758667 247.79488742465907 1.0 371.8242425913363 248.35816591450458 1.0
0.9999997866298987 -0.0006532535164444973 -557.258128331385 557.3019344565278 66.87635423764505 1.0 557.3092835570197 78.12634943681827 1.0 557.2945853560359 55.626359038471804 1.0
0.10986891237004527 -0.9939460861106216 236.65065679416244 630.6604764658346 307.8040566721319 1.0 635.7366252956019 308.3651645216908 1.0 625.5843276360671 307.242948822573 1.0
0.9975450612749271 -0.07002749978402517 -356.73916235093395 370.6102925694129 185.0887822543165 1.0 371.17786921023713 193.17393846716774 1.0 370.0427159285886 177.00362604146525 1.0
0.48835018625766274 0.872647750001171 -301.73199249950835 219.168747646726 223.11510430653115 1.0 215.51402411719857 225.1603567195037 1.0 222.82347117625338 221.0698518935586 1.0
-0.3027535019103269 0.9530688941944511 -69.2877247342161 90.7100653073245 101.5147123716572 1.0 79.0218210879898 97.80180463734526 1.0 102.39830952665919 105.22762010596915 1.0
0.9993428436232776 0.036247495071262105 -269.83689582436085 259.51566922418806 289.44811100563265 1.0 258.9278556842704 305.6541206442756 1.0 260.10348276410565 273.24210136698963 1.0
-0.11930118714376148 -0.99285811007721 197.4655482339407 221.2263946603024 172.30354970875806 1.0 230.69005456954233 171.1664024664302 1.0 211.76273475106245 173.44069695108593 1.0
0.09977678439607351 0.9950098458284617 -292.35477818505194 432.112155590222 250.49000052284174 1.0 423.3251667953117 251.37113500624025 1.0 440.89914438513233 249.60886603944326 1.0
0.36472362925233676 -0.9311158221537232 11.834365906162741 573.2247197586019 237.24542190971852 1.0 579.2800738638397 239.61734028241025 1.0 567.169365653364 234.8735035370268 1.0
-0.2554316395526973 0.9668271187318966 -94.0860287045157 432.6943007092267 211.63022777862363 1.0 428.7259239758532 210.58179941358367 1.0 436.6626774426002 212.67865614366357 1.0
0.3540196709227435 -0.93523797645292 18.846232973814026 556.0145980395017 230.62187745843497 1.0 563.0626192906823 233.28979538608667 1.0 548.9665767883212 227.95395953078327 1.0
-0.12390584329473496 -0.9922939796236903 199.1665358215893 302.8615549566349 162.89549546035948 1.0 314.7847753097447 161.4066658362986 1.0 290.9383346035251 164.38432508442037 1.0
0.9479573642523751 -0.31839729201061023 -499.47501043266664 557.8542425410319 92.17109472952714 1.0 559.4281780074538 96.85713871825219 1.0 556.2803070746099 87.48505074080211 1.0
0.9983298436376443 0.057771301720116915 -46.719838193565785 32.98250222910103 238.74175394608352 1.0 31.932974310112588 256.87835485449307 1.0 34.032030148089476 220.60515303767394 1.0
0.10663748395040966 0.9942979669177274 -116.24766255662624 185.57264396244605 97.01182736344407 1.0 179.3274477726608 97.68161854336557 1.0 191.8178401522313 96.34203618352255 1.0
-0.17251062137043757 -0.9850076575917497 314.9703541161189 429.08871351462653 244.61535061947103 1.0 434.04611661911457 243.74712925758857 1.0 424.13131041013855 245.4835719813535 1.0
0.10772538881538385 -0.9941806881068322 294.3836548948819 157.97874879137098 313.2247294261841 1.0 165.5255862223791 314.0424741342713 1.0 150.43191136036285 312.4069847180969 1.0
0.4642151194865251 -0.8857224863579513 -79.07352277673576 501.0993485400622 173.35494304968603 1.0 525.8515287340219 186.32778326009858 1.0 476.3471683461024 160.38210283927344 1.0
0.008468777660763125 -0.99996413925947 359.8058259979756 16.875324807369093 359.9616478629772 1.0 26.879900401645997 360.04637742774037 1.0 6.870749213092191 359.87691829821404 1.0
-0.9998646503526014 -0.016452385093662474 363.78367381285585 360.6549441562451 193.13577685211652 1.0 360.8401776123825 181.8785406641701 1.0 360.4697107001077 204.39301304006295 1.0
-0.9998806692669875 0.015448211100354797 406.4721943347209 409.4370369672568 188.75869780968748 1.0 409.25346219684917 176.87687776571488 1.0 409.62061173766443 200.6405178536601 1.0
0.9999257186315196 0.012188405114657965 -397.15219355914013 394.865654852828 190.00598074437562 1.0 394.7207425968529 201.8944510020762 1.0 395.0105671088031 178.11751048667503 1.0
-0.9971907674516615 0.07490376031392883 436.19633044690346 457.7551820743682 270.6527787903433 1.0 457.0946021481977 261.85850463400794 1.0 458.4157620005387 279.44705294667864 1.0
0.9996474399776341 0.026551755990186367 -483.5805565003713 476.1969447575842 284.40679219379365 1.0 475.73201222444914 301.91104376504984 1.0 476.66187729071936 266.9025406225374 1.0
0.9995975609053095 -0.028367520726279894 -595.5170409052595 604.0219444350757 291.2422825047798 1.0 604.2173956013434 298.129472646013 1.0 603.826493268808 284.35509236354653 1.0
0.10894577613644062 -0.9940476939574019 291.53658331507063 52.53669204581922 299.0402128716995 1.0 59.46546304053921 299.79959326992395 1.0 45.60792105109924 298.28083247347513 1.0
-0.08532083867730293 -0.996353528867842 233.2953057016626 204.35569084678963 216.64951296495843 1.0 208.184654324495 216.32162696293483 1.0 200.52672736908423 216.97739896698204 1.0
-0.999997160567351 -0.0023830352988624963 360.6712426293212 360.1122547603973 234.9987781065252 1.0 360.1405532242195 223.12384554295485 1.0 360.08395629657514 246.87371067009553 1.0
-0.4842168188532998 0.8749480397941299 -39.93651676896189 138.77882760132297 122.44791041474099 1.0 135.06258188622724 120.39125265176769 1.0 142.4950733164187 124.50456817771428 1.0
-0.8550885741325733 0.518481947986545 473.07225616998574 568.7728561321468 25.61114121124125 1.0 565.7160426515981 20.56979639562682 1.0 571.8296696126955 30.65248602685568 1.0
-0.6747557347051029 -0.7380411224874783 203.8726978450952 105.74121583886625 179.56073452448896 1.0 110.30303786905648 175.3900786060213 1.0 101.17939380867604 183.73139044295664 1.0
-0.09464253916043118 -0.9955113207700182 212.15569128764128 402.42668928017315 174.85387052514778 1.0 408.11907712164356 174.31269934209584 1.0 396.7343014387027 175.39504170819976 1.0
-0.2611064235677638 -0.9653100204450649 240.0690758694553 330.91250887702427 159.1879198476475 1.0 335.0369683780993 158.0722960100546 1.0 326.78804937594924 160.30354368524036 1.0
0.017932719549760855 -0.9998391958557884 306.59260497189075 430.61396537668224 314.36523567989434 1.0 449.36914185354516 314.70162109192853 1.0 411.8587888998194 314.0288502678602 1.0
0.01835510350686613 -0.9998315308967068 199.59995011261628 353.75224272326454 206.12783531516735 1.0 359.38681761252474 206.2312759470274 1.0 348.11766783400435 206.0243946833073 1.0
-0.04131440428723579 -0.9991461955081402 261.04616039889197 274.3718589420897 249.92403675872686 1.0 279.3891239982462 249.71657430940945 1.0 269.3545938859332 250.13149920804423 1.0
-0.020639344370499205 0.9997869860445054 -314.11976097075285 180.62932378553342 317.9155522370683 1.0 171.8830511327238 317.7349964429248 1.0 189.37559643834305 318.0961080312118 1.0
-0.9987338216238527 -0.0503065954385157 41.66320607864402 29.31248020328283 246.2468508544997 1.0 29.975081685600518 233.0922633718788 1.0 28.649878720965145 259.4014383371206 1.0
-0.2602702242702117 -0.9655358151608535 97.51148590636168 270.4471578183503 28.090251093606458 1.0 275.57964278855354 26.706736372264153 1.0 265.3146728481471 29.473765814948763 1.0
-0.1778922716385239 0.984049968086624 -133.6763159616514 547.531915264047 234.82345374378735 1.0 538.1253654215122 233.12297859106403 1.0 556.9384651065817 236.5239288965107 1.0
-0.22855439867002192 0.9735311432350713 -114.01678790453279 156.2390295204354 153.7967289344441 1.0 149.3059631264227 152.16906367521335 1.0 163.1720959144481 155.42439419367483 1.0
-0.025222817382467774 -0.9996818541332491 312.92297424015686 202.49466240830867 307.9134497406593 1.0 210.61449336036043 307.7085795487744 1.0 194.37483145625694 308.1183199325442 1.0
0.14659873497153186 0.9891960427057654 -145.77606476345585 211.31322650432253 116.05162992884698 1.0 200.55403316721083 117.64614109189242 1.0 222.07241984143423 114.45711876580155 1.0
-0.08138663458107755 -0.9966826053019918 233.2581639988786 241.86758879046286 214.28424033573907 1.0 245.69414540312002 213.97177319416218 1.0 238.0410321778057 214.596707477316 1.0
0.30492284628846533 0.9523770565334619 -169.84069629817174 320.0737518673702 75.85535199629953 1.0 313.1119714128722 78.08430732114502 1.0 327.0355323218682 73.62639667145405 1.0
0.0995699878678488 0.9950305610964904 -263.64632745487546 58.040452736107895 259.15509569468475 1.0 47.95382859676696 260.1644365958074 1.0 68.12707687544882 258.14575479356205 1.0
-0.05385956520786326 -0.9985485202210355 223.62286644166966 427.4806112362773 200.89053513522646 1.0 434.36928124173346 200.51897505192457 1.0 420.59194123082113 201.26209521852837 1.0
-0.19541098264890314 -0.9807214425412498 208.28540166789398 156.61092951240198 181.17469276281665 1.0 163.22115712650265 179.85758984493077 1.0 150.00070189830132 182.49179568070252 1.0
-0.43789751788819137 0.8990248961109815 78.65386909606198 346.77609334314377 81.41990478629458 1.0 335.97402776826544 76.15842902097742 1.0 357.5781589180221 86.68138055161172 1.0
0.9857317381683359 0.16832391501991326 -401.28918184881775 357.2639593958386 291.8346936194122 1.0 355.58702905483005 301.6550656065658 1.0 358.94088973684717 282.01432163225854 1.0
0.22844650475928832 0.9735564670132206 -155.5117825684742 257.3472060434478 99.3488473606603 1.0 247.76644930762038 101.59698649116547 1.0 266.92796277927516 97.10070823015515 1.0
-0.9998133181027655 -0.019321722085213194 321.97665416459756 321.0587326304993 50.60922536390028 1.0 321.2036184935204 43.11202533098282 1.0 320.9138467674783 58.10642539681774 1.0
-0.22109222412007412 0.9752529048578318 -97.89713056457965 20.612706680478617 105.05422667224634 1.0 17.180776344986587 104.27619965267064 1.0 24.044637015970647 105.83225369182205 1.0
0.9955882091047651 -0.09383026106521501 -148.16611511674225 171.60420518380533 241.7238099900922 1.0 172.3103300192907 249.21616429438905 1.0 170.89808034831998 234.23145568579534 1.0
-0.155748891724872 -0.9877966808642729 207.56423489901425 258.7431698416514 169.33168150397884 1.0 266.02832892899886 168.18300842593106 1.0 251.45801075430398 170.48035458202662 1.0
-0.9995993382682852 -0.02830482173775511 340.2988487538815 334.2053263195809 220.01289309607841 1.0 334.6832795396202 203.13372929490873 1.0 333.7273730995416 236.8920568972481 1.0
0.9987320753460123 -0.05034125221969886 -551.7982729344648 560.9126063553554 166.92350960772728 1.0 561.1639934718798 171.91083839935203 1.0 560.6612192388309 161.93618081610254 1.0
0.999138012361883 0.041511832693167446 -106.68839569885701 100.60026942767273 148.74897250292938 1.0 99.37975641841338 178.12519761798967 1.0 101.82078243693208 119.37274738786907 1.0
-0.02648540103039957 -0.9996492002358922 217.86806825483876 296.235980095983 210.09584109385872 1.0 300.6410062738841 209.97913126720795 1.0 291.83095391808195 210.2125509205095 1.0
0.9996315242833992 -0.02714434856186386 -555.0705555334144 562.046190966792 249.35337994841154 1.0 562.2501590755431 256.86481279755054 1.0 561.8422228580409 241.84194709927257 1.0
0.9985796360390605 -0.053279550374392276 -176.4588489182919 191.71648027206157 281.2584578730881 1.0 192.55133919175273 296.90560786423805 1.0 190.88162135237044 265.61130788193816 1.0
-0.9996891924904194 -0.024930271114710693 574.220161153235 568.1178174354686 251.85923461727288 1.0 568.305124803974 244.34831942878225 1.0 567.9305100669632 259.3701498057635 1.0
-0.2664605927174107 0.9638458136697415 -298.967152809161 48.77344199626559 323.665205210143 1.0 44.227521966205146 322.4084600663902 1.0 53.319362026326026 324.9219503538957 1.0
0.3588457034983774 0.9333968936528312 -119.8130760686942 75.59595267289347 99.29944472756446 1.0 71.49147740647552 100.87741581841026 1.0 79.70042793931142 97.72147363671866 1.0
-0.0691325797219678 -0.9976074811372385 229.84607987967942 401.83520761880396 202.55078192028927 1.0 408.14154588233635 202.11376291130955 1.0 395.5288693552716 202.98780092926899 1.0
0.9995060563146901 0.03142679414536982 -228.0044797776526 223.6361202073584 142.5160708076141 1.0 223.3796690756049 150.67231029391687 1.0 223.8925713391119 134.35983132131136 1.0
-0.9993003084665941 0.037401784697656655 251.42376392174756 255.64842398059432 108.17090825380961 1.0 255.36810686820255 100.68139995504889 1.0 255.9287410929861 115.66041655257034 1.0
-0.9998828648711184 -0.015305441422083794 265.9962718929038 262.411266150824 236.23907470864506 1.0 262.6124193595966 223.0980197649233 1.0 262.21011294205147 249.38012965236683 1.0
-0.0101985395602782 -0.999947993543083 181.29321332211248 174.37014757718623 179.52422889299066 1.0 180.63861878057338 179.46029631653366 1.0 168.10167637379905 179.58816146944764 1.0
-0.999928782450099 -0.011934405216113799 230.82072823251804 228.41277818024957 203.12843470602678 1.0 228.53229177055454 193.11494206220914 1.0 228.29326458994458 213.14192734984445 1.0
0.05952450331649389 -0.9982268447126258 330.6171881314431 91.88640884957917 336.68367341543956 1.0 103.24509561933134 337.36099459937526 1.0 80.52772207982699 336.0063522315039 1.0
-0.23941011588932098 0.970918532323831 -210.1866060319169 168.6041522070356 258.0568166224445 1.0 164.92381189653443 257.1493144264154 1.0 172.2844925175368 258.9643188184736 1.0
-0.13147659192332734 0.9913192753983082 -292.28194392760196 51.19935685368361 301.6318438428912 1.0 41.7420353373366 300.3775391677472 1.0 60.656678370030626 302.8861485180352 1.0
0.04412106969810521 0.9990261914528041 -178.04462932630614 213.72369014291266 168.7792701932782 1.0 206.80697586057371 169.08474049580266 1.0 220.6404044252516 168.47379989075372 1.0
0.10736886027930578 0.9942192554171957 -263.9501474506704 37.586477215029205 261.42576580968847 1.0 30.523862240308528 262.1884797847956 1.0 44.64909218974988 260.6630518345813 1.0
0.3020597652531118 0.9532889898741278 -111.76840350787647 19.333495608626663 111.11901373873982 1.0 14.249789401613446 112.72984017208503 1.0 24.417201815639878 109.50818730539461 1.0
0.06278860465903634 -0.9980268488998537 290.4573597557971 381.91063039984147 315.0586536721601 1.0 394.43968118047195 315.84689059893736 1.0 369.381579619211 314.2704167453829 1.0
-0.9999842501286303 0.005612441062579988 463.9256737728557 465.4202680378602 264.99413340234474 1.0 465.3676522316037 255.61942871010737 1.0 465.4728838441166 274.3688380945821 1.0
-0.9982037763983189 -0.059910105859821004 248.60524817462704 243.38746650039192 94.39075269117882 1.0 243.7657186133327 88.08843220368753 1.0 243.00921438745115 100.69307317867009 1.0
-0.006152830799780958 0.9999810711574242 -278.84909467335353 435.62709345663757 281.5347635984116 1.0 430.6195918503546 281.503952705084 1.0 440.6345950629206 281.56557449173926 1.0
0.038648459717095664 -0.9992528691785157 236.3827849948483 320.01694318123646 248.93693538921138 1.0 326.92994845042375 249.20431216030826 1.0 313.1039379120491 248.66955861811448 1.0
-0.07610083721834256 0.9971001266546241 -321.1275092547926 101.9348112497292 329.84133181893594 1.0 94.38339608738303 329.26499148893726 1.0 109.48622641207537 330.41767214893457 1.0
-0.10066654594891006 -0.9949202211869632 353.1868051189429 353.6696221631631 319.20559969103476 1.0 370.56140603985443 317.49648020429504 1.0 336.77783828647176 320.91471917777443 1.0
-0.0006434420525082005 -0.9999997929911412 307.38662300775286 219.99983600554535 307.24512946418554 1.0 229.37442997293007 307.2390974549531 1.0 210.62524203816062 307.25116147341805 1.0
-0.9992596420840201 -0.038472947666071004 270.65790274193466 262.8466592003001 208.09022006708986 1.0 263.42425126383466 193.0883947926749 1.0 262.26906713676556 223.09204534150481 1.0
-0.12386075196879168 0.9922996090504749 -247.86083487987008 421.95875827910396 302.45397785385165 1.0 416.88183198880114 301.82026611772716 1.0 427.0356845694068 303.08768958997615 1.0
-0.052214531647640366 0.9986358909456527 -289.3263391128786 78.77794557850554 293.8405231636051 1.0 70.6750972316914 293.41685880778056 1.0 86.88079392531968 294.26418751942964 1.0
-0.13541821848652882 -0.9907885274375833 200.98591166174967 130.1793142157192 185.06195395809115 1.0 145.7693517809666 182.9311510119934 1.0 114.5892766504718 187.1927569041889 1.0
-0.9996312058607255 -0.027156072422795528 480.9059601955619 473.27348139959275 287.4870548522819 1.0 473.4605714520404 280.6001585507452 1.0 473.0863913471451 294.3739511538186 1.0
-0.9995269020689218 -0.03075665847429192 553.9653589499445 546.6876087264498 245.0326977629352 1.0 546.975815984851 235.66656625081492 1.0 546.3994014680485 254.39882927505545 1.0
-0.15180655966517487 -0.9884102227529942 299.3552192551827 351.69825623518636 248.8492240102476 1.0 358.08556195442907 247.86821947948988 1.0 345.31095051594366 249.8302285410053 1.0
-0.9979922111505173 0.06333677038578212 331.48912323476367 351.19549982885906 300.0034588093844 1.0 350.8374385924823 294.361517756148 1.0 351.55356106523584 305.6453998626209 1.0
0.016917375489461577 -0.9998568909631761 307.08552913305994 356.23888417240573 313.1569716931449 1.0 369.3706996755293 313.37915934393027 1.0 343.10706866928217 312.9347840423595 1.0
-0.0776044552097892 -0.9969842268218648 231.8553067893409 223.09124895420558 215.1914004056879 1.0 226.91537778341814 214.89373327469514 1.0 219.26712012499303 215.48906753668064 1.0
0.9982971588698941 0.05833337460062765 -91.41183037978041 79.44270268129178 207.50395606241506 1.0 78.4557497420891 224.3943266588339 1.0 80.42965562049446 190.6135854659962 1.0
0.17781601321804094 0.984063750700757 -159.9386758490875 184.23729231269482 129.23790247673782 1.0 178.07554422061082 130.3513033914733 1.0 190.39904040477884 128.12450156200234 1.0
0.507467108837933 -0.8616711283591144 -110.2237848392315 348.76225181892164 77.47919660515761 1.0 357.254520907245 82.48057949926931 1.0 340.2699827305983 72.47781371104591 1.0
-0.9970333275745116 -0.07697105758463163 425.72123279867515 409.2807584052272 229.3677245408779 1.0 409.8637344073883 221.81623023158244 1.0 408.697782403066 236.91921885017337 1.0
-0.5093016793265179 0.8605880544344018 128.5637409738408 298.59977961004853 27.3227453099367 1.0 286.0548900571203 19.898597039053342 1.0 311.14466916297675 34.74689358082006 1.0
0.05255984929541533 -0.9986177758492202 331.9837693556312 75.02541821571663 336.39206326434964 1.0 79.45394111277852 336.6251479356824 1.0 70.59689531865475 336.15897859301685 1.0
-0.10445677472300208 -0.9945294275256353 345.81088164791214 113.99323279747739 335.7402073464866 1.0 125.2503382678482 334.55785829013223 1.0 102.73612732710656 336.922556402841 1.0
-0.9998237302546304 -0.018775207581168782 606.1962670371759 600.8338230293023 291.25392138694474 1.0 600.9633204641277 284.35788000973014 1.0 600.7043255944769 298.14996276415934 1.0
0.09664374297158808 0.9953190377685145 -349.590245302028 263.74997066088275 325.6246978409461 1.0 250.6273191356609 326.89888442131394 1.0 276.8726221861046 324.3505112605783 1.0
0.997133685268798 0.07565985528842843 -44.60306749197852 26.519169242896833 240.0204238471396 1.0 25.989765408681833 246.9975241098065 1.0 27.048573077111833 233.0433235844727 1.0
0.001932562149772835 -0.999998132600025 263.62588062138366 205.62447094905195 264.0237557289619 1.0 213.12565078716653 264.03825225226643 1.0 198.12329111093737 264.00925920565726 1.0
0.014065488669761485 -0.9999010761212735 302.8401132093358 398.13772166539854 308.4706299336113 1.0 405.6362378806121 308.5761106630393 1.0 390.63920545018493 308.3651492041833 1.0
-0.1975385781132624 -0.980295113808587 213.81174684939023 187.44221177229358 180.33822301801843 1.0 191.8885503828718 179.44224445546973 1.0 182.99587316171534 181.23420158056712 1.0
-0.14411081772581538 -0.9895615555458875 288.26760615488644 295.37633055528806 248.29246876529382 1.0 300.3616199944599 247.56645618562908 1.0 290.39104111611624 249.01848134495856 1.0
0.9999947853991569 -0.003229423244818474 -580.4334753037296 581.2902848507483 264.3748699024882 1.0 581.3306589490406 276.8767579168099 1.0 581.2499107524559 251.87298188816644 1.0
-0.7812816829644414 0.6241786057405764 390.55368654522704 614.5933113133585 143.57558755163373 1.0 604.2967935304464 130.68748041671805 1.0 624.8898290962705 156.46369468654942 1.0
-0.9968880675816493 -0.07883007492908521 187.62478116266857 166.31585734785125 276.8802077458188 1.0 167.0073578701016 268.13546635139573 1.0 165.62435682560093 285.62494914024177 1.0
-0.9983642680440847 0.05717331801460355 442.11451702133894 459.5174269063935 291.2418436395675 1.0 458.9068680694949 280.58022476793934 1.0 460.1279857432921 301.90346251119564 1.0
0.999608648786208 0.027974082144219408 -234.53700729009822 226.6357915354581 285.61830574295766 1.0 226.32120627285943 296.8595020636498 1.0 226.95037679805682 274.37710942226556 1.0
-0.22616972129789345 0.9740879103900393 -297.55731525552306 48.17529415520132 316.65838865050654 1.0 44.34173045180549 315.76828825491947 1.0 52.00885785859715 317.5484890460936 1.0
-0.9997278698335896 0.02332780053912852 574.9542064746084 579.1210665202005 171.86634147798497 1.0 578.2746435235722 135.59234050742307 1.0 579.9674895168289 208.14034244854687 1.0
0.997477079199226 0.07098927012007744 -306.4951935765326 286.93932586439996 285.6740585107258 1.0 286.3102878601434 294.5127321599952 1.0 287.5683638686566 276.83538486145636 1.0
-0.9610569034119147 0.27635055347203735 -65.4259036939046 25.513514514804076 325.47733962746827 1.0 23.6149306311906 318.8746854075701 1.0 27.41209839841755 332.0799938473664 1.0
-0.9982777707849207 -0.05866423405013499 617.4584254705093 602.9148203982213 265.6126487028839 1.0 603.4315502706005 256.8195577600145 1.0 602.3980905258422 274.4057396457534 1.0
0.19754406934399746 0.9802940072585439 -428.9849626229863 488.09961263599405 339.2490175755328 1.0 454.4563407175612 346.0286457193383 1.0 521.742884554427 332.46938943172734 1.0
0.00011011573861544138 -0.999999993937262 262.89660558898936 246.87495333383052 262.92379200085907 1.0 251.87502209553935 262.9243425871272 1.0 241.8748845721217 262.9232414145909 1.0
0.9617188988001428 -0.27403788002873014 -457.4858866499757 557.3505584340021 286.56140036035697 1.0 558.385796689599 290.1945046416488 1.0 556.315320178405 282.9282960790651 1.0
0.058096841556347915 0.998310952059115 -271.7236298125262 184.42305961117864 261.4508355343605 1.0 174.38431364965967 262.0350417201665 1.0 194.46180557269759 260.8666293485545 1.0
0.15678545218079643 0.9876326857614945 -389.85976167162147 520.6587702941939 312.0877279405696 1.0 516.613835493688 312.7298562752046 1.0 524.7037050946998 311.44559960593455 1.0
0.999695887926 -0.02466032570438845 -556.7951024056056 559.925047250455 120.01726631367592 1.0 560.125351463343 128.13732524390716 1.0 559.7247430375671 111.89720738344467 1.0
0.9999961982707977 -0.002757434305870543 -338.7852785360066 339.2966896399863 184.99849253350106 1.0 339.3294388000351 196.87512563249342 1.0 339.26394047993745 173.1218594345087 1.0
-0.05170717241981973 -0.9986622894253828 239.67631962911372 402.42421357948945 219.16127578781627 1.0 408.098721905277 218.86746998028144 1.0 396.74970525370185 219.4550815953511 1.0
-0.10890997147858343 -0.9940516174286596 231.282678110572 428.13967726168437 185.7589634518189 1.0 433.21569801887506 185.20282605794756 1.0 423.0636565044937 186.31510084569018 1.0
-0.15185886987470176 -0.988402187189192 189.9051993078517 116.14084732597337 174.28955916875663 1.0 121.91756161981594 173.402020355486 1.0 110.36413303213078 175.17709798202722 1.0
0.03364447709687666 -0.999433864325638 301.1482177828936 248.7393202442332 309.69224997672893 1.0 266.88583542247176 310.3031258296443 1.0 230.59280506599464 309.08137412381365 1.0
-0.10632872619498693 -0.9943310323960283 216.19534862384413 378.0714146581969 176.99889770955525 1.0 383.0809643881824 176.46320182534228 1.0 373.0618649282114 177.53459359376825 1.0
0.9939110777470084 -0.11018516021579401 -544.9256030995732 559.5707767428357 101.99187137923562 1.0 560.1183479995448 106.93116753157672 1.0 559.0232054861267 97.0525752268945 1.0
-0.030139568796677604 0.999545700002131 -301.96787914815 474.4078648686158 316.4100727244073 1.0 466.895849147926 316.183560905473 1.0 481.9198805893056 316.6365845433416 1.0
-0.7182997658855425 0.6957337467226776 320.19775366247137 619.7479770796742 179.61910539853375 1.0 612.6720742307422 172.31369670769624 1.0 626.8238799286064 186.92451408937123 1.0
0.9997872678884678 -0.020625687094326037 -382.864527944585 389.03254295730994 295.03285250945737 1.0 389.2258676387008 304.40386420663134 1.0 388.83921827591905 285.66184081228346 1.0
-0.14136935325869085 -0.9899569212643646 205.86545136188101 234.91534691796025 174.40720599946258 1.0 240.69033508219295 173.58251724349986 1.0 229.14035875372755 175.23189475542526 1.0
0.1469176135264763 0.989148732413728 -164.29863020210584 202.5579614416854 136.01523562386984 1.0 191.98064557007004 137.58627742420796 1.0 213.13527731330075 134.4441938235317 1.0
-0.9994351689629122 -0.03360569951772033 232.16338318482124 222.69032260495632 285.63139953893176 1.0 223.06887902158198 274.37311294939786 1.0 222.31176618833067 296.8896861284657 1.0
-0.19738510890812228 -0.9803260267795245 426.790138281608 486.8410950303338 337.33160875516523 1.0 519.4051909877112 330.77494551104326 1.0 454.27699907295647 343.88827199928727 1.0
0.1286593023942152 0.9916888543829833 -186.74491221957544 589.9061980650592 111.77698711504556 1.0 577.988536263289 113.3231556000589 1.0 601.8238598668295 110.23081863003223 1.0
-0.13439539264049596 -0.9909277866913446 204.14079379911942 218.06525405894396 176.4344795924828 1.0 225.59625830843495 175.41308097324836 1.0 210.53424980945297 177.45587821171725 1.0
-1.0 0.0 479.375 479.375 287.5 1.0 479.375 266.875 1.0 479.375 308.125 1.0
0.0930867364322866 0.9956580032824454 -139.39464636144186 318.09118733404205 110.26333890021652 1.0 313.0186598438798 110.73758309648228 1.0 323.16371482420425 109.78909470395075 1.0
-0.6587688894536071 0.7523453663631228 261.829174330371 617.765402807767 192.91067707608062 1.0 608.785770255684 185.04792835918084 1.0 626.7450353598499 200.7734257929804 1.0
0.04401546118807648 0.9990308499623026 -339.215550638831 428.7238222932084 320.6558374952767 1.0 391.8378134668245 322.28096717965235 1.0 465.6098311195923 319.0307078109011 1.0
-0.10118125359757736 -0.9948680082907594 352.5689574009056 178.1271934897864 336.271567560565 1.0 229.41873783457484 331.05505369891443 1.0 126.83564914499794 341.48808142221554 1.0
0.11322549427555952 0.9935693168803348 -366.21054274521435 216.2007577918047 343.94289283657986 1.0 124.23800095393933 354.42281448976075 1.0 308.1635146296701 333.4629711833989 1.0
-0.11155294048971992 -0.9937584925262762 199.91603309683504 374.8976302770585 159.0880493055219 1.0 401.7846233351947 156.06988829445262 1.0 348.01063721892234 162.10621031659116 1.0
0.9989048483497693 0.0467878610680624 -481.0229171576918 468.0827515960418 287.52729559352707 1.0 467.76006913488175 294.41645589220724 1.0 468.40543405720194 280.6381352948469 1.0
0.03877799120542561 -0.9992478508348526 285.26474426806584 38.07330941127736 286.956985182416 1.0 46.81015175101049 287.2960373956685 1.0 29.336467071544227 286.6179329691635 1.0
-0.9994562458334374 0.03297290803874507 185.43882768335448 190.0346808271763 136.24885585013857 1.0 189.84862956304625 130.60937455957492 1.0 190.22073209130633 141.8883371407022 1.0
0.2549231927527914 0.9669613052220462 -99.90870074682883 209.9591657541879 47.97010967714691 1.0 195.59395888387647 51.7572564638461 1.0 224.32437262449932 44.182962890447726 1.0
-0.9997720964737898 0.021348421777808938 341.43355916393773 343.3796874095366 87.49456158632606 1.0 343.23238076541526 80.59601545722731 1.0 343.52699405365786 94.3931077154248 1.0
-0.10504308379397616 -0.9944676719466811 194.21209658573233 60.08669003740485 188.94571504915132 1.0 71.96123813889446 187.69143681927312 1.0 48.21214193591524 190.1999932790295 1.0
-0.12748387192758387 -0.991840643651162 356.0544050957605 91.83384829456904 347.17983452820476 1.0 130.50726908695177 342.2090386096704 1.0 53.16042750218632 352.1506304467391 1.0
0.012899304907674023 -0.9999168005053715 319.2178391170617 264.9898361893488 322.66286919915547 1.0 280.61223631330034 322.8644040693433 1.0 249.36743606539727 322.46133432896755 1.0
-0.12281084199635449 -0.9924300968270492 203.26019291624192 328.7199643297111 164.13228280428257 1.0 335.64362359195945 163.27549659192252 1.0 321.79630506746275 164.98906901664265 1.0
-0.9995901084339756 -0.028628921058131876 71.41941686645184 65.12975090418324 220.62871615161225 1.0 65.4164350266823 210.61902656138125 1.0 64.84306678168419 230.6384057418433 1.0
0.9997309123581339 0.023197044543930907 -75.9392850952053 71.40599561015256 196.25361961110997 1.0 71.24622252862714 203.13941440540663 1.0 71.56576869167796 189.36782481681334 1.0
-0.022737892433997906 -0.9997414607025458 339.31770769521813 55.625348595277586 338.1403270648553 1.0 70.70283847072471 337.7974080638551 1.0 40.54785871983045 338.4832460658555 1.0
-0.10828831007507518 0.994119530992669 -281.4056350119093 140.73121523592877 298.39991191844626 1.0 135.78984702642336 297.86165429832715 1.0 145.67258344543419 298.9381695385654 1.0
0.5215156715577639 -0.8532417033406503 -134.95060601278502 301.0978887960997 25.873866198642503 1.0 313.0804848717865 33.19783034028072 1.0 289.11529272041287 18.549902057004285 1.0
-0.9993690010686469 -0.03551900481509839 200.92864520019515 193.41373852482957 215.01026218047863 1.0 193.7465190782141 205.64708967769477 1.0 193.08095797144503 224.3734346832625 1.0
-0.9965352616734704 -0.0831713426691448 212.0260718893302 193.0462435921118 236.24342694991356 1.0 193.7283162352241 228.0710274422117 1.0 192.36417094899952 244.41582645761545 1.0
0.24914317238041048 0.9684666641946046 -85.31080315916215 263.0702834200324 20.41230629793702 1.0 248.0965425112061 24.26438035515794 1.0 278.04402432885877 16.560232240716097 1.0
0.9995793829351002 0.02900098638123004 -344.9839651308934 338.6012898022192 224.99568544280302 1.0 337.89416243222047 249.36830266582749 1.0 339.30841717221796 200.62306821977856 1.0
0.11392003256275268 0.9934899225361581 -366.0767921249926 61.889781761491996 361.3789108750169 1.0 0.5150958727623411 368.41653255226987 1.0 123.26446765022165 354.341289197764 1.0
0.9888502052168643 -0.14891363820203046 -171.5434380912194 215.35326633486812 278.0718006631318 1.0 216.13111137767626 283.2370242080984 1.0 214.57542129205996 272.9065771181652 1.0
-0.38025058554313634 0.9248835019580044 32.83599875406643 293.3410567559513 85.09948515094203 1.0 284.5373955998327 81.48000518135613 1.0 302.14471791206984 88.71896512052793 1.0
0.9996634820769821 0.02594075175709459 -196.64252314628595 190.96758594219065 221.24267150086234 1.0 190.78888271273888 228.12925267186873 1.0 191.14628917164242 214.35609032985596 1.0
-0.2014186133571299 -0.9795052537854461 138.0675227521866 216.29700444482535 96.47858414071229 1.0 223.26300927864202 95.04614360111948 1.0 209.33099961100868 97.9110246803051 1.0
-0.9997870869298885 0.020634456819781398 509.89116160353586 511.40570262329464 68.1217864767418 1.0 510.01237499976867 0.6118453122843182 1.0 512.7990302468206 135.6317276411993 1.0
-0.999728767261457 0.023289308918206793 540.4810943434455 543.5540106641095 125.61500592739466 1.0 543.088350822206 105.62585376559242 1.0 544.0196705060129 145.60415808919691 1.0
-0.9940344900373974 -0.10906618456740584 559.7850121233072 562.6095814481075 4.874872450089625 1.0 563.1062034118236 0.3486358131160594 1.0 562.1129594843914 9.40110908706319 1.0
0.7773168745092491 -0.6291092723868981 -384.00409594494744 612.425953878593 146.3099280719215 1.0 620.8374623176949 156.70304694137243 1.0 604.0144454394912 135.91680920247055 1.0
-0.9967896288262242 0.08006519758595691 536.0188694211481 541.907746532332 51.822167782900536 1.0 541.2054186223102 43.07837899759997 1.0 542.6100744423538 60.565956568201095 1.0
-0.5171980665389944 0.8558657371155396 136.85685062225664 347.73725191138 50.23239261193659 1.0 338.65674613941127 44.745059932530125 1.0 356.8177576833487 55.719725291343046 1.0
-0.13979951883838362 -0.9901798293908821 293.8319629698827 635.030171015215 207.08869694936323 1.0 638.2671296402697 206.63168374342794 1.0 631.7932123901604 207.54571015529854 1.0
-0.06584435119988134 -0.9978299060536654 271.4200659264151 97.49681793272569 265.57677776329297 1.0 120.68581364737896 264.04659274022947 1.0 74.30782221807242 267.10696278635646 1.0
-0.1350532326134472 0.9908383442119395 -260.2734322708425 108.58234778975012 277.48000564438865 1.0 102.97630932685692 276.7158914768337 1.0 114.1883862526433 278.2441198119436 1.0
0.9899136919789284 -0.1416717418282395 -131.31523841318997 171.8319010681786 273.7561681142422 1.0 172.64585540435723 279.4435728968114 1.0 171.01794673199998 268.068763331673 1.0
0.10348824415643545 0.9946306768451384 -363.92920896796323 328.11248547463094 331.75472227242165 1.0 309.3059630815273 333.7114827328212 1.0 346.9190078677346 329.79796181202215 1.0
0.999852808196164 0.017156979403285737 -65.6749062337792 61.93091625054734 218.75095949518877 1.0 61.79153631150046 226.87356780440803 1.0 62.07029618959422 210.6283511859695 1.0
0.9997781130999174 -0.021064770740949496 -513.5190771150156 515.252924375611 76.88283942719224 1.0 516.438109473184 133.13420504126432 1.0 514.0677392780378 20.631473813120163 1.0
0.9974823744103337 0.07091482736863132 -235.08976831581 214.98345810490724 291.1599567048503 1.0 214.48771689712453 298.1330134742289 1.0 215.47919931268996 284.18689993547173 1.0
0.9961899892490302 -0.0872095483305412 -469.5893951233453 478.0562757944954 76.2013018989262 1.0 478.7669071273076 84.31880546758471 1.0 477.3456444616831 68.0837983302677 1.0
-0.3959923803653566 0.9182537964487697 47.564488018341805 345.4160971387686 97.16012593597586 1.0 336.14760991364335 93.16313694136734 1.0 354.68458436389375 101.15711493058438 1.0
-0.9999537924830928 0.009613162782344717 529.2703955856092 531.8785095442443 268.74996626062085 1.0 531.7883903075384 259.37583263154596 1.0 531.9686287809502 278.12409988969574 1.0
-0.9998237482012197 0.01877425185897768 540.8508716550807 542.553803752497 85.61225372083317 1.0 542.2253122523889 68.1184219901583 1.0 542.882295252605 103.10608545150804 1.0
-0.9999097571650286 -0.013434192427297547 255.6713121333416 252.69657652260733 223.1276410851704 1.0 253.04930504836298 196.87398300767768 1.0 252.34384799685168 249.38129916266314 1.0
0.13610944450733026 0.9906938069433493 -373.91309979924324 352.97806929882245 328.9305419896956 1.0 346.59102520983566 329.8080452272277 1.0 359.3651133878092 328.05303875216345 1.0
-0.9993686235077704 0.03552962634456071 593.8972082844291 602.0270217135214 218.11959531292996 1.0 601.625987840632 206.8394128071299 1.0 602.4280555864109 229.39977781873 1.0
0.274958818464202 -0.9614560042710067 85.40638550175925 87.06007412978713 113.72784623961888 1.0 99.60639775767049 117.31586514580685 1.0 74.51375050190374 110.13982733343092 1.0
-0.08259284343217961 -0.9965833744417913 348.2595629174629 295.0004193578437 325.00506006377407 1.0 300.638492141929 324.53779914546305 1.0 289.3623465737585 325.47232098208514 1.0
-0.9996449267495459 0.026646208433752795 508.6096684361445 512.9549519461304 156.23787294962486 1.0 512.4384212087309 136.85998162841415 1.0 513.4714826835299 175.61576427083557 1.0
-0.999516513388857 0.031092434175903617 538.8958399531549 544.6195284458211 175.61739333767477 1.0 544.1910057522387 161.84183925354043 1.0 545.0480511394036 189.3929474218091 1.0
-0.9992092074702651 -0.039761284016549346 348.9822496202414 340.97700638723177 208.11413683291664 1.0 341.27596829522474 200.60116288003513 1.0 340.6780444792388 215.62711078579815 1.0
-0.9998810186859611 0.015425578482656785 496.2715501964589 497.6322608462255 84.37295955716182 1.0 496.3400762059502 0.6139682232887544 1.0 498.9244454865008 168.13195089103488 1.0
-0.2410403835411281 -0.9705150866948674 80.96552634601824 262.3783391547434 18.260149776369694 1.0 279.0039354348748 14.130960896256205 1.0 245.752742874612 22.38933865648318 1.0
0.99996700368421 -0.008123517884704608 -515.157533719701 516.3829369665024 148.74892004854064 1.0 516.4692877407512 159.37829591954724 1.0 516.2965861922536 138.11954417753407 1.0
0.9958115402572908 -0.09142962479635487 -528.9862454943693 531.8996012313289 7.497741258000131 1.0 532.4221880013434 13.189528110733626 1.0 531.3770144613144 1.805954405266637 1.0
0.02389225517011124 0.9997145393275453 -335.6655510818334 376.87212020369327 326.7545017792312 1.0 359.38210990119273 327.17249688947163 1.0 394.36213050619375 326.3365066689907 1.0
0.9999523394526 -0.009763135934346617 -513.5911725658553 513.7071896119303 9.375417983559451 1.0 513.7926725541018 18.13068561299203 1.0 513.6217066697587 0.6201503541268727 1.0
-0.12267314610168856 -0.9924471266649492 186.6501054662526 589.4778589636285 115.20714693801207 1.0 600.7107443441249 113.8186866841588 1.0 578.244973583132 116.59560719186534 1.0
0.13272344177919193 0.9911531102722149 -353.1174358697716 97.51161188554693 343.2117153256552 1.0 86.9093401353658 344.63144551948557 1.0 108.11388363572806 341.79198513182484 1.0
-0.08504225791264704 -0.99637734537128 345.8890009549069 216.8653399631205 328.63682048033024 1.0 241.8434119083173 326.5049056526878 1.0 191.8872680179237 330.76873530797275 1.0
0.011771153061371631 -0.9999307175777759 253.5631885659328 439.36760745140896 258.75297895659173 1.0 450.61604865090953 258.8853952537747 1.0 428.1191662519084 258.62056265940873 1.0
-0.2232748436152095 -0.9747555304837228 85.93070785308552 254.48702274964597 29.86405999883084 1.0 264.53260216331154 27.563046973034208 1.0 244.44144333598038 32.16507302462747 1.0
0.9976204150635605 -0.06894568477003601 -522.2677470836111 535.1720209859968 168.69491776949837 1.0 535.6508365260751 175.623214434112 1.0 534.6932054459186 161.7666211048848 1.0
0.9998658794391757 0.01637751914435755 -538.3930535709745 535.3119261324621 192.5153465839637 1.0 535.1993457897087 199.3885025499221 1.0 535.4245064752154 185.6421906180053 1.0
-0.12672315738286924 0.9919381237672622 -128.0431776647965 162.51964561553928 149.84622198956578 1.0 155.67648612417406 148.97198723999603 1.0 169.36280510690446 150.7204567391355 1.0
-0.19626895177488016 0.9805500999791851 -210.6103822600027 436.32530697814605 302.1237700141437 1.0 430.79670821101587 301.01715416164257 1.0 441.8539057452763 303.23038586664484 1.0
-0.09185996049912393 0.9957719355641127 -299.2678030571076 241.22312459491516 322.79133230620783 1.0 229.3911591098202 321.69983349682224 1.0 253.05509008001013 323.88283111559343 1.0
-0.25986627905379794 -0.9656446121688524 82.57865483245511 210.64631870369962 28.829218786834986 1.0 224.56563037870262 25.08336893028277 1.0 196.72700702869662 32.575068643387205 1.0
-0.9998130694380124 0.019334585098737565 597.8721518732947 601.7549272490078 195.00232199087316 1.0 601.5495356834729 184.38129389404565 1.0 601.9603188145428 205.62335008770066 1.0
0.18097668866250313 0.9834873858676356 -420.7554332628656 616.8626196583737 314.3077211150113 1.0 595.6411555083239 318.2127943936664 1.0 638.0840838084234 310.40264783635627 1.0
-0.9966725725895976 -0.08150940465758053 596.0632706633768 579.0454288488156 232.42193371386333 1.0 579.404998285853 228.0252263971778 1.0 578.6858594117782 236.81864103054886 1.0
0.0290052476480207 -0.9995792592930672 285.3758139244395 17.470898546013352 286.00289472351085 1.0 23.109286861288048 286.1665064110282 1.0 11.832510230738658 285.83928303599356 1.0
0.505242402928351 -0.8629774703219 -121.62182464475194 301.79686256526463 35.75846236454931 1.0 312.9001564183159 42.25904327153715 1.0 290.69356871221333 29.257881457561464 1.0
0.08400651302149896 0.9964652054989018 -279.93283421025944 89.96554876376908 273.34134765917815 1.0 84.32792643927475 273.8166246589162 1.0 95.60317108826342 272.86607065944 1.0
0.9961485040166579 -0.08768214154190185 -467.3843033448082 477.99451850802507 100.01148513158611 1.0 478.7041920352984 108.07401884827993 1.0 477.2848449807518 91.94895141489228 1.0
-0.053750820569513996 -0.9985543797350767 343.3927969816189 243.13454544325003 330.80233020748017 1.0 255.66552245596887 330.12780480291474 1.0 230.60356843053117 331.47685561204554 1.0
0.9985988298823472 -0.052918588015999496 -507.0317931780286 516.688049718407 168.7930275513603 1.0 517.0531054794991 175.68180273482162 1.0 516.3229939573148 161.90425236789895 1.0
0.07827454114878833 -0.9969318413050847 296.197684287473 247.52599841854962 316.54387507872536 1.0 269.3645153761419 318.2585358242261 1.0 225.68748146095731 314.8292143332247 1.0
0.4277761112582256 -0.9038847264097287 -51.08394206793408 300.0625572894911 85.49281735349759 1.0 310.6765644914533 90.516044976512 1.0 289.44855008752893 80.46958973048316 1.0
-0.9996919070517074 0.024821179974380728 335.2589059295878 337.98486018191926 105.62847950765791 1.0 337.7359547407615 95.6036235014813 1.0 338.23376562307703 115.65333551383455 1.0
-0.06366123683154477 0.9979715661906796 -233.61932310564592 435.6244941793751 261.8829293872738 1.0 430.56534281446676 261.5602029247981 1.0 440.68364554428354 262.2056558497495 1.0
-0.9999808936130337 -0.006181618629329051 438.62664244527616 438.4109481754235 36.24790407087926 1.0 438.4689236255628 26.869398874386913 1.0 438.35297272528425 45.6264092673716 1.0
-0.9999199979123182 -0.01264902269068447 339.06685850276375 338.2639059875374 65.61885089386521 1.0 338.311436026431 61.86154587880755 1.0 338.21637594864376 69.3761559089229 1.0
0.5331795122605426 -0.8460021322110304 -145.0728281621455 349.1121897821611 48.54200402874796 1.0 356.7354418610715 53.34643852189733 1.0 341.48893770325077 43.73756953559859 1.0
0.9999516903296417 -0.00982939504203113 -499.9837473141867 500.2290524718276 22.497748443997125 1.0 500.4441204865518 44.37677802208835 1.0 500.01398445710333 0.6187188659058962 1.0
0.9975669788916973 0.06971457971538006 -146.137631396407 132.34318676134666 202.48904116790365 1.0 131.60123395632272 213.10586796668377 1.0 133.08513956637057 191.87221436912353 1.0
0.9999997246489726 -0.0007420929718585172 -501.24657124857407 501.31396177042814 90.62541634264174 1.0 501.329731241738 111.8754046402247 1.0 501.2981922991183 69.37542804505878 1.0
0.9780221892980151 -0.20850083270988956 -489.59874305150925 539.0920647037068 180.55207652613205 1.0 539.9382699768233 184.52140136312445 1.0 538.2458594305903 176.58275168913966 1.0
-0.995833719714144 0.09118773316785427 329.1380113428978 338.240217812584 84.36444959289678 1.0 337.77578471166936 79.29251583190718 1.0 338.70465091349854 89.43638335388637 1.0
0.062044348585617845 -0.9980733934979864 300.08688792206846 107.50936330533051 307.34937764456197 1.0 114.39660099310218 307.7775166758956 1.0 100.62212561755885 306.9212386132283 1.0
0.178670266528072 -0.9839090079162747 165.1776102639885 621.8430686012306 280.80084118216774 1.0 626.9031973863792 281.7197214357631 1.0 616.7829398160819 279.88196092857237 1.0
0.9986005316625804 0.052886464839424344 -80.58891667000778 72.69103259877045 151.26011719751563 1.0 72.39221444544492 156.90239197778908 1.0 72.98985075209598 145.6178424172422 1.0
-1.0 0.0 340.625 340.625 234.375 1.0 340.625 221.875 1.0 340.625 246.875 1.0
-0.9994498017685042 -0.0331676611309492 47.831027697985476 39.72710887703056 244.99094385703384 1.0 40.03857217633161 235.60553885317822 1.0 39.415645577729514 254.37634886088946 1.0
-0.9988323882489003 -0.048310042278990994 92.54251806446635 82.13184220612061 217.4821934903224 1.0 82.58567869597933 208.09891490774055 1.0 81.6780057162619 226.86547207290423 1.0
0.18080929752907646 -0.9835181736638331 167.2280459562215 50.742843294254776 179.35898749053348 1.0 57.121948087712354 180.5317176824655 1.0 44.3637385007972 178.18625729860145 1.0
0.09043348563039169 0.9959024975753087 -202.16260086558043 122.49961178293631 191.87072474354363 1.0 116.80803557637499 192.3875515175938 1.0 128.19118798949765 191.3538979694935 1.0
-0.999992819590157 0.0037895604135589466 438.8483433618832 439.3441413298002 130.0001169416347 1.0 439.29440370651133 116.87530542671638 1.0 439.3938789530891 143.124928456553 1.0
-0.11527307110888604 -0.9933338406986474 356.3875107819819 266.83884384627197 327.813434335079 1.0 276.8490958401104 326.6517780593882 1.0 256.8285918524336 328.97509061076977 1.0
-0.08874517151178633 -0.9960543632419586 365.8401975457915 375.01132517041196 333.87711097641863 1.0 384.36773731622515 333.04348539205535 1.0 365.6549130245987 334.71073656078187 1.0
-0.9997812684246872 -0.020914476018385742 356.3420076758314 353.7397189800183 128.1247849308117 1.0 354.26273989863773 103.12265162513849 1.0 353.21669806139886 153.12691823648493 1.0
-0.9999527452384167 0.009721486005428513 608.7986833471153 611.2457876630458 248.75004095210994 1.0 611.1667452547107 240.61973318220558 1.0 611.3248300713809 256.8803487220143 1.0
0.0 1.0 -325.625 588.125 325.6249999999999 1.0 578.125 325.6249999999999 1.0 598.125 325.6249999999999 1.0
-1.0 0.0 479.375 479.3749999999998 193.75 1.0 479.3749999999998 174.375 1.0 479.3749999999998 213.125 1.0
-0.4272189296934473 0.9041482102573588 44.349764417167094 624.2410024982948 245.90858668805362 1.0 614.1348164838271 241.1333143119076 1.0 634.3471885127627 250.68385906419965 1.0
0.9998698959808103 -0.01613044051858509 -499.7273327634624 502.212313544927 150.004641113079 1.0 502.38383979688314 160.63695679619835 1.0 502.04078729297083 139.37232542995966 1.0
-0.9999284614056112 -0.011961273803698142 136.86641741468787 134.41657993908206 205.61802105364478 1.0 134.53627354023627 195.61197651303547 1.0 134.29688633792784 215.62406559425406 1.0
-0.9972283834968643 -0.07440128458723762 197.66671650493524 177.36971232864144 279.41190953181956 1.0 177.74760713137184 274.34684344661196 1.0 176.99181752591105 284.4769756170272 1.0
-0.9999154584518065 0.013002920791635007 437.8835370257271 438.0748850316826 11.867524183451629 1.0 437.92850886728786 0.611300149438796 1.0 438.2212611960773 23.12374821746446 1.0
-0.9978178888824236 -0.06602621166039521 36.46108050586933 20.862876830372862 236.93209708041297 1.0 21.4420701756507 228.17906602643626 1.0 20.283683485095025 245.6851281343897 1.0
0.0 -1.0 305.625 427.5 305.625 1.0 440.625 305.625 1.0 414.375 305.625 1.0
0.12276645421619084 0.9924355887004374 -205.2739470483433 177.56170116255504 184.87378796267916 1.0 168.1757001861093 186.0348568242431 1.0 186.9477021390008 183.71271910111523 1.0
0.11926499690477887 0.9928624580037776 -205.38120821430311 102.37212737211937 194.5604803595028 1.0 91.8982588541655 195.81862632554765 1.0 112.84599589007321 193.30233439345795 1.0
0.9996382520470741 -0.026895446534132304 -556.1802741417595 562.452059838074 225.6262898386584 1.0 562.5869405270337 230.63947658666294 1.0 562.3171791491143 220.61310309065385 1.0
-0.005556085807918863 -0.9999845648361252 273.07124279457094 111.24976294587972 272.4573349891475 1.0 120.62794603882114 272.4052281948838 1.0 101.87157985293832 272.50944178341115 1.0
0.005414173081223641 -0.9999853432575132 317.14380080034243 600.6262160891899 320.4003911173952 1.0 610.6259229564884 320.454532054666 1.0 590.6265092218914 320.34625018012434 1.0
0.10430166497743353 -0.9945457066836773 289.9984019345227 212.42225548551812 313.86631580845676 1.0 221.82493235204976 314.8524091029462 1.0 203.01957861898651 312.8802225139673 1.0
0.07027030807609523 -0.9975279864760138 302.681161022526 234.37908911316225 319.9419526549559 1.0 246.86117553502604 320.82124633913156 1.0 221.8970026912985 319.06265897078026 1.0
-1.0 0.0 504.375 504.3749999999999 206.875 1.0 504.3749999999999 198.125 1.0 504.3749999999999 215.625 1.0
0.10574614334600882 0.9943931582464983 -203.68134390454037 421.1877557026387 160.03968027601397 1.0 401.7665286313839 162.10497994627096 1.0 440.60898277389356 157.97438060575698 1.0
-0.9999969752215967 -0.0024595828218262074 528.2948420236521 528.1734601970733 50.000119192228794 1.0 528.1995931855084 39.37518346867265 1.0 528.1473272086381 60.62505491578493 1.0
-0.9976893076766624 0.06794148473254129 524.861948912097 527.9058266025813 26.847363679041976 1.0 527.3945578777491 19.339618711108603 1.0 528.4170953274137 34.355108646975346 1.0
-0.9999734941060413 0.0072808711947662036 599.5308496172554 600.6889878252002 156.87908476565377 1.0 600.5615428246185 139.37546203576701 1.0 600.816432825782 174.38270749554053 1.0
0.08927535259557162 0.996006983619561 -199.08381118101624 237.54170685417023 178.5903055609487 1.0 230.6103526198522 179.21158543489577 1.0 244.4730610884883 177.96902568700165 1.0
0.99999698161705 0.002456981235053012 -485.7526520614983 485.48538596254434 109.37465696989442 1.0 485.44853135526023 124.37456641854257 1.0 485.5222405698285 94.37474752124626 1.0
-1.0 0.0 341.875 341.87500000000006 141.875 1.0 341.87500000000006 130.625 1.0 341.87500000000006 153.125 1.0
-0.41074955635428917 0.9117482119284659 39.1837049870524 517.9591604282787 190.3681170938463 1.0 511.5933173736977 187.50025601522722 1.0 524.3250034828598 193.2359781724654 1.0
0.018703260755564534 0.9998250787198275 -338.4801361561179 614.3782075666298 327.0464677242725 1.0 599.3834547460732 327.3269675616312 1.0 629.3729603871865 326.7659678869137 1.0
0.09949924124313295 0.9950376379775998 -200.73075769231292 283.7730795370139 173.35580586051748 1.0 275.6047609789697 174.17260059042286 1.0 291.94139809505816 172.5390111306121 1.0
0.09455368410194902 0.99551976415476 -199.31757843951576 383.7515356260592 163.76616802250334 1.0 369.44622257592147 165.12487540313543 1.0 398.0568486761969 162.4074606418712 1.0
0.08174389666685944 -0.9966533677049998 309.8649108811881 269.38525722994973 332.9999398647533 1.0 281.90356933429916 334.0266715693356 1.0 256.86694512560035 331.973208160171 1.0
-0.4319895000862338 0.9018786347481826 52.52077274341447 463.18472771325014 163.62530449589178 1.0 455.3798304846713 159.88684843085858 1.0 470.98962494182905 167.36376056092502 1.0
-1.0 0.0 530.625 530.625 170.0 1.0 530.625 160.625 1.0 530.625 179.375 1.0
-1.0 0.0 443.125 443.1250000000001 210.0 1.0 443.1250000000001 198.125 1.0 443.1250000000001 221.875 1.0
0.3238336808291467 0.9461140243969784 -421.27622119604865 635.1298227591855 227.87929079160884 1.0 631.7580668236749 229.03336747507186 1.0 638.501578694696 226.72521410814582 1.0
