line_hom_a line_hom_b line_hom_c centroid_x centroid_y centroid_z point1_x point1_y point1_z point2_x point2_y point2_z
-0.9998348669751432 -0.018172473161278093 335.8450289392343 332.18598832992404 204.36929268888764 1.0 333.5720297894315 128.11040563538754 1.0 330.7999468704166 280.6281797423877 1.0
-0.9987989733998293 -0.048996027751716895 553.9968407795552 547.1508038060188 153.13852954027146 1.0 547.7655193471767 140.6073656966907 1.0 546.536088264861 165.66969338385223 1.0
0.03672197578314324 0.9993255207861862 -186.99540247929542 556.8670462379484 166.65855202205807 1.0 546.8346597635355 167.0272097271777 1.0 566.8994327123615 166.28989431693842 1.0
0.10241216276350777 -0.9947420514475603 163.41543680300805 558.1387403858483 221.7415379263785 1.0 569.3980896672776 222.90072719513708 1.0 546.879391104419 220.5823486576199 1.0
0.026691989063393103 0.9996437053869942 -229.96468658750106 560.610381231195 215.07751138153702 1.0 549.3350433332824 215.37857984646635 1.0 571.8857191291075 214.77644291660766 1.0
-0.03601504374543446 0.9993512478723457 -198.18342462130164 630.6550958466366 221.0398955890588 1.0 623.11983437332 220.76833664302 1.0 638.1903573199531 221.31145453509762 1.0
0.9999114830450707 -0.013305114603312646 -169.13221155882135 169.66275183576977 38.7461710899243 1.0 170.17018571172557 76.88105189192375 1.0 169.15531795981397 0.6112902879248594 1.0
0.9986360790651518 0.05221093361911603 -493.7021614654381 481.667606949262 243.08148062469587 1.0 480.22865337785447 270.60427810980116 1.0 483.1065605206695 215.55868313959056 1.0
0.22791024602824334 -0.973682145135334 79.99822335956839 630.8144669065482 229.81555616316103 1.0 638.7570643194049 231.67468374346174 1.0 622.8718694936915 227.95642858286033 1.0
-0.0745625973010533 -0.9972163351468532 210.38361079687454 16.231846856586078 209.75721592592146 1.0 31.909394104805944 208.5849942113974 1.0 0.5542996083662111 210.92943764044554 1.0
-0.9764855692812122 0.2155827752524468 244.9634315964589 353.6644512614409 465.6438869503637 1.0 350.88779560811594 453.06698152199675 1.0 356.44110691476584 478.22079237873066 1.0
0.9999874741498599 -0.0050051516843342796 -196.87524171199053 197.1435717430141 53.11739922287647 1.0 197.4063389150182 105.61608401684886 1.0 196.88080457101 0.618714428904088 1.0
-0.9970788788647161 -0.07637872296576304 636.0227610820624 618.6367257464468 251.28919946540918 1.0 619.7387547978916 236.90286452258144 1.0 617.534696695002 265.6755344082369 1.0
-0.2899110579173748 -0.9570535922806145 439.58657556165105 33.09812922744993 449.28629427907606 1.0 65.64115972282683 439.42834643284317 1.0 0.5550987320730272 459.1442421253089 1.0
0.1331891302818741 -0.9910906394345363 145.04000800908352 596.0557259304219 226.4456375789544 1.0 600.4356178612469 227.03423560801866 1.0 591.6758339995968 225.85703954989017 1.0
-0.9916138446995185 0.12923615206372818 162.51109928126132 214.157935217705 385.73474555552434 1.0 212.34364660352557 371.8139217042086 1.0 215.9722238318844 399.6555694068401 1.0
-0.07886292240649784 -0.9968854695849 211.37875051028377 81.87005324865528 205.5624694167206 1.0 88.17945387213474 205.06333708208226 1.0 75.56065262517582 206.06160175135898 1.0
0.015629746504276436 0.9998778480515567 -125.99714150596022 228.77831440444297 122.4363502848907 1.0 186.8940092086787 123.09107133305996 1.0 270.6626196002072 121.78162923672143 1.0
0.9676564281942867 0.25227175223214204 -438.94202437108953 331.74340172122805 467.465691822625 1.0 328.99060506261264 478.02478676152145 1.0 334.49619837984346 456.9065968837285 1.0
-0.037319698420179376 0.9993033774133994 -146.72505780701036 588.1234601705137 168.79123175886963 1.0 573.1210430059441 168.23095577380826 1.0 603.1258773350831 169.35150774393102 1.0
0.17574630931678742 -0.984435490401239 106.52508133823329 593.562542202093 214.1750368965328 1.0 600.4414593213266 215.40309531944544 1.0 586.6836250828594 212.94697847362016 1.0
0.9998383014843285 -0.01798251609016775 -144.12403132827546 144.52948003515945 21.247221611020763 1.0 144.9007136708608 41.888026596949025 1.0 144.15824639945814 0.6064166250925007 1.0
-0.9968448158814746 -0.07937514126115994 241.4975176812134 213.54397983641832 360.65836184646946 1.0 214.34310233349157 350.62246010437667 1.0 212.74485733934506 370.6942635885622 1.0
0.9992842812102735 0.037827573621197305 -470.9709636544422 460.66071599120824 281.27501118377427 1.0 460.1654787607647 294.3576049765472 1.0 461.15595322165177 268.1924173910014 1.0
0.9981942640658052 0.060068387577204785 -554.1200155526856 541.396263830911 228.09619106892586 1.0 540.1130950044068 249.41941638104882 1.0 542.6794326574154 206.7729657568029 1.0
0.9999998702805067 -0.0005093515187988126 -227.44029255607023 227.46960978352809 57.50001547930492 1.0 227.49857930955125 114.37531906837147 1.0 227.44064025750495 0.6247118902383697 1.0
0.999826957427515 -0.018602558997033086 -121.31116690034219 121.72758635580183 21.25274274562492 1.0 122.11163031152725 41.893854532052345 1.0 121.34354240007642 0.6116309591974955 1.0
0.9999855208259512 0.005381276656240596 -145.4631489043977 145.11544563129897 65.00398460048464 1.0 145.05823419701554 75.63540341868834 1.0 145.1726570655824 54.372565782280944 1.0
0.3842142227947214 0.9232439715493669 -549.9484093474828 339.30746285815155 454.46455015878246 1.0 333.626019896317 456.8289210717823 1.0 344.98890581998614 452.10017924578256 1.0
-0.2850550241687045 -0.9585111544453613 439.69388861986664 70.28234025411248 437.8243826102696 1.0 74.64337917471627 436.5274378129681 1.0 65.92130133350871 439.12132740757113 1.0
-0.9981234872898173 -0.061233194595858235 523.07077695581 508.9822648612934 245.6775917551688 1.0 510.97798303775164 213.14665491476248 1.0 506.98654668483516 278.2085285955751 1.0
0.4177698377337952 -0.9085528948167401 217.11669049923196 496.6596622685261 467.34330982426866 1.0 503.7995899772256 470.6263838833701 1.0 489.51973455982665 464.06023576516714 1.0
0.9997353427701916 -0.02300531278134387 -247.98002440339414 254.23072432057478 268.78208423943454 1.0 254.76258138156396 291.8948454623106 1.0 253.69886725958557 245.6693230165584 1.0
0.358577358728904 -0.933500014893949 258.6177115081874 513.0763545582215 474.1245511412342 1.0 523.1720461842061 478.00252262492864 1.0 502.98066293223695 470.24657965753977 1.0
0.029866780444664016 -0.9995538882050683 144.98675016301507 559.9840486680962 161.7838444783509 1.0 570.6182293173221 162.10159496925203 1.0 549.3498680188702 161.4660939874497 1.0
0.16427391637098415 0.9864147608385323 -59.02908777846276 319.33927112245647 6.6604589884039225 1.0 309.2040247786324 8.348345946694504 1.0 329.4745174662806 4.972572030113341 1.0
0.9996115104383566 -0.027871637898536392 -100.5037550568343 101.06478340559372 18.7203112086934 1.0 101.5702461055221 36.8486442038702 1.0 100.55932070566534 0.5919782135165974 1.0
0.0835211286937775 -0.9965060065356944 133.55628201429985 596.2293054440083 183.99691056826833 1.0 603.1083652803177 184.5734719117147 1.0 589.3502456076991 183.420349224822 1.0
-0.43052545042126683 -0.9025784378875694 289.01659732834446 188.79626637087733 230.15728161793942 1.0 198.64279531101332 225.46053601767932 1.0 178.94973743074138 234.85402721819952 1.0
0.999997471195727 0.0022489113258157816 -315.9295192168891 315.3470066985965 259.374374816135 1.0 315.2992174537728 280.6242673420893 1.0 315.3947959434201 238.12448229018074 1.0
-0.024384373237098488 0.9997026569644765 -145.0996605656119 526.2687969333565 157.9793693983196 1.0 521.881162596415 157.8723478629115 1.0 530.656431270298 158.0863909337277 1.0
0.9999793529861696 0.006426009754241592 -261.4380016596393 261.0658714207246 58.748816763523244 1.0 260.6923415071621 116.8754327461168 1.0 261.4394013342871 0.6222007809296848 1.0
0.10905928793531598 -0.9940352467166553 93.85688720236026 554.9662648251096 155.3074836956108 1.0 560.5921169636252 155.92471676685497 1.0 549.3404126865942 154.69025062436663 1.0
0.997124427475586 0.07578176648432534 -615.3957570919235 598.7876827006885 241.87786389696748 1.0 597.7379118633088 255.69058156988226 1.0 599.8374535380681 228.06514622405274 1.0
-0.25837862928405514 -0.9660437277521617 440.6785295800089 82.27605577276019 434.1627019746533 1.0 89.16009357640857 432.32149313436094 1.0 75.3920179691118 436.0039108149457 1.0
-0.18906911920386926 -0.9819637814927152 63.484192532393 317.57300154719314 3.5041463970346065 1.0 329.25557814070555 1.2547615335629274 1.0 305.8904249536808 5.753531260506286 1.0
0.9999480585374795 -0.010192164987155944 -197.56188598124592 201.50898454561724 386.2409898156628 1.0 201.57918189059066 393.12801518359026 1.0 201.43878720064384 379.3539644477353 1.0
-0.9939070553239904 0.1102214379201906 80.96279925998941 85.891730030579 39.970420405661244 1.0 84.57563942939512 28.102749663519386 1.0 87.20782063176289 51.8380911478031 1.0
0.9993472615061634 -0.036125488510630514 -84.02633484922463 93.54720765398983 261.85973757987756 1.0 94.13549497286215 278.1336578874425 1.0 92.95892033511751 245.5858172723126 1.0
0.9999999958934578 9.062606967364008e-05 -260.3818671126073 260.3510553203107 339.99997517347026 1.0 260.34714706080575 383.1250881018676 1.0 260.3549635798157 296.87486224507285 1.0
0.10433233108090822 0.9945424901386687 -59.7367529501412 318.7890288524967 26.622040495474106 1.0 309.45122609829446 27.60162129587189 1.0 328.1268316066989 25.642459695076322 1.0
-0.12295359702532833 -0.9924124208102865 62.97256619318643 318.16043008047177 24.035971722513224 1.0 327.0069399631675 22.939945324224638 1.0 309.31392019777604 25.13199812080181 1.0
-0.999394005033282 -0.034808371170399435 256.65035551217267 247.83773662262828 257.48999476661567 1.0 248.165381877314 248.08286963262051 1.0 247.51009136794258 266.89711990061085 1.0
-0.21551233354817337 0.9765011183243063 -202.97648522542335 353.4837835339177 285.87432727705743 1.0 328.7242125297914 280.40992705813335 1.0 378.243354538044 291.3387274959815 1.0
-0.3589363816788098 -0.9333620272473717 473.15649788809833 504.1149952180285 313.07389525614565 1.0 512.7846160798944 309.73988095961107 1.0 495.44537435616263 316.4079095526803 1.0
0.06635792817313234 0.9977958836197759 -24.385027224842393 349.371946288759 1.2040826455877558 1.0 340.6190935245486 1.786186846028422 1.0 358.1247990529694 0.6219784451470897 1.0
-0.9999558426499003 -0.00939748638348799 302.36975918787476 299.2406450201977 334.37961103350744 1.0 299.67531476862854 288.12782232857546 1.0 298.8059752717669 380.63139973843937 1.0
-0.21933391112608783 -0.9756498528827509 401.90231181165154 119.5893423557917 385.04829628555854 1.0 131.6955415194834 382.32672562821847 1.0 107.4831431921 387.76986694289866 1.0
-0.3001253119016582 -0.9538997836019948 439.0065993998223 100.1817929108612 428.70279937730714 1.0 110.92332939342977 425.32319174707936 1.0 89.44025642829264 432.0824070075349 1.0
-0.14648360753881517 -0.9892130977309259 283.3419797065193 527.1882152892915 208.36516272559498 1.0 542.1380476485907 206.15137746424543 1.0 512.2383829299923 210.57894798694454 1.0
0.9984509153051222 -0.05563964168076222 -78.54289494135286 94.92998702723142 291.87890154053457 1.0 95.55689820889872 303.1287950380901 1.0 94.30307584556412 280.629008042979 1.0
0.9955539327023637 0.09419324328664853 -610.3040957308509 575.0652541382611 401.2561739487121 1.0 574.4039190801919 408.24600352588374 1.0 575.7265891963303 394.2663443715405 1.0
-0.9998773246773557 0.015663192396625013 172.25900604150758 172.88722208517083 38.75372481817091 1.0 172.2898294622532 0.6185016491336492 1.0 173.48461470808846 76.88894798720817 1.0
0.08769563033605603 -0.9961473166253885 175.38515281116804 583.079245261635 227.39473467401314 1.0 588.1499898522836 227.84113666268334 1.0 578.0085006709865 226.9483326853429 1.0
0.04820499738886388 -0.9988374633676591 192.5678989280166 438.1461170571758 213.9374414694363 1.0 451.9243520794354 214.602394284714 1.0 424.3678820349162 213.27248865415856 1.0
0.9991325249296792 -0.04164369853464137 -63.84638729915339 64.73479259540744 19.985003896876247 1.0 65.54310708218833 39.37841328492105 1.0 63.92647810862656 0.5915945088314389 1.0
-0.29530488304629 -0.9554030699390791 454.42604883976236 291.8178960842623 385.44025108613687 1.0 301.6511843243286 382.40088673295514 1.0 281.9846078441961 388.4796154393186 1.0
-0.20730142672271823 0.9782771174256941 -192.401543057004 431.86178406459163 288.1873673816422 1.0 406.66864208904514 282.8488245678209 1.0 457.0549260401381 293.52591019546355 1.0
-0.0639034819366497 -0.997956083701268 243.84602171604035 467.58190851622425 214.40413377480743 1.0 483.46196574963443 213.38726442840846 1.0 451.70185128281406 215.4210031212064 1.0
-0.3118353926876912 -0.9501361417540717 439.2257013193076 116.92481561998756 423.90178399272156 1.0 121.99414545345658 422.23802614811956 1.0 111.85548578651851 425.5655418373236 1.0
0.9995833806668146 -0.02886286705616548 -81.35723422700221 82.1488810434356 26.242091713108906 1.0 82.88922520688978 51.88180797284184 1.0 81.40853687998141 0.6023754533759673 1.0
-0.5540975875504169 0.8324517184022193 -326.3839568025605 122.99577298569903 473.9441449530477 1.0 115.78044374564793 469.141468188841 1.0 130.21110222575012 478.7468217172544 1.0
-0.9999752176350073 0.007040178678114153 147.43921838181197 147.58367528048794 19.999410896475048 1.0 147.44724422142747 0.6209711985904098 1.0 147.7201063395484 39.377850594359685 1.0
-0.15188279823266576 -0.9883985105214472 256.68401908570576 553.8782921131155 174.58487883414438 1.0 560.6885224275894 173.53838106450942 1.0 547.0680617986417 175.63137660377936 1.0
-0.20920613599648585 -0.9778715624566551 342.5966250847133 237.66130598562887 299.50397662429543 1.0 247.2652907014622 297.44929724746487 1.0 228.05732126979555 301.55865600112605 1.0
0.5178012301402353 0.8555009562035913 -632.9572834945029 596.9058931516772 378.5836536990754 1.0 587.913869125777 384.02617374338223 1.0 605.8979171775775 373.14113365476857 1.0
0.9832650675823502 0.18218069840758733 -264.5423200150217 200.27120308498058 371.1844480230227 1.0 198.95669664026784 378.27909789260565 1.0 201.58570952969333 364.0897981534398 1.0
0.9999998593026537 -0.0005304664671992594 -243.48571318747915 243.5769214308589 171.87509181239005 1.0 243.60079259439595 216.87541069112513 1.0 243.55305026732185 126.87477293365497 1.0
0.2896711408936798 -0.9571262352131791 163.24777678467572 177.1270263752948 224.16725893019176 1.0 183.37244002962854 226.05741305202594 1.0 170.8816127209611 222.2771048083576 1.0
0.997616054918654 0.06900874559460463 -551.0718122625601 534.1452253439642 263.7341056479552 1.0 533.4078026145694 274.3945624895831 1.0 534.882648073359 253.07364880632718 1.0
0.02781824733848888 -0.9996129976721064 189.8188506880112 566.8738066805969 205.66788040045026 1.0 576.866068131747 205.94595521657035 1.0 556.8815452294467 205.38980558433013 1.0
-0.9982069370982207 -0.05985741999943712 529.6503791632952 519.5824775943786 183.76244138168713 1.0 520.4458638035683 169.36425810856605 1.0 518.7190913851889 198.1606246548082 1.0
0.999107747732475 0.042233972355689466 -460.5167284051884 458.3670723453964 60.58239319528082 1.0 455.83083573445873 120.58086141251958 1.0 460.90330895633406 0.583924978042063 1.0
0.11304220510470207 -0.9935901870817095 242.5132998579426 611.2645342284192 313.6222506631857 1.0 623.0579875803907 314.9640090561726 1.0 599.4710808764477 312.2804922701988 1.0
-0.9997990636186734 -0.020045757337248372 323.3064713011956 318.18354271076726 258.75117376882673 1.0 318.597405670442 238.1094094000441 1.0 317.7696797510925 279.3929381376094 1.0
0.23477512724269603 0.9720497104717309 -398.56582399298594 115.9615569198662 382.0184613106396 1.0 103.58001618835843 385.008923392347 1.0 128.34309765137397 379.02799922893223 1.0
-0.999987758486935 0.004948017408543884 224.09515058723417 224.2586939643001 32.497482942596434 1.0 224.10096253831273 0.6201708612543744 1.0 224.4164253902875 64.37479502393849 1.0
0.1695275936458845 -0.9855254410681826 227.33468492781907 483.12006734497515 313.77867531423317 1.0 494.5688522777082 315.7480663405184 1.0 471.6712824122421 311.8092842879479 1.0
0.0768817756201702 -0.9970402161284618 228.35878843515957 608.7229868367294 275.97531982454075 1.0 623.1088367577566 277.08461277766605 1.0 594.3371369157021 274.8660268714154 1.0
-0.35162165189315897 0.9361421974892096 -248.208802316967 521.4931596128488 461.01659524432944 1.0 485.132168015791 447.35914879642684 1.0 557.8541512099065 474.674041692232 1.0
0.3804227987182563 0.9248126806090892 -467.55723413417815 72.85747825694543 475.599651227137 1.0 66.8523254901354 478.0698779770297 1.0 78.86263102375544 473.1294244772443 1.0
-0.5899423304592178 -0.8074453831265289 711.8465822771597 591.7739407515353 449.2366816943251 1.0 597.6350393350133 444.95439805057015 1.0 585.9128421680574 453.5189653380801 1.0
0.04715766664429487 -0.9988874583638868 155.30286449220102 574.9942674357014 182.62142641885163 1.0 588.1195202143182 183.24107209562277 1.0 561.8690146570848 182.00178074208046 1.0
-0.5526869767981177 0.833388928218846 -283.53828680528164 69.52979064624023 386.3340220790773 1.0 60.139735235296904 380.1067239217417 1.0 78.91984605718355 392.5613202364128 1.0
-0.1246583736918728 -0.9921997227718306 35.254558542144046 251.27660124823007 3.961728665613042 1.0 256.89149413112676 3.2562825753031226 1.0 245.66170836533337 4.667174755922961 1.0
0.020482632980196886 -0.9997902088669394 203.99612277058995 417.4725135269638 212.59165888948087 1.0 425.60690373859256 212.758307580121 1.0 409.33812331533505 212.42501019884074 1.0
-0.9999425465407391 -0.010719310501223307 288.8032225086267 288.1832420602787 59.382324304598264 1.0 288.8131808146473 0.6189773396839904 1.0 287.5533033059101 118.14567126951253 1.0
-0.9994775272105443 0.03232139540762187 113.25562585566928 123.07634872711348 301.85636186698093 1.0 122.75265072315776 291.8466182752681 1.0 123.40004673106921 311.8661054586937 1.0
0.47993709353682845 0.8773029045018725 -621.1157817800103 522.1324614157384 422.345627611131 1.0 512.3306065225738 427.7078277412744 1.0 531.9343163089028 416.98342748098764 1.0
-0.22388605911671175 -0.974615325414693 87.47138924093387 355.01636354895845 8.196233401740106 1.0 359.44482029674344 7.1789400108235055 1.0 350.5879068011734 9.213526792656705 1.0
-0.2114850582762498 -0.9773812307006366 342.60254305783366 213.13332784132558 304.41348723815406 1.0 220.81463718360186 302.7514109644725 1.0 205.4520184990493 306.0755635118356 1.0
0.9993206374293759 0.0368546280370026 -434.6985441508339 432.783446562118 59.94130401419004 1.0 430.59329397415786 119.32773108843553 1.0 434.9735991500781 0.5548769399445419 1.0
0.9997846384759121 0.02075275084391474 -340.6597201321859 339.52652216754643 58.128145179140986 1.0 338.3334959813043 115.60338127075458 1.0 340.71954835378864 0.652909087527398 1.0
0.05462059452784735 -0.9985071810725371 457.93142581915316 119.43520357764945 465.1494315215927 1.0 125.76881799899056 465.4958945133082 1.0 113.10158915630832 464.8029685298772 1.0
0.9979791194694143 0.06354271872569352 -47.06619563166364 30.88192869175004 255.68115362656664 1.0 30.48306572804463 261.94555208622415 1.0 31.28079165545545 249.4167551669091 1.0
-0.9908526904998833 -0.13494793710591602 146.6643301193482 141.96150444231358 44.47190245346508 1.0 142.99850141474678 36.857771684135884 1.0 140.9245074698804 52.08603322279428 1.0
-0.9952867085569348 -0.09697611958571656 560.9486039813655 545.4533984260765 186.29417703924824 1.0 546.3758976425615 176.8263697817078 1.0 544.5308992095914 195.76198429678868 1.0
-0.2101789400447461 0.9776629343294482 -174.1827982880815 603.1870910914079 307.83617868132393 1.0 588.0791532967639 304.5882593418042 1.0 618.2950288860519 311.08409802084367 1.0
-0.1744819245648443 -0.984660376982921 334.3691620670927 318.13898133809624 283.2039014086985 1.0 323.20151842512036 282.3068192931051 1.0 313.07644425107213 284.10098352429196 1.0
0.998866776313631 0.047593730435999335 -505.47508595245085 503.131533051783 61.2205314563313 1.0 500.2423542786963 121.85676780152863 1.0 506.0207118248697 0.5842951111339634 1.0
0.9999800770932994 0.006312322589911376 -291.90574338269056 291.5367460625622 59.376810069710125 1.0 291.1658795954087 118.12841427451079 1.0 291.9076125297157 0.6252058649094661 1.0
0.9722659561756971 0.233877981994367 -113.48726569819655 16.542721960285974 416.4707574570931 1.0 15.411136435040726 421.1749287233034 1.0 17.674307485531223 411.76658619088283 1.0
0.9985040601776545 0.05467761707261168 -543.665045842077 541.0899142264989 61.90045848641175 1.0 537.7347089325358 123.17207726055588 1.0 544.445119520462 0.6288397122676237 1.0
-0.2724395633793018 -0.9621728973036474 342.0979232697804 631.3964296550685 176.76714458693425 1.0 638.2526455422391 174.82580486725442 1.0 624.5402137678977 178.7084843066141 1.0
-0.12459617248824814 -0.9922075356503187 91.8636310390674 213.14935260231118 65.81892919576356 1.0 223.30317369346403 64.54386606770649 1.0 202.99553151115833 67.09399232382063 1.0
-0.9885471088891338 -0.15091260221378142 643.3619932505571 627.7205956098185 151.2836763490736 1.0 629.190368307778 141.65598767378432 1.0 626.250822911859 160.91136502436288 1.0
-0.19817621387176454 -0.9801664084508571 40.89472907536714 189.31346322212764 3.4456431784804176 1.0 194.23849770577434 2.449868707184691 1.0 184.38842873848094 4.441417649776144 1.0
-0.8568685089991622 0.5155350213957852 -76.886638206227 42.21174377939318 219.2994606935436 1.0 39.282444888421225 214.43068579184194 1.0 45.14104267036514 224.1682355952453 1.0
0.9995389645380944 -0.030362120645866946 -47.90286290219403 48.53152870888074 19.96866615487753 1.0 49.12009974634835 39.34477272560128 1.0 47.942957671413126 0.5925595841537734 1.0
-0.9998132887276234 -0.019323242058566385 329.5204601262849 328.9784143090234 31.230255965975974 1.0 329.570311473439 0.6046161924182192 1.0 328.3865171446078 61.85589573953373 1.0
-0.5998458641599307 -0.8001155786823713 713.6379427206408 618.0102276378302 428.5969087469614 1.0 638.3130829966245 413.37587800829516 1.0 597.7073722790358 443.8179394856276 1.0
0.9983308974339771 0.05775308847732885 -527.0075943215043 518.1646818667418 168.0911395535044 1.0 516.0683728471562 204.32833690518228 1.0 520.2609908863275 131.85394220182653 1.0
0.9995045732012066 0.03147392809730051 -406.3610449188951 404.6936995532765 59.34567378771136 1.0 402.8430458475476 118.11612139658091 1.0 406.5443532590053 0.5752261788418167 1.0
0.31623386261989017 -0.9486812658277302 245.4111800548792 523.1428842341231 433.07134844691905 1.0 528.3928778075053 434.82138379202695 1.0 517.892890660741 431.32131310181114 1.0
0.9945810658123706 0.1039639530199229 -617.4922073661429 605.8213691071173 143.83585803832352 1.0 604.7024720089966 154.53989377434468 1.0 606.940266205238 133.13182230230234 1.0
-0.9999158198331457 0.012975101055806517 166.25423406788644 166.7143142597148 34.37708508924158 1.0 166.27623102083038 0.6165495003295751 1.0 167.15239749859924 68.1376206781536 1.0
0.47421072489366206 0.8804113745266059 -621.121131580942 470.6770774963345 451.97168617288236 1.0 459.34755215113836 458.0740408017459 1.0 482.0066028415306 445.8693315440188 1.0
0.7233995116439588 0.6904296825552056 -444.2339834477417 168.31893075655327 467.0600921220288 1.0 157.3372472869984 478.5661797941348 1.0 179.30061422610814 455.5540044499228 1.0
-0.9990665502857778 -0.04319754738495562 518.5001409990537 506.47336830170303 289.3576342856604 1.0 507.0151661449118 276.827013106103 1.0 505.93157045849426 301.8882554652178 1.0
-0.17679403284860692 -0.9842478701775919 337.4533415500304 197.4788377512309 307.38218551303146 1.0 204.46521901392742 306.12726736093305 1.0 190.49245648853437 308.63710366512987 1.0
0.996593785398141 0.08246712621283699 -494.71610400721795 472.8769281479525 284.35447230553467 1.0 472.14929764134087 293.1476978519631 1.0 473.60455865456413 275.56124675910627 1.0
0.9987013676831606 0.050946817248817125 -525.3990446918035 522.9279379949296 61.833064097942845 1.0 519.803386629081 123.08308698414574 1.0 526.0524893607782 0.5830412117399497 1.0
0.9976023486426498 0.06920660360593418 -576.8824126301957 572.9367613276138 76.86194133068065 1.0 569.9845720124772 119.41728780003794 1.0 575.8889506427504 34.30659486132335 1.0
0.02529502350890299 -0.9996800297023464 198.19908345028043 141.2351670097662 201.83621191287955 1.0 148.15318111551662 202.0112592522687 1.0 134.3171529040158 201.66116457349037 1.0
-0.999973491030083 0.00728129364250972 230.87536309669855 231.304717038432 58.12460157861418 1.0 230.88595434529475 0.6139980060799566 1.0 231.7234797315692 115.63520515114841 1.0
0.9997590197318607 0.021952276984154542 -374.79556625266895 373.5965758594465 58.71918421854503 1.0 372.32000367768364 116.85732423825146 1.0 374.8731480412093 0.5810441988386028 1.0
-0.9815599135421385 -0.19115474393053783 86.61407880280463 37.97804950900766 258.0963819980945 1.0 39.19641114120177 251.84022055648214 1.0 36.759687876813544 264.35254343970684 1.0
0.30239406819827575 -0.9531829979172397 236.45939771070476 166.01488493078278 300.7411113844503 1.0 191.27830784172792 308.75584648499967 1.0 140.75146201983767 292.72637628390083 1.0
-0.9999702340085445 -0.007715639759392549 273.253928548126 272.8184554312949 57.49281232373975 1.0 273.25730658742486 0.6163760235659144 1.0 272.379604275165 114.36924862391358 1.0
0.32899765182849916 0.9443307392494082 -475.5227395348843 468.0750106873024 340.48151434181386 1.0 461.7248007910752 342.69387920260135 1.0 474.42522058352955 338.26914948102643 1.0
0.2808201686963549 0.9597604038786717 -477.021202293337 83.34715267656647 472.63425224165326 1.0 78.40455241414311 474.080427593213 1.0 88.28975293898982 471.1880768900935 1.0
-0.49764296135458247 -0.8673819706532073 519.1696674329926 510.7397373705511 305.521259390347 1.0 518.2708270728517 301.2004481347735 1.0 503.20864766825053 309.84207064592044 1.0
0.9998697740579924 0.016137996319844715 -332.42498358048107 329.5529279909998 180.6278717752436 1.0 328.7256378422221 231.88469435374367 1.0 330.3802181397775 129.37104919674348 1.0
-0.1275291084893777 -0.9918348282289267 275.4130294645237 307.5812432984719 238.131855220656 1.0 314.4234854252092 237.2520867212483 1.0 300.73900117173457 239.01162372006374 1.0
-0.9999838006189531 -0.005691967996581215 302.10639832205 300.6491435907375 256.87513742677197 1.0 300.7416770704532 240.61854905765392 1.0 300.55661011102177 273.1317257958901 1.0
0.9912779334283313 0.1317879307753826 -537.4528948729951 481.74300937237217 454.6067287521095 1.0 481.0572519239642 459.7648355855001 1.0 482.4287668207801 449.4486219187189 1.0
-0.9999964595834365 0.0026609811334165428 193.94024480160985 194.06234134123736 45.625831981737726 1.0 194.0057956923481 24.375982449175314 1.0 194.11888699012658 66.87568151430014 1.0
-0.9992203145393598 -0.039481172878508844 474.13263859502285 472.77255100480363 43.78546401716649 1.0 474.17797114791404 8.2159949494641 1.0 471.3671308616932 79.35493308486888 1.0
-0.2685439648610981 -0.9632674285662739 352.1264145932892 223.34497652460743 303.28905597939297 1.0 227.3095663977864 302.18379003556646 1.0 219.38038665142847 304.3943219232195 1.0
0.0885859095284563 -0.996068540128146 304.8797058565665 470.69661761884294 347.9447245625397 1.0 485.74435123880056 349.28300312005183 1.0 455.6488839988853 346.60644600502764 1.0
-0.9972853864429669 0.07363326685202852 75.20197908301017 77.30653647538257 25.73157624822762 1.0 76.37845322931159 13.161661883717178 1.0 78.23461972145356 38.30149061273806 1.0
-0.9998657340007803 0.01638639591493595 245.1393060113007 248.05065937144448 175.63646121126988 1.0 247.2517620059807 126.88931114499813 1.0 248.84955673690826 224.38361127754163 1.0
-0.9999924467240998 0.00388670744308772 45.523897717671346 45.636003975017445 28.7548156514462 1.0 45.60928306317816 21.879919508597595 1.0 45.66272488685673 35.629711794294806 1.0
0.9999826982068959 0.0058824558524644315 -330.0273908541808 328.5698210428368 248.74894008690052 1.0 328.49994646113674 260.6272056441662 1.0 328.6396956245368 236.8706745296348 1.0
0.9978617663622195 0.06535973708998111 -604.7681779498091 601.8857453999553 63.79164119079211 1.0 597.7553843193167 126.85079025018479 1.0 606.016106480594 0.7324921313994359 1.0
-0.5523894329279654 0.8335861769424447 -284.5673017766433 52.82593375560239 376.3831479531044 1.0 44.30224697882612 370.7347883289691 1.0 61.34962053237866 382.0315075772398 1.0
-0.9995881753672062 -0.028696335411676013 364.59079413766204 363.7905274270943 33.10822086894949 1.0 364.72380359717806 0.5991283111540646 1.0 362.85725125701055 65.61731342674491 1.0
0.9996903644327496 -0.02488323251340403 -143.29867317237256 147.6681410935566 173.76137164746137 1.0 147.96431195501464 185.6601133509696 1.0 147.3719702320986 161.86262994395312 1.0
0.9983869897925919 0.05677515841357963 -560.693135239239 558.0430636465883 62.53088233809028 1.0 554.525693981642 124.38356949736644 1.0 561.5604333115346 0.6781951788141249 1.0
0.11647739354270348 -0.9931933431077246 237.8809873434682 467.50432382169754 294.3381311210169 1.0 473.053009541161 294.98885683789337 1.0 461.9556381022341 293.6874054041404 1.0
0.044221725899142625 0.9990217409838994 -127.12685075764666 80.64962806301524 123.68137743417492 1.0 70.66918367343023 124.12316209014566 1.0 90.63007245260026 123.23959277820417 1.0
-0.9999839597520332 -0.005663941970388153 257.8562891602356 257.6657589609389 34.36885882316684 1.0 257.8144551029711 8.116161022481654 1.0 257.5170628189067 60.62155662385203 1.0
-0.9994836957593415 -0.032130077983844894 424.2414159632016 423.27629350953055 36.8396802390375 1.0 424.44169791637154 0.5869607719598235 1.0 422.11088910268955 73.09239970611517 1.0
-0.13540985054771162 -0.9907896711081754 93.36375265220306 182.57239891296427 69.27974059770648 1.0 187.11873469452019 68.65839919026968 1.0 178.02606313140836 69.90108200514328 1.0
-0.3639910341431617 -0.931402451716438 474.5764983043787 105.78606618307992 468.18785786192313 1.0 112.59775641065008 465.52585695605586 1.0 98.97437595550976 470.84985876779035 1.0
-0.05893543962432526 -0.998261796302096 322.65526111669584 106.91367596536233 316.90510224242706 1.0 123.21754531307431 315.94255342893507 1.0 90.60980661765034 317.86765105591905 1.0
-0.999842673570486 0.017737759368718322 188.547907047968 193.3563632393364 269.3708954887858 1.0 193.1125074190188 255.62522162526284 1.0 193.60021905965397 283.1165693523087 1.0
-0.9990666246871741 -0.04319582660602041 496.29057079115046 494.67409688969076 48.110909193746025 1.0 496.1340938318485 14.342966045927298 1.0 493.214099947533 81.87885234156475 1.0
0.9975901358093422 0.06938242526676376 -617.5917437924745 614.6515224711438 63.72576337692695 1.0 610.2552332111858 126.93622024747455 1.0 619.047811731102 0.5153065063793427 1.0
0.9989434430903209 0.04595647404724071 -483.93305049408485 481.654978931904 60.643631088579085 1.0 478.891263837789 120.71775838124235 1.0 484.41869402601895 0.5695037959158267 1.0
-0.07009672496440764 -0.9975401992648036 307.1089432210881 308.03510673691403 286.2207370441787 1.0 315.45455241741547 285.69937575604433 1.0 300.61566105641253 286.742098332313 1.0
0.9980239514439979 0.06283464286608546 -591.0981112494495 587.4287676430631 76.87051527826344 1.0 586.6374838004081 89.43874502126356 1.0 588.220051485718 64.30228553526334 1.0
-0.31469225883195073 -0.9491937537885743 478.0569757824529 83.26280456506288 476.0406544329585 1.0 88.51440829234136 474.2995567562921 1.0 78.01120083778439 477.7817521096249 1.0
0.9997436765971497 -0.022640254062485494 -163.57412918610552 169.65958879991695 266.8685551853097 1.0 169.9148670981966 278.1410817114339 1.0 169.4043105016373 255.59602865918544 1.0
0.9979443613231731 0.06408628326938914 -156.0110768691305 152.51683183197224 59.416217344562725 1.0 152.03203892964177 66.96535763807165 1.0 153.00162473430268 51.86707705105379 1.0
-0.9996807183820613 -0.025267791655104024 395.5652557393497 394.79127356452096 35.61972425946843 1.0 395.6765610234289 0.5947084220846355 1.0 393.905986105613 70.64474009685222 1.0
-0.990862925654232 -0.13487276435194728 608.5129490232542 587.5800529579938 195.01089652610833 1.0 588.8670394053966 185.55585819662613 1.0 586.293066510591 204.46593485559052 1.0
0.9996948642341416 -0.024701789892258193 -19.607662259688123 19.96886270870774 14.375769381593157 1.0 20.30879004199703 28.132813336072715 1.0 19.628935375418443 0.6187254271135978 1.0
-0.9996254797998377 0.027366039811126702 148.16437703279166 153.1642334421556 180.60681575080946 1.0 152.68503904273393 163.1028241339982 1.0 153.64342784157728 198.11080736762068 1.0
-0.01928444987634481 0.9998140377054959 -118.14020582817535 501.2436313775142 127.83018510784154 1.0 488.11146189404667 127.5768913405798 1.0 514.3758008609817 128.08347887510328 1.0
0.999974902928583 0.007084738031215975 -301.18116430764456 300.78148960907964 57.478968353704666 1.0 300.3785238753349 114.35554144779509 1.0 301.1844553428244 0.602395259614239 1.0
-0.0028990988256413952 0.9999957976041695 -157.53025199438838 558.1256552505961 159.14898223310507 1.0 549.3757287923686 159.12361522498338 1.0 566.8755817088237 159.1743492412268 1.0
-0.9999134983865027 0.01315278466581532 200.06460251566713 200.7398024670958 50.01493230037153 1.0 200.0900074106291 0.6155948479327034 1.0 201.38959752356251 99.41426975281036 1.0
0.4997037017345708 0.8661964040982664 -626.8062185001503 553.4652034388522 404.3397154541236 1.0 537.2150004915721 413.7143636612439 1.0 569.7154063861323 394.9650672470033 1.0
0.11086248024355617 0.9938357562868458 -255.63530319868877 451.2509796814213 206.88378243409466 1.0 418.1199305335993 210.5795543545191 1.0 484.3820288292433 203.18801051367024 1.0
0.9972891720233372 0.07358197717516554 -615.0119392600151 601.9728461840111 199.38221928592083 1.0 601.4157094816084 206.93334011704934 1.0 602.5299828864138 191.83109845479228 1.0
0.48723350067496446 0.8732717308032015 -620.8834892828032 614.6732094298709 368.0344826753589 1.0 605.6070629277223 373.09285127021894 1.0 623.7393559320196 362.97611408049886 1.0
0.9993666731215459 -0.03558444398853441 -33.25059768308897 33.89460859248797 17.494850922591226 1.0 34.49550718783417 34.37070910118274 1.0 33.293709997141775 0.6189927439997112 1.0
-0.9992318588892264 0.039187908604323904 140.02527284919373 142.46154459274766 59.37650814545327 1.0 142.11795397597874 50.61547182280968 1.0 142.8051352095166 68.13754446809686 1.0
-0.9989580288302109 -0.04563832419863266 516.4684440605038 514.5809603225832 53.105855783628435 1.0 516.0665657161439 20.588065929823784 1.0 513.0953549290225 85.62364563743309 1.0
0.998351288240359 0.05739952324554415 -591.1162797277394 590.256922979592 31.925705557416663 1.0 588.4579084671522 63.2160082377076 1.0 592.055937492032 0.6354028771257259 1.0
0.48674354387446256 0.8735449172747383 -456.883559099056 104.3717959117856 464.865919594945 1.0 98.21925032188335 468.2941483958418 1.0 110.52434150168783 461.4376907940483 1.0
0.1404451024668301 0.990088467356873 -276.7017295064599 314.9706093905514 234.7928065631868 1.0 301.843773224425 236.65486223922002 1.0 328.09744555667777 232.93075088715355 1.0
-0.9998440324095635 0.01766099813101386 93.2782915979722 93.65738106852683 20.637675843628312 1.0 93.4366530236807 8.141574729315609 1.0 93.87810911337297 33.133776957941016 1.0
0.054625067412566314 0.998506936385608 -363.08721473641475 318.78094589878236 346.1906687680314 1.0 306.8732003015216 346.8421028064734 1.0 330.68869149604313 345.53923472958934 1.0
-0.5479831749085343 0.836489354395597 -284.44134783745466 86.83901195469409 396.9299352939329 1.0 81.62150690886244 393.5119539830028 1.0 92.05651700052574 400.347916604863 1.0
0.49114736183269886 0.8710765000645925 -624.9138786242555 440.77639378409145 468.8769765098498 1.0 422.47794908139224 479.19436291702044 1.0 459.07483848679067 458.55959010267907 1.0
-0.9995159182841221 -0.031111558891322656 450.4640738011525 449.43772053867673 39.982498137093835 1.0 450.58621878255553 3.0848845881180287 1.0 448.2892222947979 76.88011168606964 1.0
-0.4588970389856184 0.888489452728749 -314.5376019596305 105.93764968514164 408.7297543059367 1.0 99.96822928348217 405.64660082744723 1.0 111.9070700868011 411.8129077844262 1.0
0.342324348208474 0.939581843494032 -473.3474360045477 165.52590490004147 443.4780124619019 1.0 150.47445949102215 448.9618096158331 1.0 180.5773503090608 437.99421530797076 1.0
0.36073300902971384 0.9326691247148521 -472.11606902204727 118.8406258106728 460.2343115085146 1.0 111.80886871248684 462.95401866894 1.0 125.87238290885878 457.5146043480892 1.0
0.9988446884959162 -0.048055054505181015 2.493937922391196 18.16204325534327 429.40328697367727 1.0 18.58348250005192 438.1630804113391 1.0 17.74060401063462 420.6434935360154 1.0
0.3929934253758394 -0.9195412810806073 248.84086212862331 270.0111700266194 386.0114646620276 1.0 278.53907923642623 389.65612131922273 1.0 261.4832608168126 382.36680800483254 1.0
-0.529425938538523 0.8483561608207982 -273.20128805795133 64.50525225274326 362.2912827970224 1.0 53.320685700193735 355.31143174189356 1.0 75.68981880529279 369.27113385215125 1.0
-0.10315804864440914 -0.9946649772661535 87.0822092564 245.51728101095372 62.08635776898829 1.0 256.7758228248395 60.91871918650388 1.0 234.25873919706794 63.25399635147271 1.0
-0.999949028853429 -0.010096518958747717 296.66828495228276 296.10915281818393 56.87357786127047 1.0 296.6771167739209 0.6230019664142095 1.0 295.54118886244703 113.12415375612673 1.0
0.3612016985486012 0.9324877119649381 -472.82145089989973 140.31978207090202 452.70055772251635 1.0 130.48382634716228 456.5105424211643 1.0 150.15573779464174 448.89057302386846 1.0
-0.9995930871218404 0.028524729240236787 59.09704485144306 59.85297440650138 25.64703078563147 1.0 59.63912599029716 18.153133236968188 1.0 60.0668228227056 33.14092833429475 1.0
-0.617927491207626 0.786235089276642 -257.0665303735513 96.19906549225837 402.56480776112295 1.0 92.74905958030222 399.85333694672835 1.0 99.64907140421454 405.27627857551755 1.0
-0.9984752755602162 -0.05520076172436868 522.1003266467936 513.6013454054751 168.15133478251266 1.0 515.538044067798 133.12019263640124 1.0 511.6646467431521 203.18247692862406 1.0
-0.22377447330505318 0.9746409518879483 -106.75508227893154 557.9502019908264 237.63632588106594 1.0 542.8834530931073 234.17704809012596 1.0 573.0169508885456 241.09560367200595 1.0
-0.9992187116380834 0.039521719501167 89.41413018443971 93.76065355942288 108.12457862379648 1.0 93.46349601816509 100.61161159511289 1.0 94.05781110068067 115.63754565248006 1.0
-0.9999260776617577 0.012158914917558031 254.334437456254 257.5679805640268 264.37417336899944 1.0 257.3855179229873 249.3687921971152 1.0 257.75044320506635 279.3795545408837 1.0
-0.5095948855490839 -0.8604144656049293 643.3877344416925 467.6118905118132 470.8139191152777 1.0 480.6169704109152 463.1114426139324 1.0 454.60681061271123 478.5163956166231 1.0
-0.5451405652914019 -0.8383446570914439 527.8202269570666 455.7160346598283 333.2649976914879 1.0 460.94395228123165 329.86550090538526 1.0 450.488117038425 336.66449447759055 1.0
0.9985375154501388 -0.0540632059599133 -521.909075196824 533.0211846852344 191.12026483817442 1.0 533.4598058175059 199.22151684248527 1.0 532.582563552963 183.01901283386357 1.0
-0.3286121757691972 -0.9444649479659021 479.11499695050674 139.19462131999566 458.856573255082 1.0 147.04858666010048 456.12390578617675 1.0 131.34065597989084 461.58924072398725 1.0
-0.9999346115874099 0.011435582605865793 258.69043321214775 260.23692787960505 133.74729041448563 1.0 260.1582316571591 126.86604270398166 1.0 260.315624102051 140.62853812498963 1.0
-0.9983958258599507 -0.05661956292154813 552.2934736239847 549.8142812564425 59.36446779041518 1.0 551.5161541428769 29.354649658922586 1.0 548.1124083700082 89.37428592190778 1.0
0.16222196932385907 -0.9867542919433839 238.1900276788992 69.42820934896444 252.80134128915444 1.0 75.71382608374104 253.834693901305 1.0 63.142592614187855 251.7679886770039 1.0
0.9967195224324948 0.08093326634913138 -592.0788842023898 585.3007549248823 107.47367141664603 1.0 583.822276171535 125.6816185740719 1.0 586.7792336782295 89.26572425922015 1.0
-0.07668885614893417 -0.9970550733748704 211.49289244614715 170.59585831991234 198.99612018046457 1.0 181.87527380388448 198.12855980732843 1.0 159.31644283594017 199.86368055360074 1.0
0.9986038610966309 0.052823561058497635 -493.4950655723148 485.4244436229817 165.61439108645598 1.0 483.50528711539096 201.89511620467556 1.0 487.34360013057244 129.3336659682364 1.0
-0.9987473451091335 -0.05003739239266287 534.948732283544 532.8320246271674 55.641634483821115 1.0 534.395299240327 24.43864218323644 1.0 531.2687500140079 86.84462678440579 1.0
0.002020375660054807 0.9999979590390135 -139.67129607618327 558.1245837159283 138.5439575147778 1.0 550.6233515981015 138.5591128525005 1.0 565.625815833755 138.52880217705504 1.0
0.9993929831313356 -0.0348376989459697 -71.14894651945175 72.15044527641717 27.490398291985358 1.0 72.56540891151813 39.39450670677344 1.0 71.73548164131621 15.58628987719727 1.0
0.9973776898674587 0.07237225818400028 -629.5907311102993 626.6182531586294 63.77672138443055 1.0 622.0322720728326 126.9771152356072 1.0 631.2042342444262 0.5763275332539042 1.0
0.23144910293930343 0.9728470140513316 -369.49098396207927 391.4969779603154 286.66311925895593 1.0 377.0476607069318 290.10074251120204 1.0 405.946295213699 283.2254960067099 1.0
0.2011524526468539 0.9795599475244765 -375.63141783447185 520.5627959583803 276.5720825513537 1.0 509.0290936145992 278.9405261779163 1.0 532.0964983021614 274.2036389247911 1.0
-0.0034745729654353874 0.9999939636531351 -125.15894390378271 341.24966851178164 126.34540344113742 1.0 303.12295718684607 126.21292860104276 1.0 379.3763798367172 126.4778782812321 1.0
0.7239563424418998 0.6898457901865799 -395.7547050489884 118.28252966163025 449.55455539781065 1.0 109.73390009176637 458.52588592461643 1.0 126.83115923149413 440.58322487100486 1.0
-0.07605277954819317 -0.9971037933550319 367.8636586586871 439.9807947728104 335.3732063772458 1.0 445.6680502743556 334.9394184488719 1.0 434.29353927126516 335.80699430561975 1.0
-0.999018335317163 -0.04429859704465113 583.6442334885094 583.9955459812178 5.010888030873274 1.0 584.1903885689898 0.6168139366385483 1.0 583.8007033934458 9.404962125108 1.0
-0.614586175376225 -0.7888496897612524 717.5817734007269 573.7378168922492 462.66157873330025 1.0 586.3645259429754 452.82421564145085 1.0 561.111107841523 472.49894182514964 1.0
-0.021010995430768467 0.999779244669046 -119.0592589843512 614.9840317419835 132.0098275384446 1.0 609.3221280456937 131.89083903840668 1.0 620.6459354382732 132.12881603848248 1.0
-0.999973789558897 -0.007240179225607714 265.2858622873155 264.8674837615842 58.74451530291123 1.0 265.28837367403474 0.6135122399366821 1.0 264.44659384913365 116.87551836588578 1.0
0.9984750983594196 0.05520396685155387 -494.4315893477399 478.4628745423341 302.4841253284401 1.0 478.013121605477 310.6188144364413 1.0 478.91262747919114 294.3494362204388 1.0
-0.18790239475581 0.9821877061158075 -200.57353495318802 617.5286121809022 322.3504407973944 1.0 612.9620402455573 321.47680961963374 1.0 622.0951841162471 323.224071975155 1.0
0.7442984319130395 0.6678471713287333 -162.48174024433868 52.14473855790931 185.17783470897905 1.0 44.17139830256007 194.06391659109337 1.0 60.11807881325854 176.29175282686475 1.0
-0.9994993519225642 0.031639303190398343 140.9429684351771 141.58697855427008 18.114332892886118 1.0 141.03169099084914 0.5725571960587539 1.0 142.142266117691 35.65610858971348 1.0
0.9999918201452835 0.00404470549272169 -280.64774708359545 280.4098899262784 59.374129935986275 1.0 280.17224497277766 118.12822464749758 1.0 280.64753487977913 0.6200352244749752 1.0
0.30362783882492056 -0.952790709175162 253.772103462821 533.6957977069404 436.4200879650658 1.0 538.5715101243343 437.97384159613 1.0 528.8200852895466 434.86633433400164 1.0
-0.9999941109940069 0.003431905783360833 112.83457095088805 112.8738402025649 11.248717008091218 1.0 112.85023862801577 4.3716530532021665 1.0 112.89744177711405 18.12578096298027 1.0
0.9976784458801597 0.06810079754414873 -640.433480372272 636.3317209021305 81.923240249426 1.0 633.6873470636046 120.66338539730533 1.0 638.9760947406564 43.18309510154666 1.0
-0.9975502026758556 -0.0699542217550835 633.7618142812021 634.354085272246 13.748533333460983 1.0 635.2761021448515 0.6005331833290595 1.0 633.4320683996405 26.896533483592908 1.0
0.3226281969426514 -0.9465257770063813 61.712418277090364 546.9577433578244 251.63224774895968 1.0 551.8190184715062 253.2892384647643 1.0 542.0964682441426 249.97525703315503 1.0
-0.9982522544773142 -0.059096839432912565 583.2106985158811 580.3477386029804 65.60858604031483 1.0 581.9787924069584 38.057144159175245 1.0 578.7166847990022 93.16002792145441 1.0
0.0029682692526932443 0.9999955946791184 -139.29486791627644 527.50068184593 137.72971060514828 1.0 523.1238652322925 137.7427022325595 1.0 531.8774984595675 137.71671897773706 1.0
0.0726955604628281 0.997354177556296 -212.80381128686537 16.8940940221277 212.13696238964482 1.0 8.099705635452244 212.7779713783108 1.0 25.688482408803157 211.49595340097883 1.0
-0.9993723096952615 0.035425790243245665 146.15593147747487 148.463592188828 62.51015259572851 1.0 148.17515394742136 54.37322214083382 1.0 148.7520304302346 70.64708305062321 1.0
-0.9983138241533922 -0.058047467681458326 568.2827515649487 565.6064498798876 62.53526233830634 1.0 567.3108250126054 33.22302315721591 1.0 563.9020747471696 91.84750151939677 1.0
-0.0033089544596736943 -0.9999945253952063 388.1330941335661 101.25099329486747 387.80018226049384 1.0 106.87799979094741 387.781562650319 1.0 95.62398679878751 387.81880187066866 1.0
-0.9997791461144637 0.021015684491207727 209.4105050099881 210.1264552369592 31.85920416525932 1.0 209.46930806647745 0.5967422049721005 1.0 210.78360240744095 63.12166612554654 1.0
0.9983125015404885 0.05807020981512227 -576.3090714284357 576.2993630283936 16.91422659737302 1.0 575.3530993248941 33.18189444230037 1.0 577.2456267318933 0.6465587524456717 1.0
0.1324077499731357 0.9911953327911969 -274.975079320614 211.22677647827692 249.20115030957373 1.0 201.85208478839988 250.45345829800326 1.0 220.60146816815399 247.9488423211442 1.0
0.02247860209651023 -0.9997473243013891 344.7642788487354 359.98998255062986 352.9455311838849 1.0 364.40490864690145 353.0447976331079 1.0 355.5750564543582 352.84626473466193 1.0
-0.019960462474940398 0.9998007701226214 -118.52790705413958 435.005267365642 127.23616261486879 1.0 380.61451304573524 126.15028166435397 1.0 489.39602168554876 128.3220435653836 1.0
0.5822298951500847 -0.8130241996358543 309.52789086470153 129.26332300954735 473.28094543759573 1.0 135.7614601645492 477.93444740730604 1.0 122.7651858545455 468.6274434678854 1.0
0.05039914657961424 -0.9987291554891378 335.4284213723698 316.34743602880917 351.8191696314128 1.0 324.4832573634426 352.229729841592 1.0 308.21161469417575 351.40860942123356 1.0
0.9999940664536334 -0.0034448595800460244 -235.61772241524577 235.7246039068295 30.620350776465905 1.0 235.82794908102386 60.61999476474012 1.0 235.62125873263514 0.6207067881916917 1.0
-0.9978258979218599 -0.06590506381480817 597.1766956313003 594.0129628025925 67.59992916626233 1.0 595.7830252994779 40.80055901019236 1.0 592.2429003057072 94.3992993223323 1.0
-0.23334241851977422 -0.9723946296228412 476.58602163556816 151.40789448116163 453.78298471834916 1.0 156.72662063208293 452.5066670735451 1.0 146.0891683302403 455.0593023631532 1.0
0.31030161802249573 0.9506381571621356 -460.29477229465977 53.68386563363465 466.672391155846 1.0 17.040875949204242 478.6331765531032 1.0 90.32685531806507 454.7116057585888 1.0
-0.9999334785140759 0.011534233686719941 169.4103327272708 172.50000629831692 266.8749999273489 1.0 172.38458848510163 256.86912189630857 1.0 172.61542411153218 276.88087795838925 1.0
-0.999851887910131 -0.017210527085091475 334.8865843741313 333.946382385818 57.50338034504012 1.0 334.9256415136566 0.6129618888387878 1.0 332.96712325797944 114.39379880124146 1.0
-0.9992828721453976 0.037864778315012046 163.38110672165166 181.16559960398382 466.2531980957284 1.0 180.71538172550598 454.3715752600236 1.0 181.61581748246167 478.1348209314332 1.0
-0.9998745331701544 0.015840388813594806 18.04229681811894 25.104293666885425 445.623347740462 1.0 25.04474283804847 441.8643896817972 1.0 25.16384449572238 449.38230579912675 1.0
0.9999927807134132 0.003799805397054884 -171.37289136514215 170.2697982525776 290.62602518825736 1.0 170.2365411713067 299.37827371242633 1.0 170.3030553338485 281.8737766640884 1.0
0.5547587526310452 -0.8320112537575719 72.26831954015388 231.77498235727734 241.40000358971338 1.0 236.67858825576587 244.66957269632596 1.0 226.87137645878877 238.13043448310083 1.0
-0.9997757360063978 -0.021177291915295004 305.5595767695682 301.06054486446845 215.63422572973604 1.0 301.48455631380926 195.6167296053293 1.0 300.63653341512764 235.65172185414278 1.0
-0.999084682443769 -0.042776130098842756 478.94032322139816 476.7835961339956 60.62108651425405 1.0 479.3546764552525 0.5706106912931297 1.0 474.2125158127387 120.67156233721498 1.0
-0.9975886599757221 -0.0694036417477002 622.1403450593486 622.8627542345553 11.231755194415287 1.0 623.6044108548307 0.5713890327629656 1.0 622.12109761428 21.89212135606761 1.0
0.9996361209818148 0.026974536667580963 -366.9949472192151 366.2346919548159 33.124586922263546 1.0 365.3578837498091 65.61779204008934 1.0 367.1115001598227 0.6313818044377539 1.0
0.999467116105535 0.03264174970318578 -427.0494625098837 426.07236817476047 36.88961066577418 1.0 424.8884034352634 73.14176732146618 1.0 427.25633291425754 0.6374540100821768 1.0
-0.2097994782011463 0.9777444343725648 -204.2906768216357 307.64408888760545 274.9534916191447 1.0 302.0102650408494 273.74461406200976 1.0 313.27791273436145 276.16236917627964 1.0
0.999820907399807 -0.018924933982089564 -7.008489434318224 7.305345703878162 15.616854277125938 1.0 7.589168873874976 30.61148198023254 1.0 7.021522533881349 0.6222265740193378 1.0
0.30826428588064986 0.9513007568852728 -459.91915604541134 154.28380112496575 433.468561108695 1.0 129.27679997981187 441.57195563900876 1.0 179.2908022701196 425.36516657838126 1.0
-0.9994849138197007 -0.03209216488218644 401.17222178805935 399.4523645684287 60.00248407599927 1.0 401.35943014348214 0.6084457202756344 1.0 397.5452989933753 119.3965224317229 1.0
-0.12554684905592406 -0.9920876920374172 365.34282988423286 597.4400994445405 292.6516579427163 1.0 606.8230224431821 291.4642665186834 1.0 588.0571764458987 293.83904936674924 1.0
-0.9944466843122349 -0.10524158902450263 608.4865632488362 610.8894400239492 9.40298550064184 1.0 611.819034820025 0.6190772445988968 1.0 609.9598452278735 18.186893756684782 1.0
-0.9998446238838308 0.017627481119008692 156.74098361371213 156.95263816383465 10.623631222057488 1.0 156.77600233142687 0.6047075751766795 1.0 157.12927399624246 20.642554868938298 1.0
-0.0073329871220525885 -0.9999731132884863 125.95806530660188 265.0019663474617 124.01814374011079 1.0 269.381314085625 123.98602917608883 1.0 260.6226186092984 124.05025830413275 1.0
-0.9979751633635585 -0.06360482143264531 611.2238168529814 608.2833166237625 65.59525646138214 1.0 609.5705366481906 45.39846028730942 1.0 606.9960965993345 85.79205263545485 1.0
0.9983282478465518 0.05779887154290955 -559.7073386592886 545.3054140721058 264.94531257547266 1.0 544.9066231863209 271.83340910115203 1.0 545.7042049578909 258.0572160497933 1.0
-0.9982832443688218 -0.058571016829651885 636.1947921915892 630.5418971886561 114.99512421330391 1.0 631.1674340811802 104.33348587505294 1.0 629.916360296132 125.65676255155489 1.0
0.9998842917974665 -0.015211936651161469 -204.17369430374882 204.69140420676194 32.476169201017704 1.0 205.17622858286884 64.34379322986106 1.0 204.20657983065504 0.6085451721743462 1.0
0.9999173600141625 -0.01285586023210877 -177.16479833403818 177.6132395512187 33.74050851113521 1.0 178.03926132056662 66.87610233557628 1.0 177.18721778187077 0.6049146866941468 1.0
-0.994079860813866 -0.10865187676374928 623.3239972324467 621.1697454826748 53.672916427619036 1.0 621.6717963695563 49.079542703961586 1.0 620.6676945957933 58.266290151276486 1.0
-0.32602212611663917 -0.945362138697328 478.0272281450118 171.35696285639608 446.56015881004225 1.0 181.8157801175473 442.9532808734618 1.0 160.89814559524487 450.1670367466227 1.0
0.5184342564232605 0.8551174900368143 -642.38052263533 464.9677645420596 469.32183008782175 1.0 449.663290263562 478.60051264895174 1.0 480.2722388205572 460.04314752669177 1.0
0.32564857395882707 -0.9454908811186823 239.51129662737856 564.3124620392394 447.6815732551934 1.0 571.9792900773518 450.32220328902815 1.0 556.6456340011271 445.0409432213587 1.0
0.9984938757756832 0.05486328497688099 -610.2709919315008 596.6334377557278 264.9523858357961 1.0 596.1864637040121 273.0871676567677 1.0 597.0804118074434 256.8176040148246 1.0
-0.9987059704807865 -0.05085650918054016 622.9089040519317 619.6479934709195 79.8865954732034 1.0 620.7655059806561 57.94119588631927 1.0 618.5304809611828 101.83199506008752 1.0
-0.9999288828726259 0.01192598830716344 169.77697092653167 173.24781095370238 289.9985352538336 1.0 173.13601276465425 280.6248686525565 1.0 173.35960914275051 299.37220185511075 1.0
-0.9999784602524916 -0.006563461819518693 241.27448793075166 241.0130219380033 40.627546822033125 1.0 241.12793389456576 23.12009655452135 1.0 240.89810998144083 58.134997089544896 1.0
0.17666999347356963 0.984270142494452 -303.7088106243653 71.7726418454049 295.6797386136268 1.0 50.42512981205444 299.5114761100532 1.0 93.12015387875536 291.84800111720034 1.0
-0.9944931227893764 -0.10480185458585288 640.4015555530309 623.0626038307796 198.1842884189057 1.0 623.8511539010415 190.7015236820647 1.0 622.2740537605176 205.66705315574671 1.0
0.47495743225039233 -0.8800087712915787 120.05151800131132 230.73555286212178 260.95317593316446 1.0 239.37874101555033 265.61806858620514 1.0 222.0923647086932 256.2882832801238 1.0
-0.999801627050069 0.019917493517878672 124.44591624461506 124.94351655063049 23.738674328581162 1.0 124.48251999884572 0.5979562394720439 1.0 125.40451310241527 46.879392417690276 1.0
-0.9996970713121807 -0.024612306065232282 369.63691522012033 368.3177821363464 58.129746250719165 1.0 369.734075442141 0.6030656475563401 1.0 366.9014888305518 115.656426853882 1.0
0.9977516484763258 -0.06701975800295418 -146.8819739013509 178.6159057729331 467.509007214031 1.0 179.16202427938677 475.6393057456009 1.0 178.0697872664794 459.3787086824611 1.0
0.06215461784760619 0.9980665325920002 -337.66546094349593 377.4882611643426 314.8115001039834 1.0 373.0913911216668 315.08531529395714 1.0 381.8851312070184 314.5376849140097 1.0
-0.999155767024528 -0.04108227381276421 455.5026448495743 453.4210570725406 59.98647485821465 1.0 455.86353200525684 0.5834114844909166 1.0 450.9785821398243 119.38953823193837 1.0
0.05831384640562884 -0.9982982997668487 154.04404462712333 568.7119181425235 187.52693870605498 1.0 584.356553524007 188.44079267627708 1.0 553.0672827610399 186.6130847358329 1.0
0.46867720736639823 -0.8833695009990067 198.96262551593037 4.353193939520269 227.54110037454768 1.0 8.573272568130088 229.78008945475332 1.0 0.13311531091044992 225.30211129434207 1.0
-0.9999976679104763 0.002159669791564894 182.6202496816245 182.72325908240055 47.499517832979585 1.0 182.68411224360727 29.373252580654356 1.0 182.76240592119382 65.62578308530482 1.0
0.9997969579189414 0.020150507091149013 -332.09921594200756 331.5367120583244 31.255778566656577 1.0 330.9194743009753 61.88093501154705 1.0 332.15394981567346 0.6306221217661045 1.0
0.13300347579862865 -0.9911155711749684 152.55944638079728 629.9544807909701 238.46420013432873 1.0 638.1005274236577 239.55736479410774 1.0 621.8084341582826 237.37103547454973 1.0
0.3053737655194924 0.9522325678805813 -460.1139552308682 106.17624687725984 449.1450191261139 1.0 92.82126007150156 453.42786214881653 1.0 119.53123368301814 444.8621761034113 1.0
-0.020666752915666334 0.999786419853722 -211.19257953595482 28.164897482333515 211.81989703771126 1.0 24.403585200551586 211.7421463201354 1.0 31.926209764115445 211.89764775528715 1.0
-0.9993039860947257 -0.037303396295674834 429.6048057014941 427.6640336190595 60.00612327298074 1.0 429.88172975351216 0.5972541839667134 1.0 425.44633748460694 119.41499236199476 1.0
-0.06653758439773112 -0.9977839194246992 376.02007587747516 400.6342543353118 350.13877610740883 1.0 408.14254379162406 349.6380830879523 1.0 393.1259648789996 350.63946912686544 1.0
0.9989706356913286 0.04536153686178302 -476.9485180845152 475.42539696154455 44.36593636963577 1.0 473.8934489133886 78.10313359413608 1.0 476.9573450097005 10.628739145135455 1.0
-0.14034418103407437 0.9901027779225119 -161.75177299985273 170.61745958386672 187.55319627009266 1.0 155.47867203515892 185.40731728889205 1.0 185.75624713257454 189.69907525129324 1.0
-0.05494071898363764 -0.9984896180719962 176.88374962013458 527.5343545244657 148.12435724627272 1.0 531.9304347490267 147.88246809301995 1.0 523.1382742999048 148.36624639952552 1.0
-0.21154871580443863 0.9773674543596655 96.05337317200097 469.2059965502941 3.2808058337244708 1.0 462.84802536408694 1.9046390363095174 1.0 475.56396773650124 4.656972631139424 1.0
0.9996336749357752 -0.027065031579458342 -128.2373460032393 128.97796824839548 25.61882777111592 1.0 129.65571964027313 50.65124321709355 1.0 128.3002168565178 0.5864123251382924 1.0
0.999997924954788 -0.0020371760155327543 -151.9279089121357 151.96132799074485 16.249824134322854 1.0 151.99316398754468 31.87730575396263 1.0 151.929491993945 0.6223425146830786 1.0
0.9996531580913762 0.02633559412540649 -398.43741566847314 397.65391975601597 34.98758951741847 1.0 396.7480807446985 69.37165634628644 1.0 398.5597587673335 0.6035226885505018 1.0
0.9992513621627219 -0.03868740384084681 -180.79125558438832 188.7658122595758 202.47519006367054 1.0 189.7099826526418 226.86203068151502 1.0 187.8216418665098 178.08834944582605 1.0
0.3024926913106263 0.9531517044540466 -466.87491548151337 449.2909206518574 347.2350667427887 1.0 444.20782712276235 348.8482397923824 1.0 454.3740141809524 345.621893693195 1.0
-0.9988185398180021 -0.04859551950369671 500.93917426415965 498.55070999338034 61.27071206877076 1.0 501.5021883764027 0.6068615956718038 1.0 495.59923161035795 121.93456254186972 1.0
-0.13932725509127925 -0.9902463915555206 398.04966086479305 428.19168183766027 341.7239305965808 1.0 435.63232140232543 340.67703570707766 1.0 420.7510422729951 342.7708254860839 1.0
0.999454181532861 -0.0330354206342038 -179.80650979840846 189.24177079907247 282.4837452726666 1.0 190.04861592370995 306.8940514890616 1.0 188.434925674435 258.07343905627164 1.0
-0.9983706447171932 -0.05706185912653068 634.4737054545996 631.1890706740263 75.58579571972936 1.0 632.5420816947931 51.913127044195036 1.0 629.8360596532596 99.25846439526369 1.0
0.688447745818335 0.7252859444920005 -393.5180977332872 82.75458931550969 464.0182121530335 1.0 75.70523123850606 470.7095243374694 1.0 89.80394739251332 457.3268999685976 1.0
-0.9999398738876499 0.010965792700525176 103.72333913133507 103.92146827740973 17.49811960135415 1.0 103.73635649640931 0.6182955882840457 1.0 104.10658005841015 34.377943614424254 1.0
-0.9985707156402976 -0.05344647664368448 539.3492526378155 536.8079070841545 61.90486084758503 1.0 540.089322178687 0.5963289287208973 1.0 533.5264919896221 123.21339276644916 1.0
0.999948070130671 0.010191027521640948 -269.8665017209723 269.3072485499372 56.24930950725058 1.0 268.74027226053516 111.88127058217093 1.0 269.87422483933915 0.6173484323302336 1.0
-0.3999534476466534 -0.9165354546964104 479.0161281714459 187.27464451402744 440.9158275007662 1.0 192.1621523032231 438.78303975025176 1.0 182.38713672483175 443.04861525128064 1.0
0.9999749899149682 0.0070724496858696586 -245.60716194638283 243.9821999013185 230.62222187158423 1.0 243.89373396684653 243.13043696828137 1.0 244.07066583579046 218.1140067748871 1.0
-0.987653046763352 0.15665713906192777 585.0833208449823 607.2428560343778 93.59251758615466 1.0 606.1331208560863 86.59613467948873 1.0 608.3525912126693 100.58890049282058 1.0
0.9996221923665805 -0.02748586051465496 -107.9333179782693 108.50609059396479 19.347336282705616 1.0 108.91963924715634 34.38752071255729 1.0 108.09254194077323 4.307151852853939 1.0
-0.9999866072364821 0.005175456276456484 157.52018624546216 157.80047235636664 53.74844489763022 1.0 157.74546712904467 43.120494875097464 1.0 157.85547758368864 64.37639492016298 1.0
0.14472531816434844 0.9894718703845139 -301.25144277354394 180.61249113450265 278.039478194299 1.0 174.31439795616862 278.9606701617967 1.0 186.91058431283665 277.1182862268014 1.0
-0.1938475260411059 0.9810316695437222 83.49627394550188 531.5211933807302 19.91555934056225 1.0 526.4713644948553 18.917735450826797 1.0 536.5710222666053 20.913383230297704 1.0
0.019644806082189364 -0.9998070221767764 333.0394907799604 203.1329566959139 337.09505019215914 1.0 216.86537468341237 337.36487295037165 1.0 189.4005387084154 336.8252274339466 1.0
-0.9991661056994836 -0.04083005291850995 419.3582227851692 409.49198739827233 250.00478058816748 1.0 410.74344891700804 219.37984031185806 1.0 408.2405258795366 280.6297208644769 1.0
0.4173517871941319 -0.9087450058877156 168.31882814944132 326.74515492422876 335.28272567116454 1.0 337.1367030132366 340.05516583706634 1.0 316.3536068352209 330.51028550526274 1.0
0.9999789718687372 0.006485045901414081 -387.6119848343689 387.40129129720424 33.745306617150035 1.0 387.18647866892303 66.86891351810115 1.0 387.61610392548545 0.6216997161989246 1.0
0.01503736244169088 -0.9998869324732659 335.8569904695893 243.13174587849906 339.55144289529244 1.0 254.40739386960362 339.7210180743457 1.0 231.8560978873945 339.3818677162392 1.0
-0.15453625949184588 0.9879871175791052 -227.05803708076988 450.15944515301067 300.23062915685296 1.0 438.28176274908975 298.3727784040701 1.0 462.03712755693164 302.08847990963574 1.0
-0.999900980969039 0.014072251317880412 133.81636755710807 134.19016920307567 25.618805214950317 1.0 133.83827398798516 0.6149616351934073 1.0 134.54206441816618 50.622648794707224 1.0
0.4601388655641752 -0.8878469600090513 293.19254548410936 169.16680555266117 417.9017152668333 1.0 179.3475253196084 423.1780129343301 1.0 158.98608578571398 412.6254175993366 1.0
-0.9999889553960105 0.0046999027644942185 192.29687108175779 193.68546919620047 294.99736582018187 1.0 193.63553328085624 284.3726005167206 1.0 193.73540511154474 305.62213112364316 1.0
-0.09329148010055971 -0.9956388400121035 216.0408712064583 215.55841086515102 196.78933779475892 1.0 234.2032768734321 195.04231158777807 1.0 196.91354485686992 198.53636400173977 1.0
0.15915043865081577 -0.9872543430531228 6.981133635985737 414.35604695700556 73.86757098609912 1.0 421.960684169379 75.09347731575548 1.0 406.75140974463216 72.64166465644277 1.0
-0.9984226295366723 0.056144927011057645 11.318594214895914 12.389230457193824 18.7210829556223 1.0 11.859761713080683 9.30556486881799 1.0 12.918699201306964 28.136601042426612 1.0
0.9808281956180409 -0.1948744485063603 -150.24906782553452 186.98255172032913 170.10280847204626 1.0 188.128910054921 175.87257760015612 1.0 185.8361933857373 164.33303934393643 1.0
-0.2339150082130363 -0.9722570487955822 420.6951316046066 555.4025446114445 299.0753743369529 1.0 559.0894996921635 298.1883310092076 1.0 551.7155895307255 299.96241766469825 1.0
-0.9972408370269876 0.07423417653421513 235.75850409282825 257.7710753910369 286.9478707244401 1.0 257.2980593520825 280.5935076448327 1.0 258.2440914299913 293.3022338040475 1.0
-0.13884213085005795 0.9903145271584253 52.06099758647002 549.4503170145166 24.46278890160087 1.0 545.6866704174113 23.935125518929844 1.0 553.2139636116219 24.990452284271896 1.0
0.5184829256227511 0.8550879813432491 -147.08027350117305 6.84467312535309 167.8557417316713 1.0 2.5374092104840185 170.4674528593408 1.0 11.151937040222162 165.24403060400178 1.0
-0.9986673017769531 -0.05161027379834568 520.9940643630658 518.4906949272579 61.89389880172192 1.0 521.6575999424011 0.6137649505731435 1.0 515.3237899121145 123.1740326528707 1.0
0.9999977707214731 -0.0021115283763101585 -351.59033655886554 351.6689840543917 36.875435009484875 1.0 351.6953781002557 49.375379277583825 1.0 351.6425900085276 24.375490741385928 1.0
1.0 0.0 -498.12500000000006 498.12500000000006 29.375 1.0 498.12500000000006 41.875 1.0 498.12500000000006 16.875 1.0
0.9990000988572436 -0.04470796890060224 -88.12492851548535 89.35870219377279 25.597758922866923 1.0 90.0882280103892 41.899022005048536 1.0 88.62917637715637 9.296495840685312 1.0
0.9993918118646015 0.034871282998896656 -453.2592638202211 452.444774965424 31.248073060248778 1.0 451.5074192039207 58.11217418552676 1.0 453.38213072692736 4.383971934970798 1.0
0.318760029671574 -0.9478354516917887 244.54110779418644 550.0479607671056 442.98238828233946 1.0 555.8567461534644 444.9359009925959 1.0 544.2391753807467 441.02887557208305 1.0
-0.9998181505793577 0.019070022865027327 24.730408670381376 25.02054684686541 14.975766235683185 1.0 24.817737408963428 4.342713587641198 1.0 25.223356284767394 25.608818883725174 1.0
0.15725640977466387 -0.9875578067054015 12.039207486158068 317.7525406186916 62.78906490294101 1.0 330.7470896459012 64.85828668700759 1.0 304.75799159148204 60.71984311887443 1.0
-0.998988453823539 -0.044967422955456644 572.3639239678732 571.5655879110606 30.611072447366514 1.0 572.522706644497 9.347888995907306 1.0 570.6084691776241 51.87425589882572 1.0
-0.9998296801462379 -0.01845564137796157 38.5430064020463 38.2382545233889 16.86555380013149 1.0 38.538746261206 0.5864902902052482 1.0 37.9377627855718 33.14461731005773 1.0
-0.9999999299654608 0.0003742580302492946 84.85131549198377 84.85787097040291 17.50005319293438 1.0 84.85436221407188 8.124820594829421 1.0 84.86137972673394 26.875285791039342 1.0
-0.2526209357746359 0.9675653274112024 115.37168672020852 512.8849071181539 14.669581534761367 1.0 507.745692694549 13.327787735358472 1.0 518.0241215417589 16.01137533416426 1.0
-0.9996763264139233 -0.025440959250060437 556.3553613080396 555.883598792303 25.6156753836738 1.0 556.1065396597888 16.855443301812763 1.0 555.6606579248173 34.37590746553484 1.0
0.3184786282173237 -0.9479300413895595 213.7947551966326 307.65845076396363 328.9033820453416 1.0 313.46765333098256 330.8551155950756 1.0 301.8492481969447 326.95164849560757 1.0
-0.21691956873978488 0.9761894799155263 97.97338287794696 492.2987061885585 9.03086986800157 1.0 486.6736922458942 7.780932613296053 1.0 497.9237201312228 10.280807122707087 1.0
0.00291882881588638 -0.9999957402100988 340.9731406723337 311.2518006689306 341.8830877472474 1.0 320.62854505827903 341.9104569755574 1.0 301.8750562795823 341.8557185189374 1.0
-0.997788486861096 -0.06646905661617519 572.7862018009553 568.1434480398016 88.75122894162259 1.0 570.5172167455052 53.11781986980244 1.0 565.7696793340981 124.38463801344272 1.0
-0.997976506575447 -0.06358374260348913 587.187795210279 584.3565877609938 63.123826907188686 1.0 588.3427448050124 0.5592322708132524 1.0 580.370430716975 125.68842154356412 1.0
-0.9999077266726302 0.013584481601170957 348.72092999176266 349.08431654934543 24.378949148388244 1.0 348.9654633033317 15.630563857116506 1.0 349.20316979535914 33.12733443965998 1.0
0.9998921763407727 -0.014684539233944537 -323.05022996758856 323.8101805123567 49.37411618160864 1.0 323.9204374538634 56.881675761348035 1.0 323.69992357084993 41.86655660186924 1.0
-0.9979674189816496 -0.06372621635641454 556.901726038423 552.9283007271887 79.98743956949104 1.0 555.7656326069841 35.554160225913776 1.0 550.0909688473932 124.42071891306831 1.0
-0.053143318303252564 0.9985868954275933 -299.66038151575424 169.3565153142364 309.09733557404684 1.0 151.87277139086808 308.16687656972124 1.0 186.84025923760473 310.0277945783724 1.0
-0.9978317489423785 -0.06581641742448716 556.111083152744 556.7839673793617 8.118995539863786 1.0 557.2819349621734 0.5693919072484976 1.0 556.28599979655 15.668599172479073 1.0
-0.9988045302290801 0.0488826185250599 106.59245422896338 127.76408650522708 429.98707530903 1.0 127.30486636592819 420.60396185595226 1.0 128.22330664452596 439.3701887621077 1.0
1.0 0.0 -496.87500000000017 496.87500000000017 55.0 1.0 496.87500000000017 65.625 1.0 496.87500000000017 44.375 1.0
0.9990527501023173 0.043515543349434846 -518.9446703409876 517.5310377131541 43.75135190354271 1.0 516.5788533903705 65.61210080060556 1.0 518.4832220359376 21.890603006479864 1.0
0.11455715780275116 -0.9934166586061237 119.32039406521616 631.8207581743914 192.97037421481414 1.0 638.2021178885994 193.70624916259524 1.0 625.4393984601833 192.23449926703304 1.0
-0.9999998726355558 0.0005047067192797437 1.0830501217187531 1.0950369260384254 23.749762769174904 1.0 1.0903053011478188 14.374765157258084 1.0 1.0997685509290323 33.124760381091725 1.0
-0.9991685612169946 -0.040769918758332795 385.4208793256739 384.7463877949906 24.390154049894402 1.0 385.25766579116873 11.860011352005545 1.0 384.2351097988124 36.92029674778326 1.0
-0.263906498004481 -0.9645482674863974 472.24975918883854 211.81437722114396 431.65343063070463 1.0 218.26546211165936 429.88837306005325 1.0 205.36329233062858 433.418488201356 1.0
-0.9978890715003643 -0.06494151969380546 601.0097388761018 598.172803431186 63.128110994554866 1.0 602.2441674854039 0.5676763918683214 1.0 594.1014393769682 125.68854559724141 1.0
0.6050267913800088 -0.7962051128399084 163.92849653538818 54.611673942906336 247.38603057998756 1.0 61.37865631568861 252.52817996625097 1.0 47.84469157012406 242.24388119372412 1.0
-0.05981297003531085 0.9982096015444627 -98.79881544706664 534.9383025496602 131.02965940804324 1.0 521.8975746121974 130.24825571471547 1.0 547.979030487123 131.81106310137105 1.0
-0.9743446132628767 -0.2250612685595085 84.6108992658379 86.01828921182837 3.552110655562788 1.0 86.83019325670199 0.03718186451766914 1.0 85.20638516695475 7.0670394466079065 1.0
0.13613286102344244 -0.9906905895129781 18.003042155281726 353.3177420377153 66.72234290800495 1.0 364.5278372148222 68.26274547663627 1.0 342.1076468606083 65.18194033937364 1.0
0.9997046504290868 0.02430250831616054 -382.52662529488447 376.37944719456124 257.5183403760421 1.0 375.69540275708937 285.6570985792864 1.0 377.0634916320331 229.37958217279777 1.0
0.14159452494612293 0.9899247398187812 -299.65823896858217 231.1106883131479 269.6510351845295 1.0 222.97337661120866 270.81496082294274 1.0 239.24800001508714 268.4871095461163 1.0
-0.23452066464985893 0.9721111345171335 -268.23248064376844 185.89068667939955 320.77370268053863 1.0 173.50823558279595 317.786450957913 1.0 198.27313777600313 323.76095440316425 1.0
0.15942725216627363 0.9872096794839035 -302.8265612426057 206.20154060795142 273.4499284611495 1.0 195.5514940135325 275.1698342717151 1.0 216.85158720237035 271.73002265058386 1.0
0.9993658786113016 0.03560675030750959 -469.6365909348924 461.31665440099994 241.8773748525581 1.0 460.51521814620776 264.37108854460615 1.0 462.1180906557922 219.38366116051 1.0
0.99831751030878 0.05798403755240502 -512.6885978136795 500.1549080440026 230.6702984314548 1.0 495.43482080038206 311.93655625685574 1.0 504.8749952876231 149.40404060605388 1.0
-0.24690060772520825 -0.9690408092051247 385.93497874815097 225.07476554688924 340.9184414245705 1.0 230.9550079643626 339.4202223478769 1.0 219.19452312941587 342.4166605012641 1.0
-0.12100185172833322 -0.9926522814552509 368.26014942447443 581.1909185462408 300.14031865811944 1.0 586.8837013557794 299.44638254946364 1.0 575.4981357367022 300.8342547667753 1.0
-0.9966760024228473 -0.08146745481732254 614.551850030603 607.3049062272532 113.73405319975824 1.0 608.3830566270507 100.54391938631947 1.0 606.2267558274557 126.924187013197 1.0
-0.08923780213700463 -0.996010348676035 328.1712353004514 183.6853509836011 313.02843259444955 1.0 194.28129112348074 312.07908662538904 1.0 173.08941084372145 313.97777856351 1.0
0.07126678964822399 -0.997457289658678 146.854459276386 594.9740072281297 189.73879749822254 1.0 599.4156437722191 190.05614559980373 1.0 590.5323706840403 189.42144939664138 1.0
-0.996756734754374 -0.08047367098497876 613.5093565345358 613.8940291917073 19.961168572801807 1.0 615.4562447559003 0.6113754580057984 1.0 612.3318136275143 39.31096168759782 1.0
-0.9966586544166185 0.08167941341889805 316.6525904950402 321.1424999165232 41.83258920123892 1.0 320.7271280369446 36.76418871628167 1.0 321.5578717961019 46.90098968619617 1.0
-0.9976420549667775 -0.06863184509879738 53.287744160935816 52.428074413753315 14.327055661003321 1.0 53.375425032437626 0.5562351820005618 1.0 51.480723795069004 28.09787614000608 1.0
-0.9971752727432032 -0.07510975588775753 626.0906370970083 619.2498786469031 114.36557554419535 1.0 620.1931503826031 101.84247199792303 1.0 618.3066069112031 126.88867909046768 1.0
-0.1601492456100232 -0.9870928118118075 312.5885157332712 232.53230127589273 278.949091523189 1.0 243.18119767132734 277.2213788867472 1.0 221.8834048804581 280.6768041596308 1.0
0.06513504715071775 0.9978764581012389 -322.96423913536023 331.3006732275096 302.0263197080501 1.0 316.86479136501055 302.96860253088096 1.0 345.7365550900087 301.0840368852193 1.0
-0.9966861290978182 -0.08134346970720664 625.5912408111085 625.8335597876976 22.51702138344001 1.0 627.6235934242608 0.5840782399655176 1.0 624.0435261511343 44.449964526914506 1.0
-0.993098404481011 -0.11728409532954684 68.96512989834588 68.49709585916105 8.021320251367065 1.0 69.40504461627502 0.3333003241396637 1.0 67.5891471020471 15.709340178594468 1.0
-0.15508573688775007 -0.9879010143804811 311.89475758683284 205.5766659961192 283.44211087736926 1.0 215.62341768223533 281.864920586147 1.0 195.52991431000308 285.0193011685916 1.0
-0.046753971793494324 0.9989064351186917 -106.03399999203013 561.2537607021058 132.41965196987763 1.0 551.8700645551589 131.98044660534222 1.0 570.6374568490526 132.85885733441305 1.0
0.9988783195003966 -0.04735084827184743 -54.67065081289975 56.00377011399213 26.82741726100209 1.0 56.35990444637743 34.34016257460455 1.0 55.64763578160683 19.314671947399628 1.0
0.9999870063296781 0.00509776145072384 -280.4788806424678 279.4215547844501 208.12205118596287 1.0 278.9754902114097 295.6229633679372 1.0 279.8676193574906 120.62113900398857 1.0
0.9925971332011969 0.12145341148261432 -641.4636558911532 625.4493048283966 169.97850207575812 1.0 624.7527481816354 175.67122097304775 1.0 626.1458614751577 164.28578317846848 1.0
-0.9990290886653123 0.04405541965020464 66.46590667642808 67.77145228585101 28.14059083022699 1.0 67.27388392123132 16.85740992305335 1.0 68.26902065047072 39.42377173740063 1.0
0.253411002800378 0.9673587047521238 -363.5628714950373 208.72449184075634 321.15262640684944 1.0 201.83134839164788 322.95836649613 1.0 215.61763528986478 319.3468863175689 1.0
-0.9985643591381197 0.05356510673074716 0.41061691021248803 22.001794719803172 402.493198462736 1.0 21.16604149363515 386.91303003553406 1.0 22.837547945971195 418.0733668899379 1.0
-0.996889022079066 -0.0788180033890948 637.1959162155666 637.1036393880477 26.317492118671233 1.0 638.834067459424 4.431061688093845 1.0 635.3732113166715 48.203922549248624 1.0
0.2391702619969707 -0.9709776443236477 51.64700605568119 293.91327127233535 125.58715523797028 1.0 299.651937025301 127.00069776356146 1.0 288.1746055193698 124.1736127123791 1.0
0.9962281556878619 -0.08677247152617669 -160.93014399258814 162.13628278308448 6.852242007540105 1.0 162.6859769808092 13.1632393452891 1.0 161.58658858535978 0.5412446697911111 1.0
0.9997893355722728 -0.02052521561283652 -298.5448580039413 301.7380498490678 152.4771495980932 1.0 302.23824658376867 176.84188078899183 1.0 301.23785311436694 128.11241840719455 1.0
-0.6937493921235063 -0.7202164819887596 486.68801084171423 307.2883943828764 379.7564772146575 1.0 311.10725011102124 376.0779598434746 1.0 303.46953865473154 383.43499458584034 1.0
0.02173194481254963 -0.9997638334000007 120.41882955796996 433.75269992730915 129.87579161921357 1.0 484.39452865600094 130.97659701982082 1.0 383.11087119861736 128.77498621860633 1.0
-0.9999649505179679 -0.008372439047154328 194.46206586447437 192.7471776343229 205.63230251003085 1.0 192.79950354430727 199.38274062087834 1.0 192.6948517243385 211.88186439918334 1.0
-0.9928374016117099 -0.11947340273428293 578.1624343425655 550.6606581942074 263.2045005127507 1.0 551.4287821374617 256.8213042323831 1.0 549.8925342509531 269.5876967931183 1.0
-0.999880107158375 0.01548455065399836 216.57021778886556 221.09681010743006 290.6176933564782 1.0 220.9613365334669 281.8697913554315 1.0 221.23228368139323 299.3655953575248 1.0
0.3794036760955034 -0.9252312416716258 246.8523660174153 411.3151556919719 435.46610833504417 1.0 423.235963964077 440.35439817737046 1.0 399.39434741986685 430.5778184927179 1.0
0.9965646845486996 0.0828180506311932 -631.7232675599773 616.1340206379441 213.79230141567245 1.0 611.1992972855734 273.1727261360064 1.0 621.0687439903147 154.41187669533846 1.0
-0.13888136165556508 0.9903090262058081 -334.6468306055598 243.10539098809713 372.0148242445991 1.0 239.25580177788044 371.47495620625773 1.0 246.95498019831382 372.55469228294044 1.0
-0.9981233878693765 -0.061234815163909405 551.1844431826345 541.8297706001522 169.3722251787972 1.0 543.9019415210073 135.59597788823015 1.0 539.757599679297 203.14847246936426 1.0
-0.3887602440522071 -0.9213389564348553 475.61648877568285 291.1823088442165 393.35836262486885 1.0 297.6070304156145 390.6474424921427 1.0 284.7575872728185 396.06928275759503 1.0
0.4614291911387307 -0.8871770407111856 272.48372176916934 190.6120852701324 406.27483079104127 1.0 201.76947294938302 412.0778939180252 1.0 179.45469759088184 400.47176766405727 1.0
-0.7325859189017346 -0.6806745708684151 439.0781991496243 167.70644555918824 464.56681673955563 1.0 177.03657666354223 454.5251272728308 1.0 158.37631445483422 474.60850620628054 1.0
-0.9782147085655281 -0.2075957223693663 520.8622943510923 502.5406714299518 140.9933575309359 1.0 504.7791290335813 130.4454901308809 1.0 500.3022138263223 151.5412249309909 1.0
-0.06761665910536971 0.997711374803068 -145.9131631961938 573.1189580047392 185.08915210360794 1.0 561.8782294526634 184.3273481091895 1.0 584.3596865568151 185.85095609802642 1.0
0.16254785103117322 0.9867006618651615 -310.93795648268826 205.6257304030512 281.2544337047183 1.0 195.58922455642994 282.90783530895584 1.0 215.66223624967245 279.6010321004808 1.0
-0.4400460698040315 -0.8979751981263322 561.7634416912402 390.03850305488476 434.45357083771705 1.0 399.57387524268864 429.78083258824546 1.0 380.50313086708087 439.1263090871887 1.0
-0.18335171729775718 -0.9830473781888456 341.434245221936 112.4034772901271 326.35748972916826 1.0 125.53785154196906 323.9077501457684 1.0 99.26910303828514 328.8072293125681 1.0
0.05296575166135708 0.998596329429939 -435.94130503462867 403.1671677503848 415.17001488100925 1.0 394.441714745314 415.6328146764614 1.0 411.8926207554556 414.70721508555715 1.0
0.9995800293403501 0.028978698106450984 -324.01138895583733 323.73131859416293 14.356339113838839 1.0 323.5492280885862 20.63729874281855 1.0 323.9134090997397 8.075379484859125 1.0
-0.6940752198526549 -0.7199024858871435 389.1419750259649 78.87412464954653 464.50374345778744 1.0 85.56007480123235 458.0576588665714 1.0 72.18817449786071 470.94982804900343 1.0
-0.17768881543748197 -0.9840867262941944 328.4650325483582 83.23730998607132 318.74700181959093 1.0 89.50855327235269 317.61465264640793 1.0 76.96606669978995 319.87935099277394 1.0
0.1808722462007587 0.9835065991412016 -335.45748899348234 206.2549107447714 303.15170254829485 1.0 196.74188908897506 304.90119929447104 1.0 215.76793240056773 301.40220580211866 1.0
0.9999088693822901 0.013500108541429206 -222.44222522143508 218.53882416400774 290.61371050663587 1.0 218.40383538132576 300.61188797732956 1.0 218.67381294668974 280.6155330359422 1.0
-0.999736595279613 0.02295081825834272 234.41697181032288 238.23819102553847 163.76174952963743 1.0 237.9367116686305 150.62932250984292 1.0 238.53967038244642 176.8941765494319 1.0
-0.3077704956918956 0.9514606255550279 57.17558207586373 381.2189252075563 63.22106652317663 1.0 377.65785480546793 62.06916136451057 1.0 384.7799956096447 64.3729716818427 1.0
0.15352769991434334 0.9881443443945886 -334.36763895073886 590.6802387109138 246.6055307596717 1.0 585.3240064579367 247.43772700981614 1.0 596.036470963891 245.77333450952727 1.0
-0.33722539705265386 0.9414239382885268 -219.97746393028237 238.0574263453209 318.93864372810754 1.0 231.92292228283372 316.74121652867365 1.0 244.19193040780806 321.13607092754137 1.0
-0.228975293060892 0.9734322345020625 -108.67481811650426 578.3746080082932 247.68885284296644 1.0 572.0343711675514 246.19747261409316 1.0 584.714844849035 249.18023307183972 1.0
0.014382435380337875 -0.9998965674271165 123.91764935606595 360.6197125556697 129.11759403372938 1.0 379.3748221271347 129.38736608840983 1.0 341.86460298420474 128.84782197904892 1.0
-0.09287715702876777 -0.9956775751729341 327.4881400999491 140.6982664902033 315.78544395242926 1.0 149.5461794772843 314.9601074937516 1.0 131.85035350312228 316.61078041110693 1.0
0.2933320229246794 -0.9560106298189971 68.95239380444914 213.11991960958227 137.51655771229653 1.0 219.35795013409233 139.43056792907296 1.0 206.88188908507223 135.6025474955201 1.0
0.0901651002051442 -0.9959268320037352 309.17128057450657 227.46343516298225 331.0288802398153 1.0 241.83381737762232 332.32988640887527 1.0 213.09305294834218 329.72787407075526 1.0
0.30967264512267206 -0.9508432325376921 295.0111421567778 243.66971249372307 389.62152107056625 1.0 249.49141638836826 391.5175459698172 1.0 237.8480085990779 387.7254961713153 1.0
-0.05749686610619624 0.9983456868179309 -216.20046377673526 629.3574480489315 252.80476295198437 1.0 620.6004984903601 252.3004314735035 1.0 638.114397607503 253.30909443046525 1.0
1.0 0.0 -294.375 294.375 33.125 1.0 294.375 65.625 1.0 294.375 0.625 1.0
-0.10328289616984188 0.9946520212409814 -169.63690390583426 631.2657308015521 236.09850663430518 1.0 624.3998622900637 235.3855670640391 1.0 638.1315993130404 236.81144620457127 1.0
0.12857378453894022 0.9916999455124188 -356.455099881718 471.2775350610724 298.3373801415904 1.0 465.58613989381786 299.0752688742377 1.0 476.9689302283269 297.5994914089431 1.0
-0.4121928071530239 0.911096641268812 -239.63477270364376 234.54550330197534 369.129603689953 1.0 230.44439418171052 367.2742048177009 1.0 238.64661242224017 370.98500256220507 1.0
0.9999689440544667 -0.007881048572055639 -309.6716572565029 309.9570838119496 34.99541242673359 1.0 310.00141333342947 40.62006305277149 1.0 309.91275429046976 29.370761800695686 1.0
-0.16214754765499242 0.9867665239505604 -310.3668750422813 111.20039574028208 332.8018721136575 1.0 99.33760786596967 330.8525538955341 1.0 123.06318361459448 334.7511903317809 1.0
1.0 0.0 -553.125 553.125 43.125 1.0 553.125 51.875 1.0 553.125 34.375 1.0
-0.4182743509762173 0.9083207403309825 -334.4243158809854 232.12946602965172 475.07240390630477 1.0 226.02310681357986 472.26047489871723 1.0 238.2358252457236 477.88433291389237 1.0
0.3034034609372678 -0.9528621830523489 233.44444640974072 515.1155140092018 409.012219263613 1.0 530.7476839906748 413.98970137875534 1.0 499.48334402772883 404.03473714847064 1.0
-0.8852382861824761 -0.46513780396427934 613.94547208559 618.5458594319791 142.72113552364823 1.0 622.9731573787753 134.29521612204644 1.0 614.1185614851829 151.14705492525005 1.0
0.9987675716242385 0.049632024659709506 -379.93576427900854 379.16277804866246 24.989453997685377 1.0 378.57104495248564 36.897165431387705 1.0 379.7545111448393 13.081742563983049 1.0
0.1882024147083175 0.9821302617768982 -305.2025883520167 576.4266704876372 200.29695114786603 1.0 569.3330857942775 201.65627161703972 1.0 583.5202551809971 198.9376306786923 1.0
-0.033089593749984256 0.9994523894540756 -225.56692396996303 629.9901321163393 246.54805382254182 1.0 621.8120193383209 246.27729512275624 1.0 638.1682448943577 246.81881252232742 1.0
-0.2992468733341276 0.9541757221810606 -233.6353280876259 518.1680892919159 407.3626058953465 1.0 503.2621079659708 402.68781884923516 1.0 533.0740706178609 412.0373929414578 1.0
-0.38359661213860297 0.9235007521143587 -204.4223614906639 424.8621458558791 397.83188094406773 1.0 417.89174033725016 394.93656771767724 1.0 431.832551374508 400.72719417045823 1.0
-0.08104952266372133 -0.9967100756368338 363.1334951234402 485.61227896115463 324.84356246436687 1.0 491.87171185154483 324.3345638495113 1.0 479.3528460707644 325.3525610792224 1.0
0.09883217258303138 0.9951041159911448 -344.4467746455142 138.1174356069368 332.42383696042066 1.0 130.62922640588684 333.16755409735447 1.0 145.60564480798675 331.6801198234868 1.0
0.16909852577181522 -0.9855991520804991 411.25656849665216 273.1665987276076 464.132539751038 1.0 280.6604705964946 465.4182578674515 1.0 265.6727268587207 462.8468216346245 1.0
-0.9999337885539505 -0.011507324108733836 381.23023704136955 379.4501395637285 156.87586471256708 1.0 379.5939715911305 144.37751994391886 1.0 379.3063075363264 169.37420948121527 1.0
-0.19450840099644306 -0.9809008522484863 405.6837791043206 540.6496614895768 306.37436725621967 1.0 546.7824479119049 305.1582622055152 1.0 534.5168750672487 307.5904723069242 1.0
-0.6905632608720697 -0.7232719977530816 393.32234838293226 115.13006369350599 433.88622419953015 1.0 122.16035242600294 427.17386822962203 1.0 108.09977496100903 440.59858016943826 1.0
-0.17146089740225592 -0.9851909259945572 387.4063303971624 239.428935653072 351.55990690471816 1.0 248.23842403439633 350.02671902847806 1.0 230.61944727174765 353.09309478095827 1.0
0.6943437387984789 0.7196435036817534 -390.1736422553957 109.26080833519194 436.7566475397389 1.0 99.0851410017942 446.5745794253096 1.0 119.43647566858968 426.9387156541681 1.0
-0.09489771495296968 -0.9954870283919851 407.3348643764866 234.43064305860423 386.8337015473768 1.0 238.2059155501292 386.4738126462133 1.0 230.65537056707925 387.1935904485403 1.0
0.39005299248529973 0.9207924104016404 -417.55267751379694 327.6311391139114 314.68457819353466 1.0 320.9042162175829 317.534141652454 1.0 334.35806201023985 311.8350147346153 1.0
-0.40371757974210076 0.9148836624441278 -265.02234135403296 143.75466288096953 353.1144332230425 1.0 135.56885962273293 349.5022223864957 1.0 151.94046613920614 356.72664405958926 1.0
0.3911724466229925 -0.9203174001413763 270.2892939057853 251.83052546588132 400.72963591688506 1.0 261.65037716997244 404.90347356895404 1.0 242.0106737617902 396.55579826481613 1.0
-0.9995561119173214 -0.029792266256984466 409.99600422097507 407.1600176539715 101.25849509270547 1.0 407.73809606324255 81.86346813604327 1.0 406.58193924470055 120.65352204936768 1.0
0.32815466844477836 0.9446240064586002 -425.94598760100274 227.69660997507884 371.8159602627289 1.0 223.2115162700923 373.3740452019646 1.0 232.18170368006543 370.2578753234932 1.0
-0.9998966142704864 -0.014379178363812936 345.1078695275335 343.79535571082835 93.75065224528868 1.0 344.1459411730078 69.37170598171639 1.0 343.44477024864887 118.12959850886095 1.0
0.999835617225288 0.018131147998052898 -396.05342823809383 394.48664051561093 89.99069067291931 1.0 394.203182436068 105.6218842381421 1.0 394.7700985951538 74.35949710769653 1.0
-0.9995475899893901 -0.03007682407439061 379.687281570547 376.962849514147 96.25264343029635 1.0 377.65919217687343 73.11098363890927 1.0 376.2665068514207 119.39430322168342 1.0
0.9999796806065702 -0.006374823447105482 -277.25221349814484 279.2420567279775 311.25084750710846 1.0 279.3257245856061 324.37531412844993 1.0 279.1583888703489 298.12638088576693 1.0
-0.998939027250589 -0.04605235971855313 439.16810318315436 434.76426928315453 105.6429458090696 1.0 435.5144771735216 89.36990475712406 1.0 434.0140613927875 121.91598686101514 1.0
0.9992491919515368 0.03874341730153319 -426.07173934364846 422.8775498707014 90.63963856294359 1.0 422.3926826075613 103.14507186341108 1.0 423.3624171338415 78.13420526247612 1.0
0.999312640518968 -0.0370708308378451 -325.50295895022555 329.0196386451562 88.76318260185809 1.0 329.36693880000746 98.12529904092987 1.0 328.672338490305 79.4010661627863 1.0
-0.998897945245949 -0.04693500807948097 310.9625356698852 306.636825066043 99.3638089243723 1.0 307.40143203564605 83.09100186393951 1.0 305.8722180964399 115.63661598480508 1.0
0.998986534983064 0.04501003135448046 -366.6729747203774 363.5254417335467 78.1148823715235 1.0 363.24314794883077 84.38032323779662 1.0 363.8077355182626 71.8494415052504 1.0
