-0.35116835245890454 0.9363123347640459 -140.22389475796896 5.626130446654137 151.87198591533476 1.0 0.009714280549993348 149.76552257127193 1.0 11.24254661275828 153.9784492593976 1.0
0.22488286784064795 0.974385804366918 -151.09271630900344 19.18543488094695 150.63667803285733 1.0 9.87369521939431 152.78577617272197 1.0 28.497174542499593 148.48757989299267 1.0
-0.59405144422249 -0.8044270517686324 419.12070658520094 479.4394731441154 166.96230547117335 1.0 485.0643428115753 162.80846461988523 1.0 473.8146034766556 171.11614632246145 1.0
-0.9999769597811723 0.006788218234823089 58.045622698613435 59.77382093777204 254.3850208565108 1.0 59.09498595455133 154.38538630854566 1.0 60.45265592099274 354.38465540447595 1.0
-0.998730538316258 -0.05037173646518061 607.3441396033752 600.5210871387656 150.5882367238774 1.0 601.0289225132132 140.51928273320547 1.0 600.0132517643178 160.65719071454936 1.0
-0.9974390363109816 -0.07152180676563198 610.301119225637 599.3677058242865 174.3296610667839 1.0 600.0842893499688 164.3362281039544 1.0 598.6511222986044 184.32309402961343 1.0
-0.9999999826585856 0.00018623326427220376 92.16159187663892 92.20791901027258 248.75005439519708 1.0 92.19174001739626 161.87517380405598 1.0 92.22409800314888 335.6249349863382 1.0
0.045836978997122385 0.9989489333076128 -159.57005223276812 524.9724449211336 135.64947794896185 1.0 490.5838137783657 137.2274074215042 1.0 559.3610760639015 134.07154847641948 1.0
0.5975534115323226 -0.8018291092035028 -134.87680255441975 450.76871036209457 167.7185033455115 1.0 455.0788278876664 170.93056611792582 1.0 446.4585928365227 164.50644057309717 1.0
0.5878816152528906 -0.8089469738169816 -179.75034570160477 510.8600057503636 149.051623344473 1.0 517.5513387498015 153.9143792224553 1.0 504.16867275092574 144.1888674664907 1.0
0.09305243288815568 -0.9956612098166701 95.27069590790002 496.90995039140466 142.1260307451459 1.0 503.1637386071808 142.71049682909867 1.0 490.65616217562854 141.5415646611931 1.0
0.49963712467484256 0.8662348086094531 -263.71595034151727 221.2279933501457 176.8368464577926 1.0 214.44623797857412 180.74850726895252 1.0 228.0097487217173 172.9251856466327 1.0
-0.5411352945399078 -0.8409355462835467 426.30803373154015 555.038968845774 149.7818214495897 1.0 565.8080565000898 142.8519997224685 1.0 544.2698811914582 156.7116431767109 1.0
0.9990211758136687 0.04423449192513646 -642.3726545070931 636.1103512856341 155.64649030275334 1.0 634.2825728018934 196.9262548142099 1.0 637.9381297693748 114.36672579129677 1.0
-0.009468011881645134 0.9999551773709704 -164.8984844910051 76.86899980238375 165.6337052325887 1.0 65.61409104674712 165.5271388461779 1.0 88.12390855802039 165.74027161899951 1.0
-0.7370850533852037 0.6757999882185051 226.2404531884327 502.15574313111495 212.9195650393054 1.0 497.355719379817 207.68425011676095 1.0 506.95576688241295 218.15487996184987 1.0
-0.9981870787839199 0.060187671069951626 192.91835956498286 202.95909159660954 160.71037500741068 1.0 202.34924965159624 150.59640417598862 1.0 203.5689335416228 170.82434583883276 1.0
-0.4121741897328464 0.9111050638197944 -47.65489631397636 601.746240625587 324.5280672999236 1.0 597.6450812230187 322.67274663401497 1.0 605.8474000281553 326.3833879658322 1.0
-0.2159277422484493 0.9764093455756594 -109.62476720739222 239.46252142017323 165.22923458465615 1.0 221.05965156653176 161.15953763184166 1.0 257.86539127381474 169.29893153747065 1.0
-0.03550344174172988 0.9993695540812175 -167.4684001472792 286.9099303379097 177.7667624740521 1.0 274.40351085589 177.32246143079513 1.0 299.4163498199295 178.21106351730904 1.0
0.0010023566274965587 0.9999994976404694 -160.83832148083437 463.74974796673416 160.37355941264605 1.0 439.3747724567551 160.3979918431674 1.0 488.1247234767132 160.3491269821247 1.0
-0.9999572073425632 -0.009251134182476202 203.76300733673796 201.9733991948296 194.38169254941084 1.0 202.18159429629873 171.87783646635455 1.0 201.76520409336044 216.8855486324671 1.0
-0.308083435148302 0.9513593416723368 -73.7276486985449 27.455266301888663 86.3881373249272 1.0 1.1160686363125372 77.85858372681301 1.0 53.794463967464786 94.91769092304139 1.0
0.12111442050709995 -0.99263855312255 144.0734788022983 338.1824127623976 186.40445222246447 1.0 345.7226760449048 187.32445942454126 1.0 330.6421494798903 185.48444502038768 1.0
0.1431537536335492 -0.9897004611601559 126.08909945183584 28.61756171571226 131.54061854095954 1.0 40.426306544192094 133.24867690229044 1.0 16.808816887232425 129.83256017962864 1.0
-0.9999485441104949 -0.01014441379782871 95.55773688692761 94.16140687186459 138.12283311142463 1.0 94.27552565470451 126.87399083915177 1.0 94.04728808902466 149.3716753836975 1.0
0.9990969832115678 0.04248785870745232 -572.0433245890755 565.7305150682465 160.60290824839643 1.0 565.0395825707224 176.85010438582242 1.0 566.4214475657707 144.35571211097042 1.0
-0.08580646340485165 0.9963118240982347 -154.344681136512 109.89188164187229 164.38037860821134 1.0 102.96063804976849 163.78343146249793 1.0 116.82312523397609 164.97732575392476 1.0
0.9999048577709996 -0.013794035158614458 -51.94095008037805 54.48974455369107 184.39928333588523 1.0 54.80019973799545 206.9036225909783 1.0 54.17928936938669 161.89494408079216 1.0
0.14888060176434684 -0.9888551796993764 129.60897793422467 73.70606627318654 142.16680492829926 1.0 81.8349988180994 143.3906852232443 1.0 65.57713372827367 140.9429246333542 1.0
0.9996572143244474 0.026181173562044423 -620.180370458284 616.890517642476 133.73403756492056 1.0 616.4484333751759 150.61382815561146 1.0 617.332601909776 116.85424697422964 1.0
0.003922465718032481 0.999992307101755 -162.7131397634103 44.375158194780596 162.54033013287943 1.0 34.37286052993937 162.57956410439428 1.0 54.37745585962182 162.5010961613646 1.0
-0.009335373095217097 0.9999564244551725 -168.54216650174362 430.6476864758487 172.5699431568815 1.0 409.3586979185858 172.3711938452701 1.0 451.9366750331115 172.7686924684929 1.0
0.22663214948682775 -0.9739804252750566 125.85027939020291 86.86352757432013 149.42430420537386 1.0 93.3443524477842 150.93230501669004 1.0 80.38270270085604 147.91630339405768 1.0
-0.99104190421374 0.13355127888719048 233.00677163491162 259.9374624102119 184.21497939659264 1.0 258.9336530921151 176.76602715619907 1.0 260.9412717283087 191.66393163698618 1.0
0.3336679016120035 -0.942690687041005 71.52279131875002 242.3570619514779 161.65383377158727 1.0 254.28610461469168 165.87615047460724 1.0 230.42801928826412 157.4315170685673 1.0
0.17943034746920097 -0.9837706797862406 131.72667842778043 50.239305553367004 143.06294888806147 1.0 62.17328275171124 145.23959200152945 1.0 38.30532835502276 140.8863057745935 1.0
-0.009340786909972932 0.9999563738983329 -167.8837105574393 318.1402929801636 170.86284532150444 1.0 261.8660121238945 170.33717632262488 1.0 374.4145738364327 171.38851432038402 1.0
-0.28149546280387966 0.9595625588885955 -94.82918579431045 79.88680055349806 122.26087460511158 1.0 66.78889965821111 118.41849909751718 1.0 92.98470144878503 126.103250112706 1.0
0.19098135941985542 -0.9815936635666226 129.71204045951808 104.26686975476068 152.43076085482494 1.0 112.93205592319178 154.11668151170863 1.0 95.60168358632959 150.74484019794127 1.0
-0.9992138676697259 0.03964399899742214 57.22756732482114 62.77708745757103 138.73900650276624 1.0 62.553282989590095 133.09808899422904 1.0 63.000891925551954 144.37992401130347 1.0
-0.03842185143923573 0.9992616080546582 -144.5844767867374 226.88787277666577 153.41520948290213 1.0 219.3269567897004 153.12449042749753 1.0 234.44878876363114 153.70592853830672 1.0
0.04656337193263461 0.9989153379512516 -198.63644793093465 373.1347356921394 181.45885798858592 1.0 363.1854877097031 181.92263156043472 1.0 383.0839836745756 180.99508441673714 1.0
-0.026675172888981965 0.999644154262577 -181.3390262568662 373.77994628455764 191.3777719108123 1.0 368.1756148872328 191.22822218522913 1.0 379.38427768188245 191.52732163639547 1.0
-0.2473182098060644 0.9689343130978092 -95.9731199461689 151.6495227196994 137.7583667115678 1.0 130.8006749048537 132.43674722881735 1.0 172.49837053454507 143.07998619431822 1.0
-0.9999951100506168 0.003127279145627243 116.12714587153373 116.91345830654998 251.25378884759925 1.0 116.6495831940766 166.8757049447234 1.0 117.17733341902338 335.6318727504751 1.0
-0.9998523734449211 -0.017182296603134802 424.5493707401834 421.2073222133193 198.12426658933998 1.0 421.4652031334903 183.11795770906343 1.0 420.94944129314825 213.13057546961653 1.0
-0.23014907414871053 0.9731553851613273 -99.32167509714122 212.6809121317604 152.36003661305236 1.0 206.79393345888087 150.96777931092396 1.0 218.56789080463997 153.75229391518076 1.0
0.9925153644321932 0.12211982380445349 -551.7116393289044 535.3346501375945 166.91617560020097 1.0 534.8521660359294 170.83751178525523 1.0 535.8171342392595 162.99483941514669 1.0
-0.14960799016474904 -0.9887453915335658 129.73889357884545 103.40039559154782 115.57006403328933 1.0 109.78786254481321 114.60357043311224 1.0 97.01292863828243 116.53655763346643 1.0
-0.9999626819380611 0.008639139496500716 24.662497877391772 27.04479723263283 275.63973203434807 1.0 25.96489844835607 150.6436621150652 1.0 28.124696016909592 400.6358019536309 1.0
0.3756660258823287 -0.9267551116653081 63.64282859273709 120.38343198584893 117.47093994799906 1.0 141.04243682345887 125.84519777333009 1.0 99.72442714823899 109.09668212266804 1.0
-0.010387912743850859 -0.9999460441787977 177.09130623326746 464.37917275089484 172.27667123594057 1.0 471.8783634354111 172.1987660940244 1.0 456.8799820663786 172.35457637785672 1.0
-0.8246231434842142 -0.5656824826969747 516.6688170810503 575.9272752079705 73.79733022971823 1.0 579.2765393157299 68.91494341135385 1.0 572.5780111002113 78.67971704808261 1.0
0.2137091312756002 -0.976897337087899 118.46217159465833 106.35286826738906 144.5297733143952 1.0 116.88405487134142 146.83360878920658 1.0 95.82168166343668 142.22593783958376 1.0
-0.5641318458971509 0.8256847221819436 166.35109671225464 615.5983466485607 219.12423719760108 1.0 611.1600578639478 216.0918690582563 1.0 620.0366354331735 222.15660533694583 1.0
0.10458991864317041 0.9945154342282553 -216.96053240239365 611.8160380372269 153.81434766590473 1.0 601.7954081876007 154.86818436331006 1.0 621.8366678868532 152.7605109684994 1.0
-0.20446348344709991 0.9788741920883794 -122.28187217076433 127.43942876505082 151.53998634707312 1.0 119.27882690711996 149.8354311586912 1.0 135.60003062298168 153.24454153545506 1.0
0.25184862020013415 -0.9677666415532665 102.01599869311629 72.95593221977781 124.39966866894272 1.0 80.13255594689679 126.26729119875998 1.0 65.77930849265883 122.53204613912547 1.0
-0.10236765718295276 0.9947466324461085 -127.6347347209891 186.87095009274228 147.53935453557494 1.0 171.83720612207267 145.99225791944323 1.0 201.90469406341188 149.08645115170665 1.0
0.11290139352245028 -0.9936061973139504 152.14634305914723 78.7277217766852 162.07106295423034 1.0 88.12344563836577 163.13867940026657 1.0 69.33199791500462 161.00344650819414 1.0
-0.4393089413736544 0.8983360473838056 -26.54643824468103 428.3067037012414 239.00343691672234 1.0 402.18966455830133 226.23154732027004 1.0 454.4237428441815 251.77532651317463 1.0
-0.9992924575964987 -0.03761095838648799 432.9855723830176 425.43556668233396 208.74287018672703 1.0 426.16553163644517 189.34829732162456 1.0 424.7056017282228 228.1374430518295 1.0
-0.31886690305717924 0.9477995031306586 -98.58373023671867 71.67044630372847 128.12526603907048 1.0 64.73891477334622 125.79330027496576 1.0 78.60197783411071 130.45723180317523 1.0
0.3397336045466936 -0.9405217051943622 69.57950505984063 158.8801010182164 131.37008299448945 1.0 176.15760829565934 137.6110339396188 1.0 141.6025937407735 125.12913204936012 1.0
0.09580271162696455 -0.9954003417946573 152.46427450576763 43.7614877695627 157.38064085499275 1.0 54.46777367159936 158.41107170557834 1.0 33.05520186752604 156.35021000440716 1.0
0.050226387333750074 -0.998737858507126 329.62116398156525 383.12851035672224 349.3051975248178 1.0 391.856436819357 349.74412372692257 1.0 374.40058389408745 348.86627132271303 1.0
-0.9991515714190706 -0.041184187873526776 473.044726614105 465.46047947404827 193.74321860221846 1.0 465.89981038479596 183.0848035038189 1.0 465.0211485633006 204.401633700618 1.0
-0.9997587369725642 -0.021965150739826668 462.9787157287198 458.8888281765484 191.23931858558203 1.0 459.0953048678671 181.84139190744654 1.0 458.6823514852297 200.63724526371752 1.0
-0.15060047231801724 0.9885947085320608 -145.42254188999758 80.01305736167777 159.28928686468674 1.0 69.25683062312582 157.650705539898 1.0 90.7692841002297 160.9278681894755 1.0
0.9999508228601841 0.009917250689626176 -233.32528658328675 231.3037427083259 204.98813583310337 1.0 231.1984385714959 215.60589286771042 1.0 231.4090468451559 194.37037879849632 1.0
-0.1566633643102796 0.9876520593219987 -78.8322160316818 609.9493675277773 176.56920203986078 1.0 601.733666054763 175.26601087979282 1.0 618.1650690007916 177.87239319992872 1.0
0.327903912921189 -0.9447110795851678 66.4604046600218 14.269843694284262 75.302961700618 1.0 28.283911607900016 80.16716601040096 1.0 0.2557757806685079 70.43875739083504 1.0
-0.033496615606702876 0.999438830916078 -115.45667495881152 592.48729883596 135.3789647494045 1.0 585.5990891093892 135.14810348377026 1.0 599.375508562531 135.60982601503875 1.0
-0.019856277433116378 0.9998028446881411 -164.91542640767608 495.0168002148753 174.77907595002134 1.0 469.37708797523055 174.2698663171017 1.0 520.65651245452 175.28828558294097 1.0
-0.9985706967822675 -0.053446828977747635 534.1340205784365 520.8831815873182 261.85536665703125 1.0 521.8892333424286 243.05885765332746 1.0 519.8771298322077 280.651875660735 1.0
-0.32281688966887645 0.9464614391218019 -63.5285241817354 49.50092306190339 84.00580828109719 1.0 26.67224460042461 76.21945516456302 1.0 72.32960152338218 91.79216139763135 1.0
0.23653538852134595 -0.9716228743586969 114.76038191435151 124.60129245902465 148.44545228683234 1.0 129.60882650151325 149.66450449477432 1.0 119.59375841653605 147.22640007889035 1.0
0.06389505964165583 -0.9979566229818755 150.2546427249363 268.69297822498515 167.7656049755546 1.0 281.8441000026799 168.60761723439376 1.0 255.5418564472904 166.9235927167154 1.0
0.9995798793798024 0.028983870325746064 -429.0344312501535 423.36097678518377 201.88184239517295 1.0 422.9988306151316 214.37134158593472 1.0 423.72312295523585 189.3923432044112 1.0
0.99963865911198 0.026880312661920657 -467.25390627262146 459.5233000346361 293.77079406045675 1.0 458.4303271380685 334.4168227920477 1.0 460.6162729312037 253.12476532886583 1.0
0.9989978444252056 0.04475831580603558 -537.6011992050929 526.7693865894337 253.80127219909423 1.0 525.39753271245 284.42081275357225 1.0 528.1412404664173 223.18173164461618 1.0
-0.0921911368843596 0.9957413290006443 -153.73600700759903 131.22288679155423 166.54284531163896 1.0 122.99482060334827 165.78104628396198 1.0 139.4509529797602 167.30464433931593 1.0
-0.3148327802346742 0.94914715428626 -82.9308786810236 106.77524048065425 122.79152286919634 1.0 82.5751128879494 114.76432348537217 1.0 130.9753680733591 130.8187222530205 1.0
0.22939625516703122 -0.9733331177532912 108.44131378930564 110.76799699386697 137.5182607584699 1.0 116.96820419739119 138.97953263734232 1.0 104.56778979034276 136.05698887959747 1.0
0.998884644269468 0.04721723671137919 -548.4190357071997 539.6359135715776 198.76233337396974 1.0 538.7782688571623 216.90587999244133 1.0 540.4935582859929 180.61878675549812 1.0
-0.2155256920226252 0.9764981700331898 -120.71235967077722 106.80527759336292 147.1908964569489 1.0 96.74363972294317 144.97016370859203 1.0 116.86691546378268 149.4116292053058 1.0
-0.9998341408593401 0.018212379637634217 60.51730588533485 62.73588398268451 121.2457032787064 1.0 62.63324903186948 115.61118818995676 1.0 62.83851893349954 126.88021836745602 1.0
0.04194874964109114 -0.9991197637938852 283.6782128817109 191.29891515800256 291.95995690508994 1.0 199.46200739607244 292.30269010385246 1.0 183.13582291993265 291.6172237063274 1.0
-0.9451832839911932 -0.3265402879640172 394.0228801159485 389.57728743918574 79.01303807461856 1.0 400.94095814131197 46.120460992020575 1.0 378.2136167370595 111.90561515721654 1.0
-0.4678906641812836 -0.8837863578784169 342.16396685155513 47.297218793239054 362.1169719169691 1.0 60.39179010549839 355.1844959697616 1.0 34.20264748097973 369.0494478641765 1.0
-0.213273940923595 0.9769924391329335 -113.80610828573751 128.7048190289409 144.58197074816673 1.0 121.88207493966277 143.09259021506364 1.0 135.527563118219 146.07135128126984 1.0
-0.2795951324077106 0.9601179937559314 -103.74408411104827 104.12040013709921 138.37428528341613 1.0 96.3678124301223 136.1166609075255 1.0 111.8729878440761 140.63190965930676 1.0
-0.995901298817091 -0.09044668603343738 541.4880228945502 522.4314344099963 234.36877294677782 1.0 522.9995221124703 228.11360423305902 1.0 521.8633467075223 240.62394166049663 1.0
0.07664795605495085 -0.9970582183767398 115.06278667078196 608.0561174604234 162.14604349186203 1.0 614.3171633246935 162.62735577575646 1.0 601.7950715961531 161.6647312079676 1.0
0.043479494394927314 0.9990543196278976 -160.20197754031548 572.4918791130727 135.43840152923212 1.0 560.5850304310997 135.9565953354727 1.0 584.3987277950458 134.9202077229915 1.0
-0.9992549644220488 -0.03859424928522526 606.2543903828359 602.0481798715739 120.60754933996886 1.0 602.533041404175 108.05385798744922 1.0 601.5633183389729 133.1612406924885 1.0
0.999825127608106 0.018700647139458293 -465.8760675687862 462.32203888823335 194.3716714299693 1.0 462.11191196934413 205.6060512846103 1.0 462.5321658071225 183.13729157532828 1.0
-0.9999998490220574 0.0005495051070149857 154.39962704470935 154.5030261695797 188.12527308969908 1.0 154.49341002038122 170.62562181456673 1.0 154.5126423187782 205.62492436483146 1.0
-0.9479776112530766 -0.31833700470242354 391.9853191370577 404.9642962568165 25.407768525994378 1.0 413.65016200567925 -0.4579214272324972 1.0 396.2784305079538 51.273458479221254 1.0
-0.8655862984760068 -0.5007597826209742 493.7745904498147 528.7546962007093 72.07401915292226 1.0 532.0190268085535 66.43147367321791 1.0 525.4903655928653 77.7165646326266 1.0
0.9986439085694013 0.052060963083957204 -538.518014118647 529.0194138765934 196.2314627056902 1.0 528.2036765145898 211.87910153718107 1.0 529.835151238597 180.5838238741993 1.0
-0.268667493257101 0.9632329822358376 -96.64143940417854 113.12282378080165 131.88280223198203 1.0 96.75183793341446 127.31656352246897 1.0 129.49380962818884 136.4490409414951 1.0
0.9979187495594218 -0.06448386835294415 -172.68810549787142 183.4289262490696 160.64574725772584 1.0 184.07502171760345 170.6443841032442 1.0 182.78283078053576 150.6471104122075 1.0
0.03399779277136439 -0.9994219079481275 263.01890384317824 558.1578896603543 282.1581534954595 1.0 579.4258005233431 282.88163375984976 1.0 536.8899787973654 281.4346732310692 1.0
0.9998351926764852 0.018154544488239353 -472.39291182118455 468.95268884937286 193.75368033027857 1.0 468.7369331714189 205.63611119919133 1.0 469.16844452732676 181.8712494613658 1.0
0.28107201987828 -0.9596866778493613 0.47582607537149135 546.6958957117971 160.6115300961241 1.0 552.1438291631092 162.2071150872113 1.0 541.247962260485 159.01594510503696 1.0
0.21105439564713482 -0.9774743178610998 111.54641985754294 126.94997127876803 141.527779088783 1.0 134.63164222289512 143.1863908692137 1.0 119.26830033464093 139.86916730835227 1.0
-0.999412460001071 -0.034274404365471745 465.9040137363263 456.12546729217036 293.120729206353 1.0 457.49784059118895 253.10349184792116 1.0 454.75309399315177 333.13796656478485 1.0
0.9997594435971542 0.021932964649330332 -472.40160022402 466.0438854010905 294.9817668067712 1.0 465.12566344371874 336.83662263122955 1.0 466.9621073584622 253.12691098231286 1.0
-0.6008475149676122 -0.7993636617693132 374.2230671456638 483.029081672884 105.0788868479541 1.0 486.827010008611 102.22414636913908 1.0 479.23115333715697 107.93362732676913 1.0
-0.014246087934803356 0.9998985193401146 -166.73797347881816 392.50217867692106 172.3470839266574 1.0 375.5682831656412 172.10581767826685 1.0 409.4360741882009 172.58835017504796 1.0
0.9990033070515265 0.04463622407992582 -590.6673714709702 584.0525444896257 161.2355924436733 1.0 583.1303494549289 181.87523901769615 1.0 584.9747395243224 140.59594586965048 1.0
-0.9990362684167964 -0.04389230442621028 220.9585685204011 212.74129280423287 191.88560111384746 1.0 213.1261844234543 183.12505203722472 1.0 212.35640118501144 200.6461501904702 1.0
-0.010703092504479943 -0.9999427202649362 260.16244100066984 253.75627463456806 257.4612114296441 1.0 260.6438651600603 257.38748868829765 1.0 246.86868410907582 257.5349341709905 1.0
0.9990582340381411 0.04338945725162935 -547.7049585794298 537.1471787730059 254.98467684763054 1.0 535.9786553354294 281.8903593779978 1.0 538.3157022105822 228.07899431726327 1.0
-0.9510576190967353 -0.30901360028006725 394.821702742957 372.62360242330044 130.85244975093894 1.0 379.1028444367286 110.91115112441365 1.0 366.14436040987226 150.79374837746423 1.0
-0.012458887256993087 0.9999223850521187 -146.91861409789817 442.4929176274369 152.44341535837418 1.0 370.5823571422349 151.54742025008824 1.0 514.4034781126388 153.33941046666013 1.0
-0.7214082342150288 -0.6925100429645438 426.6209441595424 509.6219270762912 85.1619268620409 1.0 513.5934807018378 81.02464175375462 1.0 505.65037345074455 89.29921197032719 1.0
0.9992112189379069 0.03971070319979634 -415.4416100604533 407.52403482161503 207.47611641124521 1.0 406.7532756562895 226.8701624249271 1.0 408.2947939869406 188.08207039756334 1.0
-0.9994112234418476 -0.0343104424114461 539.861128134456 531.4675127771985 253.7574673562201 1.0 532.4341330738247 225.60128208556344 1.0 530.5008924805724 281.9136526268768 1.0
0.34951546983989357 -0.9369305931298212 65.16004584522929 64.43691278227729 93.58403315496176 1.0 99.4593420953732 106.64890789174504 1.0 29.41448346918139 80.51915841817848 1.0
0.9108202891651268 0.4128031017872261 -403.049240213455 413.4067536340462 64.21943345605223 1.0 384.43173877491574 128.15071521798035 1.0 442.38176849317665 0.28815169412411024 1.0
-0.9991763483758009 -0.040578625486825455 587.7533576861383 581.8415140642749 157.49864006664382 1.0 582.6798171538261 136.85692020055575 1.0 581.0032109747236 178.14035993273185 1.0
0.9997570205406071 0.022043136795114958 -145.17284899536034 141.22533049478906 180.63823638338818 1.0 140.97740546117547 191.88277000974077 1.0 141.47325552840266 169.39370275703558 1.0
-0.034323972053546495 0.9994107588686783 -236.94864704106215 492.4698856935996 254.0018379651827 1.0 468.0807230519302 253.1642114642736 1.0 516.859048335269 254.83946446609175 1.0
0.9998307950509135 0.01839514250714115 -162.87154646184544 159.26527989968815 197.50948025129128 1.0 158.9087228309597 216.88941913295025 1.0 159.62183696841663 178.12954136963228 1.0
-0.9999755783987234 -0.006988748538799372 127.7703333640447 125.74229341905325 290.62581975423075 1.0 125.85585780931676 274.3766134465805 1.0 125.62872902878976 306.87502606188093 1.0
0.04254789083356125 -0.9990944284629033 138.38009013466112 503.12789797274525 159.93195083547334 1.0 523.1713965637225 160.7855324046185 1.0 483.0843993817679 159.0783692663282 1.0
0.999428066081673 -0.03381627904200938 -241.45431364888037 247.53483136777874 175.62382145870004 1.0 247.74677694551536 181.8877974156266 1.0 247.32288579004214 169.35984550177344 1.0
0.9999178069382058 -0.012821051746603652 -120.16349009690383 123.0424299787305 223.75907253755668 1.0 123.67531464016513 273.11794380755146 1.0 122.40954531729585 174.40020126756187 1.0
-0.44525232880974447 0.8954051394142761 -20.236738561710577 205.93927716604128 125.00674430627609 1.0 184.91526970211524 114.55227194268215 1.0 226.96328462996735 135.46121666987003 1.0
-0.1475122282072646 0.9890602320027471 -117.51200005304332 242.32066868748552 154.9524051952609 1.0 235.32170806012027 153.9085534217577 1.0 249.31962931485074 155.9962569687641 1.0
-0.3013250900438725 -0.9535214680908093 297.11850521127553 628.2990206233517 113.05067568463113 1.0 636.0159193686497 110.61203608699083 1.0 620.5821218780537 115.48931528227145 1.0
-0.9999995537534693 -0.0009447184036850951 137.3062374040331 137.0718907000591 248.12459555708506 1.0 137.13329792670416 183.1240631203823 1.0 137.01048347341407 313.1251279937878 1.0
-0.9996689315485014 -0.02572989111281791 407.16173745620307 401.74640650220647 215.63777671521677 1.0 402.004033996843 205.62832113021005 1.0 401.48877900757 225.64723230022352 1.0
0.3162965238295554 0.948660376011004 -308.4030710982582 627.3877886474561 115.91344725320384 1.0 619.137960826638 118.66405424375749 1.0 635.6376164682742 113.16284026265019 1.0
-0.4569253303458566 -0.8895050547851484 343.2771068121353 81.17169235616333 344.22255705058353 1.0 93.10765455447482 338.09123329798666 1.0 69.23573015785183 350.35388080318035 1.0
0.08042159840252819 0.9967609374922266 -178.32758028313663 149.62390488786227 166.83497560730157 1.0 142.22251283142086 167.43214164500802 1.0 157.02529694430368 166.23780956959513 1.0
0.9998496153307267 0.01734205071489197 -250.23466785098773 246.45660583846956 219.99274309590479 1.0 245.83851225758403 255.6287032973184 1.0 247.07469941935508 184.35678289449118 1.0
-0.9990808104460364 -0.042866469396151005 530.9814893967038 517.46971318433 326.30233290174476 1.0 519.534211159618 278.18546348444977 1.0 515.4052152090418 374.41920231903975 1.0
-0.47037734946001464 0.8824653812558152 -11.037012353217639 92.98073306377535 62.06820605773706 1.0 -0.294495298822941 12.350046434251611 1.0 186.25596142637363 111.7863656812225 1.0
-0.9992706904580646 -0.03818490790171834 531.0824446461623 523.9466232717131 196.8825135212044 1.0 524.3309277780373 186.82554990696147 1.0 523.5623187653888 206.93947713544733 1.0
-0.998832612393812 -0.04830540775682161 472.4188920765605 451.08475168369114 452.55246061426647 1.0 451.5385445972886 443.1691807203013 1.0 450.6309587700936 461.9357405082316 1.0
0.9223048329140348 -0.38646318735866 -245.70472313322423 459.5011305452076 460.8340357468536 1.0 465.6877986247781 475.59868618722635 1.0 453.31446246563706 446.0693853064809 1.0
0.8685231056417876 -0.4956486809892107 -416.80280353164966 628.9679204968343 261.2139870299329 1.0 632.195127970912 266.8690091563762 1.0 625.7407130227565 255.55896490348962 1.0
-0.4789962069541063 -0.8778169705146848 341.3574169870947 108.07056296259358 329.9002377167791 1.0 117.61574992166398 324.69173924655496 1.0 98.5253760035232 335.1087361870032 1.0
0.9999409209109023 0.01086989824500492 -173.3480385441335 171.09586737245309 208.12332449503504 1.0 170.6202635730905 251.87494851247962 1.0 171.57147117181566 164.37170047759042 1.0
0.9976927473520398 0.06789095581253031 -474.69852908742365 451.4287024299311 358.0946303609611 1.0 451.0842693814549 363.15625234433656 1.0 451.7731354784073 353.0330083775856 1.0
-0.9991393987699272 -0.04147845013580481 429.15678557237663 418.52556636570944 264.9906828223167 1.0 419.38139845004406 244.3752656263895 1.0 417.6697342813749 285.6061000182439 1.0
0.0901695842946727 -0.9959264260316251 127.2980335829737 225.50184167346953 148.23528831603227 1.0 239.36455223646462 149.490395938433 1.0 211.6391311104744 146.9801806936315 1.0
-0.9996930263322301 -0.02477605906328194 470.03156733904297 462.9113178209489 293.11970417203133 1.0 463.90282327594963 253.11329772930765 1.0 461.9198123659482 333.12611061475496 1.0
0.23565308639290616 -0.9718372409377496 115.69293062744394 76.83231356075277 137.67603958419755 1.0 81.98405751005504 138.92524501780247 1.0 71.68056961145051 136.4268341505926 1.0
0.9886066967442609 -0.1505217564088346 -316.7364655592186 386.2520882163527 432.5948423433415 1.0 393.2113252078571 478.3021770049493 1.0 379.29285122484833 386.88750768173367 1.0
-0.5029468010844647 -0.8643173695344227 414.00049614928 610.8611484169496 123.5308226001587 1.0 615.2927115597296 120.95209332197054 1.0 606.4295852741697 126.10955187834688 1.0
0.9881765151828428 -0.15332049713294327 -315.6759966238257 377.8076503931437 376.1052946566418 1.0 379.44680382892625 386.66991556715885 1.0 376.1684969573612 365.5406737461247 1.0
-0.4761572763996159 0.8793601356280029 -11.621093993627786 247.4707738852849 147.21625239799846 1.0 223.42838825149835 134.19774451060442 1.0 271.51315951907145 160.23476028539253 1.0
-0.4871011072791855 -0.8733455852567135 329.31797063215606 462.44695385183945 119.15048190511153 1.0 466.90247927522694 116.66545031637949 1.0 457.99142842845197 121.63551349384358 1.0
0.9999167627690668 -0.012902229785189519 -96.43468833084427 99.35402737180044 225.62527061619355 1.0 100.0476725825801 279.3824494310708 1.0 98.66038216102078 171.86809180131627 1.0
-0.279895916000199 0.960030351711033 -94.96975864618305 43.80267378778129 111.69433128667163 1.0 25.754074658139345 106.43227975162591 1.0 61.85127291742322 116.95638282171736 1.0
0.5590538440712092 -0.8291313523376163 -95.80547087693431 498.8365500899078 220.79857370959053 1.0 502.2836375935754 223.12282247227694 1.0 495.3894625862402 218.47432494690415 1.0
-0.9999929172725822 -0.003763695613441293 126.82032488714113 125.97202837406553 225.62630611842008 1.0 126.13668889089976 181.87692585487443 1.0 125.80736785723128 269.3756863819657 1.0
0.9889287185062825 -0.14839133975243182 -317.94259392049383 367.90144971682287 309.22097853635205 1.0 374.092448522708 350.4798318197868 1.0 361.71045091093777 267.96212525291725 1.0
0.007152262652350641 0.999974422242365 -184.75788033155885 406.87483875523924 181.8524559961931 1.0 399.36628231705527 181.90616053762074 1.0 414.38339519342327 181.79875145476547 1.0
0.16314567287020243 -0.9866019913945687 194.05641271913908 613.0318420330738 298.06336054807184 1.0 619.4172885527367 299.11926554128456 1.0 606.6463955134108 297.0074555548592 1.0
0.9997420891564783 0.022710243702791646 -466.24793684097614 461.07261841477373 233.12097058174047 1.0 460.78849123673456 245.62871388368038 1.0 461.3567455928129 220.61322727980055 1.0
0.9996671357569794 -0.025799567582359427 -83.07227464100119 88.7929993235723 220.59163006891066 1.0 89.1488733293826 234.38083591288748 1.0 88.437125317762 206.80242422493387 1.0
-0.53598580563434 -0.8442269932657375 353.5902145531961 13.514005779936042 410.25328737489247 1.0 26.827765236849633 401.80060089902963 1.0 0.2002463230224527 418.7059738507553 1.0
-0.3877567985633447 -0.9217617182156708 133.1494299945103 12.965857838494864 138.99669289417227 1.0 19.16968542802816 136.3869334765073 1.0 6.762030248961569 141.60645231183722 1.0
-0.47945910772711975 -0.8775642221612697 341.789509995085 137.97155793381756 314.09415171641115 1.0 153.20495878472377 305.7713502676041 1.0 122.73815708291134 322.41695316521816 1.0
0.9992657290463363 0.038314524054124235 -464.75592746339424 451.8692195994051 344.99977836396147 1.0 451.6998816361607 349.4162138404299 1.0 452.0385575626495 340.58334288749296 1.0
-0.21988418740592067 -0.9755259833181471 381.87536565261007 574.3999609516896 261.9857403730525 1.0 583.2631635581552 259.987968774691 1.0 565.5367583452241 263.9835119714141 1.0
-0.04791837276395729 -0.9988512549682532 217.1045381999171 499.3282119313934 193.39970976476212 1.0 513.166297904657 192.73584859553566 1.0 485.49012595812985 194.06357093398856 1.0
-0.019192881606230092 -0.9998157996829462 132.34196109508855 506.88960614074534 122.63587846469619 1.0 520.6585277813997 122.37156449508466 1.0 493.120684500091 122.90019243430774 1.0
-0.5552261931283974 -0.831699389481649 348.5524481906075 114.4812766529715 342.65919678950036 1.0 118.51830770049052 339.96415407526666 1.0 110.4442456054525 345.35423950373405 1.0
0.009007484469186193 -0.9999594317888788 187.41868917063763 451.24782851881037 191.49106542774527 1.0 456.87800158510004 191.54178118164612 1.0 445.6176554525207 191.44034967384442 1.0
0.9999711502525597 -0.0075959635710528915 -30.149415841241495 31.49859375763685 177.49811163639416 1.0 31.598323964937126 190.62710168171628 1.0 31.398863550336575 164.36912159107203 1.0
1.0 0.0 -114.37500000000004 114.37500000000004 227.5 1.0 114.37500000000004 274.375 1.0 114.37500000000004 180.625 1.0
0.9987424042952117 0.05013591390031611 -437.35973790645227 427.6193474408644 205.00599112743552 1.0 427.0857522633029 215.63557956213916 1.0 428.15294261842587 194.3764026927319 1.0
0.33159220278569485 -0.9434228166902318 51.53614319510167 597.614254093585 264.6749322876628 1.0 611.0557938945774 269.39933550601967 1.0 584.1727142925927 259.9505290693059 1.0
1.0 0.0 -114.375 114.37500000000003 293.75 1.0 114.37500000000003 310.625 1.0 114.37500000000003 276.875 1.0
0.9999969215659809 0.002481301787693059 -404.8581192389453 404.3537989067254 203.7499473935274 1.0 404.32743515639044 214.3748819769052 1.0 404.3801626570603 193.12501281014963 1.0
-0.9999403094509868 -0.01092600270293878 214.87286863176632 212.5159004726538 216.88200289830337 1.0 212.69358664058504 200.62028609509335 1.0 212.3382143047226 233.14371970151336 1.0
0.9989622675505773 0.04554544993969332 -432.33780022192616 420.67623307178303 265.62733585730103 1.0 419.70680363536746 286.89012784451955 1.0 421.6456625081986 244.36454387008254 1.0
-0.5147805692686064 -0.8573219730669974 352.418990959645 69.66771009924778 369.2374830457962 1.0 109.8252331195965 345.1248238462672 1.0 29.51018707889906 393.3501422453252 1.0
0.9988931783699326 0.04703634983726975 -537.4718487682569 522.1450063377279 338.13771418489443 1.0 520.7327121453343 368.1300719999489 1.0 523.5573005301216 308.14535636984004 1.0
0.29181589532642127 -0.9564745073627625 90.77271766738446 90.03851354237815 122.37376554168947 1.0 113.11318103715416 129.41373859116845 1.0 66.96384604760213 115.33379249221049 1.0
0.9991791849515711 0.04050871954917726 -134.7160563201814 122.71342443215919 298.7839914008388 1.0 121.77537800723766 321.92163862175323 1.0 123.65147085708071 275.64634417992437 1.0
-0.4524117995444919 0.8918091520235226 -18.294374402847897 541.4666236643318 295.1979842444638 1.0 521.0284253312309 284.82975459987546 1.0 561.9048219974328 305.56621388905205 1.0
-0.9998871673948481 -0.01502173355864928 29.692120187403415 27.91148683829856 118.74679230024054 1.0 28.071074748607565 108.12418985783104 1.0 27.751898927989558 129.36939474265003 1.0
-0.9999991153417065 0.0013301563083007355 111.49315444182726 111.88648086145864 295.62498472864615 1.0 111.86154045274175 276.8750179033175 1.0 111.91142127017551 314.3749515539748 1.0
-0.07485704696080259 0.9971942752143678 -302.67713058297693 460.626359139545 338.1068944744886 1.0 453.0750771972817 337.5400373624733 1.0 468.17764108180825 338.673751586504 1.0
-0.9999162914075429 -0.012938708505328196 171.13658948957385 168.4578710626289 208.12121991240758 1.0 168.89462055205848 174.3687839900177 1.0 168.0211215731993 241.87365583479746 1.0
-0.9999497367877842 -0.010026160682992266 226.03842143171724 223.62465934118694 241.8674765858368 1.0 223.87542641445825 216.85745761236788 1.0 223.37389226791564 266.8774955593057 1.0
-0.024021875803600157 0.9997114331060121 -176.55974354341717 495.0058844210987 188.5051097550549 1.0 471.8792193743787 187.94940352112923 1.0 518.1325494678186 189.06081598898055 1.0
-0.22519573671913848 0.9743135430463463 -139.08051960220084 41.798908715038884 152.40828448309531 1.0 29.977598872792644 149.67599301705826 1.0 53.62021855728512 155.14057594913234 1.0
0.9993252782703332 0.0367285748419573 -434.58876783184576 425.07269338819685 266.9006425854347 1.0 424.38281102903926 285.6712287980917 1.0 425.7625757473545 248.13005637277772 1.0
-0.9999999007418668 -0.00044555163149182533 112.00553568821908 111.90390532391957 228.12501287881548 1.0 111.92506902431477 180.62502230833766 1.0 111.88274162352438 275.62500344929333 1.0
0.9999933047993961 0.0036592835886548195 -110.34764461954737 109.51361027945049 228.12322015016144 1.0 109.33978710374944 275.6248711451639 1.0 109.68743345515155 180.62156915515894 1.0
-0.9999999265957682 -0.00038315591890927787 102.47826020418906 102.38319717431727 248.1249552463027 1.0 102.40953923356396 179.37472586695245 1.0 102.35685511507059 316.87518462565293 1.0
-1.0 0.0 405.625 405.6249999999999 208.75 1.0 405.6249999999999 193.125 1.0 405.6249999999999 224.375 1.0
-0.9998830854003945 -0.015291027767530663 267.3598092436475 264.03614279460936 219.37937592902782 1.0 264.4761468493938 190.60743080047732 1.0 263.59613873982494 248.15132105757831 1.0
0.9991475447587755 0.0412817611362532 -415.57587508541405 405.7043486625197 247.50327844726218 1.0 405.21241541066064 259.40959947746063 1.0 406.1962819143788 235.59695741706372 1.0
0.009822189160632008 -0.9999517611365524 102.91678381345315 431.2533612654298 107.1578050746869 1.0 463.1314246841511 107.47093254857366 1.0 399.37529784670846 106.84467760080014 1.0
-0.1917358846226972 -0.9814465602099546 295.64788114567875 272.10988948942656 248.07733873737746 1.0 278.36534608589096 246.8552696478639 1.0 265.85443289296217 249.299407826891 1.0
-0.792463608413607 0.6099191990256457 324.11599684200377 619.0379181713914 272.9034039309621 1.0 612.2511941132981 264.08546239874624 1.0 625.8246422294848 281.721345463178 1.0
-0.4131189139765102 0.9106770903645643 -33.78935650018822 279.29344394272175 163.80203512405092 1.0 271.84970662424837 160.42526336875937 1.0 286.7371812611951 167.17880687934243 1.0
-0.5117837877583095 -0.8591142849398778 352.4516073311123 140.72529770600897 326.41836639620107 1.0 147.2618845097116 322.52445005462374 1.0 134.18871090230635 330.3122827377784 1.0
-0.2675522578842096 0.9635433510232227 -104.83684248059205 40.60334142149169 120.077999638199 1.0 31.674083892808714 117.59856473732849 1.0 49.53259895017467 122.55743453906952 1.0
-0.9740039793876573 0.22653089885710495 299.27671370910355 408.03779144183613 433.29064331180246 1.0 397.5636664430317 388.2555532604688 1.0 418.5119164406406 478.3257333631361 1.0
-0.49114113693794464 -0.8710800098769935 342.12189169421384 164.1403029725269 300.20874513223646 1.0 169.5385419896193 297.1650554386893 1.0 158.7420639554345 303.25243482578355 1.0
-0.9999853018450842 -0.005421816466433404 465.8389762635583 464.58185608789137 233.1227328671293 1.0 464.62931465723767 224.36960149746517 1.0 464.53439751854506 241.87586423679343 1.0
0.9998966589130415 0.01437607368291742 -234.40870500333833 230.8654499080214 248.12845708285346 1.0 230.63186285230904 264.37509867106724 1.0 231.09903696373374 231.88181549463968 1.0
-0.9976960974558067 -0.06784170635717642 641.4772677750739 634.0353662820813 131.2269054614739 1.0 635.0987038671909 115.58921272189998 1.0 632.9720286969717 146.8645982010478 1.0
0.9999064527115848 -0.013677932070863806 -214.94578825358153 218.05240041106623 225.63454261247563 1.0 218.32605039045546 245.6393488037968 1.0 217.778750431677 205.62973642115443 1.0
-0.8761369921961488 0.4820622064687147 417.56484087720656 623.2183574996234 266.4797501653436 1.0 619.3245136033418 259.4027782858006 1.0 627.1122013959051 273.55672204488667 1.0
0.9999078014547842 -0.013578976023980172 -84.99203045948599 89.21813934207668 310.6186425609514 1.0 89.57466984157665 336.8722884380064 1.0 88.8616088425767 284.3649966838964 1.0
0.9997664931567949 -0.021609237861715744 -49.69371634756828 56.73003321297623 325.0031333534423 1.0 57.36465635170719 354.364416428089 1.0 56.09541007424527 295.64185027879563 1.0
0.9998066903116256 0.019661688841841354 -71.34884714570576 67.76153987301255 183.11785237837222 1.0 67.44209919225045 199.36157042074038 1.0 68.08098055377465 166.87413433600406 1.0
-0.001329775760201791 -0.9999991158478229 121.1580546756054 436.2515997808053 120.57804448220827 1.0 458.1282233173952 120.54895345279336 1.0 414.37497624421536 120.60713551162318 1.0
-0.024397722434977204 -0.9997023312666555 168.96364039182635 439.36380500767416 158.29128259486313 1.0 469.3611915793711 157.55919676445032 1.0 409.36641843597715 159.02336842527595 1.0
-0.08696662997246456 0.9962112252284816 -214.14423825002063 575.6068735503266 265.2076402482647 1.0 570.590541315846 264.7697275865649 1.0 580.6232057848069 265.64555290996447 1.0
0.9978174146239913 0.06603337847705311 -100.06180309400338 87.78562315082348 188.81026305242523 1.0 86.5804793864314 207.02095381170255 1.0 88.99076691521557 170.5995722931479 1.0
0.9998979828742811 0.014283691537688131 -348.50476493399054 345.42441485161714 218.1221346112947 1.0 345.13877016448646 238.11805413441584 1.0 345.71005953874777 198.1262150881736 1.0
-0.5600212124618335 -0.8284782686303714 366.8482536100583 16.360365408283204 431.7386653111789 1.0 32.443611756942865 420.86697505503145 1.0 0.2771190596235473 442.6103555673264 1.0
0.9999974713004939 -0.0022488647398000885 -88.50225474433066 89.08437207230648 258.7492480405351 1.0 89.13638009877972 281.875536625239 1.0 89.03236404583322 235.62295945583122 1.0
-0.9991822612324183 -0.040432769364359404 540.2621332997621 527.0720289832148 336.8829729472244 1.0 528.1345647746988 310.6253870468326 1.0 526.0094931917307 363.14055884761626 1.0
-0.1044125228378258 0.9945340743658009 -193.33144754554473 579.481908357134 255.2316929893611 1.0 574.4715170994153 254.70567019626918 1.0 584.4922996148526 255.75771578245303 1.0
-0.9998585079109045 -0.016821538519999905 238.62479524999273 234.88372963916953 224.37304387687058 1.0 235.51462493196988 186.87314305879897 1.0 234.25283434636918 261.8729446949422 1.0
0.999882452745161 -0.015332341384180359 -105.04768863313939 109.59329006612649 295.63123654863966 1.0 109.86172142597614 313.13670422346746 1.0 109.32485870627683 278.1257688738118 1.0
0.9096765186926504 -0.415317506661133 -281.46226202814506 506.16188449293895 430.9505765629518 1.0 510.1145069670626 439.6080682272772 1.0 502.20926201881525 422.2930848986265 1.0
-0.15068552193896315 0.988581748505394 -306.3738119626117 384.13275336279213 368.4642741459096 1.0 376.6168431157662 367.3186543121106 1.0 391.6486636098181 369.60989397970866 1.0
0.9861974917738312 -0.1655732684312421 -578.2898534046468 631.939533038035 271.34409712305523 1.0 632.7053199854594 275.90532354528153 1.0 631.1737460906108 266.782870700829 1.0
-0.017637590855042254 0.9998444455958286 -174.688826320858 346.8933403235186 180.8353188581013 1.0 330.6263518893875 180.5483637345231 1.0 363.1603287576497 181.12227398167946 1.0
-0.9725250691078358 0.23279817429868188 296.1206585455232 394.5755602303649 376.3516002636944 1.0 392.3514253065584 367.0601744310119 1.0 396.79969515417145 385.6430260963769 1.0
-0.9994151873970577 -0.03419478322937456 431.8066810473241 422.97049976156626 265.6410980516997 1.0 423.6120077952386 246.89166287064594 1.0 422.32899172789394 284.3905332327535 1.0
0.9997921318059638 0.020388555095603143 -278.709689699499 274.5488050637787 206.87854437088072 1.0 274.31948149793953 218.12386782261825 1.0 274.77812862961775 195.63322091914318 1.0
0.1080622127215722 -0.994144133504653 341.9255734962218 388.07092693026686 386.1224581188177 1.0 395.6176328851681 386.9427755323207 1.0 380.5242209753656 385.30214070531474 1.0
0.3146586785034323 -0.9492048862297716 88.93767894915587 56.48334242417335 112.4210951522345 1.0 68.30263100891545 116.3391551842447 1.0 44.66405383943125 108.50303512022431 1.0
-0.0010549911712115611 0.9999994434966595 -255.35362331419802 564.9989979322138 255.94983470569747 1.0 555.6246677357635 255.93994486460048 1.0 574.373328128664 255.9597245467945 1.0
0.9994701727414943 0.03254802298277848 -109.11514531161546 99.26039069575535 304.3916210143621 1.0 98.5671253341291 325.6801045301471 1.0 99.95365605738158 283.1031374985771 1.0
-0.9712475767941278 0.2380717214864774 293.44211986128687 377.827578637526 308.8229037759916 1.0 368.15625050205585 269.36733989252633 1.0 387.4989067729962 348.2784676594569 1.0
0.9995324831905673 0.030574745246664037 -119.57012001586263 109.79891947422287 321.2629672923566 1.0 109.62701693712671 326.8827089577178 1.0 109.97082201131903 315.6432256269954 1.0
0.2938604589468775 0.9558483303681242 -296.35004903177486 78.06053174900956 286.0403022737669 1.0 68.04630260156681 289.1190187183867 1.0 88.0747608964523 282.9615858291471 1.0
0.9999999651644914 0.00026395267753101623 -131.2780637324784 131.20201694109664 288.1249873347426 1.0 131.19805760752723 303.12515126009515 1.0 131.20597627466609 273.12482340939016 1.0
-0.9999855122045023 -0.00538287851423621 155.3356086154873 153.961852834394 255.62277604677885 1.0 154.22426436014342 206.87418859660744 1.0 153.6994413086446 304.37136349695027 1.0
0.9997090804183211 0.02411958808012274 -367.44456858001 362.1985810372879 221.86772778314958 1.0 361.8063881583879 238.12334462906307 1.0 362.5907739161879 205.61211093723605 1.0
0.9999796666782954 0.00637700791637024 -238.7552486578078 237.46474880548834 203.12477519828258 1.0 237.3531280197088 220.6280490881648 1.0 237.57636959126785 185.62150130840033 1.0
-0.5034273432266999 -0.8640375628939442 352.7865845390827 171.8893153870845 308.14956964710956 1.0 180.5966240240658 303.0762980186301 1.0 163.18200675010323 313.222841275589 1.0
0.9981384478479284 0.0609888426495239 -557.5732951251075 535.3189635018412 381.2313003778469 1.0 533.3692639384906 413.1399251588711 1.0 537.2686630651918 349.32267559682265 1.0
0.9999867213129537 -0.005153367614379399 -31.371877267025113 33.18242013714111 351.24648319146723 1.0 33.26936546262965 368.1178142267646 1.0 33.095474811652565 334.37515215616986 1.0
-0.9999065886277048 -0.013667992497294135 204.85481900822558 201.1320161228311 273.74838724660253 1.0 201.3627587098971 256.867998035827 1.0 200.9012735357651 290.6287764573781 1.0
0.9999803878753315 0.00626289587186644 -183.6062132028446 182.16152889889133 231.24396576247398 1.0 181.7974561859261 289.37451434164217 1.0 182.5256016118566 173.1134171833058 1.0
0.10696177765794639 0.9942631332400151 -469.81545286768994 523.7427472008328 416.18258161015495 1.0 516.7470000658977 416.9351766974934 1.0 530.7384943357679 415.42998652281653 1.0
-0.9999785615645154 -0.006548008198109511 169.75804258120027 167.993687519871 269.99914014636965 1.0 168.1696614675082 243.12529244992504 1.0 167.81771357223383 296.87298784281427 1.0
-0.013158062813930848 0.9999134289442184 -263.2975320528204 379.3725317579821 268.31256775784186 1.0 363.10889904087543 268.09855132933933 1.0 395.6361644750888 268.52658418634445 1.0
0.04077836130036512 -0.9991682166930935 142.15570208269972 383.18468006067616 157.91269455425765 1.0 408.1431081919176 158.93130561776147 1.0 358.22625192943474 156.89408349075384 1.0
-0.3163211258575866 -0.9486521729992446 298.6045644629815 78.11508698679091 288.72027071304115 1.0 86.92731626913996 285.781897337376 1.0 69.30285770444186 291.65864408870624 1.0
0.9999998732971866 0.000503394090892 -131.32929601302465 131.21258814268356 231.8749811670897 1.0 131.19308146575452 270.6252859688892 1.0 131.2320948196126 193.12467636529016 1.0
-0.9976938940597577 -0.06787410224729977 374.25896253793707 360.50084295451234 214.94903410534286 1.0 361.3982740833767 201.75752912830703 1.0 359.60341182564804 228.1405390823787 1.0
0.06250415842077876 0.9980447034978495 -257.8917822913864 41.92331704364548 255.771509779788 1.0 35.65874563985827 256.16383866254074 1.0 48.187888447432705 255.37918089703527 1.0
-0.5869431393188962 -0.80962815613495 357.02751261889375 239.644104317624 267.2462019408536 1.0 243.29023511375533 264.60292497520925 1.0 235.99797352149267 269.88947890649797 1.0
-0.9997336604474447 -0.023078305144725576 348.13974880053865 343.13948162889585 220.62533430048808 1.0 343.51440420418385 204.38398918322383 1.0 342.7645590536079 236.86667941775232 1.0
0.9999936299030558 0.0035693351355609096 -159.29498038292087 158.30326518434853 278.12563629223916 1.0 158.21847808969133 301.87979535409625 1.0 158.38805227900573 254.3714772303821 1.0
-0.9999933654453418 -0.0036426728234999544 241.0070991417784 240.2072937451947 220.00303179392137 1.0 240.28697668454444 198.1283220547248 1.0 240.12761080584497 241.87774153311796 1.0
0.04276971742176284 -0.9990849569839707 331.5457405223828 461.8858214006759 351.6222160378753 1.0 469.42551526182655 351.9449819584648 1.0 454.34612753952524 351.29945011728586 1.0
-0.08359677495579501 -0.996499663430445 325.2490704608721 589.3811340729482 276.9481200651167 1.0 595.5874564430544 276.42746907694595 1.0 583.1748117028419 277.46877105328747 1.0
0.9993122528938846 0.03708127851286597 -545.0384288005584 533.3526518054939 325.0316391788277 1.0 532.9117550775796 336.9134706618677 1.0 533.7935485334082 313.1498076957877 1.0
0.05794297319996147 0.9983198945512146 -226.59998905734903 78.74483168264979 222.41095323993372 1.0 70.61095694700435 222.88304729354488 1.0 86.87870641829522 221.93885918632256 1.0
0.017438796298474543 0.9998479326295876 -120.08183781290377 426.8776988145506 112.65473568833593 1.0 414.348807438955 112.87325770294879 1.0 439.40659019014623 112.43621367372306 1.0
-0.9999997783421133 -0.0006658195885102062 133.3027528348744 133.1375758548939 248.12500837325237 1.0 133.175028198446 191.87503330976187 1.0 133.10012351134182 304.37498343674287 1.0
0.9971735157338354 -0.07513307872716679 -135.32030832744115 151.00637313588862 203.0962650432537 1.0 151.66898562758232 211.8905223677901 1.0 150.34376064419493 194.3020077187173 1.0
0.0 -1.0 186.875 500.625 186.87500000000003 1.0 513.125 186.87500000000003 1.0 488.125 186.87500000000003 1.0
0.9651534616612407 -0.2616845342073614 23.358056762912383 7.846608205635468 118.20048108143345 1.0 10.227755367211415 126.98270595643798 1.0 5.465461044059521 109.41825620642892 1.0
-0.8471459447286596 -0.5313602810991679 162.72337136511177 75.29257727471852 186.2005373341022 1.0 78.24913518215818 181.48690680744355 1.0 72.33601936727885 190.91416786076087 1.0
0.04811662983525403 -0.9988417241651938 412.9398267950871 521.9442718587983 438.56200188759794 1.0 533.258339928371 439.1070280034117 1.0 510.63020378922556 438.01697577178413 1.0
-0.999902885675573 -0.013936255510784153 261.01473910179584 257.6079326379818 246.25150432291215 1.0 257.7386937321873 236.86961581426476 1.0 257.47717154377625 255.63339283155955 1.0
0.9999435518362731 0.010625118402090232 -262.75858046144305 260.52867087738554 211.25561750776595 1.0 260.309469622353 231.88492941087765 1.0 260.7478721324181 190.62630560465425 1.0
-0.14355293041715206 -0.9896426406378458 173.42861406722213 471.3404046170191 106.87324233753115 1.0 478.34010238029606 105.85789893508321 1.0 464.3407068537421 107.88858573997909 1.0
0.9998683198283377 0.016227846550214964 -174.84403539799175 170.46455646949667 271.2575397439357 1.0 170.19058302952934 288.1382368992893 1.0 170.738529909464 254.376842588582 1.0
0.999407773326017 0.03441079213753111 -288.87256814442094 281.5116160885559 218.7590077514738 1.0 281.0165138354107 233.13848028459338 1.0 282.00671834170106 204.37953521835425 1.0
-0.9955950272620839 -0.09375788868682158 90.9158958189749 72.4309040341264 200.55963509707823 1.0 73.2586599789931 191.7698712271956 1.0 71.60314808925972 209.34939896696088 1.0
0.9980472941662255 0.06246277777585372 -553.1066368571305 532.2045368312058 351.270624058576 1.0 531.4593627575961 363.17721858304384 1.0 532.9497109048156 339.36402953410817 1.0
0.04607039306835032 -0.9989381957271068 138.00573905131372 324.31805310919844 153.10977184718564 1.0 346.7702972840553 154.1452550420687 1.0 301.86580893434154 152.07428865230256 1.0
0.9999995466995074 0.0009521558589931229 -55.6541995269063 55.415591907762376 250.6236104154044 1.0 55.37512530209871 293.12357188487124 1.0 55.45605851342604 208.12364894593756 1.0
-0.999832760595966 -0.018287997130620275 262.1373571127537 258.2945071073923 212.49166855394088 1.0 258.64898682564376 193.11172045228693 1.0 257.9400273891409 231.87161665559486 1.0
0.33793720868133276 -0.9411686580994234 68.77561983853282 185.15869824964795 139.5580190200223 1.0 193.34973531523238 142.49910314806655 1.0 176.96766118406353 136.61693489197802 1.0
-0.13668283597194286 -0.990614860756019 282.8037865395866 284.71291178356 246.1990305021755 1.0 290.93077307857925 245.34110382536915 1.0 278.4950504885408 247.05695717898186 1.0
0.9999831842595293 -0.00579924117211439 -150.12999441976123 151.52797553310447 240.62338792573536 1.0 151.6512283552419 261.8762977275577 1.0 151.40472271096704 219.37047812391302 1.0
0.9986044669819102 0.052812105844919924 -539.129387820352 519.2576355170031 389.9937930725293 1.0 518.1664195196945 410.6271905089858 1.0 520.3488515143116 369.3603956360728 1.0
0.04959054205100895 -0.9987696321670413 276.5282206617434 423.10629180945136 297.8767890371827 1.0 429.3718776274727 298.18788559736606 1.0 416.84070599143 297.5656924769993 1.0
-0.3749081329845302 0.9270619676278679 -58.544227357467896 104.24987173497122 105.30941354795368 1.0 94.13484437918174 101.21884986023187 1.0 114.3648990907607 109.39997723567548 1.0
-0.35320858152496604 0.9355445996515194 -62.37234499533861 161.23400236719402 127.54237297665367 1.0 119.42001031301056 111.755781052703 1.0 203.0479944213775 143.32896490060435 1.0
0.9994923447896684 0.03185989182107556 -244.39710299031458 237.03083481993554 234.98504485606017 1.0 236.6520562609695 246.86789342890444 1.0 237.4096133789016 223.1021962832159 1.0
-0.024907648879044862 -0.9996897563881098 361.7831148075633 485.60435447295276 349.79637414275555 1.0 503.0934976309308 349.36062551755396 1.0 468.1152113149747 350.2321227679572 1.0
-0.9991744619606872 -0.04062504849930787 536.7828366950033 521.4200203196813 388.75691279050443 1.0 522.3597305076145 365.644708470473 1.0 520.480310131748 411.86911711053585 1.0
-0.9893338127477361 -0.14566608031393968 246.13290036174948 212.59242847681935 245.82265451438172 1.0 213.50639247257192 239.61520057120376 1.0 211.67846448106678 252.0301084575597 1.0
-0.016122334627023213 -0.99987002671656 124.75629095394845 518.762621499078 116.40775627644982 1.0 531.884209922109 116.19617813755022 1.0 505.64103307604694 116.61933441534941 1.0
0.6075908548814914 0.7942501829174348 -373.10320076846057 108.99368296653725 386.3765377187723 1.0 -0.025447793107886696 469.7747267042392 1.0 218.0128137261824 302.9783487333053 1.0
0.9999389177131438 0.011052639624387536 -143.4953635234741 140.31943009433547 288.1216224396435 1.0 140.15365062677722 303.1197900270035 1.0 140.48520956189373 273.1234548522835 1.0
-0.11836946658412635 -0.9929696215799301 323.9738521328709 202.45628907044284 302.1333207673077 1.0 210.54090781193554 301.1695732495902 1.0 194.37167032895013 303.09706828502516 1.0
0.01306367236491891 0.9999146665912757 -115.33155830456563 404.9924911448918 110.05026005381741 1.0 398.1186644291995 110.14006513729834 1.0 411.86631786058416 109.96045497033649 1.0
-0.3195154871646903 -0.9475810537689694 298.15186545217205 44.27884167947735 299.7148250825083 1.0 54.58254506044718 296.24051247117393 1.0 33.975138298507524 303.18913769384267 1.0
0.9999921339647138 0.003966359627909504 -152.90973117662543 151.78299303528337 284.37463506441907 1.0 151.70862437725114 303.12434008925595 1.0 151.85736169331557 265.6249300395821 1.0
0.9999680966140223 -0.007987850407298868 -30.121555627553725 32.27927925966375 269.99677057472144 1.0 32.404085440411 285.62077360981317 1.0 32.154473078916496 254.37276753962968 1.0
0.5093996390817466 0.8605300736774901 -350.93114562027984 50.500123114665314 377.9140451678934 1.0 34.08326589998226 387.6321728613019 1.0 66.91698032934836 368.1959174744848 1.0
-0.9986647691471527 -0.0516592572949329 225.51040168397998 211.6518803509973 273.73845839393607 1.0 212.00989937637033 266.81731771080194 1.0 211.29386132562425 280.65959907707025 1.0
0.004168257327029975 -0.9999913127776939 225.88901718429426 381.8750719158018 227.48274694401087 1.0 399.37737300253957 227.5557016725295 1.0 364.37277082906405 227.40979221549225 1.0
0.5159610868168738 0.8566120223827999 -349.68731654726633 81.94384960714453 358.86430590934714 1.0 70.65017586053652 365.6667976187748 1.0 93.23752335375255 352.06181419991947 1.0
-0.4455937173744733 0.8952352981403259 -23.200730435740972 578.1564038850297 313.68690695070177 1.0 562.8935566010452 306.0899892765246 1.0 593.419251169014 321.2838246248789 1.0
-0.9994101091600918 -0.034342884395655054 287.0694980180816 279.80813195070414 216.24340680850054 1.0 280.5596765370818 194.37275527972474 1.0 279.05658736432645 238.11405833727633 1.0
-0.44424479823450036 0.8959054410157292 -24.24611356993634 621.953816210151 335.4660518889692 1.0 605.9257996333661 327.5183794402112 1.0 637.981832786936 343.41372433772716 1.0
-0.9999912184414085 -0.00419082808846604 202.44637069083564 201.4606832380104 235.6232636544285 1.0 201.5340220855235 218.1235710076297 1.0 201.38734439049728 253.12295630122733 1.0
0.02700891505984542 -0.9996351927114662 109.76254219721368 401.8740343012098 120.66074177245079 1.0 411.9004883137962 120.93164424442445 1.0 391.8475802886235 120.38983930047715 1.0
-0.7729183995907384 0.6345054354172954 145.88150520275838 557.5304229173632 449.2381011901221 1.0 533.5626259707942 420.041895415345 1.0 581.4982198639323 478.43430696489924 1.0
-0.05029043945187131 -0.9987346352759264 153.4886182862347 558.1226981165976 125.57928612862754 1.0 563.172835979726 125.32499069973306 1.0 553.0725602534691 125.83358155752202 1.0
-1.0 0.0 276.8750000000003 276.87500000000006 203.75 1.0 276.87500000000006 190.625 1.0 276.87500000000006 216.875 1.0
0.9999263442633154 0.012136970305709645 -515.2386048920395 510.0952851727444 426.8685703932937 1.0 510.0042646001328 434.3674655979321 1.0 510.1863057453561 419.3696751886552 1.0
-0.9944657921715547 0.10506087854478534 22.282207064619115 50.53533423895694 266.2594727880081 1.0 49.54204216175357 256.8573527401284 1.0 51.52862631616031 275.6615928358878 1.0
0.9983939855103467 0.05665200523163813 -583.699366148165 562.7205574895554 386.26251512352184 1.0 559.9885288096541 434.4098135483974 1.0 565.4525861694568 338.1152166986463 1.0
0.6062283133116373 0.7952906589036032 -372.72887977909204 237.56279975646106 287.58238490119686 1.0 219.16838277455355 301.6039457688498 1.0 255.95721673836857 273.56082403354384 1.0
-0.3329652452165514 0.9429390995593946 -68.99599796100746 252.35634026802296 162.2818363898618 1.0 244.34721046474252 159.45369842192034 1.0 260.36547007130343 165.10997435780328 1.0
-0.023549666496148886 -0.9997226681474819 251.44302143450577 346.8506732849429 243.34229032285236 1.0 360.5930477165518 243.01857221077904 1.0 333.10829885333396 243.66600843492566 1.0
0.17850149949837787 -0.9839396397527801 60.30591290095346 54.50150930902201 71.17765278278169 1.0 85.8535141496215 76.86537960079416 1.0 23.14950446842252 65.48992596476923 1.0
-0.9993830634676301 0.035121111230349666 171.65988730690245 179.03489731708333 206.84302366775097 1.0 178.46298949084192 190.56919361546213 1.0 179.60680514332472 223.1168537200398 1.0
0.06180701273612047 -0.9980881189437317 241.06331048562828 191.89615834074954 253.40832536497368 1.0 199.40606306774887 253.8733792698332 1.0 184.38625361375017 252.94327146011412 1.0
0.06362315542918416 0.9979739946978747 -152.04186391679207 429.37353171863487 124.97696897286252 1.0 424.3540873390569 125.29697018694898 1.0 434.39297609821284 124.65696775877606 1.0
-0.10387585421391812 -0.99459027087104 197.5426381701739 609.3722579829453 134.9737457419168 1.0 614.5120206062137 134.43694455997763 1.0 604.2324953596769 135.51054692385597 1.0
0.9221275282953273 -0.3868860575931243 -243.52326665659103 417.04505070561197 364.5658776535887 1.0 420.6344382581642 373.12104010250243 1.0 413.4556631530598 356.0107152046749 1.0
-0.9986452242692202 -0.05203571892728235 551.4149267714421 532.0040043442054 386.8817219405173 1.0 533.1766064887191 364.3776890237659 1.0 530.8314021996919 409.3857548572687 1.0
0.8001763559298933 -0.5997647867378983 -163.03486200227866 547.4892117406073 458.6015492094077 1.0 562.4833307611086 478.6059572431976 1.0 532.4950927201058 438.5971411756178 1.0
0.999895221786607 0.014475684726884333 -207.79452345565548 204.6585300407109 218.12005647055145 1.0 204.16989590512628 251.87203066666498 1.0 205.1471641762955 184.3680822744379 1.0
0.999892950655828 0.014631719952969755 -271.2595571666705 268.0327119629727 222.49864952271946 1.0 267.8955542726264 231.87164245494964 1.0 268.1698696533191 213.1256565904893 1.0
0.7884702100198988 -0.6150729451952642 -151.69737193043304 441.66291708549755 319.54044247479595 1.0 448.2708427098545 328.01123044479607 1.0 435.0549914611406 311.06965450479584 1.0
0.9967877448447122 -0.08008864917947321 -534.3086577471819 559.5808349402857 293.10846183286594 1.0 560.2873772899736 301.9021268852553 1.0 558.874292590598 284.3147967804765 1.0
0.031196813874632034 -0.9995132609445817 333.8170976591821 508.7544038861481 349.85890409762794 1.0 514.3934179226503 350.03490903743926 1.0 503.1153898496459 349.68289915781656 1.0
-0.34011419456140213 -0.9403841420705948 308.3460303000274 13.131940230755689 323.1441890931026 1.0 25.785159389272074 318.5678258281587 1.0 0.47872107223930094 327.7205523580466 1.0
0.014391807995544945 0.9998964325682032 -231.08674940910768 331.25133692904774 226.3428855211164 1.0 321.86928476941506 226.4779242000112 1.0 340.63338908868036 226.2078468422216 1.0
0.7776222931500798 -0.628731714800527 -153.67304336629667 560.5176121387816 448.83682641267796 1.0 584.2679734687183 478.2115342662301 1.0 536.7672508088449 419.46211855912577 1.0
-0.9302130782256689 -0.36701993010996775 401.54395673573407 267.44410573058826 416.2279466540159 1.0 279.07253428301044 386.75566073364405 1.0 255.81567717816614 445.70023257438777 1.0
0.15749379311280096 -0.987519977079422 140.27040039068072 104.9939440004479 158.78797242050422 1.0 116.86600849943703 160.68137864359193 1.0 93.12187950145876 156.89456619741648 1.0
-0.564007254335298 0.8257698329783904 36.23438310162666 547.8948577997869 330.33695397491874 1.0 540.1608506806709 325.0545666242823 1.0 555.6288649189028 335.6193413255552 1.0
0.9980353401903649 0.06265348937690837 -602.1178039575544 578.1505601705412 400.66584010164036 1.0 575.2462622668531 446.9296950784031 1.0 581.0548580742292 354.40198512487757 1.0
-0.5793922489259851 0.8150488463181144 49.95547469804135 588.9964975384705 357.407451021169 1.0 582.4834287314286 352.77751798026156 1.0 595.5095663455126 362.03738406207646 1.0
0.007602872373551276 -0.9999710977481656 245.1653011970635 314.38402731890767 247.56267795191508 1.0 338.12790282388903 247.7432048246661 1.0 290.64015181392637 247.3821510791641 1.0
-0.029293228268719093 -0.9995708613087902 160.14851305209584 354.994545244116 149.8138677312329 1.0 363.2040752910936 149.5732808484479 1.0 346.78501519713836 150.05445461401794 1.0
0.9991770901319444 0.04056035694443828 -545.3346485028319 530.0789376279697 386.87820437527887 1.0 529.0647349282111 411.8624051735339 1.0 531.0931403277283 361.8940035770238 1.0
0.9995085933073118 -0.03134600301216751 -344.5522832060194 347.76017756704124 96.88644134743713 1.0 349.2887725015266 145.62770421629685 1.0 346.2315826325559 48.14517847857741 1.0
-0.01573557008478885 0.9998761882523789 -221.02937577923439 305.006188216507 225.85678575356567 1.0 289.37522358045135 225.61079315726892 1.0 320.6371528525626 226.10277834986243 1.0
0.8690310679344786 0.4947575193614136 -401.7357558070779 237.27023658313456 395.22501643341394 1.0 232.55288936802975 403.5109365614224 1.0 241.98758379823937 386.9390963054055 1.0
0.9994932817094433 0.03183048566527748 -471.99006134590144 458.1570895408183 441.87602194350643 1.0 457.9184818664983 449.3684230948738 1.0 458.3956972151382 434.38362079213914 1.0
0.3376168844772379 0.9412836125822458 -311.2358771118131 13.0273871591033 325.9778531621547 1.0 0.5618562396382054 330.4489537487664 1.0 25.492918078568394 321.506752575543 1.0
0.7174184627297113 -0.696642483153689 -102.83997714262314 547.2187789998916 415.91617661994735 1.0 559.2381922836944 428.29404505246526 1.0 535.1993657160887 403.5383081874295 1.0
0.5712709547591863 -0.8207615343377928 -45.722976124664605 554.7251630088538 330.39486626909115 1.0 565.1062198307809 337.62034650173445 1.0 544.3441061869266 323.1693860364479 1.0
0.46134449678687156 -0.8872210859106473 15.240793415035263 58.65690943663249 47.67902437613145 1.0 116.94591596597301 77.98862004797454 1.0 0.3679029072919615 17.369428704288374 1.0
0.9992580440402 0.03851443133364011 -269.10665988949796 259.91174133413654 243.74659824372065 1.0 259.5019020204546 254.37989118819914 1.0 260.3215806478185 233.1133052992422 1.0
0.04497347017750158 -0.9989881816018612 221.97720938937547 311.251608067861 236.2142802571821 1.0 340.651433745141 237.5378316341371 1.0 281.85178239058104 234.89072888022713 1.0
-0.5319826882380578 0.84675522993071 18.611483399253444 562.4249325505459 331.36948463141414 1.0 545.5395235357495 320.7610526286669 1.0 579.3103415653422 341.9779166341613 1.0
0.9385363825442722 -0.34518032771395224 -262.7631405698787 439.28109655417757 433.1595363512862 1.0 443.3725053551838 444.2839710519461 1.0 435.18968775317126 422.03510165062636 1.0
0.14479293403275167 -0.9894619781751026 61.873515042173366 16.08374888178592 64.88609936424602 1.0 22.904156489117096 65.8841638180072 1.0 9.263341274454742 63.888034910484855 1.0
-0.7480495055769303 0.6636429289957892 129.5531473264446 546.8923231834858 421.23463148743184 1.0 536.5929053530599 409.62526434260513 1.0 557.1917410139116 432.84399863225855 1.0
0.025052246060296515 -0.9996861432306313 336.740586648732 307.4955598216481 344.55218111027466 1.0 318.11389141192603 344.8182776822345 1.0 296.87722823137017 344.28608453831475 1.0
0.08025794949009085 -0.9967741276455996 97.2878115909034 464.37555461026375 134.99311194510486 1.0 469.39334732272545 135.39713301958813 1.0 459.35776189780205 134.5890908706216 1.0
0.9999230839444906 0.012402668863557837 -138.47173938238464 135.50544364290283 240.0062693323444 1.0 135.17205141361524 266.88488632516743 1.0 135.83883587219043 213.1276523395214 1.0
0.9999835068324707 0.005743349461231375 -345.69220545250585 343.102568386165 451.87846081789587 1.0 343.0163989488475 466.88155556115987 1.0 343.1887378234825 436.87536607463187 1.0
0.9999570854116433 0.00926430434795039 -295.6984105149144 293.8582048062766 199.99521204656673 1.0 293.75977579680136 210.61930013113178 1.0 293.9566338157519 189.37112396200166 1.0
0.7977729508677038 -0.6029579743761884 -159.70402339142836 430.4498136704017 304.6600301636485 1.0 434.74613885430955 310.3444927058339 1.0 426.1534884864938 298.97556762146314 1.0
-0.9991981466309487 -0.04003827880013243 544.614505485163 536.2860968991398 218.75144641752632 1.0 537.2122415870839 195.63851340845875 1.0 535.3599522111957 241.8643794265939 1.0
-0.9984768589166759 -0.055172114404728335 586.9902711307919 566.7161277550722 383.11622131114547 1.0 568.6518204427638 348.085039789695 1.0 564.7804350673806 418.14740283259596 1.0
-0.1636560453330339 0.9865174599701477 -72.87680990668689 70.73172220426542 85.60667932302715 1.0 58.061983637220074 83.50486217997445 1.0 83.40146077131077 87.70849646607985 1.0
-0.1029693576827488 0.9946845285709445 27.763668921562584 463.67623708070465 20.087550182466202 1.0 454.2726097527772 19.11409031852747 1.0 473.0798644086321 21.06101004640493 1.0
0.5081646955674768 0.8612599155764847 -350.3149237876586 163.06996400891367 310.5317225774436 1.0 150.51539186065304 317.93923129614495 1.0 175.6245361571743 303.1242138587423 1.0
0.006674636834686456 -0.9999777243634606 205.41691471262007 322.5036769158721 207.574133479837 1.0 330.62831494081 207.62836369607933 1.0 314.3790388909342 207.51990326359467 1.0
1.0 0.0 -278.125 278.125 230.0 1.0 278.125 239.375 1.0 278.125 220.625 1.0
-0.5280422576690652 0.8492180957302763 15.673625938012533 611.8161591524497 361.96963013950494 1.0 589.4239864276561 348.04621812183274 1.0 634.2083318772433 375.8930421571772 1.0
0.5411051646458461 -0.8409549338660139 -22.544540481458903 601.5067182892001 360.2260230062067 1.0 620.8968822789423 372.70245599405456 1.0 582.1165542994579 347.74959001835873 1.0
0.0464227306375225 0.9989218838728864 -54.43707541452537 583.149176725187 27.395233504966857 1.0 574.3600677350569 27.803688305867542 1.0 591.9382857153171 26.98677870406617 1.0
-0.5057598204546162 0.862674332534424 -10.404921580073976 176.35197623328577 115.4510591778423 1.0 167.9632579641909 110.53300785115293 1.0 184.74069450238068 120.36911050453168 1.0
-0.9933760562150887 -0.11490870697452263 267.9548053923036 223.68928867988882 398.11797722222207 1.0 224.15860455716853 394.0607811439944 1.0 223.2199728026091 402.1751733004497 1.0
-0.14048294580080414 0.9900830985019027 -140.3326246242035 297.4721096889427 183.94656283139852 1.0 284.3453442192445 182.0840053503045 1.0 310.59887515864085 185.80912031249255 1.0
0.9982430167358104 0.05925267536735073 -547.919013954698 525.9556005403256 386.2696234445558 1.0 524.7312726968552 406.89614726584114 1.0 527.179928383796 365.6430996232705 1.0
-0.4531544604303773 0.8914320136679261 -22.435222815457774 84.14911632645408 67.94435166272554 1.0 0.17647269066978666 25.257329619268347 1.0 168.12175996223837 110.63137370618273 1.0
1.0 0.0 -166.875 166.87500000000003 230.625 1.0 166.87500000000003 249.375 1.0 166.87500000000003 211.875 1.0
0.913774010975023 -0.4062229152406574 -232.26032621128755 429.24605106702097 393.80732490839387 1.0 433.5510983133174 403.49126971331646 1.0 424.9410038207246 384.12338010347133 1.0
-0.24112847518328928 0.9704932037143702 -120.29094422627956 586.6379298132074 269.70415941609804 1.0 580.3125477983824 268.1325567357814 1.0 592.9633118280324 271.2757620964146 1.0
-0.9981874045881027 -0.06018226750187651 605.2832231696752 582.4543055582353 396.8722450112023 1.0 584.7138409332107 359.39542924564 1.0 580.1947701832601 434.34906077676465 1.0
0.5639007490644685 0.8258425668397891 -359.90205782197876 105.29999913581507 363.89903051716294 1.0 97.8564133365297 368.9816501065174 1.0 112.74358493510044 358.81641092780853 1.0
-0.115524460710962 0.9933046355360684 40.70819037957502 560.5710818099702 24.213600416454575 1.0 550.632821456232 23.057749404895443 1.0 570.5093421637084 25.369451428013708 1.0
0.9975238309348546 0.07032927354275435 -646.8350123525414 618.6532640190305 422.4931797406176 1.0 615.2615916664241 470.59937831226966 1.0 622.0449363716369 374.38698116896563 1.0
0.042799851108429945 -0.9990836665390422 330.58861687581737 338.13561332371046 345.3772515127448 1.0 346.86958483523006 345.7514070442562 1.0 329.40164181219086 345.00309598123334 1.0
-0.10195191618490222 -0.9947893278409388 193.46618179038654 625.6616926585618 130.35802627859658 1.0 632.4172202657027 129.66567970318363 1.0 618.906165051421 131.0503728540095 1.0
0.2907313769031461 -0.9568047170055135 90.98220086556108 36.11663714347934 106.06390071842779 1.0 44.25030656566794 108.53536941873759 1.0 27.98296772129074 103.59243201811798 1.0
-0.39651697635145844 -0.9180273892782812 352.53833938910634 594.5271977104109 127.22737247098041 1.0 599.6511027592475 125.01424096662092 1.0 589.4032926615743 129.4405039753399 1.0
0.005581179078520993 0.9999844250987578 -114.77947493098412 512.500255970148 111.9208623810052 1.0 500.62562587117196 111.98713785031266 1.0 524.3748860691242 111.85458691169772 1.0
-0.9999315931797937 0.0116965362787227 64.45946330487409 67.68061588568312 274.9978872752158 1.0 67.5416435132316 263.1172020465293 1.0 67.81958825813463 286.87857250390226 1.0
0.06008867025689383 -0.9981930433071342 106.15706112840569 437.56384211965207 132.6894546520294 1.0 448.2629416552214 133.33351310179432 1.0 426.8647425840827 132.0453962022645 1.0
0.7330783986261551 -0.6801441475655818 -116.52398284254286 582.0800837906507 456.0597249349686 1.0 587.1976833747336 461.5756170018743 1.0 576.9624842065679 450.54383286806285 1.0
-0.2909875516090295 0.9567268391806422 -88.28632313289451 46.79522926865366 106.5122751359572 1.0 28.06688692572625 100.81606775378384 1.0 65.52357161158106 112.20848251813057 1.0
-0.8622880809800506 -0.5064180737293462 407.74289265480945 201.24056420378602 462.49445839754924 1.0 210.46796776956003 446.78277564782934 1.0 192.013160638012 478.20614114726914 1.0
0.04523758036624046 0.9989762566360664 -45.13221500256742 535.6384785699026 20.922645700702695 1.0 521.8601280158499 21.54658369358561 1.0 549.4168291239555 20.298707707819776 1.0
-0.0902870188585104 0.9959157867137376 -89.4164530730377 58.740175355458646 95.10837126667033 1.0 54.344640326086136 94.70988400561413 1.0 63.13571038483115 95.50685852772655 1.0
0.7897698664185642 0.6134032589554796 -402.39370656615444 143.05252409513776 471.8187089738054 1.0 138.14340999286438 478.13929878512783 1.0 147.96163819741116 465.4981191624831 1.0
0.02090481311716623 -0.9997814705167006 239.7451175777632 387.51776717063206 247.90027759962055 1.0 399.40064031549537 248.1487411386177 1.0 375.6348940257687 247.6518140606234 1.0
-0.33129400580995705 0.9435275733726025 -46.70874713959111 602.9217277435494 261.20392076373037 1.0 594.3506277051116 258.1944124609872 1.0 611.4928277819872 264.2134290664735 1.0
-0.9999148361079176 -0.013050690835206536 350.5604280807165 344.5211727079844 465.0019078172976 1.0 344.69244843744644 451.8791432742706 1.0 344.34989697852245 478.1246723603246 1.0
-0.06495890472160899 0.9978879399498569 11.082153657798594 511.27107216641303 22.176292868201536 1.0 501.8951179051164 21.565952072255715 1.0 520.6470264277096 22.786633664147356 1.0
-0.004487086855308803 0.999989932975104 -360.5538672230913 302.4998211716339 361.914853600245 1.0 290.62506026227175 361.86156998025115 1.0 314.3745820809961 361.9681372202389 1.0
-0.9827544254274145 -0.18491549232779908 368.99915700631567 359.1150672145098 86.94369120296706 1.0 360.7692875118359 78.15214919983828 1.0 357.4608469171837 95.73523320609584 1.0
-0.9992878449924731 -0.0377333122094929 361.41550549982054 357.4487231546609 111.873063775894 1.0 358.01520963507613 96.87085429349709 1.0 356.8822366742457 126.87527325829092 1.0
0.2189060997487801 -0.9757459297854012 78.88210655636233 288.4833889535065 145.56338462587547 1.0 296.4860358441792 147.35875795516944 1.0 280.4807420628339 143.7680112965815 1.0
0.0587000506226051 -0.9982756653634823 107.92549515872578 415.65862011663125 132.55324334998517 1.0 425.6974116973155 133.14353879083555 1.0 405.619828535947 131.96294790913478 1.0
-0.998393512389592 -0.05666034255432813 560.1234898364373 539.7064146491123 375.6438082828195 1.0 540.9832373064955 353.1453305092129 1.0 538.429591991729 398.14228605642614 1.0
-0.7953376059812025 -0.6061667200631271 401.85358702302426 146.98636135413602 470.08487407897076 1.0 153.19997033451554 461.9321386558784 1.0 140.77275237375653 478.23760950206304 1.0
-0.48344473635321256 0.8753748836312205 4.63256534150395 394.1563219947315 212.38927150383725 1.0 388.2590076441095 209.132351943155 1.0 400.05363634535354 215.6461910645195 1.0
-1.0 0.0 140.625 140.62500000000003 243.125 1.0 140.62500000000003 230.625 1.0 140.62500000000003 255.625 1.0
0.11757215013699134 -0.9930643430876797 89.18714386564518 270.70086637291513 121.85920037446223 1.0 283.2469950731445 123.3445777696419 1.0 258.1547376726858 120.37382297928258 1.0
0.9980715838681746 0.06207345225515677 -421.71401350876585 404.2986835440181 293.1202536211197 1.0 403.5194452920686 305.64953188869436 1.0 405.07792179596754 280.590975353545 1.0
0.2595390299593781 0.9657326192729253 -396.36872039584216 55.16342890734416 395.6081113379329 1.0 50.61317117914861 396.83098550959556 1.0 59.713686635539716 394.38523716627014 1.0
-0.9990862563905423 -0.04273935296108038 107.49038612606523 96.43921702901605 260.6330944096044 1.0 97.0274878137668 246.88152319101894 1.0 95.85094624426529 274.38466562818985 1.0
-0.9803914983108342 -0.197059661117738 347.17398860549486 282.34138470236235 357.094369404944 1.0 283.33163310323647 352.16778469488077 1.0 281.3511363014882 362.0209541150072 1.0
0.9986967220664174 0.05103780298752308 -561.1464963955945 542.7140691985012 375.01093987928203 1.0 541.9160148104003 390.6270960375322 1.0 543.5121235866022 359.39478372103184 1.0
0.9983817538528039 0.05686715725090531 -590.64010967395 569.6691906349351 384.981157319722 1.0 567.6405130376164 420.59740394651686 1.0 571.6978682322539 349.36491069292714 1.0
0.9975889660116162 0.06939924273271633 -612.0404377616734 584.9972098678268 409.99980589895586 1.0 584.085530774273 423.1048625027498 1.0 585.9088889613805 396.89474929516183 1.0
-0.9920596946235827 0.1257678905896255 349.86292854722444 360.74315847497434 63.735020516171204 1.0 359.0857900484903 50.66166445248812 1.0 362.40052690145836 76.80837657985428 1.0
