0.9999999091612625 -0.0004262363975041405 -239.3511629193417 239.44255919899092 214.3752376015804 1.0 239.45747758509683 249.37549764059332 1.0 239.42764081288502 179.37497756256752 1.0
0.999990111351086 0.004447156399624286 -381.6144461019682 380.5314988527734 244.36068668048654 1.0 380.23686529398265 310.6121558862482 1.0 380.8261324115641 178.10921747472483 1.0
0.2116494879620148 0.9773456370421965 -281.82588834426696 36.22586666939503 280.5135581741719 1.0 27.94769339454629 282.30624140564873 1.0 44.50403994424377 278.7208749426951 1.0
-0.9999976408322657 0.0021721717019586363 254.6931242646725 255.1729519792762 220.62055148616884 1.0 255.11050219017477 191.87068713815356 1.0 255.23540176837764 249.37041583418412 1.0
0.008954887821677228 0.9999599041882136 -303.8235676221653 52.49096129598861 303.3656806453414 1.0 44.366612839867784 303.43843619158287 1.0 60.61530975210943 303.29292509909993 1.0
-0.007894859127645025 -0.9999688351140523 181.65411141480772 42.5005860238465 181.32422622413696 1.0 56.87962418051551 181.21070220553594 1.0 28.121547867177494 181.437750242738 1.0
-0.14226308286686012 -0.9898288818039293 261.5548533550952 31.82730037189984 259.668118611003 1.0 39.26351955394652 258.59934855876566 1.0 24.39108118985316 260.7368886632404 1.0
-0.17049170907558478 -0.9853591107492162 275.6679253436751 33.56929152519141 273.9555929551783 1.0 42.986776108680026 272.3261331731389 1.0 24.151806941702798 275.58505273721767 1.0
0.9999184280221902 0.012772521349827124 -297.5116153866802 294.4462687221534 241.87591035553478 1.0 294.36624305383884 248.14085509673708 1.0 294.5262943904679 235.61096561433249 1.0
-0.006773645625412614 0.9999770585993167 -247.79260887793188 275.00229561034683 249.6611045500058 1.0 256.8738937951895 249.53830636319242 1.0 293.1306974255042 249.78390273681916 1.0
-0.001604527931332011 -0.9999987127442302 191.205660497238 275.00022408949286 190.7646605194737 1.0 293.1271830838336 190.73557527001702 1.0 256.87326509515214 190.7937457689304 1.0
0.9999137263901977 -0.013135439713570781 -144.419855589756 147.24851253440204 214.37830368346374 1.0 147.6919032151846 248.13068940755278 1.0 146.8051218536195 180.62591795937473 1.0
0.9999549100785835 -0.009496199752117513 -127.59729008952888 129.53802331023888 203.75438722074622 1.0 129.7457996744466 225.6333494383891 1.0 129.3302469460312 181.87542500310335 1.0
-0.9999989655799689 -0.0014383459222678343 372.9270093763022 372.61994683977787 213.75107149235768 1.0 372.6711878602539 178.12614519474678 1.0 372.5687058193019 249.37599778996858 1.0
0.001292056973709852 -0.99999916529404 181.08691038274804 87.49925691718487 181.20011565665882 1.0 100.62423500616256 181.21707389028361 1.0 74.37427882820717 181.18315742303403 1.0
0.99999555309005 0.002982247495636696 -295.12851697422025 294.49423400560386 213.12535558689586 1.0 294.4308504108844 234.37889438643552 1.0 294.55761760032334 191.8718167873562 1.0
-0.9999990135975864 -0.0014045653613003063 232.59344175060704 232.2908069574721 215.62821759127573 1.0 232.3417261006033 179.37565554796075 1.0 232.2398878143409 251.8807796345907 1.0
0.9991224909150667 -0.041883745626107444 -118.1833027007392 130.78437901037898 298.1183187472111 1.0 131.04811552218112 304.4096634366117 1.0 130.52064249857682 291.82697405781056 1.0
0.9999916166973204 -0.00409469596913552 -146.79476872637466 147.9476347521503 281.24816705641854 1.0 148.00650599233933 295.6254852010031 1.0 147.88876351196126 266.87084891183406 1.0
0.9946664096433949 -0.10314423651914906 -94.60982831051737 114.87902511554128 190.5727339485631 1.0 115.40529406951973 195.64778291519488 1.0 114.35275616156282 185.49768498193131 1.0
0.024556045703552718 0.9996984548449623 -250.1541297027922 30.64285495033119 249.47689090389045 1.0 20.664227844728988 249.72200043874702 1.0 40.6214820559334 249.23178136903388 1.0
0.9998695335928097 0.016152888066754068 -300.06335425782197 295.4477325520303 288.1322331174756 1.0 295.1043653906882 309.3867828947875 1.0 295.7910997133723 266.87768334016374 1.0
0.1549204925160972 -0.9879269411239728 266.47177095732803 125.71255410586502 289.44166805446275 1.0 129.4682090897902 290.03060625992185 1.0 121.95689912193986 288.8527298490037 1.0
-0.999732884248766 0.02311190497651498 -0.20890991674217688 6.307746282190525 281.8881138169306 1.0 3.1287051110068367 144.37491434494666 1.0 9.486787453374212 419.4013132889146 1.0
0.9998236614784463 0.018778869716605938 -363.07276732088724 357.72510680324353 288.12922799688914 1.0 357.34937523395644 308.13390980185653 1.0 358.1008383725306 268.12454619192175 1.0
-0.9999989316845393 0.0014617215125033965 316.4726348455771 316.7945521867333 220.00011759242489 1.0 316.75343864232633 191.8733505351988 1.0 316.83566573114024 248.12688464965098 1.0
-0.9999096954607498 0.013438784304785817 39.06410343408392 42.663027226646776 267.5146089118973 1.0 42.604124979162705 263.13200055923704 1.0 42.72192947413085 271.8972172645576 1.0
0.9999719957035944 -0.0074838364874425896 -355.62747534504524 357.2979337546824 221.87183474429418 1.0 357.5224425619184 251.87015451003705 1.0 357.07342494744637 191.87351497855127 1.0
-0.03042833978652177 0.9995369508616657 -262.06379828073494 30.64423693647673 263.1180881387295 1.0 25.629857449556297 262.96543821146565 1.0 35.65861642339716 263.2707380659934 1.0
0.008966257218076808 -0.9999598023078223 187.55281794890936 336.2392374932331 190.57528612577224 1.0 355.6238872349624 190.74910086839043 1.0 316.85458775150374 190.40147138315405 1.0
-0.9993608279769791 0.035748223804363675 221.78905586139027 232.21066742888115 287.37620816196034 1.0 231.51768958748113 268.0036398032855 1.0 232.9036452702812 306.7487765206351 1.0
-0.9967582894296616 -0.08045441226716576 134.1295252252186 119.23468117367926 189.9382264717318 1.0 119.69790689773937 184.19927359987796 1.0 118.77145544961917 195.67717934358564 1.0
-0.9999553630564494 0.009448380530258817 369.43842416799816 372.17738047114443 288.12804836814496 1.0 372.00017544902096 269.3738172419299 1.0 372.3545854932679 306.88227949436 1.0
0.12173170132618245 0.9925630422760224 -283.526315795184 625.0300028948523 208.99463442363123 1.0 611.570881666474 210.64531216973072 1.0 638.4891241232305 207.34395667753176 1.0
-0.9999418547705048 0.010783648646111968 313.814883054978 316.93345804377725 287.48588922771364 1.0 316.71105822269175 266.8632876486999 1.0 317.1558578648627 308.10849080672733 1.0
0.9999164132769387 0.012929286886066647 -566.3658066018126 563.665566699513 212.49082676657093 1.0 562.8654249847106 274.3716435996083 1.0 564.4657084143154 150.61000993353355 1.0
-0.9955698951249861 -0.09402437939611355 55.161717997105896 36.276703692719515 202.56154870246496 1.0 36.81429853125256 196.86926718510136 1.0 35.73910885418647 208.25383021982853 1.0
0.01972971055648757 -0.9998053503164288 178.8194859304575 119.98821722357688 181.2220935496331 1.0 128.1100544740629 181.3823662448015 1.0 111.86637997309086 181.0618208544647 1.0
-0.013630280765442976 -0.9999071034082392 210.1805374596686 615.624088807047 201.80815557310095 1.0 638.1369449227863 201.50127051483543 1.0 593.1112326913077 202.11504063136647 1.0
-0.1750410302926117 0.9845611396526378 -280.9350752286627 82.0005277034135 299.91893869240727 1.0 74.51489967521916 298.5881000175184 1.0 89.48615573160784 301.24977736729613 1.0
0.1786088275097509 -0.9839201627853715 213.75147017623678 121.87615523077984 239.3686360656255 1.0 129.35656791459465 240.72653865699326 1.0 114.39574254696504 238.01073347425776 1.0
0.043888027915483116 0.9990364562946088 -309.0276660856231 89.98890627476283 305.3724701763907 1.0 76.88918711156315 305.94794551234776 1.0 103.08862543796249 304.7969948404336 1.0
0.9958471858362337 -0.09104055394193251 -21.351139556040565 40.12833201435984 204.42040548909614 1.0 40.9319891875378 213.21121024185322 1.0 39.324674841181874 195.62960073633906 1.0
0.9999928841816147 0.0037724774532902697 -241.09783790254872 240.01731610632925 286.87506532508553 1.0 239.94657376266866 305.6271562644761 1.0 240.0880584499898 268.12297438569493 1.0
-0.9999902797018866 0.004409138435414271 253.29291177356492 254.5657898324123 288.1296702496573 1.0 254.47207225076804 266.87457199084776 1.0 254.65950741405655 309.38476850846683 1.0
-0.0022435503025096523 0.999997483237853 -307.3916385059811 336.8735457118066 308.14820678711305 1.0 319.37223158296086 308.1089416096838 1.0 354.37485984065233 308.1874719645422 1.0
0.0774759960296503 -0.9969942176558565 250.84755384692082 85.56647269875367 258.25315431756775 1.0 94.31222751162721 258.9327831992193 1.0 76.82071788588011 257.5735254359162 1.0
0.9998995832468082 -0.014171218114877857 -126.42933702572346 130.05604619439023 254.99920567739147 1.0 130.24215026954857 268.1304259918959 1.0 129.8699421192319 241.86798536288705 1.0
-0.9982419362656462 0.059270875483778226 377.9349021854984 387.7242550096206 153.6624657240574 1.0 387.38924682321783 148.02024738444393 1.0 388.0592631960233 159.30468406367086 1.0
0.05233861762715146 0.9986293952737816 -244.50573833769457 594.3065229005626 213.69344572895852 1.0 576.8217943899333 214.60982824700116 1.0 611.7912514111921 212.77706321091588 1.0
0.014265540318808195 -0.9998982420023611 272.49023823665476 607.4920097308025 281.18505282276476 1.0 628.1128124269653 281.47924965191334 1.0 586.8712070346395 280.89085599361624 1.0
-0.9991766058490964 -0.040572285169550075 530.1104018860601 522.2468138586171 204.41547634411774 1.0 522.5012106662398 198.15042773477495 1.0 521.9924170509943 210.68052495346055 1.0
-0.09094867614793595 0.9958555810492492 -183.51891121498252 45.65222060761 188.45194405068764 1.0 35.678329882833765 187.54105679481987 1.0 55.62611133238623 189.36283130655545 1.0
0.01964964211429047 -0.9998069271438262 258.2035393698096 335.61567635994857 264.8494025288302 1.0 355.63251150162137 265.24280213040953 1.0 315.5988412182757 264.4560029272509 1.0
-0.10007807480813105 -0.9949795871990028 299.1924048459286 81.25295550691214 292.52938374916823 1.0 86.88385241443997 291.9630110022309 1.0 75.6220585993843 293.09575649610554 1.0
-0.0068706262225466 0.9999763969691036 -247.62425869385282 337.50035043078236 249.94899700553995 1.0 319.3719119905205 249.82444034110367 1.0 355.6287888710442 250.07355366997623 1.0
-0.9998389970042262 0.01794380309697539 63.02991052159113 67.93079773673364 272.51470197117004 1.0 65.85577583234041 156.8932917027951 1.0 70.00581964112688 388.13611223954496 1.0
0.4861863403394353 0.8738551610349091 -384.6145228305325 507.82975911836786 157.59434385696116 1.0 502.4184332457925 160.60504041136005 1.0 513.2410849909431 154.58364730256227 1.0
-0.7145308288060319 -0.6996039555961394 366.8971967907343 253.8791988533489 265.1395563642568 1.0 259.45073104070326 259.44914898490237 1.0 248.3076666659945 270.8299637436112 1.0
0.015807274388014818 -0.9998750572328635 259.72656631970557 275.57969496655767 264.1157295238985 1.0 294.2953749691467 264.4116103812308 1.0 256.86401496396866 263.81984866656626 1.0
0.9999659643786267 0.008250459643150403 -416.264659039085 414.2934559283053 240.62948391381707 1.0 413.71590086614856 310.62987536968546 1.0 414.87101099046214 170.6290924579487 1.0
0.9998703047462315 -0.016105082634936242 -99.01402298016632 102.60078101037155 221.88344368525264 1.0 103.44618818918478 274.36982656670205 1.0 101.7553738315583 169.39706080380324 1.0
-0.046109978467186716 0.9989363692877317 -262.38013600208285 628.1352173514673 291.6536491271986 1.0 623.0882718339411 291.42068679216607 1.0 633.1821628689935 291.88661146223114 1.0
0.010212806301983967 0.9999478479338001 -138.851917001451 76.24954444781811 138.0803963513623 1.0 28.12956395329766 138.57186202235832 1.0 124.36952494233857 137.58893068036633 1.0
-0.1096891360576921 0.9939659417861948 -181.52889027635337 82.4471015767141 191.72934766386265 1.0 75.45039343670412 190.95722576424672 1.0 89.44380971672409 192.50146956347862 1.0
-0.9995254658953713 -0.030803295710703612 497.6896908333037 491.723417690927 201.26458974846153 1.0 491.97416873060155 193.12805617399277 1.0 491.4726666512525 209.4011233229303 1.0
-0.9978177045873827 0.066028996751175 452.01530939646307 468.96728062978326 241.23562180052318 1.0 468.0998163986109 228.1266664846962 1.0 469.8347448609556 254.34457711635014 1.0
-0.008592487991903909 0.9999630838936551 -305.2775194571377 274.9986956142876 307.6517997535499 1.0 256.86966369169767 307.4960205136872 1.0 293.1277275368775 307.80757899341256 1.0
0.9944054232350693 -0.10563074477008338 -71.52237350426086 103.65352571994602 298.6938573401516 1.0 105.19136727153135 313.17106264909114 1.0 102.11568416836069 284.2166520312121 1.0
-0.9999565476502147 -0.009322167744894102 45.91261130294473 44.009228729180904 204.38324328672843 1.0 44.114098559272406 193.1342209433574 1.0 43.904358899089395 215.63226563009948 1.0
0.854399044575312 -0.5196174291041382 -114.85920048451104 295.7733326883128 265.28989339888597 1.0 297.88441188670504 268.76110885299204 1.0 293.66225348992054 261.8186779447799 1.0
-0.9999612114223703 -0.008807704054160344 418.8971257456876 416.67289234164514 254.36771479794163 1.0 417.45459424083333 165.61909503543185 1.0 415.89119044245695 343.11633456045143 1.0
0.21748041694152218 -0.9760646844584336 203.1118193431701 46.78755012615443 218.5174800895703 1.0 56.845260194968624 220.75847396433213 1.0 36.729840057340226 216.27648621480853 1.0
0.9998156839600364 -0.019198909019127998 -150.79465516694134 154.5191027927269 192.50923440377872 1.0 154.84325504123825 209.39001141718438 1.0 154.19495054421554 175.62845739037306 1.0
-0.9999923577340766 -0.003909536218376125 153.72442962695723 152.67489632433865 268.7531272475502 1.0 152.7017741804307 261.8782323283051 1.0 152.64801846824662 275.6280221667953 1.0
-0.9998644868743988 0.01646231719397924 103.19541378117533 107.55224932643219 263.7697204238838 1.0 105.91602010720986 164.39078917081764 1.0 109.18847854565452 363.14865167695 1.0
-0.9999996032172779 0.000890822814594041 35.0021688209353 35.20206050120244 224.37426323534413 1.0 35.19649286082037 218.12426819512717 1.0 35.20762814158451 230.62425827556106 1.0
-0.007795485281292093 0.9999696147429826 -138.4403797706315 353.125409633823 141.19745402481328 1.0 346.8709174135069 141.14869574123486 1.0 359.37990185413906 141.24621230839168 1.0
-0.9999175091799177 0.012844253011725417 159.677014771713 162.94168775315703 253.12735470311998 1.0 161.94592782146447 175.60803226916883 1.0 163.9374476848496 330.6466771370711 1.0
0.9999700272813933 -0.007742385862877518 -304.82853597802176 307.15076336695324 298.7478648696105 1.0 307.34915605814297 324.3713287908025 1.0 306.9523706757636 273.1244009484185 1.0
-0.032156478621192905 -0.9994828467175836 194.0106987986583 53.121846667495205 192.4019885919205 1.0 60.63417877961079 192.16029345152677 1.0 45.60951455537961 192.64368373231426 1.0
-0.9997608336628164 -0.021869510141529033 521.2131150122153 516.8668559321446 204.38849356427022 1.0 517.632404643497 169.3915680310475 1.0 516.1013072207923 239.38541909749296 1.0
0.9985013009929389 0.0547279811011576 -516.8626644229807 506.91796646849303 195.59309866939492 1.0 506.16471254400534 209.33606905576445 1.0 507.67122039298073 181.8501282830254 1.0
0.9873447953193377 -0.15858831973324877 -55.207266907824874 99.59418825949794 271.940181892242 1.0 100.42425174835041 277.1080206516262 1.0 98.76412477064548 266.7723431328578 1.0
0.9996888004555092 -0.024945986527395436 -56.10748939990544 62.238009507395006 244.9753454556566 1.0 63.50322963669164 295.67794613170935 1.0 60.97278937809836 194.27274477960384 1.0
0.9994406398544244 0.03344259869355645 -572.1273350162858 560.9664429205628 343.11551180706863 1.0 558.7082331806979 410.6026891050144 1.0 563.2246526604278 275.6283345091229 1.0
-0.9998343529361327 0.018200733193608862 139.82914510763138 143.5609734261805 203.73068630648794 1.0 143.38974869211782 194.32467120989105 1.0 143.73219816024317 213.13670140308483 1.0
-0.005797354512998378 0.9999831951991246 -219.89278558049037 279.37345709462215 221.51613508733072 1.0 268.1202119137838 221.45089493924803 1.0 290.6267022754605 221.58137523541345 1.0
0.01969057177167924 0.9998061218972928 -148.3534919979005 332.5114946108238 141.833648987123 1.0 326.87637130666707 141.94462930363898 1.0 338.1466179149804 141.72266867060705 1.0
-0.9999995745426068 -0.0009224503267699178 152.31487177745285 152.13563500063947 194.37524042294376 1.0 152.1506258757152 178.12410118788824 1.0 152.12064412556373 210.6263796579993 1.0
-0.011787904329705825 -0.9999305202420384 95.73099778895018 46.862447381312634 95.18520118730339 1.0 75.60108550570054 94.84640933135093 1.0 18.123809256924723 95.52399304325587 1.0
-0.9999523646934159 0.009760550396685344 186.59662617332575 189.01524058120694 246.8724109826112 1.0 188.34417516381302 178.12286062785822 1.0 189.68630599860086 315.6219613373642 1.0
-0.028541233729080965 0.9995926160077524 -194.48484120894489 499.37292615939987 208.82263160977314 1.0 493.1101864179877 208.64381244296302 1.0 505.63566590081206 209.00145077658325 1.0
-0.9987770741486167 0.04944043036957138 140.1542203644423 152.35956355085503 243.10101363595965 1.0 152.10960826371527 238.05151045624882 1.0 152.60951883799478 248.15051681567047 1.0
-0.9014984782420008 0.4327822705788176 -50.21978704667808 78.11481510864908 278.7548894596173 1.0 73.52063240560366 269.1850687966267 1.0 82.7089978116945 288.32471012260794 1.0
-0.9998339316976709 0.018223858701642302 299.53850058558993 304.99915200808096 296.8636236527457 1.0 304.5208551603013 270.6223415146776 1.0 305.47744885586053 323.1049057908138 1.0
-0.14329073844824347 0.989680637516445 -148.39140820278516 153.79263626416912 172.20551980148053 1.0 143.1198936386646 170.66026862235844 1.0 164.46537888967364 173.75077098060262 1.0
0.014042756049822988 0.9999013956398526 -181.2650426089791 336.86168594276376 176.5519849262591 1.0 303.10956555182054 177.02600445946615 1.0 370.61380633370703 176.07796539305207 1.0
-0.9998184958099848 0.019051914241340045 137.6529677943711 143.1080635124571 284.96459390695145 1.0 142.73877281317732 265.5847212708795 1.0 143.4773542117369 304.3444665430233 1.0
0.9994884018548468 -0.031983348130622404 -365.52751714135536 371.1746452985897 170.62741132928005 1.0 371.33511956023347 175.64227602243497 1.0 371.014171036946 165.61254663612516 1.0
-0.9998077292682486 0.01960878618040071 147.8638504903088 152.28019923109906 223.72979515875454 1.0 152.09664252155187 214.37065302339002 1.0 152.46375594064628 233.08893729411906 1.0
-0.018236547306661577 -0.9998337003433779 94.95410276498508 130.60380082283612 92.5877376818335 1.0 175.5774391516316 91.76743738323975 1.0 85.63016249404065 93.40803798042725 1.0
0.9999978925271711 0.0020530322005436223 -19.141657014166224 18.758033485530973 186.87629964086878 1.0 18.714406643211998 208.12621007336793 1.0 18.801660327849945 165.62638920836963 1.0
0.9997670212163952 -0.021584792982472695 -137.37826565403392 144.35921962708744 321.8618470561116 1.0 144.6562325741678 335.6189282385151 1.0 144.06220668000705 308.1047658737081 1.0
-0.01476441042525237 -0.999891000151914 93.54600928883498 320.6352874840015 88.82169985939382 1.0 438.1465809184818 87.08652575981164 1.0 203.1239940495212 90.55687395897601 1.0
-0.998900403450262 0.04688266190079219 15.965729958882733 26.544244641646692 225.01552376151216 1.0 26.21953328118634 218.0970960140627 1.0 26.868956002107048 231.93395150896157 1.0
0.09755855304083826 -0.9952297868977685 257.3474534009551 83.69750847843312 266.7854848364865 1.0 90.56775772466264 267.45894897945726 1.0 76.8272592322036 266.1120206935158 1.0
0.9997748078072787 -0.02122106674790187 -59.23894309249 62.980422284304765 175.6413349385731 1.0 63.35198878161457 193.14671427923534 1.0 62.60885578699496 158.13595559791082 1.0
0.9999975876349632 0.0021965254958456366 -367.807566497859 367.1165514512991 314.99778491170787 1.0 367.0987047246983 323.1227457108233 1.0 367.1343981778999 306.87282411259247 1.0
0.05655365326411364 -0.9983995614494642 304.75942299746345 365.67674682894085 325.9614602313196 1.0 400.70596363607086 327.9456660121674 1.0 330.6475300218108 323.9772544504719 1.0
0.027397660518336104 -0.9996246136416019 136.1507826723603 492.50820728616077 149.70055088272707 1.0 504.3914106433949 150.02624511535086 1.0 480.6250039289266 149.37485665010328 1.0
-0.9997975492016784 0.020121148334960356 107.41442474269304 111.88887518525412 221.24972075880672 1.0 111.12140563303034 183.11500972608457 1.0 112.65634473747791 259.38443179152887 1.0
-0.9984487051871682 0.05567928798096494 131.29309114144948 141.67302433523474 182.4764097107221 1.0 141.0804120202686 171.8496035856476 1.0 142.26563665020086 193.1032158357966 1.0
-0.9925629879020323 0.12173214467423993 337.0158375725933 343.0016343561816 28.216782744201534 1.0 340.3877559202761 6.904096622570117 1.0 345.6155127920872 49.52946886583295 1.0
0.9999375238305264 -0.011178033622951188 -156.91653931865773 159.75599051231364 253.12772771667494 1.0 160.62231208790863 330.62503004744894 1.0 158.88966893671866 175.63042538590096 1.0
0.9912461644927496 -0.13202666919381403 13.151815011709527 20.91851024247451 256.66941583384613 1.0 21.90004221334292 264.03868302350804 1.0 19.936978271606105 249.30014864418425 1.0
-0.0004272320136862091 0.9999999087363992 -150.60850212993842 263.12469199509326 150.72093117728483 1.0 249.374427484858 150.71505662355327 1.0 276.87495650532856 150.72680573101638 1.0
-0.9999630472337088 -0.008596753286882156 424.8350775508062 422.60478442614885 261.2509008391484 1.0 423.44835586078545 163.1277799132845 1.0 421.7612129915122 359.3740217650123 1.0
-0.09660736697170347 0.9953225691436896 -153.95458770186687 85.69817787768434 162.99606584876085 1.0 73.134548620801 161.77662284631754 1.0 98.26180713456768 164.21550885120413 1.0
0.23490882111549255 0.9720174102155421 -280.39087869825335 121.34365327138234 259.13752316696747 1.0 114.41990158688495 260.81079602073356 1.0 128.26740495587973 257.4642503132014 1.0
0.9999559432965829 0.009386770788772023 -422.61605642202073 420.3700405532719 241.24760664866994 1.0 419.64835420122256 318.12756602628167 1.0 421.0917269053212 164.36764727105825 1.0
-0.1448327210096207 0.9894561551301551 -190.89748120644754 549.3431737422402 273.3424279846133 1.0 537.9708954911664 271.67779838516947 1.0 560.7154519933139 275.0070575840571 1.0
-0.9999781797289817 0.0066060628147465985 514.6836607821315 516.3257683254774 246.8703705794081 1.0 516.2761693853801 239.3624404815666 1.0 516.3753672655748 254.3783006772496 1.0
0.9999121422499225 -0.013255481174616482 -86.55286058295637 90.33855016835946 284.99551196030757 1.0 90.54575868225182 300.62605047408795 1.0 90.13134165446709 269.3649734465272 1.0
-0.9999848992930238 -0.005495560564766527 392.07992967601575 390.73256385231616 246.24715635537095 1.0 391.1619546653145 168.11421180256247 1.0 390.3031730393178 324.38010090817943 1.0
-0.9999986961272511 0.0016148510140056639 403.1568313020944 403.65594311392954 308.7501518880558 1.0 403.6145609808108 283.1242094309229 1.0 403.69732524704835 334.3760943451888 1.0
-0.08408047936888799 0.9964589670373277 -150.87645723063642 37.43072533422328 154.57099153596485 1.0 20.517930950744894 153.14390230673317 1.0 54.34351971770167 155.99808076519653 1.0
-0.9995512016657759 0.029956556018728205 85.59738755602807 92.26521146951578 221.20084285158455 1.0 91.4604903461718 194.34996034888806 1.0 93.06993259285977 248.05172535428105 1.0
0.03422475357768766 0.9994141615179097 -249.35543191072946 53.10985907341244 247.68286222344108 1.0 45.618644076593334 247.93939749894108 1.0 60.60107407023153 247.42632694794105 1.0
-0.009257871929930616 -0.9999571449853883 255.34216405790272 273.1222175971636 252.82446834245468 1.0 296.8701820275877 252.60460330684197 1.0 249.37425316673958 253.04433337806742 1.0
-0.09573805948229884 0.9954065621476301 -165.6004714835704 120.6401188561189 177.96780641706854 1.0 113.08973931054973 177.24161200210705 1.0 128.19049840168807 178.69400083203004 1.0
-0.9979436196703463 -0.06409783115868398 35.87254506853893 23.622874704435432 191.8668347534164 1.0 24.190280891204782 183.03284811748574 1.0 23.05546851766608 200.7008213893471 1.0
-0.04809862114427097 0.9988425915248208 -46.733711115221276 173.11901449373738 55.12429833630786 1.0 149.33387904708093 53.97894047069319 1.0 196.9041499403938 56.26965620192254 1.0
0.9999728668831638 -0.007366511892769256 -184.85914107741976 186.68742836163023 247.50138178619693 1.0 187.1801183095949 314.3819606710743 1.0 186.19473841366556 180.6208029013196 1.0
0.06862662140245936 -0.9976424143123044 40.02643286304261 164.36280093023086 51.427340938081215 1.0 180.66464126928906 52.54872492202406 1.0 148.06096059117266 50.305956954138374 1.0
0.9921194450933476 -0.1252956769711865 -49.91534983487979 71.69525790802166 169.31876796938286 1.0 72.96777632061603 179.394855923036 1.0 70.4227394954273 159.2426800157297 1.0
0.11708705970151322 -0.9931216544061731 37.4074942915857 183.75519359776212 59.330948382212256 1.0 188.21556718028327 59.8568175198256 1.0 179.294820015241 58.80507924459892 1.0
-0.20754264862849142 -0.978225970315791 281.2445088412387 120.16143834862274 262.0109191955064 1.0 128.3171317633184 260.2805887155852 1.0 112.00574493392708 263.7412496754276 1.0
0.914807649746098 -0.4038897918566655 -337.2966527866 472.46719441941684 235.0144837432406 1.0 475.3132425916614 241.46076362455824 1.0 469.6211462471723 228.5682038619229 1.0
0.9968666337984036 -0.07910066004427248 -347.7285370260363 352.1996934553092 42.573422417750535 1.0 352.5446744934136 46.921048417165494 1.0 351.8547124172049 38.225796418335584 1.0
0.9997584381987604 -0.021978745423142692 -58.38865223838918 66.0014216448692 345.64420479541957 1.0 66.88096292434453 385.65234898065177 1.0 65.12188036539385 305.6360606101873 1.0
-0.9999269688168856 0.012085405772048148 109.45143894715973 112.8587404198104 281.25321809008824 1.0 112.66973717413572 265.61539457727304 1.0 113.0477436654851 296.8910416029034 1.0
-0.9999900601583285 -0.004458652772165105 73.59427765366296 72.75621169269166 188.12614237032886 1.0 72.77851715970131 183.1234551379679 1.0 72.733906225682 193.12882960268982 1.0
-0.00890627542837379 -0.9999603383424734 168.4056634399745 336.878668548986 165.41188974165516 1.0 369.38165679374 165.12239769436775 1.0 304.37568030423205 165.70138178894257 1.0
-0.15343635438821374 0.9881585323985491 -193.82384862062125 615.2250548042889 291.67560538943206 1.0 607.7538137550243 290.51550814615655 1.0 622.6962958535536 292.8357026327076 1.0
-0.9984413534485174 -0.055810964190673065 180.4226409643554 176.44536108313298 76.19104769937658 1.0 177.38764994473706 59.333783540577386 1.0 175.50307222152887 93.04831185817577 1.0
-0.9475440135099091 -0.3196253157394345 331.6054887648936 280.16172471675486 206.92955294204663 1.0 281.8675706313458 201.87249392717595 1.0 278.4558788021639 211.9866119569173 1.0
0.016408238417551173 0.999865375794178 -146.6298636556188 236.87930463784554 142.76231081165173 1.0 229.3710700965856 142.88552430161786 1.0 244.38753917910546 142.63909732168563 1.0
0.9993584331190073 -0.03581511069259349 -259.6551868955837 267.6348793862637 218.0081721060289 1.0 268.48654594541983 241.7724476210029 1.0 266.78321282710766 194.2438965910549 1.0
0.9998091057245662 -0.019538477684899327 -10.782169820995263 14.692787428425046 200.00600361202936 1.0 15.804064810383718 256.8715006781976 1.0 13.581510046466375 143.14050654586114 1.0
0.9996667206290639 -0.025815647710891287 -97.09186720217 105.87203813762548 338.74362042428686 1.0 106.50191789198041 363.1346345672703 1.0 105.24215838327056 314.35260628130345 1.0
0.9999339346179846 0.011494624804491003 -21.61277735750299 19.070809149642827 221.2536878244465 1.0 18.919869587166982 234.38413733133424 1.0 19.22174871211867 208.12323831755876 1.0
-0.9985011175858576 0.05473132722484727 77.82456300194941 93.52776300572089 284.3529231555459 1.0 92.49559999650326 265.5224658929146 1.0 94.5599260149385 303.1833804181772 1.0
-0.07485318993400289 -0.9971945647448667 230.7441852064124 498.14382505712996 194.00078750374686 1.0 502.0127697960101 193.71036990058067 1.0 494.2748803182498 194.29120510691305 1.0
-0.08743869950022541 0.996169902089854 -158.73707245552157 177.96322297258376 174.96809014752907 1.0 166.5814756401995 173.9690585740033 1.0 189.344970304968 175.96712172105484 1.0
-0.9997249480830616 0.023452679597859218 138.0236659640099 143.57325756051762 234.94549839403868 1.0 143.3531053970295 225.5610010151708 1.0 143.79340972400576 244.32999577290653 1.0
0.995659896137995 0.0930664881817136 -435.5737598868819 423.22795202351557 152.39278293987593 1.0 422.58007014103356 159.32406422516758 1.0 423.8758339059976 145.46150165458428 1.0
0.0008065406146386321 0.9999996747460657 -139.9613598464249 596.8750846877722 139.48000121517754 1.0 555.6251115212174 139.51327100471025 1.0 638.1250578543269 139.44673142564483 1.0
-0.15871964639065012 0.9873236925393957 -137.4478130739037 18.79282569421968 142.23360057488742 1.0 0.6347178952171784 139.31454933489505 1.0 36.95093349322218 145.15265181487982 1.0
0.9999591269735674 -0.009041259992998363 -220.31619326283507 222.54029237790772 244.9883336543055 1.0 223.24676521497912 323.12389904403386 1.0 221.83381954083632 166.85276826457712 1.0
0.9994467554692652 0.033259329246978074 -191.29611000706566 188.73979422190004 79.99966037477014 1.0 188.13661102475862 98.12538638866275 1.0 189.34297741904146 61.87393436087754 1.0
0.9957828165954338 -0.09174193246964435 -346.66328191272027 350.1455345320385 21.861591836103454 1.0 351.64583502222445 38.146113075627646 1.0 348.64523404185246 5.577070596579259 1.0
0.5533102115399795 0.8329752756268239 -374.7550954046726 165.28243920638522 340.10929530934186 1.0 143.6247673585468 354.4955698390069 1.0 186.94011105422362 325.72302077967674 1.0
0.9998316346621269 -0.018349450369409246 2.563364426964697 1.5773066017235915 225.64193376777735 1.0 2.6557866248725857 284.4065519327531 1.0 0.4988265785745971 166.87731560280162 1.0
0.9998000816703361 0.019994916653725065 -511.2589425960565 506.6992463208095 233.1089857953914 1.0 506.24920076355085 255.61248469438624 1.0 507.1492918780682 210.6054868963965 1.0
0.5076605581948787 0.8615571702755798 -371.627908219365 95.35109441470667 375.16015135816906 1.0 77.98739521598554 385.3914691762672 1.0 112.7147936134278 364.92883354007097 1.0
-0.01578497827123578 0.9998754094690881 -428.6131919089799 438.76036751462016 435.59328557518916 1.0 426.8784619731383 435.4057065838299 1.0 450.642273056102 435.7808645665485 1.0
0.9996939363572385 -0.024739313057756323 -14.289369499681365 18.19057335780137 157.4674436545372 1.0 18.484262785186473 169.33517575541168 1.0 17.896883930416266 145.59971155366273 1.0
-0.06142403789639729 -0.9981117610611058 135.478049946713 568.1340000011387 100.77124579063413 1.0 598.0974476964891 98.92728801100704 1.0 538.1705523057883 102.61520357026122 1.0
-0.044928635815635644 -0.998990198992836 131.36416737392196 605.6478699858646 104.25851514440984 1.0 638.1664221859 102.79602413046386 1.0 573.1293177858292 105.72100615835582 1.0
0.05109704368102451 0.9986936928443373 -132.72099671634635 605.626708157743 101.90838600908083 1.0 573.0839869254955 103.57339787429818 1.0 638.1694293899906 100.24337414386348 1.0
-0.999278578844879 -0.037977912814671805 344.2983691998168 341.910261898661 69.37634014011846 1.0 342.19849656390244 61.792281267219295 1.0 341.62202723341954 76.96039901301762 1.0
-0.9996362688957701 -0.02696905463941178 580.3155560607083 575.4341344168038 188.76171245499182 1.0 576.0580215422146 165.63668243089552 1.0 574.8102472913928 211.8867424790881 1.0
0.9943920459535993 -0.10575660236701462 -340.31737574479644 343.69954776026333 13.755365748326398 1.0 344.4295372759842 20.619199795710443 1.0 342.96955824454244 6.891531700942354 1.0
0.006946039827691231 -0.9999758759743718 144.87087537784663 544.3756549125201 148.65571653240994 1.0 563.1290914426341 148.78598179197667 1.0 525.6222183824059 148.52545127284324 1.0
0.03633202661115971 -0.999339773971959 42.85831683951795 189.38329439529457 49.77185640626027 1.0 195.6477368188476 49.999606661743435 1.0 183.11885197174155 49.5441061507771 1.0
0.9999461979533553 -0.010373099759916593 -164.35599297339948 166.95817440035114 249.9926536410486 1.0 167.72969943750306 324.3661336404418 1.0 166.18664936319925 175.61917364165544 1.0
-0.0017901501438003667 0.9999983976799477 -256.5132793571795 337.5006840743205 257.1178682404242 1.0 313.1246433453133 257.0742313976877 1.0 361.87672480332765 257.1615050831607 1.0
0.9998054398979893 0.019725170478046648 -80.60081960970948 74.16742208773326 326.8832353241073 1.0 73.6987972585262 350.63632045125235 1.0 74.63604691694033 303.13015019696223 1.0
-0.25933833252050204 0.965786534015403 -59.93918874833887 101.12457360310955 89.21709302072523 1.0 94.24233839683002 87.36903722418214 1.0 108.0068088093891 91.06514881726832 1.0
0.013502899625700985 0.9999088316950192 -166.36084693577084 355.62936925672346 161.57354964539695 1.0 341.87343772795685 161.7593115436853 1.0 369.3853007854901 161.3877877471086 1.0
0.9984413370095259 0.05581125827850764 -431.26170309900897 413.3132065244285 333.1355204407662 1.0 412.8913808987219 340.6818140508062 1.0 413.7350321501351 325.5892268307262 1.0
0.0154024314664651 -0.9998813755165763 206.59484981539663 525.6197449525547 214.716142505936 1.0 531.8682622344604 214.8123962831922 1.0 519.371227670649 214.61988872867983 1.0
-0.9999368032093428 -0.011242312372474222 414.0221287832684 411.23754115771624 249.99985992495093 1.0 412.1158702992094 171.87770811028884 1.0 410.35921201622307 328.122011739613 1.0
0.0082610654583134 0.9999658768165508 -151.3504778972889 519.996363123995 147.05977205101632 1.0 473.1193991281348 147.447038933852 1.0 566.8733271198554 146.67250516818063 1.0
0.009567193188115686 0.999954233359958 -128.09842044473834 59.36936714471397 127.5362591458733 1.0 24.37257073620643 127.87109558241731 1.0 94.36616355322151 127.2014227093293 1.0
0.05938442079352419 0.9982351880028161 -131.97761259474171 568.7278495191849 98.3776567307516 1.0 536.8541077227577 100.27380677419991 1.0 600.6015913156123 96.48150668730328 1.0
0.15928012399859995 0.9872334283739539 -373.38364821796205 351.9049790233511 321.4358128513411 1.0 346.73699231994306 322.26961521184035 1.0 357.07296572675904 320.6020104908419 1.0
0.5465506527132877 0.837426046895294 -523.1959133810839 581.5902359411093 245.18868391666763 1.0 577.8161876197149 247.65183702860742 1.0 585.3642842625037 242.7255308047278 1.0
0.999630657410311 -0.027176253704832006 -13.699814980289661 22.472015584494017 322.48376935834284 1.0 22.965326441919807 340.6293409324156 1.0 21.978704727068223 304.3381977842701 1.0
0.9999777007542234 0.0066781729759674184 -145.45597130754282 143.7395475158995 257.49993019494656 1.0 143.70195575682823 263.1288530962647 1.0 143.77713927497075 251.8710072936284 1.0
0.16890582355896153 0.9856321944660031 -239.73571596458902 277.5084540547832 195.67433274882143 1.0 270.62149337633844 196.85453746589758 1.0 284.39541473322794 194.49412803174528 1.0
0.5348689064039046 0.8449350584289252 -255.4096188242582 356.2459190482076 76.76892211420278 1.0 351.3827779552618 79.84743439999711 1.0 361.10906014115335 73.69040982840846 1.0
-0.016745999567568164 -0.9998597759178449 219.59768416296257 494.37664953059425 211.34848915161334 1.0 505.63395949206165 211.15994780582946 1.0 483.1193395691268 211.5370304973972 1.0
0.02404919648498035 -0.9997107762490243 317.70258281584177 303.13794630812544 325.0868296809326 1.0 324.4057088773872 325.5984502545781 1.0 281.87018373886366 324.57520910728715 1.0
-0.03949323857296676 0.9992198377269232 -352.0202918785578 335.0528518725521 365.53779288750775 1.0 321.9483231436475 365.0198485273815 1.0 348.15738060145674 366.055737247634 1.0
0.9997074372498452 0.02418759821368966 -473.90317317298906 469.958666806144 168.76412162966045 1.0 469.7010174618858 179.4131312329242 1.0 470.2163161504022 158.11511202639673 1.0
-0.9959375726111928 -0.0900463850541759 419.1668963034043 406.2359676963198 161.93023984027857 1.0 407.0308081944876 153.13908719287357 1.0 405.44112719815206 170.72139248768357 1.0
0.9999843477012043 0.005595029275795884 -415.6307918791128 413.8573476491139 318.1256006226406 1.0 413.82235969826394 324.37890180899984 1.0 413.89233559996376 311.87229943628137 1.0
-0.5008529073835468 -0.8655324171661326 369.96800595189694 93.31246713799406 373.448965145645 1.0 108.342826356734 364.75142942725716 1.0 78.28210791925413 382.1465008640328 1.0
-0.03427468741361746 -0.9994124502940209 62.191206870886205 329.36410385842004 50.93228041225369 1.0 344.36789163879246 50.4177279509138 1.0 314.3603160780476 51.44683287359358 1.0
-0.9997772648939454 -0.02110498995928763 571.44199458949 565.67204053396 279.3627994537824 1.0 568.4692207840058 146.85587927988547 1.0 562.874860283914 411.8697196276793 1.0
-0.9989898461030915 -0.04493648164822911 584.4525686805715 574.2200915680883 240.61803192126035 1.0 574.615412705071 231.8295868247532 1.0 573.8247704311055 249.4064770177675 1.0
0.9998761192473848 0.015739954218148704 -517.2097831981969 513.938500780371 211.87796736125208 1.0 513.2694807545388 254.3772744022165 1.0 514.6075208062031 169.37866032028765 1.0
0.9999286965549496 0.01194159980569891 -117.11099750472339 113.11862822639742 334.99992390540376 1.0 112.78279467965854 363.12091322961226 1.0 113.45446177313629 306.8789345811952 1.0
0.9990085876479408 -0.04451788186411028 -22.0193271630324 32.12409188602286 226.26675124039645 1.0 32.54227190858399 235.65096756489714 1.0 31.705911863461733 216.88253491589572 1.0
-0.44883224951243395 -0.8936160315245066 367.9551962668005 180.03869089564049 321.3326703001988 1.0 189.2820957755356 316.69002954730206 1.0 170.79528601574538 325.97531105309554 1.0
-0.015007895648757898 0.9998873751919243 -157.14535947627482 323.757166762073 162.02252100590974 1.0 308.1263072107653 161.78790827364938 1.0 339.38802631338064 162.2571337381701 1.0
-0.014551902815688036 0.9998941154564531 -160.9018234151468 382.5056665731606 166.48563695724528 1.0 375.6321224085551 166.38560321853583 1.0 389.3792107377662 166.58567069595472 1.0
-0.22758288686678285 0.9737587122102587 -321.12749303889547 461.23164247836274 437.5785463128399 1.0 451.9266906654939 435.40383119175783 1.0 470.5365942912316 439.75326143392186 1.0
-0.022624717960311888 0.9997440283078547 -413.5255921714174 521.2544644369581 425.42772486947723 1.0 473.12582490076335 424.338549176012 1.0 569.3831039731529 426.51690056294245 1.0
0.018925668651091132 0.9998208934934841 -264.94042766573153 486.86595142553864 255.7719744163557 1.0 469.3603931675438 256.10333816090156 1.0 504.3715096835335 255.44061067180985 1.0
-0.010159350344075809 0.9999483924686245 -318.55356929881907 340.00483186987645 322.024416389636 1.0 334.37406317334495 321.96720848538274 1.0 345.63560056640796 322.0816242938892 1.0
-0.49592833588984436 -0.8683634525137097 370.98076040564854 47.539070942971435 400.06841266464596 1.0 69.14794769000554 387.72743463916163 1.0 25.93019419593734 412.40939069013024 1.0
0.9994970572221837 -0.03171171083676932 6.285015043049648 4.777071002110773 348.7570730172411 1.0 6.899867665067006 415.66387059202566 1.0 2.654274339154541 281.85027544245656 1.0
-0.3075749787504452 0.9515238475449069 -134.50960956149714 475.4111965711468 295.0364291645803 1.0 467.8890520098239 292.6049362917782 1.0 482.9333411324697 297.4679220373824 1.0
0.014108351067228176 0.9999004722621966 -171.1077311304658 276.8798404358603 167.21805597298936 1.0 254.36668527756288 167.5357110850883 1.0 299.39299559415764 166.90040086089041 1.0
-0.01838597562064442 -0.9998309636635969 132.51006975663776 73.14683463330886 131.18736927062633 1.0 94.40114048852067 130.7965220539571 1.0 51.892528778097045 131.57821648729558 1.0
-0.0328602879238861 0.9994599549144324 -310.52781227520677 322.4778716492568 321.29804341603256 1.0 309.3670440048638 320.8669850537672 1.0 335.58869929364977 321.7291017782979 1.0
0.1904996333719402 -0.9816872667429055 140.72436466855294 44.24210996948463 151.93481208349257 1.0 55.434491974193435 154.1067305148377 1.0 33.04972796477582 149.76289365214745 1.0
0.007742046457208312 0.999970029909224 -258.48165596957546 257.4922254083425 256.4958264012946 1.0 249.36287378100255 256.55876610556913 1.0 265.62157703568244 256.43288669702014 1.0
-0.038475452620640185 -0.9992595456364862 333.6270893510571 239.3618289117713 324.65792902376745 1.0 280.62285209922356 323.0692161116313 1.0 198.10080572431906 326.24664193590354 1.0
0.00039030624907185926 -0.9999999238305131 407.82119528574725 535.6250369681854 408.0302841642923 1.0 556.8750337309823 408.0385781714533 1.0 514.3750402053885 408.02199015713126 1.0
-0.11068069577935102 -0.9938560175306073 245.51503282215415 547.6166561959963 186.04751295207143 1.0 560.7871233721163 184.58078493002455 1.0 534.4461890198762 187.51424097411834 1.0
0.9999822272933899 -0.0059619709283829725 -363.96315001183615 364.2341686886716 44.3721133490501 1.0 364.33852354129783 61.87521747545148 1.0 364.12981383604534 26.869009222648728 1.0
-0.9734123483313896 -0.2290598177681312 610.2515788022259 549.1728852680349 330.3936572155674 1.0 550.1811702592662 326.10885043162347 1.0 548.1646002768034 334.6784639995113 1.0
0.9997503672944934 0.022342853321038598 -474.1525642885302 466.05831688415327 367.48174841273976 1.0 464.50804437068086 436.85003779282465 1.0 467.6085893976257 298.1134590326548 1.0
0.9874599395743905 0.1578697809453765 -369.7895223728753 363.6954518626143 67.4912791373554 1.0 362.77183976112445 73.26838191450364 1.0 364.6190639641041 61.71417636020718 1.0
-0.007256214375888308 0.9999736733299188 -165.7644748034176 237.49552132675873 167.49220273144044 1.0 221.86227399518927 167.37876155088276 1.0 253.1287686583282 167.60564391199813 1.0
0.006495999234414659 -0.9999789007743846 141.41384952776554 591.2483261858627 145.2576630262226 1.0 618.1262520283087 145.4322656958989 1.0 564.3704003434167 145.0830603565463 1.0
0.012478909217932687 -0.9999221353809158 180.3317466787282 255.61987208169356 183.53589480927275 1.0 265.6183148499409 183.66067418479693 1.0 245.62142931344624 183.41111543374853 1.0
-0.054117147176579554 -0.9985345934826035 131.945996675481 502.52868652693564 104.90430523884962 1.0 531.8852042788368 103.31328275235708 1.0 473.17216877503455 106.49532772534215 1.0
-0.050375319231377925 -0.9987303576102695 149.42990613345842 107.49107671423377 144.1980888355581 1.0 123.07642557692654 143.41197382632865 1.0 91.905727851541 144.98420384478757 1.0
-0.46679146499529767 0.8843674169752885 -10.956311963280694 138.2341361840991 85.35233824328577 1.0 128.83781917133336 80.39272473903597 1.0 147.63045319686483 90.31195174753557 1.0
-0.048503696597408864 -0.9988230030472799 124.88356181138623 493.1169652350091 101.08454234089459 1.0 516.8413699110822 99.93246502303977 1.0 469.392560558936 102.23661965874939 1.0
0.07968083084100028 0.9968204277584242 -368.75199888421287 510.6537057372702 329.1091135408953 1.0 503.15168132336964 329.70878778677053 1.0 518.1557301511707 328.50943929502006 1.0
0.014125042852324412 0.9999002366058426 -92.60127516708394 59.99841712450157 91.76294953743246 1.0 49.37553699087962 91.91301314538984 1.0 70.62129725812353 91.61288592947507 1.0
-0.9998223513105807 0.0188484964859766 132.11880536203003 137.90417614241144 305.64094534067635 1.0 137.03236600279246 259.3955981672942 1.0 138.77598628203043 351.8862925140585 1.0
-0.15705556989199929 0.9875897670419126 -48.70148647212784 214.52539834966404 83.4292718656184 1.0 209.4548475177317 82.6229064321644 1.0 219.59594918159638 84.2356372990724 1.0
0.9986148640823238 -0.05261514262873403 -195.4383022951192 197.287150910208 29.94535446543922 1.0 198.10985399824267 45.55993786085098 1.0 196.46444782217333 14.330771070027462 1.0
0.9997266727792875 0.023379044754983293 -426.970706513742 418.90245494169284 350.0035652253781 1.0 418.71221051052584 358.1387321741832 1.0 419.09269937285984 341.868398276573 1.0
-0.7875578462926754 0.6162407311618102 161.24355699297072 238.10953041861794 42.64806046774511 1.0 204.42921148298893 -0.3955069273959744 1.0 271.78984935424694 85.6916278628862 1.0
-0.9998905130897764 0.014797358989488075 133.51987532456428 136.679458408387 212.51214317801595 1.0 136.05974999196073 170.63706486798026 1.0 137.29916682481328 254.3872214880516 1.0
0.9998339067430937 0.01822522775832145 -413.37203637864377 408.4959609015185 271.2681546296301 1.0 407.43617268953545 329.4080145182653 1.0 409.5557491135015 213.12829474099493 1.0
0.49378382983967056 0.8695846878762684 -368.919065031875 88.5253197704857 373.97932384487433 1.0 77.80726566104474 380.06544964765715 1.0 99.24337387992665 367.89319804209157 1.0
-0.2995199035938513 0.9540900520135037 -95.53641123232211 597.2287775833911 287.62307765230645 1.0 586.8756601081345 284.3728972929783 1.0 607.5818950586478 290.8732580116346 1.0
-0.0060908701847368065 0.9999814504781539 -254.488580923162 281.2540723371002 256.20641547319644 1.0 266.879605630907 256.1188608384176 1.0 295.6285390432933 256.2939701079753 1.0
-0.001908444902426366 -0.999998178917369 45.681570782570915 549.9992977076101 44.63200870509859 1.0 593.1253334152681 44.54970489220841 1.0 506.87326199995215 44.71431251798877 1.0
0.9132846212299586 0.4073219864245621 -116.4271619432126 82.32860724055865 101.24106342775659 1.0 80.6225203415481 105.06639812433288 1.0 84.03469413956921 97.41572873118031 1.0
-0.013323984898114417 -0.9999112317733183 92.96684239344262 530.6203960191518 85.90448983947903 1.0 590.6180710560826 85.1050107550244 1.0 470.622720982221 86.70396892393367 1.0
-0.015438817625319795 0.9998808143525568 -316.8090820444583 264.3703076284026 320.9288971278703 1.0 248.1241809311097 320.6780462428478 1.0 280.6164343256955 321.1797480128928 1.0
-0.9983503472590494 0.05741588741572457 191.43781796357794 193.47623962123203 29.943855717246638 1.0 192.43111229908592 11.771129108674948 1.0 194.52136694337815 48.11658232581833 1.0
0.999914893310853 0.013046307337535038 -412.0368651300387 409.5602757488853 192.5024173700965 1.0 409.307525056826 211.87411962622807 1.0 409.8130264409446 173.13071511396492 1.0
-0.9997615223541808 0.021838004030837226 411.955912428883 420.9002499319206 404.98033564884975 1.0 420.2853083555223 376.82781192412295 1.0 421.5151915083189 433.13285937357654 1.0
0.0044267341117258975 0.9999902019645514 -138.17820592480143 165.6275292994999 137.4463635953532 1.0 124.37833763346437 137.62896458831338 1.0 206.87672096553544 137.26376260239306 1.0
-0.0504065668462601 0.9987287810105272 -305.71678193622654 292.51920077673907 320.86956606952515 1.0 281.8897329546263 320.33308910951064 1.0 303.1486685988518 321.4060430295396 1.0
-0.04858638122783474 0.9988189843806452 -334.7088376287583 357.50025377038446 352.4947830920664 1.0 343.12885729425074 351.7957033199706 1.0 371.8716502465182 353.1938628641622 1.0
-0.9999481747864418 0.01018075347228912 153.42112894637538 156.57900975598994 309.38437686058245 1.0 156.43896687067888 295.629439375867 1.0 156.71905264130103 323.1393143452979 1.0
-0.6460470200570093 0.7632976142209917 77.50060864799548 146.73716515574205 22.662850387839143 1.0 120.65617038779666 0.5881725216572553 1.0 172.81815992368743 44.73752825402103 1.0
-0.20977032079750532 0.9777506903666761 -133.36062960562515 100.78215026648144 158.01751419857976 1.0 86.99625248200252 155.05983569298112 1.0 114.56804805096034 160.97519270417843 1.0
0.04076265672108332 -0.9991688575095999 67.26475001500336 461.8530628154997 86.16272136895054 1.0 468.14358882328753 86.41935321883587 1.0 455.5625368077119 85.9060895190652 1.0
0.9997044382208148 0.024311236118408488 -511.7475317396314 507.7652797863683 169.97605315660417 1.0 507.5059410553743 180.64034349192374 1.0 508.0246185173622 159.3117628212846 1.0
-0.10874238205481429 -0.9940699645120783 224.267427962955 550.5300703193197 165.38219903296397 1.0 559.3792852745954 164.41417389599678 1.0 541.680855364044 166.35022416993115 1.0
-0.09773311807743675 0.9952126595009038 -166.4776670386607 84.99992584495789 175.62575511800017 1.0 75.5928920717146 174.7019538241341 1.0 94.40695961820116 176.54955641186623 1.0
0.9998487785614957 0.017390227401765896 -540.294980065771 536.104619944516 245.62247142540076 1.0 535.9522894527779 254.38069249883787 1.0 536.2569504362541 236.86425035196365 1.0
0.9999310931360371 0.011739206948089912 -429.0832074326881 425.7814390281283 283.7591741066274 1.0 425.1870964969357 334.38453402579916 1.0 426.37578155932096 233.1338141874557 1.0
0.9910114114563897 0.13377736117600222 -476.7188408842297 468.13408136472 95.62622590011989 1.0 466.95168058596647 104.3853511688417 1.0 469.3164821434735 86.86710063139809 1.0
0.9995384407973443 0.03037935760370771 -530.005859284454 529.2623430049106 32.515571838687386 1.0 529.0909611755649 38.154358830822325 1.0 529.4337248342563 26.876784846552443 1.0
-0.9999996639688391 -0.0008197940038716425 398.57999001466817 398.3792741806814 245.0002084525187 1.0 398.3961824263296 224.37522231380177 1.0 398.36236593503327 265.62519459123564 1.0
0.037325140659347174 0.9993031741542503 -117.28720844418142 498.7263187513042 98.74098371575857 1.0 469.3456190918123 99.83838716230392 1.0 528.1070184107961 97.64358026921325 1.0
0.9999046651317602 -0.013807992169106833 -68.7814116586708 73.88012731070874 368.748203031799 1.0 74.11323412750221 385.62861480573457 1.0 73.64702049391528 351.8677912578634 1.0
0.015211879426002163 0.9998842926680711 -91.66769154640168 534.3624289984377 83.54870190407527 1.0 478.10643267106923 84.404560366296 1.0 590.6184253258064 82.69284344185455 1.0
-0.9741551383103232 -0.22587998252079608 409.82730037657205 403.43788552340055 74.44754961122447 1.0 404.94070334974754 67.96633028783674 1.0 401.93506769705357 80.9287689346122 1.0
0.011995165689509334 -0.9999280554120287 405.5083459864107 514.3919961728254 411.70818338547934 1.0 561.9001545612072 412.2780926188364 1.0 466.88383778444376 411.1382741521223 1.0
0.9998487176811158 -0.017393727358692816 -36.16970137761819 42.42682360046667 359.36540027847525 1.0 42.88333987034287 385.60745855750025 1.0 41.970307330590465 333.12334199945025 1.0
-0.49289421604100603 -0.8700892435798309 366.7087174651554 88.72226194055065 371.2010349556168 1.0 98.23200380136299 365.81389013820433 1.0 79.2125200797383 376.5881797730293 1.0
-0.08767215699902793 -0.9961493828172246 300.53848317849844 475.5564386731844 259.84599186640037 1.0 481.86756683508503 259.29054282572906 1.0 469.2453105112837 260.4014409070717 1.0
0.5276393257061001 0.8494685055777007 -506.9701500964006 489.07549636075794 293.02403013511935 1.0 483.61584909502443 296.41523838235827 1.0 494.5351436264915 289.6328218878805 1.0
-0.8305536805845236 0.556938581593609 231.4549127322557 493.69806187964457 320.6598277826678 1.0 489.44997564608616 314.3247241045805 1.0 497.946148113203 326.9949314607551 1.0
-0.010203556394534758 -0.9999479423634529 44.2454182399097 582.5018247156371 38.303822027949806 1.0 634.3841776579534 37.774409953880394 1.0 530.6194717733208 38.833234102019226 1.0
0.9972734148328025 0.07379523065700823 -551.9440350620191 536.8041373172238 224.99475637478884 1.0 536.1073861939295 234.41069512624856 1.0 537.500888440518 215.57881762332912 1.0
-0.9999161482358903 0.012949768225772358 190.49178039527834 193.64824918292547 242.49322347613327 1.0 192.63642375254926 164.36513891201324 1.0 194.66007461330167 320.6213080402533 1.0
-0.9998871703399241 -0.015021537525142844 536.3702233540753 532.7593876454364 244.3788968409287 1.0 532.9097271010567 234.37176590516856 1.0 532.6090481898162 254.38602777668885 1.0
0.007225906238484282 0.9999738927987233 -144.5695219547553 276.24604094005923 142.5771162536415 1.0 250.61334676967115 142.76234053404403 1.0 301.8787351104473 142.39189197323896 1.0
0.9999387704562294 0.011065954025037477 -490.9362784959136 488.7391818503236 201.24988027952259 1.0 488.6630315400627 208.1309541968591 1.0 488.8153321605845 194.3688063621861 1.0
-0.996211955821136 0.0869582605565861 499.66646535562865 524.4836951679232 262.54506768850945 1.0 523.9916817501145 256.90845943406407 1.0 524.9757085857319 268.1816759429549 1.0
-0.04685609527051507 -0.9989016499816189 270.0593679358289 355.0271050311311 253.70283859631041 1.0 361.94551680078786 253.37831239194819 1.0 348.1086932614744 254.02736480067261 1.0
-0.05588323996764487 -0.9984373107465079 135.90683457036465 114.28951495872064 129.72268242189563 1.0 136.82386622194136 128.46141889978605 1.0 91.75516369549992 130.98394594400523 1.0
0.9784949531801848 -0.20627076041191067 -295.89964357079185 318.71397619325535 77.37584139616413 1.0 320.4602538064276 85.659729175161 1.0 316.96769858008304 69.09195361716728 1.0
-0.999753455193133 -0.02220425250694587 124.65118198250747 122.83557247765462 83.13245297352013 1.0 122.97462298419674 76.87166016735146 1.0 122.6965219711125 89.3932457796888 1.0
0.04332711069746071 0.9990609398222963 -72.89847495238268 328.1785420279484 58.73460225944159 1.0 314.3731920127428 59.33331041075055 1.0 341.983892043154 58.13589410813262 1.0
0.07061102034324102 0.997503926712114 -138.18772188083372 513.1486355938932 102.20889402396443 1.0 494.4040780599521 103.53577835786055 1.0 531.8931931278343 100.88200969006832 1.0
0.04062964686903661 -0.9991742749867498 130.38362823810866 45.681971029101206 132.34895443145416 1.0 65.67432822622798 133.16190812064883 1.0 25.689613831974423 131.53600074225946 1.0
-0.0033494611874569794 -0.9999943905391439 146.91768123388155 508.74862491130807 145.21446203540967 1.0 541.8732532855687 145.1035117559499 1.0 475.6239965370475 145.32541231486945 1.0
0.7736055585190457 0.6336674520822696 -608.043813343028 521.6490280987928 322.71379086580623 1.0 517.1903125837334 328.1571619825813 1.0 526.1077436138522 317.2704197490312 1.0
0.5054126520601301 0.8628777730000617 -371.8908637108622 51.40064202377369 400.8821871785643 1.0 26.710399372460518 415.3439816631088 1.0 76.09088467508687 386.4203926940198 1.0
-0.921621463744263 0.38809003796269 256.2408924455731 294.8009509293515 39.820634263799946 1.0 278.08186878591124 0.11679378805109053 1.0 311.5200330727917 79.5244747395488 1.0
-0.9744385029556093 0.22465441005604803 468.479565762396 548.4735510824373 293.66964240168886 1.0 546.8423577117987 286.5943411613541 1.0 550.104744453076 300.74494364202366 1.0
-0.8154796072686836 -0.5787858067790828 158.09012759908273 87.51858207577436 149.83178171181157 1.0 90.71600471312111 145.3267767064439 1.0 84.3211594384276 154.33678671717922 1.0
0.941383342601834 0.33733870556430096 -634.2267529200464 590.30086518649 232.78488360436612 1.0 588.4996698660649 237.81133103969418 1.0 592.1020605069151 227.75843616903805 1.0
-0.09950291974056376 0.9950372701377085 -125.55155829493783 230.57647986616223 149.23520527484538 1.0 223.0888554029206 148.48644890322697 1.0 238.06410432940388 149.98396164646383 1.0
-0.908609099595218 -0.4176475836548888 432.73915732974984 441.6968751796018 75.20540883757295 1.0 444.85088134517963 68.34374169432076 1.0 438.542869014024 82.06707598082514 1.0
-0.005087472620240972 -0.9999870587274309 255.15972774000903 331.24861512016514 253.47778980526084 1.0 348.1263579842808 253.39192363933074 1.0 314.37087225604955 253.56365597119097 1.0
-0.1077527011657009 -0.9941777282717086 223.91583343064698 530.0304005203543 167.78048967624127 1.0 540.7328974257515 166.62051302621222 1.0 519.327903614957 168.94046632627033 1.0
0.9999626674592839 -0.008640815222756025 -189.3808951806722 191.5266264691618 247.49760963255574 1.0 192.10450607921112 314.37301680633936 1.0 190.9487468591125 180.62220245877214 1.0
-0.9999949758415763 0.0031699040372401353 404.5962457727977 405.2917018797556 218.75105652836513 1.0 405.139151014407 170.62654010239862 1.0 405.4442527451042 266.87557295433163 1.0
-0.16415949008834735 0.9864338101534912 -311.020038697395 54.98779581162182 324.4483349259018 1.0 50.73069479118587 323.7398803640487 1.0 59.24489683205778 325.15678948775485 1.0
0.4934291697490357 0.8697859819753232 -368.9367252139397 46.16714437997766 397.9789473115058 1.0 26.681171107051476 409.03333058861483 1.0 65.65311765290383 386.9245640343968 1.0
-0.9998226782629599 0.018831145240840536 280.96288556170236 282.3549454485395 71.26450358090207 1.0 282.0838524712522 56.87106637126206 1.0 282.6260384258268 85.6579407905421 1.0
-0.415002331512058 0.9098203475629439 -38.6695974599593 86.77897507838365 82.08551791984246 1.0 79.15476122147798 78.60783517177279 1.0 94.40318893528932 85.56320066791211 1.0
-0.9998083167388545 0.019578809458662916 92.60454957016378 98.85196750202854 318.1230032149565 1.0 98.63150853496921 306.8650812646491 1.0 99.07242646908786 329.38092516526393 1.0
-0.00731435322987681 0.9999732497606266 -160.41187678343778 232.49366008403086 162.11675419898057 1.0 183.11673028635673 161.75558423165046 1.0 281.87058988170503 162.47792416631066 1.0
0.9999276483816326 -0.012029048257363945 -286.7081568718653 287.57850381503323 70.62405560549209 1.0 287.7590169203283 85.62940274667258 1.0 287.39799070973817 55.61870846431161 1.0
0.7537970709371073 0.6571072787959645 -410.69910822387357 535.5587470153589 10.647414257483964 1.0 526.2478821075383 21.328322720812043 1.0 544.8696119231796 -0.033494205844115665 1.0
0.10657894236179283 -0.9943042437026213 237.1587777807312 507.6546162790001 292.93254224100417 1.0 514.5839875345343 293.67529785562056 1.0 500.72524502346585 292.18978662638773 1.0
0.010567071479275056 -0.9999441669415107 37.42907513667818 615.6296293694706 43.93693056819924 1.0 638.1403250538377 44.17481598041429 1.0 593.1189336851035 43.69904515598419 1.0
0.01172345392081511 0.9999312779527235 -89.14340193941842 424.99755838492524 84.16674675838368 1.0 415.6238468790362 84.27664658583112 1.0 434.37126989081435 84.05684693093623 1.0
-0.011092142460150745 -0.9999384802954848 157.71011330815236 230.61292731666208 155.16166736513196 1.0 280.62757202308455 154.60686366959507 1.0 180.5982826102396 155.71647106066882 1.0
0.9994432819496369 -0.033363545461156247 -514.0501016940857 524.7255428928868 311.217434300431 1.0 524.955485274931 318.10562216514984 1.0 524.4956005108427 304.32924643571226 1.0
0.46230224227839367 -0.8867224124743714 8.693306344794959 145.32696977877183 85.5716391844766 1.0 155.96604214069464 91.11843369365582 1.0 134.687897416849 80.02484467529736 1.0
-0.006866323668839722 -0.9999764265217829 147.26658566653694 333.7498514697216 144.9783688063375 1.0 340.62881868934517 144.9311344774228 1.0 326.870884250098 145.0256031352522 1.0
0.999788940065311 0.02054447183750529 -426.3998846524172 419.708915567841 329.99401856163917 1.0 419.4904128287112 340.62737159615807 1.0 419.92741830697076 319.36066552712026 1.0
-0.999959914663812 0.008953717973105912 130.3102910458766 133.035322835471 303.7508029762274 1.0 132.7163594189474 268.12865899918734 1.0 133.35428625199455 339.37294695326744 1.0
-0.00247649045618816 0.9999969334928085 -321.4249193717186 209.37328027629877 321.94441754697516 1.0 196.87180913707223 321.9134576780719 1.0 221.87475141552528 321.9753774158784 1.0
0.7827583389015268 0.622325785164107 -416.4531296533338 498.7441417367511 41.870342434446414 1.0 465.82103964250797 83.28085975694397 1.0 531.6672438309943 0.45982511194885944 1.0
0.18232283022520468 0.9832387225789428 -429.0063111881432 11.112589668947843 434.2589674139767 1.0 0.5046564471352033 436.2260058995725 1.0 21.72052289076048 432.29192892838086 1.0
-0.004581832630163771 -0.9999895033497849 155.8062753697213 319.99984746780643 154.3417096978863 1.0 331.88032540434256 154.28727476503028 1.0 308.1193695312703 154.3961446307423 1.0
-0.06935750492964926 0.9975918687068043 -119.30276311607238 93.09453802733984 126.06314459965614 1.0 88.03210224110065 125.7111791055355 1.0 98.15697381357901 126.41511009377678 1.0
0.999929329561464 -0.011888476889889733 -131.15700966678142 133.70002032508887 213.11073257781277 1.0 134.19065034481713 254.37719179151017 1.0 133.20939030536059 171.8442733641154 1.0
0.9999352756963401 -0.011377364285472214 -131.63879667446702 135.13184373384075 306.24849986871635 1.0 135.6509832842426 351.8747043595747 1.0 134.61270418343892 260.622295377858 1.0
-0.9997475611391248 0.022468066146688323 51.509628734437044 59.514788018379186 355.6218584405048 1.0 58.868363163790875 326.8582938499834 1.0 60.161212872967496 384.3854230310262 1.0
0.9997168245083377 -0.023796445006887327 -91.5585334422009 99.94501385567861 351.23643185446383 1.0 100.25725375266256 364.3539995502799 1.0 99.63277395869466 338.1188641586478 1.0
-0.9988763117668945 -0.047393182958794154 543.327384688616 533.2924172151243 224.38294336056762 1.0 533.6502743158388 216.8406143042539 1.0 532.9345601144098 231.92527241688134 1.0
0.9999989128458842 0.0014745531694719766 -72.5466009535249 72.21490154218321 225.0023443969069 1.0 72.17158658992005 254.37728052663732 1.0 72.25821649444637 195.62740826717646 1.0
-0.9990501053929772 -0.04357621959602688 166.08194695256978 162.7511563923248 79.98369381970465 1.0 163.10725046855543 71.81970374240814 1.0 162.3950623160941 88.14768389700116 1.0
-0.049782544128044504 0.9987600804498241 -402.42540541412654 340.0063603856678 419.87239504503845 1.0 331.87042107586774 419.46686446202716 1.0 348.1422996954679 420.27792562804973 1.0
-0.9606876091146047 0.2776316222869153 487.5419343418006 541.1005573563003 116.29318782007337 1.0 537.5960678856661 104.1666167076819 1.0 544.6050468269345 128.41975893246484 1.0
0.10964898081703311 0.9939703722977793 -211.47217757065332 544.3289803644486 152.7078310127369 1.0 531.7067970061644 154.10023623878217 1.0 556.951163722733 151.31542578669163 1.0
-0.4669940566127051 0.8842604543280274 -10.800207881665923 103.69586447423143 66.97750645363374 1.0 85.39418321906561 57.31205513739512 1.0 121.99754572939725 76.64295776987235 1.0
0.016467618301935615 -0.999864399579994 134.98302383173555 288.0982979847859 139.74626628878931 1.0 311.8624391331456 140.13765816739695 1.0 264.33415683642625 139.35487441018168 1.0
0.49755548070541905 0.867432155053062 -463.8348472337326 554.3836077279207 216.72962398305677 1.0 550.0127000423663 219.23675847413637 1.0 558.7545154134751 214.22248949197717 1.0
-0.7169105154042001 -0.6971651977134862 403.2654566979547 414.8864604033737 151.7990153309982 1.0 418.8871513768787 147.68501561156992 1.0 410.8857694298686 155.91301505042645 1.0
0.03599161036529785 -0.9993520920993323 328.0846852448023 319.4046859006047 339.8007338286875 1.0 338.17535758918757 340.4767585321443 1.0 300.63401421202184 339.12470912523065 1.0
0.07727639464385361 -0.9970097084937777 343.5893208823316 350.00980840982027 371.7484532083081 1.0 359.4251309184811 372.4782175944319 1.0 340.5944859011594 371.0186888221843 1.0
-0.9976848026796956 0.06800760620678167 352.5026258911975 355.1942792719619 27.486756871322246 1.0 353.70138518772717 5.585710460092117 1.0 356.6871733561966 49.387803282552376 1.0
0.9997217960444833 0.02358665965312922 -579.0750113368318 572.0990823208854 302.5052868242524 1.0 571.5236220250599 326.8962013901725 1.0 572.6745426167108 278.1143722583323 1.0
0.017424432630895985 -0.9998481830495525 207.11134647487708 633.1349946485941 218.17648742437257 1.0 638.1443652113982 218.26378611768874 1.0 628.1256240857899 218.0891887310564 1.0
0.9999634101225775 -0.008554438381680386 -467.47340541320557 468.76298341425934 148.74454221049433 1.0 468.82179302621813 155.61903910888415 1.0 468.7041738023005 141.8700453121045 1.0
0.9962990224721071 0.08595497554606031 -600.9383135777357 580.8409068830088 258.8225486314201 1.0 579.8101162095004 270.7703821787564 1.0 581.871697556517 246.8747150840838 1.0
0.9492923492012659 0.31439471329515356 -414.6027856405456 427.7511890541211 27.169205296735115 1.0 418.803615390048 54.185763985638076 1.0 436.6987627181942 0.15264660783215422 1.0
-0.9526764793523707 0.3039860616685774 285.52290529303593 412.7484558884893 354.2690080256043 1.0 405.7203913301413 332.2434198675266 1.0 419.7765204468372 376.294596183682 1.0
-0.019838062201361358 -0.9998032062801634 131.01638303374054 344.9964634248722 124.19676287602627 1.0 426.8888270195732 122.5718573020058 1.0 263.1040998301712 125.82166845004674 1.0
-0.1626393701442467 0.9866855807596879 -126.15085284334043 81.15036031161395 141.2294849024851 1.0 75.47355796143766 140.2937546387924 1.0 86.82716266179025 142.1652151661778 1.0
-0.38593034354406475 0.922527923659745 -149.08800120878504 545.4505847129836 389.79192231584614 1.0 535.159849421129 385.486895980436 1.0 555.7413200048383 394.09694865125635 1.0
-0.5542265673027855 0.8323658523124138 30.158146378044602 108.78284863741848 36.20066623345901 1.0 54.67556008169313 0.17360347134368848 1.0 162.89013719314383 72.22772899557434 1.0
0.0 -1.0 141.875 591.25 141.87499999999997 1.0 625.625 141.87499999999997 1.0 556.875 141.87499999999997 1.0
0.5294027640425716 0.8483706226786059 -377.3548845856072 69.21015660086859 401.6108376142623 1.0 23.909704110150816 429.8793609693556 1.0 114.51060909158636 373.3423142591691 1.0
-0.06635175824028618 -0.9977962939289877 177.18192669662295 346.2200889489876 154.55019826694644 1.0 354.4334535675645 154.00402347472988 1.0 338.00672433041075 155.09637305916303 1.0
0.9964643894191113 -0.08401619260355456 -471.8428124412185 496.7960402554206 276.09856813186155 1.0 497.37602107124803 282.97736389264185 1.0 496.21605943959327 269.21977237108126 1.0
0.03726924060244802 0.9993052605209866 -129.38174841705452 137.47555399704058 124.34452596937413 1.0 96.7905965084357 125.86187760300075 1.0 178.16051148564546 122.82717433574753 1.0
-1.0 0.0 131.87500000000006 131.87500000000003 214.375 1.0 131.87500000000003 180.625 1.0 131.87500000000003 248.125 1.0
0.05565618893314907 0.9984499930559555 -165.99381962667317 46.315206624927335 163.6697810334104 1.0 34.442259558996625 164.33160985777866 1.0 58.188153690858044 163.00795220904214 1.0
0.15801735596828165 -0.9874363347643195 69.76721527293643 196.22107574822036 102.05574506428785 1.0 202.0957025933085 102.99584921954225 1.0 190.34644890313223 101.11564090903344 1.0
0.015416936233398031 0.9998811519761612 -125.71284080717174 300.0073553583013 121.10203927811347 1.0 179.37248798033954 122.96208039821532 1.0 420.642222736263 119.24199815801163 1.0
0.06476028288931537 -0.9979008496639813 113.86604874887657 383.07045388565825 138.96550920439154 1.0 394.354053002109 139.69777541203837 1.0 371.78685476920754 138.23324299674474 1.0
0.10336121568869328 -0.994643885564756 384.4345494453832 41.85122355561044 390.8538004729334 1.0 53.10954322187481 392.02374041244883 1.0 30.592903889346065 389.683860533418 1.0
0.9626238491538416 -0.27084188199065895 -283.023486512978 308.85260960736446 52.7444325208343 1.0 310.71133784157723 59.350708161063785 1.0 306.99388137315174 46.13815688060482 1.0
0.0 -1.0 126.875 465.625 126.875 1.0 498.125 126.875 1.0 433.125 126.875 1.0
-0.022188518868694312 0.9997538045090969 -136.4191655892543 612.4989668422095 150.04655125643345 1.0 596.867795094137 149.69963329752434 1.0 628.1301385902818 150.39346921534255 1.0
-0.5127164759652115 -0.8585579859705543 369.1013723571351 152.26363426101386 338.9791990021203 1.0 158.98208483469114 334.96705263766916 1.0 145.5451836873366 342.99134536657147 1.0
0.9992369172545008 -0.039058714721836675 -5.177859884349428 21.209133854353617 410.02602773714284 1.0 22.06479823282951 431.9164417418496 1.0 20.353469475877723 388.13561373243607 1.0
0.933121390842523 -0.359561496759755 -268.9789593148202 299.5502979561618 29.307452094534504 1.0 303.97125870035853 40.78057442732261 1.0 295.12933721196504 17.834329761746393 1.0
0.999993724239533 -0.0035428070154730346 -246.84592641061178 247.12204173229168 77.49912477332501 1.0 247.1552553396198 86.87400710318549 1.0 247.08882812496358 68.12424244346452 1.0
0.9999088014926024 -0.013505135972191273 -363.5115866984042 363.72190362435333 13.11693800014846 1.0 363.89093041427475 25.63153802183305 1.0 363.55287683443197 0.6023379784638694 1.0
-0.049614574412770236 0.9987684386312172 -304.49172875455645 396.86472974868263 324.58174575956645 1.0 393.06201893238625 324.39284323575026 1.0 400.6674405649791 324.7706482833826 1.0
-0.03958320268826671 0.9992162779223223 -119.42964912141986 511.2341353389302 139.77547865023837 1.0 501.87382436957137 139.40467695844075 1.0 520.594446308289 140.14628034203602 1.0
0.27345763213021534 -0.9618840488487871 45.36327247668732 378.21458142392817 154.68489838049692 1.0 383.66266896102064 156.23375566668906 1.0 372.7664938868357 153.13604109430477 1.0
-0.021074861756885308 -0.9997779004368562 131.24061280741756 206.8625461998189 126.90919972139613 1.0 234.38983866982062 126.32893696194412 1.0 179.3352537298172 127.48946248084816 1.0
0.8762420800776101 -0.48187116234659977 -202.26138650584585 275.6554430095763 81.51455270802732 1.0 278.4922463861377 86.67304046509601 1.0 272.8186396330148 76.35606495095864 1.0
0.0004862538905197341 -0.99999988177857 169.3257465327968 40.6250143344628 169.34552062433897 1.0 53.125619196218516 169.35159909280546 1.0 28.12440947270708 169.3394421558725 1.0
-0.9971112218269922 0.07595532441299098 86.26344115563273 99.69933936662528 173.10029332608775 1.0 99.21877843793128 166.79168101384238 1.0 100.17990029531927 179.4089056383331 1.0
0.0 -1.0 144.375 278.75 144.375 1.0 290.625 144.375 1.0 266.875 144.375 1.0
0.004639452898118339 0.9999892376804893 -176.5061709492671 29.378464637425566 176.37176911569466 1.0 21.87862607134952 176.406564637946 1.0 36.87830320350161 176.33697359344333 1.0
-0.7817373960479 -0.6236077642398696 418.64328887619945 501.47990046834315 42.68339626297271 1.0 535.2618370644971 0.3352975661537272 1.0 467.69796387218923 85.03149495979169 1.0
0.02353046930280688 0.9997231201759764 -152.00066825200503 491.87124818170867 140.4655990360735 1.0 485.6247087003687 140.6126237497648 1.0 498.1177876630486 140.3185743223822 1.0
0.9983148093638579 0.05803052132114811 -332.7408430337501 329.01465176642375 73.76538380461761 1.0 328.32459589818944 85.63660220595432 1.0 329.7047076346581 61.894165403280915 1.0
0.9997291069401634 0.023274723126674376 -578.1341127153047 574.5366140203923 161.2537625408242 1.0 574.2021305092603 175.62097542023525 1.0 574.8710975315245 146.88654966141317 1.0
-0.038410539959034165 -0.9992620429197016 149.25064865791043 245.04580295231054 139.94157793007872 1.0 263.21602849360363 139.24313433446366 1.0 226.87557741101745 140.6400215256938 1.0
-0.08496732489320667 0.9963837381754542 -219.94857588676183 618.7702171389732 273.51292029282257 1.0 611.8919382942823 272.9263702208863 1.0 625.648495983664 274.0994703647588 1.0
-0.13880094334364795 0.9903203007749126 -378.28907719636004 44.89090202872843 388.278394822981 1.0 34.212867501205125 386.7817868423948 1.0 55.56893655625174 389.77500280356725 1.0
0.9999038293692418 -0.013868381763071659 -529.949114065915 531.6817044809925 121.24401238161573 1.0 531.9158311240412 138.124433683921 1.0 531.4475778379436 104.36359107931044 1.0
0.9993672760520068 0.035567507030886535 -582.6632870221817 569.7093294138367 374.3424112603126 1.0 567.9289166640749 424.3680213890366 1.0 571.4897421635986 324.31680113158865 1.0
0.0666984734072884 -0.9977731774532412 199.0043380535208 625.0014603715804 241.228153629046 1.0 638.1928525151907 242.10996298008655 1.0 611.8100682279701 240.34634427800546 1.0
0.4031786932744226 -0.9151212713567143 37.23325275558593 91.84436456610743 81.15093154360864 1.0 105.95804971299381 87.36905510047019 1.0 77.73067941922103 74.93280798674708 1.0
0.0 1.0 -146.875 602.5 146.87499999999994 1.0 590.625 146.87499999999994 1.0 614.375 146.87499999999994 1.0
0.9998629544700569 0.01655512846247506 -457.0332634154763 450.0174427768078 427.51063718047783 1.0 449.92433294124214 433.1340955239118 1.0 450.1105526123735 421.8871788370439 1.0
0.7772785989284258 -0.6291565621114219 -215.98975478909043 518.1002830174231 296.7759037154336 1.0 523.6889524292864 303.6803109678179 1.0 512.5116136055598 289.87149646304937 1.0
0.024077928099461646 -0.9997100846637674 157.07294074632907 33.75466115744035 157.9314698058701 1.0 46.87205198303234 158.24740099231738 1.0 20.63727033184837 157.6155386194228 1.0
0.5325680172370658 0.8463872086794437 -359.08067625100915 122.46741702309204 347.19150263312906 1.0 114.5591142093013 352.16760471272227 1.0 130.37571983688278 342.2154005535359 1.0
-0.07493229106349582 -0.9971886239603697 138.57893681028955 146.86064777734728 127.93400259481302 1.0 153.1689570110919 127.45997385815922 1.0 140.55233854360267 128.40803133146684 1.0
-0.9998543705870251 0.01706568539567496 70.15699824134272 76.1411082327222 350.0018585833069 1.0 75.95962970783044 339.36928848291717 1.0 76.32258675761396 360.6344286836966 1.0
0.9978209260038681 -0.06598029727716648 -507.4349131354734 529.9894774454995 324.33436805546205 1.0 530.9824670149421 339.3513627126892 1.0 528.9964878760568 309.3173733982349 1.0
-0.007382296981994204 -0.9999727504743664 141.15717549019627 345.6239624179191 138.60945379739798 1.0 363.12762250740246 138.4802330591417 1.0 328.1203023284357 138.73867453565424 1.0
0.9999673844324369 -0.008076513564093751 -13.987706483911735 14.9119498282184 114.37571116160163 1.0 15.113896850613493 139.37912806615788 1.0 14.710002805823308 89.3722942570454 1.0
-0.018106853697081222 -0.9998360574860223 130.59900223352824 248.75888173140942 126.11543723800013 1.0 261.9022084496975 125.87741392187831 1.0 235.61555501312134 126.35346055412194 1.0
-0.009978293718851559 -0.9999502155879865 341.7105551992581 283.75145761743295 338.896071553655 1.0 300.63101355844907 338.72763400106726 1.0 266.8719016764168 339.0645091062428 1.0
0.9430431843852278 -0.3326703358951159 -116.33685651206822 176.86279184545523 151.65882997466412 1.0 179.56155289350477 159.3091911221331 1.0 174.1640307974057 144.00846882719514 1.0
0.8015949780898384 -0.5978674527862772 -171.4178607547506 242.43566697003 38.331828052326344 1.0 270.98353759589276 76.60758570095419 1.0 213.88779634416724 0.05607040369850491 1.0
-0.9999869101019805 -0.0051166028469883 324.51248810604613 324.1393714036658 73.75199228491132 1.0 324.2001466294015 61.87410533303508 1.0 324.07859617793014 85.62987923678757 1.0
-0.04566840623514232 0.998956654050586 -364.58332880188453 321.2089225663385 379.64853312323146 1.0 314.3197481152886 379.3335869079181 1.0 328.0980970173884 379.9634793385448 1.0
0.9700909544342249 0.2427417148429469 -687.9060438758258 622.6230264962892 345.6557843945393 1.0 619.2010192331952 359.33146553605013 1.0 626.0450337593832 331.9801032530285 1.0
-0.9990935537833024 -0.04256842478470636 319.54258270007364 308.96730249764533 255.00925861746532 1.0 309.1545030866256 250.61560527791747 1.0 308.7801019086651 259.40291195701315 1.0
0.013660319333487346 -0.9999066934848007 385.63549981148424 52.498105228768736 386.38869327579437 1.0 60.630125971594296 386.49978964198266 1.0 44.36608448594318 386.277596909606 1.0
-0.5263243015813154 -0.8502839111525871 380.79993938119793 88.82784110411701 392.86605752458036 1.0 114.79871721899693 376.7901291748482 1.0 62.856964989237106 408.94198587431254 1.0
0.9336213067851951 -0.35826143459309817 -269.01581974830543 291.5481283346776 8.875431490150394 1.0 294.7470996763416 17.21187944683547 1.0 288.34915699301365 0.5389835334653148 1.0
0.9996240308614908 0.02741891544582479 -479.27940971810466 475.05381152632845 160.62647600862408 1.0 474.8477771024023 168.13796791092977 1.0 475.25984595025466 153.11498410631842 1.0
0.29514145579127854 -0.9554535682456813 42.03411081608835 183.88969649172736 100.79776427074779 1.0 189.55344996727717 102.54730867727079 1.0 178.22594301617758 99.04821986422478 1.0
-0.9996965471448599 -0.024633587368568858 243.4210964077059 241.616261568938 76.2436244095617 1.0 241.8779140114471 65.6250718043448 1.0 241.35460912642893 86.8621770147786 1.0
0.9983112723433263 -0.058091337669646706 -286.6913762994592 302.0184348244064 255.0643905894381 1.0 302.34464678377515 260.6704084446817 1.0 301.69222286503765 249.45837273419448 1.0
-0.9131105218731581 -0.4077121225135806 426.7801855574095 456.3362764924839 24.759455072046713 1.0 467.28083154044305 0.24807113305523654 1.0 445.3917214445247 49.27083901103819 1.0
-0.056563525246215086 -0.9983990022088968 370.7082809312009 538.7234729624272 340.78177303343523 1.0 545.6117724692373 340.3915217389178 1.0 531.8351734556171 341.17202432795267 1.0
0.9851256915735657 0.17183530429368704 -58.59445257492036 44.43283181949851 86.26008759429013 1.0 43.61841613321081 90.92910377510536 1.0 45.24724750578621 81.5910714134749 1.0
0.5653303960818226 -0.8248645605588651 -36.518630870179976 120.36321633458688 38.22003684165346 1.0 175.13853870768065 75.76093285458232 1.0 65.58789396149311 0.6791408287246004 1.0
0.0016899482851133588 -0.9999985720363772 127.9529211396834 166.24981569762005 128.23405784419182 1.0 178.12689421584813 128.25412952132749 1.0 154.37273717939198 128.21398616705616 1.0
0.12008174702176258 -0.9927640072203472 331.1134132949131 325.5757137102795 372.90746954218673 1.0 338.1189924538708 374.42466679546817 1.0 313.0324349666882 371.3902722889053 1.0
-0.02650504678741291 0.9996486795343638 -394.91236730436117 545.6377694729274 409.5183941061241 1.0 534.3791129604722 409.21987801368545 1.0 556.8964259853826 409.8169101985627 1.0
-0.41488152880246665 0.9098754404084813 -38.490927965589584 16.639781301712354 49.89085742396038 1.0 0.355661046487612 42.4656864536814 1.0 32.923901556937096 57.31602839423935 1.0
-0.0647406312865886 0.9979021247901088 -304.48795235805653 374.99471219643436 329.4565053901814 1.0 360.5992068262866 328.5225720091408 1.0 389.3902175665821 330.390438771222 1.0
-0.9980797296399826 0.06194233836221352 454.5576319573089 469.08682773055807 220.01788440711726 1.0 468.81155432253036 215.58239139981774 1.0 469.3621011385858 224.45337741441676 1.0
-0.9996261510259817 0.027341510290784195 14.041783606884616 24.919410311461846 397.50220426786177 1.0 24.628548145209585 386.86806501814266 1.0 25.210272477714106 408.1363435175808 1.0
0.9988115362317695 -0.04873925615284367 -512.408667478241 527.4746169539886 296.2512386228398 1.0 527.8107858036957 303.1403327886643 1.0 527.1384481042816 289.36214445701535 1.0
-0.9999065212995284 0.013672917123858529 6.558890356259289 9.67887252969168 228.12084478766144 1.0 9.200365164784987 193.1273879908551 1.0 10.157379894598376 263.1143015844678 1.0
0.3146554653092108 -0.9492059513883402 63.029621152755126 61.11367391626494 86.66124831530772 1.0 70.49382596239464 89.77070638647668 1.0 51.73352187013525 83.55179024413876 1.0
-0.008681894128614987 -0.9999623116469637 412.1684969105812 294.37177221545886 409.62823056312084 1.0 310.61512138774043 409.4872022101866 1.0 278.1284230431773 409.76925891605504 1.0
0.049932643227700114 -0.998752587551239 192.05093207277093 630.6215639478892 223.81872790452894 1.0 638.1340334043332 224.1943138722683 1.0 623.109094491445 223.4431419367896 1.0
0.27275352186341223 -0.9620839445241278 82.14117791800778 6.756266109624788 87.2938102460436 1.0 13.197330047062191 89.11987010649834 1.0 0.3152021721873832 85.46775038558887 1.0
-0.6679749537984817 0.7441837549274481 87.11680424840036 138.79657268496095 7.519419687909744 1.0 131.53615104350632 1.0025079999073971 1.0 146.0569943264156 14.036331375912091 1.0
0.02535686719538749 0.9996784629499805 -354.0349543703365 324.38250441091344 345.92085665727154 1.0 318.1365229778757 346.079286119916 1.0 330.6284858439512 345.7624271946271 1.0
0.03694750112635955 0.999317207977786 -144.82591420234502 228.1108019127668 136.49098504743284 1.0 209.3402450301729 137.184984075995 1.0 246.88135879536068 135.79698601887068 1.0
0.0248794946244032 0.9996904574653267 -253.0986256888382 621.8799810320938 237.70014434890106 1.0 613.1198523172039 237.91815940910658 1.0 630.6401097469837 237.48212928869555 1.0
0.6947474370349698 -0.7192537790886752 -97.23638014155209 147.28472985085756 7.075817443972937 1.0 154.60011041360468 14.14194909967802 1.0 139.96934928811044 0.009685788267854711 1.0
0.8768454887937314 -0.4807722837082876 -164.22460918760845 192.82908377376344 10.101878149430526 1.0 196.04170754638534 15.961148239809201 1.0 189.61646000114152 4.242608059051852 1.0
-0.9999576681810194 0.00920118720482838 182.0336584012991 184.1576926710443 229.99624858460743 1.0 183.70335037086235 180.61967826468896 1.0 184.61203497122625 279.3728189045259 1.0
-0.07169841801556942 -0.9974263566068748 364.3568167303533 348.05509839930295 340.27756991250374 1.0 356.80481377918585 339.6486104442998 1.0 339.30538301942005 340.90652938070775 1.0
-0.9975411107686651 0.07008375222844293 565.719606409656 589.6824617757737 321.22839881015386 1.0 589.1956810700577 314.29977768984196 1.0 590.1692424814897 328.1570199304657 1.0
0.6292015672859234 -0.7772421680048873 -85.16590256957724 163.4403067737082 22.735506818282857 1.0 171.02760962082888 28.87766307202238 1.0 155.85300392658752 16.59335056454334 1.0
0.9994927144876172 0.031848291730871586 -580.7655572391747 572.5962268647302 265.62806621670757 1.0 572.2374813936951 276.88655027245926 1.0 572.9549723357652 254.36958216095584 1.0
0.0 1.0 -143.125 586.875 143.12499999999997 1.0 555.625 143.12499999999997 1.0 618.125 143.12499999999997 1.0
0.9992695957450368 0.038213544974926926 -625.0757968444887 618.6255039150874 180.62023908586804 1.0 618.3381989909071 188.13315304424583 1.0 618.9128088392678 173.10732512749027 1.0
0.06426306418641224 -0.9979329930317832 291.07399927706894 609.3561896745069 330.9171031646531 1.0 621.8847306967552 331.72389324123816 1.0 596.8276486522586 330.1103130880681 1.0
-0.9994508462219385 0.03313617337972226 1.543592209979562 12.568883063591205 332.5184377123636 1.0 10.227180956553083 261.8881894438303 1.0 14.910585170629327 403.1486859808969 1.0
-0.020999800332648092 0.9997794798784325 -323.02964915639717 306.2597941042609 329.53371249684494 1.0 291.8780113778035 329.23163131618315 1.0 320.6415768307183 329.8357936775068 1.0
0.0 1.0 -83.125 612.5 83.12499999999997 1.0 595.625 83.12499999999997 1.0 629.375 83.12499999999997 1.0
-0.06015435230122591 0.9981890872471106 -339.4071191915172 545.7133187326735 372.9094569132303 1.0 534.4289706037854 372.2294227779074 1.0 556.9976668615616 373.58949104855316 1.0
-0.9996072282820646 0.028024795561224204 635.8504795565555 637.04688641706 33.76270340506614 1.0 636.8888179901267 28.124612601492455 1.0 637.2049548439934 39.40079420863982 1.0
0.007231326178049344 -0.9999738536190367 81.27310978716974 616.8741960724465 85.73617000035475 1.0 638.1230848657826 85.88983166383684 1.0 595.6253072791102 85.58250833687264 1.0
-0.034200419379919494 0.9994149945414256 -174.79392510781568 45.61790592827934 176.45730510849035 1.0 38.10531568595513 176.20022097595253 1.0 53.130496170603564 176.7143892410282 1.0
-0.4145158973063036 0.9100420709397724 -38.42441490743753 55.602607060884125 67.54916220781848 1.0 40.586523521527035 60.70947254828958 1.0 70.61869060024122 74.38885186734737 1.0
0.5569470959792384 -0.8305479710891436 42.42637313992989 98.84161096638519 117.36338504534805 1.0 104.16732708724169 120.93469246017584 1.0 93.5158948455287 113.79207763052025 1.0
0.12243072076041378 0.9924770620090348 -218.71872580773055 522.4601039015581 155.92658474669406 1.0 514.2290611589939 156.94195581586717 1.0 530.6911466441225 154.91121367752092 1.0
0.1927309698993024 0.981251636045349 -473.7578928564085 294.97500499358284 424.87274286559864 1.0 286.79721449937495 426.47897049945414 1.0 303.15279548779074 423.2665152317431 1.0
0.046126199105367985 0.9989356204261073 -260.286436249453 330.0150170086806 245.32521701710246 1.0 321.8785057823366 245.7009232479898 1.0 338.1515282350246 244.94951078621511 1.0
-0.8685657152609358 -0.4955740088758277 427.44078604400556 471.0860042366463 36.869637021994684 1.0 483.418272448603 15.255538686600168 1.0 458.7537360246897 58.4837353573892 1.0
0.052771761156288066 0.9986065998302153 -432.4890462549776 525.6416345227773 405.3147771434284 1.0 516.8830656439536 405.7776271836973 1.0 534.400203401601 404.85192710315954 1.0
-0.08127918639275214 0.9966913734247589 -361.283636668796 288.1469324355676 385.98105206512804 1.0 279.3028433694547 385.2598254318437 1.0 296.99102150168045 386.7022786984124 1.0
0.01849560319540257 0.9998289417007483 -133.09559582674927 453.1316778561181 124.73598924403126 1.0 444.38467112032174 124.8977980885098 1.0 461.8786845919144 124.57418039955272 1.0
0.049955916758947554 -0.9987514237190218 299.9402767702719 581.8727706848966 329.41956992840596 1.0 589.4164206614852 329.7968909928264 1.0 574.3291207083081 329.0422488639855 1.0
-0.8023883236353688 -0.5968022939748329 155.7786300387189 110.74663850492402 112.12560859111346 1.0 116.64090744335984 104.20088608197548 1.0 104.85236956648819 120.05033110025146 1.0
-0.0237766955651171 0.9997172944127772 -461.7542458238928 303.11681903558764 469.09397763918014 1.0 278.0863836160867 468.49866829907177 1.0 328.14725445508856 469.6892869792885 1.0
-0.9999729793795512 -0.0073512251212689795 637.4816190590241 637.4069569046944 12.499316000778345 1.0 637.494284119542 0.6203633402897735 1.0 637.3196296898467 24.378268661266915 1.0
-0.4657184852521989 0.8849329310712747 -14.12370412806419 37.4709337382884 35.68023012932974 1.0 0.35129671839144727 16.145076086536534 1.0 74.59057075818535 55.215384172122945 1.0
-0.04064490259818428 -0.9991736545229682 337.8926368177204 121.1785165137361 333.24272143263715 1.0 126.87037018538317 333.0111852656856 1.0 115.48666284208902 333.47425759958867 1.0
0.14535096646159734 -0.9893801577496284 352.034544197732 376.7951351081073 411.16862720292136 1.0 385.54003390556676 412.45335025084535 1.0 368.05023631064785 409.8839041549974 1.0
0.7764605617872129 -0.6301658480027983 -146.6211450119998 221.58367095308634 40.35419675582547 1.0 236.4664676771676 58.69207517619602 1.0 206.70087422900508 22.016318335454912 1.0
-0.986029366170348 0.1665715733542249 317.8912276257959 335.28600712013883 76.30726662845109 1.0 333.8474730251687 67.79178686611819 1.0 336.724541215109 84.822746390784 1.0
-0.01080272294750794 0.9999416488860334 -366.9175746952232 601.2466567287213 373.4344660680679 1.0 571.8750847566494 373.11715459804304 1.0 630.6182287007933 373.7517775380927 1.0
-0.5461201143875313 -0.8377068823051114 376.7002212064883 42.25913840440424 422.1305365596361 1.0 61.860136896056304 409.3522011245548 1.0 22.658139912752183 434.90887199471734 1.0
-0.26863169976755835 0.9632429651339233 -118.74688729280298 631.0070381808016 299.25511107628705 1.0 623.4013666191689 297.134021638389 1.0 638.6127097424342 301.3762005141851 1.0
-1.0 0.0 306.875 306.875 209.375 1.0 306.875 179.375 1.0 306.875 239.375 1.0
0.03557393818816036 0.9993670471462349 -61.66975878728301 581.8659742803395 40.99644340028502 1.0 569.3595734553406 41.44162711048971 1.0 594.3723751053384 40.55125969008033 1.0
0.41633492708869757 -0.909211322238152 35.34553751904682 38.37378471177452 56.446596213523584 1.0 76.51478406496932 73.91165609169686 1.0 0.2327853585797257 38.98153633535031 1.0
-0.037032050367344804 0.9993140783785598 -125.38868788356355 406.2535396687874 140.52948163639405 1.0 399.38796785647395 140.27506092257127 1.0 413.11911148110084 140.7839023502168 1.0
0.9000187290981565 0.4358512214879515 -426.79456336419696 459.8580937067766 29.628611012347328 1.0 445.4855429385292 59.30746526030846 1.0 474.23064447502395 -0.05024323561380939 1.0
0.9890646509899862 0.14748259613275308 -679.5355006630997 634.8484692490606 350.07060051531573 1.0 632.514875482544 365.72041388146147 1.0 637.1820630155773 334.42078714917 1.0
0.016134983245085964 -0.9998698226847738 140.59594777836514 155.62499054209033 143.12558609781684 1.0 170.6412515803709 143.36790476246654 1.0 140.60872950380977 142.88326743316716 1.0
0.8048584675570601 -0.5934668037908277 -213.82450122158272 314.09004809382134 65.67095802694644 1.0 316.6833594358425 69.18800157395698 1.0 311.49673675180014 62.15391447993591 1.0
0.01902597532642304 0.9998189897490838 -139.82898302608325 372.50505693443944 132.76574296432776 1.0 346.8774437880595 133.2534215745535 1.0 398.13267008081937 132.278064354102 1.0
-0.12106885292997094 0.9926441118800944 -385.09057465344347 358.69597273456765 431.6929698110995 1.0 350.4647319976727 430.68903812775045 1.0 366.9272134714626 432.6969014944486 1.0
-0.21083175716844466 -0.977522363002129 342.9281848705478 86.78771360078743 332.09529622879325 1.0 97.24486911638154 329.8398997736519 1.0 76.33055808519332 334.3506926839346 1.0
0.20805452368849428 0.9781172297699053 -366.6496347613118 185.44557279914724 335.4064670955858 1.0 179.08454886490887 336.75951534433244 1.0 191.80659673338562 334.0534188468392 1.0
-0.14388628631656425 -0.9895942282622852 333.9253071240588 33.32010775788596 332.59187569945584 1.0 40.93181272958298 331.48513929211236 1.0 25.708402786188937 333.69861210679926 1.0
0.9886395018286396 -0.1503061390097531 -219.5423901978528 234.33814512800492 80.72562398903783 1.0 235.3092461718774 87.11304674212344 1.0 233.36704408413246 74.33820123595221 1.0
-0.9999242102370588 0.012311530440779308 619.1091974364506 620.6336174578048 119.99989389786445 1.0 620.4564631536309 105.61168452428674 1.0 620.8107717619786 134.38810327144216 1.0
-0.673570260693454 0.7391231994122174 88.27563946375162 166.18203239237454 32.010408327276565 1.0 150.83087187086468 18.020744354283504 1.0 181.53319291388442 46.00007230026962 1.0
0.05726513837375938 -0.9983590055320953 312.65088661655284 375.67729091743297 334.7133614392743 1.0 390.69956543458665 335.5750280583428 1.0 360.65501640027935 333.85169482020586 1.0
-0.9721813648280371 -0.23422936169723674 411.73409010734247 421.290890642833 9.234269507891865 1.0 423.4205415572399 0.3950406530073969 1.0 419.1612397284261 18.073498362776334 1.0
0.022619674149898978 0.9997441424391305 -319.67808938674654 541.8749938849235 307.499729725907 1.0 530.6166162643738 307.75445573271514 1.0 553.1333715054732 307.24500371909886 1.0
-0.001493577375859228 0.999998884612689 -304.82572909210336 506.8750625405434 305.5831270614437 1.0 494.3750904252106 305.5644573650694 1.0 519.3750346558762 305.60179675781797 1.0
0.9999859268102621 -0.005305297486598918 -634.635547185614 635.2777996389786 119.37352616953204 1.0 635.3573955727041 134.3764197410758 1.0 635.1982037052531 104.37063259798828 1.0
-7.609977162023469e-06 -0.9999999999710442 328.2997310068089 268.7499918016638 328.2976858350146 1.0 279.37500131351993 328.2976049789349 1.0 258.12498228980763 328.29776669109435 1.0
0.9997906290212618 -0.02046211429128998 -369.3256511811582 370.73326405698856 64.9977842245732 1.0 370.9250562143485 74.36885892968628 1.0 370.5414718996286 55.62670951946009 1.0
0.9998154769815965 0.01920968474657506 -405.75880567130974 401.6666682539572 216.8830055430094 1.0 401.3783455197012 231.88947420076192 1.0 401.9549909882132 201.87653688525685 1.0
-0.02190963822734042 -0.9997599550655882 145.11313939691087 211.88605650367953 140.50451995177391 1.0 226.89254625680178 140.17565424767434 1.0 196.8795667505573 140.83338565587349 1.0
0.9999249186692722 -0.012253857525257367 -243.17533621998064 245.88204262107985 219.37950923585606 1.0 246.26504076576148 250.63247491477912 1.0 245.49904447639818 188.12654355693303 1.0
-0.10535194667087941 -0.9944349990485332 483.45583059977037 276.87015593592577 456.8292760527428 1.0 286.8901226879866 455.76774563203446 1.0 266.8501891838649 457.89080647345116 1.0
0.470839571048731 -0.8822188494555345 6.840997817652603 49.486857974565076 34.16541011059577 1.0 98.33329331540877 60.23471783093779 1.0 0.6404226337213803 8.09610239025376 1.0
-0.16718646670640502 -0.9859252940006297 433.0801062893535 11.329103561562196 437.34148633544396 1.0 22.06920425925946 435.5202535314524 1.0 0.5890028638649292 439.1627191394356 1.0
0.9885440087589508 0.15093290809754986 -614.1775408060413 578.4413226230045 280.6732967808859 1.0 577.0788373234241 289.5969748369125 1.0 579.803807922585 271.74961872485926 1.0
0.9999999983642679 -5.719671477632278e-05 -593.5434565389992 593.5619391969387 323.1249750085133 1.0 593.5624396681923 331.874974979888 1.0 593.5614387256853 314.3749750371386 1.0
-0.08338087030603404 0.996517752208664 -316.9593728327663 86.79515113769709 325.32930532790624 1.0 78.00212122429255 324.5935728382625 1.0 95.58818105110163 326.06503781755 1.0
0.0 1.0 -409.375 516.875 409.37500000000006 1.0 504.375 409.37500000000006 1.0 529.375 409.37500000000006 1.0
0.47281886832391473 -0.8811596437405044 6.793754843982995 121.13701120456251 72.71056936049801 1.0 134.1921403508886 79.7157828114743 1.0 108.08188205823643 65.70535590952173 1.0
0.0 -1.0 105.625 448.125 105.625 1.0 460.625 105.625 1.0 435.625 105.625 1.0
-0.9999535197349202 -0.009641492091192165 25.962955412855685 24.873429509969952 113.12377961489757 1.0 24.994000658352093 100.61891594204933 1.0 24.752858361587812 125.62864328774582 1.0
-0.9992250401286632 0.03936139199611004 89.90421847503417 102.5300722377545 318.74881539684156 1.0 102.06204961236719 306.86763175679204 1.0 102.99809486314182 330.62999903689115 1.0
0.6920346206446193 -0.7218643112311743 -97.08169139393505 180.33750648732178 38.39794552073185 1.0 190.55739639156783 48.19551761686746 1.0 170.1176165830757 28.60037342459624 1.0
-0.5599167335549071 -0.8285488829786707 376.91710933805143 160.67843469009077 346.3290711370705 1.0 174.46695174939967 337.01106758770953 1.0 146.88991763078187 355.64707468643155 1.0
-1.0 0.0 244.375 244.375 206.875 1.0 244.375 189.375 1.0 244.375 224.375 1.0
-0.9743867726825362 -0.22487867222418328 410.6859355156092 412.1255389977114 40.538578164897935 1.0 414.7486580928566 29.172749097157514 1.0 409.50241990256615 51.904407232638356 1.0
0.9976569777509209 -0.06841457991465454 -507.0091474052255 535.2857522784323 394.9804044651372 1.0 535.8432436747808 403.1100338847297 1.0 534.7282608820836 386.8507750455447 1.0
0.0038106815033976836 0.9999927393268812 -407.36972337523594 490.62453529833937 405.50305375858363 1.0 476.87473496612523 405.55545024881883 1.0 504.3743356305535 405.4506572683485 1.0
0.7265432810828597 -0.6871207031616444 27.52215912385308 105.98777167879649 152.1229996899644 1.0 111.13964492118421 157.5704543686321 1.0 100.83589843640877 146.67554501129663 1.0
0.999954975557291 -0.009489302304053848 -70.1099181682545 72.78197973499346 281.24139300758594 1.0 72.88279903243696 291.8654362597174 1.0 72.68116043754996 270.6173497554545 1.0
0.2503851623326274 -0.968146306342003 365.1449426084348 329.99890343942707 462.5042399919324 1.0 340.7153227823009 465.2757553912197 1.0 319.2824840965532 459.7327245926451 1.0
0.0 1.0 -113.125 447.5 113.125 1.0 435.625 113.125 1.0 459.375 113.125 1.0
-0.8984459360254273 -0.43908416054259325 468.82853690409047 488.5707395823704 68.03739271408847 1.0 491.6388072675724 61.75956902804522 1.0 485.50267189716834 74.31521640013173 1.0
-0.999967020609316 0.008121434216185773 12.177300942263134 15.578668351310306 418.7503762918468 1.0 15.48222950059253 406.8761595394598 1.0 15.675107202028084 430.62459304423385 1.0
-0.821694022007108 0.569928885210938 225.68725823531707 572.9798005144505 430.1007107009617 1.0 570.1189093629379 425.97602564320954 1.0 575.840691665963 434.22539575871394 1.0
0.6567109194092066 -0.754142405868225 -82.23996772495411 154.49656946611523 25.48539414459753 1.0 169.21820040008586 38.30506283133649 1.0 139.7749385321446 12.66572545785857 1.0
0.11203515991059258 0.9937042431950304 -353.696452584926 201.88078422558584 333.17630362212014 1.0 193.10145088258977 334.16612933910454 1.0 210.66011756858188 332.18647790513575 1.0
0.9936213039940622 0.11276836546274634 -635.7489749194285 605.0022792198595 306.87525867390025 1.0 604.153963402151 314.34991404849444 1.0 605.850595037568 299.40060329930606 1.0
-0.4632082865405832 0.8862494475485652 -10.854055468253929 69.96573418641057 48.815560265750506 1.0 59.311290306297494 43.24689479870712 1.0 80.62017806652364 54.3842257327939 1.0
-0.0021306126625564433 0.9999977302422651 -134.3352523947348 592.5000576368369 135.59794829459318 1.0 566.8751739617888 135.54335146903702 1.0 618.124941311885 135.65254512014934 1.0
-0.1079332155982299 0.9941581468612658 -390.80248231880176 420.623380549048 438.76491654212646 1.0 414.37912623947915 438.0869937702086 1.0 426.8676348586169 439.44283931404425 1.0
-0.8581842895141805 -0.5133417236413198 421.9849277134882 487.35669893781755 7.291566461829644 1.0 491.8136612535617 -0.1594059843549056 1.0 482.8997366220734 14.742538908014193 1.0
0.06616474996744257 -0.9978087120594537 397.0115517114507 541.2484323072656 433.7736418556559 1.0 553.1127085918417 434.56036266138375 1.0 529.3841560226894 432.9869210499281 1.0
0.0 -1.0 174.375 255.0 174.37500000000003 1.0 264.375 174.37500000000003 1.0 245.625 174.37500000000003 1.0
0.04704101609938165 -0.9988929586318734 406.77767009551405 486.2440073526584 430.1272509339607 1.0 494.3803959752865 430.510419105165 1.0 478.1076187300303 429.7440827627563 1.0
0.11988242745438853 -0.9927880960142719 65.45267640349054 31.752750232957393 69.76239285888329 1.0 39.36812022279849 70.68197382889154 1.0 24.137380243116297 68.84281188887503 1.0
-0.03376232879453806 -0.9994298900645154 183.88611386165445 291.2635688166482 174.15166307879883 1.0 298.1518214649317 173.91896696570163 1.0 284.37531616836475 174.38435919189607 1.0
