line_hom_a line_hom_b line_hom_c centroid_x centroid_y centroid_z point1_x point1_y point1_z point2_x point2_y point2_z
-0.06572299220514677 0.997837906824351 -235.2947085332074 224.3777485676473 250.58326993117726 1.0 206.78938779004372 249.42480552490247 1.0 241.96610934525089 251.74173433745204 1.0
0.3157529822082592 -0.9488414273347211 160.82960254311752 565.9320543222118 357.8304305033562 1.0 577.7466156298664 361.7620494851002 1.0 554.1174930145572 353.89881152161223 1.0
-0.1489385409371204 0.9888464547256675 -216.2108817878422 202.80930594369698 249.19642754034027 1.0 199.47748181891532 248.69459328545412 1.0 206.14113006847865 249.69826179522644 1.0
0.3295224768054903 -0.9441477306438729 217.39868910733117 305.4143291457549 336.8536140868948 1.0 309.3404812205649 338.22390319951506 1.0 301.4881770709449 335.4833249742746 1.0
-0.9989053841157943 0.04677642124486802 443.2877865548876 457.44013785107995 291.8485359057986 1.0 456.50289842847604 271.8338900536992 1.0 458.3773772736839 311.86318175789796 1.0
-0.04034423916996024 0.9991858397544457 -238.2114700987318 121.29328252995415 243.30304296403352 1.0 109.38722172374246 242.82231060612108 1.0 133.19934333616587 243.783775321946 1.0
-0.9993498580292088 0.03605358868407221 395.0827933857734 401.74447903588316 177.52725696297807 1.0 398.4751847405386 86.90746267460351 1.0 405.01377333122775 268.14705125135265 1.0
-0.0736849114105276 0.9972815719897881 -233.33073418646228 249.52071861067355 252.40278503307053 1.0 242.06143960694538 251.85165050094488 1.0 256.9799976144017 252.95391956519617 1.0
-0.9938595833891071 -0.1106486715041383 15.963177973148412 2.65368121292997 120.43336162350525 1.0 4.74621233226269 101.63799717657669 1.0 0.5611500935972499 139.22872607043382 1.0
-0.04439458525117373 -0.9990140743755197 384.00565957758454 528.7339375177692 360.88854497733774 1.0 544.3558617899574 360.1943316857757 1.0 513.1120132455808 361.5827582688998 1.0
0.9987653642144784 0.04967642545031315 -91.58155136442964 78.51173222854422 265.0503213691901 1.0 77.2357184402914 290.70511364569444 1.0 79.78774601679706 239.3955290926858 1.0
-0.004688461593993973 0.9999890091035408 -269.33351533171293 414.38072324433836 271.2793050406884 1.0 394.37823262149095 271.1855231008714 1.0 434.3832138671857 271.3730869805055 1.0
0.9969062678952492 -0.07859957398844877 -390.72827006206273 420.08534199990623 356.9668257067867 1.0 420.57893073281934 363.2271866303188 1.0 419.5917532669931 350.7064647832546 1.0
-0.169090689393449 -0.9856004965301347 442.0473957415691 498.9274158229423 362.9091262656831 1.0 507.02842840965195 361.5193077663071 1.0 490.82640323623264 364.2989447650591 1.0
-0.0124122686388656 -0.9999229648264093 339.44194872920343 294.35407398898093 335.81421639436195 1.0 301.8451614355992 335.72122784118795 1.0 286.86298654236265 335.90720494753594 1.0
-0.010019119642972543 0.9999498073611394 -308.65681280296417 469.38501594963134 313.3753665729844 1.0 453.13664716945567 313.2125640506845 1.0 485.63338472980695 313.53816909528433 1.0
-0.016771416310935698 0.9998593499062381 -316.31619005769824 241.26413028578196 320.40759658611853 1.0 229.3819898297112 320.2082882291256 1.0 253.14627074185273 320.6069049431114 1.0
0.9999992607634387 0.0012159245766594393 -258.1083461070277 257.8934704341237 176.8747184773025 1.0 257.80227800637914 251.87308768726203 1.0 257.98466286186823 101.87634926734297 1.0
0.11920069252144126 0.9928701802866319 -269.51585310935866 193.06763609949917 248.27219315989345 1.0 186.83247187318784 249.0207662447923 1.0 199.30280032581052 247.52362007499462 1.0
-0.13084019418923787 0.9914034716423594 -221.90064769747897 175.68949144959475 247.0113348201927 1.0 168.23681298349234 246.02776967681126 1.0 183.14216991569714 247.99489996357417 1.0
0.00592372240120327 0.9999824546025362 -361.861201493191 478.7479653480907 359.03153079723995 1.0 474.36571434588774 359.0574904911425 1.0 483.1302163502936 359.00557110333733 1.0
0.08591149530795723 0.9963027727422777 -403.0723646291695 325.6454912426093 376.487633878393 1.0 315.6658029297537 377.3481854788918 1.0 335.62517955546485 375.6270822778942 1.0
0.5976717892264891 -0.8017408760708207 90.86855226750403 336.42848889641846 364.13556784549144 1.0 343.24354888839906 369.2159737729711 1.0 329.61342890443785 359.05516191801183 1.0
-0.22520376436736206 0.9743116875593609 5.629226004582338 352.93977514639596 75.80134868171407 1.0 307.8907049838606 65.38864368043667 1.0 397.9888453089314 86.21405368299148 1.0
0.019404802523517162 0.9998117090927788 -240.34419044859945 90.61055705119601 238.63084250030045 1.0 84.33865902998257 238.75257036309947 1.0 96.88245507240946 238.50911463750145 1.0
0.9662720343252214 0.2575235051038997 -333.8310847302472 241.5242178176428 390.0730824561332 1.0 240.08305643879856 395.4805653061547 1.0 242.96537919648702 384.66559960611175 1.0
0.030109350291095148 -0.9995466107316098 308.4034478859928 239.99555005048782 315.7727259359567 1.0 251.89740412020376 316.1312455782136 1.0 228.09369598077188 315.41420629369986 1.0
0.056452910755211964 -0.9984052628403279 350.66893988924403 366.21122449268785 371.93576925532915 1.0 370.6075084709825 372.18434870129 1.0 361.81494051439313 371.6871898093683 1.0
0.14591568798704183 0.9892970292077442 -440.2846703594916 557.4559612702055 362.8264208331077 1.0 549.1430689061106 364.0525252008126 1.0 565.7688536343005 361.6003164654027 1.0
0.9721090479915254 -0.2345293133341973 -139.64659516545854 241.56784827802352 405.8498892793767 1.0 244.0196164494283 416.0123120022198 1.0 239.11608010661874 395.6874665565337 1.0
0.9818073445471222 0.189879799329282 -201.90158670670624 132.3970472481347 378.73008912036244 1.0 131.5138343196857 383.29689898119653 1.0 133.28026017658365 374.1632792595283 1.0
0.9984383471645396 -0.05586471973743547 -398.88790372467906 421.78995417254714 398.1647285533594 1.0 422.8377324351065 416.89107322279636 1.0 420.74217590998774 379.43838388392237 1.0
0.0790348730490173 0.996871851765374 -427.43437949943404 335.6479536875261 402.1645163123098 1.0 314.43220749931794 403.84656180657845 1.0 356.8636998757343 400.4824708180411 1.0
0.6715525798460208 -0.7409569032691131 139.58469758128868 191.67012981123972 362.10104332883475 1.0 198.211433889035 368.02963325035313 1.0 185.12882573344444 356.1724534073164 1.0
-6.885822321269691e-05 0.9999999976292725 -359.0121482626964 345.62498031011245 359.03594823591527 1.0 341.8749372915035 359.0356900146154 1.0 349.3750233287214 359.0362064572151 1.0
-0.3756643972325264 0.9267557718471047 -226.95695878666558 280.44341530042664 358.57296544375356 1.0 275.27866112613526 356.47941035331985 1.0 285.60816947471807 360.6665205341873 1.0
0.04576296068032477 -0.9989523269054289 356.2038842871107 210.56893540514312 366.22382504664665 1.0 223.07132918305132 366.7965716527242 1.0 198.06654162723493 365.6510784405691 1.0
0.06579861591276091 0.997832922960535 -366.467663178043 75.65137562873024 362.2749851721153 1.0 69.34636470877672 362.69074715220404 1.0 81.95638654868375 361.8592231920266 1.0
-0.029364709259041503 -0.9995687639427975 388.453039076317 326.2584022222568 379.03600994620797 1.0 351.8796511685024 378.2833248350883 1.0 300.63715327601113 379.78869505732763 1.0
0.022689830184250054 -0.9997425526635394 369.6361275306758 477.48710420253406 380.5682051109478 1.0 484.37274225029415 380.7244793013358 1.0 470.6014661547739 380.4119309205599 1.0
-0.020708194215101308 0.999785562354423 -315.62293893544427 169.39158706938116 319.19918113975484 1.0 155.63454362636216 318.9142365094556 1.0 183.14863051240016 319.4841257700541 1.0
0.9987099212108833 -0.0507788664205015 -467.2849555389622 477.198623735356 183.10854552600395 1.0 478.2827288192858 204.4305359381162 1.0 476.1145186514262 161.7865551138917 1.0
0.14616908588204838 0.9892596212988815 -375.4496479485957 52.053732558032706 371.83464635994153 1.0 45.57576838209197 372.79180470501854 1.0 58.53169673397344 370.8774880148646 1.0
-0.006033802421498221 -0.9999817964484845 357.29415586766777 169.3751729625531 356.2786650759382 1.0 180.62853444423746 356.2107632801262 1.0 158.1218114808688 356.3465668717502 1.0
0.9947910085283432 -0.10193551565162022 -457.60189008670227 475.77082347607086 153.92718746863238 1.0 476.50045105443024 161.04763954940543 1.0 475.0411958977114 146.80673538785933 1.0
0.023003771372344536 -0.9997353782389862 310.39380482195 168.72162367643125 314.3582245055311 1.0 181.83967827427853 314.66006910900046 1.0 155.603569078584 314.0563799020618 1.0
0.09127709834420508 -0.9958255325697682 320.87600023046446 333.1586089187898 352.75832949819676 1.0 338.11695137537913 353.212809823547 1.0 328.20026646220055 352.3038491728466 1.0
0.028273732962368403 -0.9996002180994024 335.53052245974874 510.63961834320037 350.10817758143867 1.0 530.6589583007324 350.6744254291215 1.0 490.6202783856683 349.54192973375575 1.0
-0.023108871759093 -0.9997329543663257 357.6274047800764 266.2284810477372 351.5690499326463 1.0 274.36358132350847 351.38100672750926 1.0 258.0933807719659 351.75709313778333 1.0
0.9438345067207145 -0.3304185586846862 35.704304473005074 87.08094080664875 356.80290402976084 1.0 88.91318405319457 362.03667300351333 1.0 85.24869756010293 351.5691350560083 1.0
0.18747103626618722 0.9822701311560288 -421.7689049788757 361.7030401016704 360.3490017698204 1.0 352.9152862604196 362.026187369603 1.0 370.49079394292124 358.6718161700378 1.0
-0.01702194614980991 0.9998551161789757 -292.96787986574464 383.1223141483389 299.53276471744255 1.0 373.12521161484614 299.36256991799047 1.0 393.11941668183164 299.7029595168947 1.0
0.9979363027981933 -0.06421164658745679 -464.6627254237722 474.4279690835484 136.8313764630388 1.0 474.75094170923217 141.85081024349648 1.0 474.1049964578646 131.8119426825811 1.0
-0.006198593655410799 -0.9999807885338073 354.9629769355951 341.26769345704247 352.85437602605106 1.0 345.63865131172093 352.8272817139035 1.0 336.896735602364 352.8814703381986 1.0
-0.32073821761652876 0.9471678815079048 -261.2975180539649 340.63476975358356 391.2211490670697 1.0 335.199781843225 389.3807062383279 1.0 346.06975766394214 393.0615918958115 1.0
0.9988384407965002 -0.04818474019040264 -455.47201127594025 468.33274879609945 255.61497803713183 1.0 470.98563561097563 310.60760265873984 1.0 465.67986198122327 200.62235341552386 1.0
-0.12131779486649413 0.992613717741565 -342.25268867185827 305.66677060338947 382.15823584274364 1.0 296.8197624663556 381.0769496392919 1.0 314.51377874042333 383.23952204619536 1.0
0.9986616001528956 0.05172048317695792 -98.48824121202256 82.14722739319606 318.0743613535823 1.0 80.9817302716919 340.57873774064365 1.0 83.31272451470022 295.56998496652085 1.0
-0.9960464321965102 0.08883414269639076 607.9264274969591 625.3866343018769 168.71551734373617 1.0 621.3150752460466 123.06345443254752 1.0 629.4581933577072 214.3675802549248 1.0
-0.9986410684459384 0.05211541435270824 447.9918882045772 469.27890059005665 396.2223986182091 1.0 467.87171459996387 369.25775220596364 1.0 470.6860865801495 423.18704503045467 1.0
-0.0676364324026974 -0.9977100345350023 420.19337939392994 347.4645863509266 397.6026106340198 1.0 356.88105059454796 396.9642527692691 1.0 338.04812210730523 398.2409684987705 1.0
0.5871202908886254 0.8094996998312327 -233.62086642349627 282.77578314054676 83.50523957433532 1.0 259.07989752975567 100.69157732785364 1.0 306.47166875133786 66.318901820817 1.0
0.6838067720558072 0.7296631404220836 -446.4857452420582 262.015388147656 366.35788987398587 1.0 251.99274975471704 375.7506461025568 1.0 272.0380265405949 356.9651336454149 1.0
-0.021863318977585863 -0.9997609690737503 362.16021076311745 291.8802222703963 355.86380281477625 1.0 303.12484471733325 355.617899268884 1.0 280.63559982345936 356.1097063606685 1.0
0.4487355994276467 0.893664568955439 -338.07715880253244 628.5355379251527 62.69789513486298 1.0 621.5410912900937 66.21001513209693 1.0 635.5299845602116 59.18577513762904 1.0
-0.03255830313973914 -0.9994698379124108 329.47678518777013 364.40450917223245 317.7808680810706 1.0 374.3939087411991 317.4554576614528 1.0 354.4151096032659 318.10627850068835 1.0
0.034116775880873175 -0.9994178533543886 332.6889593133575 544.4102601697354 351.4670875328645 1.0 549.468372113217 351.63975452192915 1.0 539.3521482262537 351.2944205437999 1.0
0.03229388050110324 -0.9994784166164773 366.4024168441179 548.1676396873723 384.3053243661424 1.0 585.7092237268282 385.5183204735486 1.0 510.62605564791653 383.0923282587362 1.0
0.06265373423177184 -0.998035324819124 332.88750604510216 476.89190672461615 363.48068630943 1.0 483.23461735952463 363.87886310392435 1.0 470.54919608970766 363.0825095149357 1.0
-0.013609355766355217 -0.9999073884293609 382.30389932007097 68.73507979158845 381.4037815688172 1.0 91.86430176440136 381.08897860399316 1.0 45.60585781877554 381.7185845336412 1.0
-0.07280433393926164 0.9973462432674324 -295.0260295775635 360.65143313863916 322.13789255263913 1.0 355.63255353824843 321.77152411349937 1.0 365.6703127390299 322.5042609917789 1.0
0.3718395618273375 0.928297010799913 -259.32783689037814 541.8075896335242 62.331710102634645 1.0 530.1714433158029 66.99269629326334 1.0 553.4437359512456 57.67072391200595 1.0
0.02378519340583838 0.9997170922689311 -245.48794104202335 165.05366189776916 241.6304668985902 1.0 155.68396566738184 241.8533900022534 1.0 174.42335812815648 241.40754379492705 1.0
-0.9976793786491531 -0.06808713107658314 189.5713771898158 170.51439536192373 285.7027586096451 1.0 170.859835816829 280.6410264884532 1.0 170.1689549070185 290.764490730837 1.0
0.04410219930122189 -0.9990270246678993 343.39945446514747 570.6173237213524 368.92388724234513 1.0 578.1302732470716 369.2555475369537 1.0 563.1043741956331 368.59222694773655 1.0
0.9997315012266975 0.02317165196989046 -365.8517250552427 358.18569713557156 334.9869206586327 1.0 358.0550560111073 340.6233788469544 1.0 358.3163382600359 329.3504624703111 1.0
0.4743225558555563 0.8803511305193245 -309.91134819428873 505.7218257898084 79.55471039426438 1.0 498.8652639465629 83.24894309883464 1.0 512.5783876330539 75.86047768969411 1.0
0.0477629427577057 0.9988586993659934 -355.0179250957599 536.2693899845822 329.7804996125068 1.0 518.1261029849344 330.64806654559834 1.0 554.4126769842298 328.9129326794152 1.0
0.9968374370069213 -0.0794677556086256 -470.6113062016657 481.72155109570724 120.63723292742833 1.0 482.224547712344 126.94678394357612 1.0 481.2185544790704 114.32768191128055 1.0
-0.3776527276695556 0.9259473080492995 155.30625416425355 567.5065983861941 63.73382175610978 1.0 553.6519050840268 58.0831085123816 1.0 581.3612916883616 69.38453499983797 1.0
0.1618100278901893 0.9868219266281918 -347.7133473465961 17.009084885158156 349.5677361219744 1.0 11.840601654280356 350.4152166989371 1.0 22.177568116035957 348.7202555450117 1.0
0.043874676381762644 0.9990370427428582 -363.69322533836913 545.0047793640456 340.1088272807051 1.0 538.1156183843956 340.4113783329605 1.0 551.8939403436957 339.80627622844963 1.0
0.7713969199568159 0.6363542974484716 -339.4170461086894 137.35949827067543 366.8685088667619 1.0 133.69334016651416 371.3126731962308 1.0 141.02565637483673 362.424344537293 1.0
0.999993269687606 -0.0036688662405213513 -221.5039447586546 222.89961714791258 380.0008269051025 1.0 222.9385985893591 390.6256838864454 1.0 222.8606357064661 369.3759699237596 1.0
-0.998470671229529 0.05528398225936509 259.85191025858103 279.0397683028582 339.3589559176087 1.0 278.76186092930044 334.33973786428425 1.0 279.317675676416 344.3781739709331 1.0
0.5281614930231605 0.8491439437972492 -256.60947123364457 65.40280402963131 261.517767666581 1.0 52.465491148496106 269.5646842546591 1.0 78.34011691076651 253.4708510785029 1.0
-0.8106150214257212 0.5855794455400374 417.63673372891384 564.109518380975 67.69178102448214 1.0 560.1535588963688 62.215563908603 1.0 568.0654778655813 73.16799814036129 1.0
-0.32443629168819355 0.9459075497296833 -295.7299209717584 191.2152627634096 378.22627786314104 1.0 185.4151272730489 376.2368926950879 1.0 197.01539825377034 380.21566303119414 1.0
0.9990756052146018 -0.04298761525226772 -468.8905034774351 486.6421427507604 402.48312712110504 1.0 487.52909768825197 423.0968558839659 1.0 485.75518781326883 381.8693983582442 1.0
-0.05192259393657888 -0.9986511123705301 410.20687821644003 188.6370818028448 400.95319241785853 1.0 213.07599927164773 399.68254647127753 1.0 164.19816433404185 402.22383836443953 1.0
-0.9999985640043573 -0.0016946944335682682 194.74891847657076 194.1761793283794 338.12466305923067 1.0 194.19100788337934 329.37468818913635 1.0 194.16135077337944 346.87463792932493 1.0
-0.023312699159448096 -0.9997282220973364 361.8122846537622 235.0042107683762 356.43057214025737 1.0 240.64072015950373 356.29913417057685 1.0 229.36770137724864 356.56201010993783 1.0
0.018834295671451246 -0.9998226189212566 341.30767751685045 266.8604902938643 346.39525085734203 1.0 275.6073864002967 346.56002171205 1.0 258.1135941874319 346.23048000263407 1.0
-0.9993554869465487 0.03589722426353122 398.80963030628254 413.210371756557 393.7469334144547 1.0 412.7379135877246 380.59400381997875 1.0 413.68282992538934 406.8998630089306 1.0
-0.05314551439128232 -0.9985867785526132 394.6929423288865 600.6335348393493 363.28536683112316 1.0 608.1786895066131 362.8838082139194 1.0 593.0883801720855 363.68692544832686 1.0
-0.9968049605172086 -0.07987409272277436 517.6684928265216 489.4826209787336 372.45854236129 1.0 490.0419631176939 365.47811855006654 1.0 488.92327883977333 379.4389661725134 1.0
0.9999149817678805 0.01303952591696715 -139.09644101857322 135.36717326340352 286.87978817236615 1.0 135.26927886523447 294.3866619639198 1.0 135.46506766157253 279.37291438081246 1.0
-0.04816282780235769 0.9988394976261604 -283.19419362572245 177.52010593344698 292.0830269654032 1.0 171.87808717539133 291.81097567132866 1.0 183.16212469150267 292.35507825947764 1.0
0.10712963670080339 -0.9942450608076229 326.52976921726724 501.1243829825419 382.41582211055123 1.0 510.4583590614551 383.42155551142497 1.0 491.7904069036286 381.4100887096775 1.0
-0.018866099375568726 -0.9998220193086124 371.15592977639176 236.27148637398193 366.76368528913065 1.0 246.89270462085943 366.56326865990525 1.0 225.65026812710445 366.9641019183561 1.0
-0.9998617092330782 0.016630165648833725 219.32416911540213 225.6746541731691 379.9887788375613 1.0 225.4978102470019 369.3563248970058 1.0 225.8514980993363 390.62123277811685 1.0
0.18593645360261485 -0.9825617717078569 291.8115774030146 323.49772662994803 358.2081122791162 1.0 330.36340918619317 359.50734933761754 1.0 316.63204407370284 356.9088752206149 1.0
-0.27495851670522703 0.9614560905684988 -309.04346382870796 200.11405775625477 378.6616278086749 1.0 194.83116733444865 377.15081964120344 1.0 205.39694817806088 380.17243597614635 1.0
0.991620886520735 -0.12918210950372178 -474.29447761313014 491.73900821749254 103.14271615097894 1.0 492.5813512482115 109.60866523700176 1.0 490.8966651867736 96.67676706495614 1.0
-0.9962489609283214 0.08653327596502877 549.1063342549477 568.0083523689209 193.81441883670243 1.0 567.1954659302725 184.45573848137286 1.0 568.8212388075693 203.17309919203197 1.0
0.007394801935344175 -0.9999726580783782 349.97062502332597 319.99651274021505 352.3465696873326 1.0 328.1210684400628 352.406650810279 1.0 311.87195704036736 352.2864885643862 1.0
0.9997846686419616 0.02075129751324003 -378.6201057355138 371.813089363067 331.88668735155284 1.0 371.63128547315273 340.6458862266962 1.0 371.9948932529812 323.12748847640944 1.0
-0.06853810117782129 -0.9976484995663246 366.03223247958755 151.8894430609763 356.4602348600931 1.0 158.15281944889668 356.0299431042526 1.0 145.62606667305596 356.89052661593365 1.0
-0.10488273766500378 0.9944845958283587 -347.62766785659676 110.0097321996231 361.15772053796286 1.0 103.14516970480123 360.43375345958924 1.0 116.87429469444497 361.8816876163365 1.0
0.9989797683380569 0.04515996513774316 -54.22170382166773 40.40618584119961 306.83685446472293 1.0 39.04894517875981 336.86026033776966 1.0 41.76342650363941 276.81344859167626 1.0
0.058243128417248484 -0.9983024281209437 355.2810835291045 361.86786008980005 376.99737992502924 1.0 369.41509844539166 377.4377021764413 1.0 354.3206217342084 376.55705767361724 1.0
-0.058476223634990894 0.9982888015346012 -338.5540805716019 569.3757951695051 372.4864251012986 1.0 559.446474956318 371.9048006771468 1.0 579.3051153826922 373.0680495254504 1.0
0.04813687987674802 -0.998840748465806 357.9583513333857 612.5412605606763 387.8938429450854 1.0 638.1970353756761 389.13026521991895 1.0 586.8854857456764 386.65742067025184 1.0
-0.9980574985963323 0.062299514409281005 476.64425646335496 488.88517791672575 181.2415620907786 1.0 487.36229973449105 156.84458237689384 1.0 490.40805609896046 205.63854180466336 1.0
-0.07823196920702727 0.9969351829452058 -372.755815024589 232.5763071443691 392.1525934799706 1.0 226.88824324686095 391.70623703946177 1.0 238.26437104187727 392.59894992047947 1.0
0.02744011641102362 0.9996234491103886 -329.8801086187304 381.237351767057 319.5392340888736 1.0 368.10509075202634 319.899720601383 1.0 394.36961278208776 319.1787475763643 1.0
-0.4562638222313455 0.8898445507631336 -193.74336571012395 307.58017434637856 375.4375653741733 1.0 299.1292057220927 371.1043689268084 1.0 316.0311429706644 379.7707618215382 1.0
0.9974304693978491 -0.07164118031402332 -503.1555255485857 522.229992994505 247.51939345263673 1.0 522.6351469468151 253.16018405742284 1.0 521.8248390421948 241.87860284785066 1.0
-0.9989065278157998 0.046751991262221085 523.1963264028635 537.3131297344949 289.3837461206597 1.0 537.0782592952644 284.365486820807 1.0 537.5480001737253 294.4020054205124 1.0
-0.01622228586650758 0.9998684100626769 -367.283129719621 168.7488753294193 370.0693196134394 1.0 161.865546977525 369.9576415974988 1.0 175.63220368131357 370.18099762938 1.0
-0.051032131285620085 -0.9986970118992281 362.3862693822627 546.2472681827137 334.94653843192384 1.0 554.3829619436635 334.5308149570745 1.0 538.111574421764 335.36226190677314 1.0
0.08044434616060722 -0.9967591018750681 378.1138688152859 151.1758261295626 391.54406372552455 1.0 158.1065655341493 392.1034153268921 1.0 144.24508672497595 390.98471212415694 1.0
-0.9989759846264106 0.04524358672445912 472.7232901034729 491.2672002307718 398.74922100216156 1.0 490.5006584342007 381.8240189696512 1.0 492.03374202734284 415.6744230346719 1.0
0.04110752769974025 0.999154728341119 -333.75256057037393 566.9042589002686 310.71116338503634 1.0 560.6391498425587 310.96892440725486 1.0 573.1693679579784 310.45340236281777 1.0
-0.99895668486208 0.04566773225553288 468.22505760125614 479.37149054286135 233.12516043633462 1.0 478.3424316712186 210.61506001812134 1.0 480.40054941450404 255.63526085454788 1.0
-0.9976521908125776 0.06848434979514847 516.6734658550474 528.701269734242 157.50334511425575 1.0 527.8015916717629 144.39720053168992 1.0 529.600947796721 170.6094896968216 1.0
0.9926677066388483 0.12087524228049933 -68.89640944396649 30.13312925634495 322.51621089414687 1.0 28.830851372071773 333.21095016745545 1.0 31.43540714061813 311.8214716208383 1.0
0.12582782590530514 0.9920520945131582 -390.14050107134614 254.42209248228653 360.99628667965186 1.0 246.8848025977802 361.9522856686474 1.0 261.95938236679285 360.0402876906563 1.0
-0.06835296378906143 -0.997661201180667 389.2244196859919 620.0108212807672 347.6579444601981 1.0 624.4080014097341 347.35667956809493 1.0 615.6136411518005 347.95920935230134 1.0
0.015435498774967488 0.9998808655922804 -298.19089962361005 253.11448740113445 294.31901478490994 1.0 245.62592034822518 294.43461832484064 1.0 260.60305445404373 294.20341124497924 1.0
0.9983748179158373 -0.05698879671934618 -493.7816100052896 508.4957881419218 243.69315885479364 1.0 509.17346010089807 255.5651522569618 1.0 507.8181161829456 231.82116545262548 1.0
-0.04236070235662005 -0.999102382589419 383.8346820495586 21.853925650837652 383.25294892935517 1.0 43.09224570653246 382.3524704897961 1.0 0.615605595142843 384.1534273689143 1.0
-0.9987479777142505 0.05002476398439978 467.02842917734785 482.0136931971521 287.49305320800784 1.0 480.79273813667686 263.1165984203365 1.0 483.2346482576274 311.8695079956791 1.0
0.9991938138200358 -0.04014626288674314 -494.77418857990085 498.71318491854635 88.10136752145641 1.0 498.86562668729266 91.8954659342728 1.0 498.56074314980003 84.30726910864003 1.0
-0.9952168069879229 -0.09769087515609295 63.85757573842746 32.38615583529955 323.73882501179344 1.0 33.92316867428946 308.0806480584716 1.0 30.849142996309638 339.39700196511535 1.0
-0.046782126736247764 0.9989051169245424 -375.42582663997285 178.22175518969567 384.1840559991874 1.0 169.46169833817697 383.773792719021 1.0 186.98181204121434 384.59431927935384 1.0
0.024987803972098085 0.9996877560781926 -377.40935868478397 520.6440822355664 364.51342351956 1.0 500.64095754146206 365.01341379717087 1.0 540.6472069296709 364.01343324194914 1.0
0.11863689683348054 -0.9929377053520135 366.17892314984624 226.84371670322315 395.8868271865374 1.0 238.22987379898734 397.2472532610222 1.0 215.457559607459 394.5264011120526 1.0
0.9999864869723508 -0.0051986414279548525 -225.76087077012195 227.55420950172132 344.3714689856314 1.0 227.5931987855606 351.87126629158615 1.0 227.51522021788205 336.87167167967664 1.0
0.13789145340678796 -0.9904473469485209 353.6864277034885 446.96893369523207 419.32529263465494 1.0 469.46791195507785 422.4576315943948 1.0 424.46995543538634 416.19295367491503 1.0
0.12097995133423815 0.9926549508138088 -386.48223685535254 235.08422212865963 360.6910526253322 1.0 225.4711505606389 361.8626469739205 1.0 244.6972936966804 359.5194582767438 1.0
-0.9999318297998387 0.011676290213352581 220.87800796307653 224.9653696152864 348.7431062030872 1.0 224.82672312120644 336.86972519015586 1.0 225.10401610936634 360.6164872160186 1.0
0.9999312106433382 -0.011729193550624394 -218.1914342443273 222.28997982914154 348.12746353669866 1.0 222.42201016333303 359.3832460711003 1.0 222.15794949495006 336.87168100229695 1.0
-0.013794597616062975 0.9999048500115454 -367.05195847399887 186.87962078465083 369.66506127167776 1.0 178.12266502706782 369.5442510955734 1.0 195.63657654223383 369.78587144778214 1.0
0.06373473522330261 0.9979668749643024 -270.13985629063905 269.39800484646656 253.48521291461952 1.0 263.09388663125713 253.88782277607123 1.0 275.702123061676 253.08260305316782 1.0
0.09066478673991393 0.9958814670659386 -439.35593756031517 351.12090275504704 409.20696816734676 1.0 346.7818657080984 409.601992958477 1.0 355.4599398019957 408.81194337621656 1.0
0.9985026040604292 -0.054704201708293855 -522.4213709876605 533.2694774490676 183.70784322503255 1.0 533.9882653207669 196.82770494033468 1.0 532.5506895773683 170.5879815097304 1.0
0.9994432978231603 0.033363069948156694 -384.4292195966615 371.81304378924796 384.35206826574296 1.0 371.56226438031655 391.8645603678793 1.0 372.06382319817936 376.83957616360664 1.0
-0.0491638795040259 0.998790725303411 -297.10584134538027 612.4636679319822 327.61310555499955 1.0 601.8029689482803 327.0883496607113 1.0 623.1243669156842 328.1378614492878 1.0
0.2564074798403602 0.9665687788677614 -312.1336023642298 471.3536510988909 197.890729303785 1.0 466.801593083879 199.09828095373953 1.0 475.9057091139028 196.68317765383046 1.0
0.04982237432877436 0.9987580943432917 -397.2334077219869 613.7617356411167 367.1102570851064 1.0 589.3228396984952 368.32937493629726 1.0 638.2006315837383 365.89113923391557 1.0
-0.9959372136246804 0.0900503554546427 549.0200009209169 564.9409213300958 151.31185282218706 1.0 564.0899928085357 141.90076969566692 1.0 565.7918498516559 160.72293594870717 1.0
-0.07725910557504641 -0.9970110483869994 346.6702252892367 38.15428445369199 344.75290916241624 1.0 46.948341198800776 344.07145135951373 1.0 29.360227708583206 345.4343669653187 1.0
0.9999101141146 -0.013407598268431225 -201.07950925920957 205.6315479826909 338.1332927015932 1.0 205.76549956152974 348.12311606898334 1.0 205.4975964038521 328.1434693342031 1.0
0.1231671826437948 -0.9923859355712323 378.02738965602947 147.97992408698536 399.29390954697107 1.0 169.0603450205012 401.9102465608888 1.0 126.89950315346955 396.6775725330533 1.0
0.9833852556257019 0.18153082112405364 -545.7995047165904 542.2033706366022 69.43561651926794 1.0 541.2696051731547 74.49399274034684 1.0 543.1371361000498 64.37724029818902 1.0
0.9998759759185635 0.01574905650825481 -153.8267417433259 148.6283304489063 331.24808358168247 1.0 148.44117857737214 343.12998013193805 1.0 148.81548232044048 319.3661870314269 1.0
0.08285288441202074 0.9965617891252946 -326.6453385513268 565.6350685917614 280.74610590827376 1.0 559.3247623212029 281.27073677586696 1.0 571.94537486232 280.22147504068056 1.0
-0.9999676354756513 0.008045371416849 366.00812285965134 368.70013278891355 333.1203726933386 1.0 368.62973806738154 324.3709390633494 1.0 368.77052751044556 341.86980632332774 1.0
-0.9998990607514651 -0.014208036751716153 136.03083473376347 131.96845848029295 286.85856615676335 1.0 132.07500799981668 279.36008016907584 1.0 131.86190896076923 294.3570521444508 1.0
-0.02977401935967637 0.99955665560846 -297.45473910988795 205.62614071117227 303.7117046851952 1.0 136.8440844918569 301.6628780759365 1.0 274.40819693048763 305.76053129445387 1.0
0.13495800272295655 -0.9908513195737443 355.08328622694745 391.89348029939026 411.73931905728034 1.0 409.409049493371 414.12501122751667 1.0 374.37791110540957 409.3536268870441 1.0
0.12392174297687746 -0.9922919941315524 357.07417929064064 566.8729457036934 430.64144958931047 1.0 638.2584536034932 439.55638250678805 1.0 495.4874378038935 421.7265166718329 1.0
-0.0503720075429547 -0.9987305246442068 344.44257634033056 61.21434096010624 341.7929848668225 1.0 73.2164227500247 341.1876474514388 1.0 49.21225917018778 342.3983222822062 1.0
-0.12461040900862323 -0.9922057477996706 280.7787826704327 561.1724101593046 212.507193778824 1.0 568.0952058053932 211.63776483341096 1.0 554.249614513216 213.37662272423702 1.0
-0.02143171935674634 0.9997703143249522 -302.84182296156735 500.6272901647029 313.6431658889874 1.0 488.11963989913664 313.3750438548931 1.0 513.1349404302692 313.9112879230818 1.0
-0.12368948279058258 0.9923209721894416 -363.30603100231195 565.1174847920861 436.5574572674234 1.0 491.9605462275335 427.43869010721016 1.0 638.2744233566387 445.6762244276366 1.0
0.9998386283698227 -0.01796433187044557 -365.4940175721799 372.04341362296753 361.23574455394186 1.0 372.34631110551595 378.09407280527637 1.0 371.7405161404191 344.37741630260734 1.0
0.13080389015436272 -0.9914082621808664 363.1658423228192 476.893701703687 429.23325327113497 1.0 584.4996143645056 443.4305043094543 1.0 369.2877890428683 415.03600223281563 1.0
0.9999948777584867 0.003200696297555662 -136.02905627455937 134.97551855955686 329.3749216419428 1.0 134.87149005992984 361.8765891220364 1.0 135.07954705918388 296.8732541618492 1.0
0.11128099155042244 -0.9937889820880259 317.2691763174425 241.79632999043162 346.3275583402926 1.0 254.27977403107437 347.72541045562616 1.0 229.3128859497889 344.92970622495903 1.0
0.9995935366039833 -0.02850897366691663 -474.99401787383425 481.44370571504845 219.3694754033242 1.0 481.69356581689647 228.13017460563614 1.0 481.19384561320044 210.6087762010123 1.0
0.06771295048977288 0.9977048442981369 -303.5818906483049 564.3987702892478 265.97523924613233 1.0 558.0929798887413 266.4032051677459 1.0 570.7045606897543 265.54727332451876 1.0
-0.7215978421297891 0.6923124686394374 -45.71593747516744 287.17806275483264 365.35960180402685 1.0 283.4946370952598 361.52036428051844 1.0 290.86148841440547 369.1988393275352 1.0
-0.06867915726386514 0.9976387990437848 -337.34397552023535 477.0225659776737 370.9814450903127 1.0 469.5579421774923 370.46756765052226 1.0 484.4871897778552 371.4953225301032 1.0
0.020800193839167213 -0.9997836525650202 343.02963694232164 184.3736538489382 346.93970419631063 1.0 191.8704089884601 347.09567189959 1.0 176.87689870941628 346.78373649303126 1.0
-0.061514183808664906 -0.9981062093737086 419.409726241332 327.50131316139834 400.0213068672052 1.0 336.87921176557296 399.44333853772434 1.0 318.1234145572238 400.5992751966861 1.0
-0.034224141160080726 0.9994141824898499 -278.93999736526627 359.36952696280537 291.40982376206233 1.0 349.35986232365 291.0670507840743 1.0 369.37919160196077 291.75259674005036 1.0
0.999485333064007 -0.03207910519218142 -515.6759121948783 525.2689637847056 290.6163674395641 1.0 525.4299199285114 295.6312612165753 1.0 525.1080076408999 285.6014736625529 1.0
0.9978731381475467 -0.06518588929796898 -491.07339486177347 511.6748730201739 299.3472452438091 1.0 512.4906193692349 311.8347847717124 1.0 510.85912667111285 286.8597057159057 1.0
-0.9990283682033293 0.04407175427632718 609.200093069673 614.7559563319181 112.5107658930564 1.0 614.5070796354482 106.8691733574104 1.0 615.004833028388 118.1523584287024 1.0
0.07704792703231692 0.9970273902656952 -360.3236313887802 70.60120095551679 355.94203195821274 1.0 65.58287106230767 356.32983666569726 1.0 75.6195308487259 355.55422725072816 1.0
0.9984070272682039 -0.056421697080714844 -493.39781269469484 502.0979605434419 140.02271994067837 1.0 502.6280609751533 149.40308287838698 1.0 501.5678601117305 130.64235700296976 1.0
-0.02178093557780829 -0.9997627672829967 320.80634628236504 142.4924427258622 317.7781149326383 1.0 148.14199388490144 317.6550332237915 1.0 136.84289156682297 317.90119664148506 1.0
-0.005754465015772089 -0.9999834429291229 326.0063169315848 585.6222189151665 322.64171636214405 1.0 605.6287495999876 322.5265875750358 1.0 565.6156882303455 322.75684514925234 1.0
0.457610642855636 0.8891526862947958 -343.4232460237851 606.93713278359 73.87072606329963 1.0 595.7542349191124 79.62610774254458 1.0 618.1200306480675 68.11534438405467 1.0
0.9976868366461107 -0.06797776094486271 -519.4655607928071 536.936987075336 238.74577648773732 1.0 537.7481319380073 250.6506780445375 1.0 536.1258422126647 226.84087493093716 1.0
-0.14161022555959096 -0.9899224939443299 376.53722611185646 209.25849856137734 350.43559980952153 1.0 216.6957121087883 349.37169279212736 1.0 201.8212850139664 351.4995068269157 1.0
-0.9955054262610376 0.0947045209313159 484.0082063520116 499.9287799798091 144.3817753100234 1.0 499.33393148539 138.12890693400448 1.0 500.52362847422825 150.63464368604232 1.0
-0.0747487317320563 -0.9972024002701001 449.89889260041406 341.8216777548459 425.53864250103845 1.0 376.9522305178157 422.90531123010805 1.0 306.6911249918761 428.1719737719688 1.0
0.3029098976946493 0.9530191991133322 -309.4553293160251 62.6357769323009 304.802183212778 1.0 51.903121441948876 308.21347605934307 1.0 73.36843242265292 301.390890366213 1.0
0.1562699955188345 -0.9877143759713853 375.6196356036346 270.3072385930286 423.0580790689853 1.0 305.930484427087 428.6941663856044 1.0 234.68399275897022 417.42199175236624 1.0
0.9964314316055475 0.08440617340289285 -39.90071296538461 12.408134998224526 326.24221825704853 1.0 11.290899089143549 339.43140728724956 1.0 13.5253709073055 313.05302922684746 1.0
-0.9991250557738829 0.04182251695959325 523.363354234588 533.2147516806194 224.39740503507096 1.0 532.6391020156808 210.64533927241877 1.0 533.7904013455579 238.14947079772313 1.0
0.9972528374936159 -0.07407278927468301 -542.7131651218417 550.8027306081145 88.78322175697932 1.0 551.8680310216592 103.12551763368795 1.0 549.7374301945698 74.44092588027068 1.0
-0.025529041871296634 0.9996740808989366 -381.2824263912638 330.59692655739735 389.8493085080481 1.0 325.6480365700459 389.7229268981639 1.0 335.5458165447488 389.97569011793234 1.0
-0.009737175749524854 0.9999525925804796 -321.84061818906326 631.2572756608546 328.00283099315186 1.0 624.3768420510872 327.935831825603 1.0 638.1377092706219 328.06983016070075 1.0
0.9949014213093531 -0.1008521783434998 -592.4396545673048 607.8267259824222 121.84188010857865 1.0 609.4762890140523 138.1147324322886 1.0 606.177162950792 105.5690277848687 1.0
-0.9980161373189637 -0.0629586344430654 35.32234164082507 14.613385582837019 329.3900382646183 1.0 15.246677651478135 319.3511339946805 1.0 13.980093514195904 339.4289425345561 1.0
0.011752156127880489 -0.9999309410286021 369.93973986299574 188.7610619877152 372.1837919641841 1.0 200.64911107444814 372.32351182201694 1.0 176.87301290098225 372.0440721063512 1.0
-0.012210259178332947 0.9999254520066974 -320.3935196305342 584.3743491406124 327.55330033194946 1.0 578.1176501127148 327.47689871963115 1.0 590.6310481685098 327.6297019442678 1.0
-0.9975249432893076 -0.07031349454879604 151.56107448599815 133.12256094559638 266.9188830486886 1.0 134.09624856129432 253.10535138078725 1.0 132.1488733298984 280.73241471659 1.0
0.12132651734979608 -0.992612651635959 108.93705966986715 339.3774771313283 151.22973376348375 1.0 345.6107452550646 151.9916228164935 1.0 333.14420900759205 150.467844710474 1.0
0.06276535127190207 -0.9980283115622095 260.25000540163853 360.0216541432399 283.4056786893063 1.0 369.3988724293338 283.99540584720495 1.0 350.64443585714605 282.8159515314076 1.0
-0.05544597860232197 -0.998461688527322 354.0005149801162 540.0101841132425 324.55839376742426 1.0 554.4101925322062 323.75874109387127 1.0 525.610175694279 325.35804644097726 1.0
-0.0774328847752862 0.9969975668753546 -351.50327666958424 211.85436287048475 369.0157161485548 1.0 203.108576323802 368.33646526125233 1.0 220.6001494171675 369.69496703585736 1.0
-0.025061647638955183 0.9996859075817869 -299.0036028139288 369.38483105921364 308.3578481553119 1.0 314.3723999693093 306.9787128156205 1.0 424.39726214911803 309.73698349500324 1.0
-0.9472845077363838 0.3203936038728564 35.68718423464018 160.9477942397585 364.4772130013149 1.0 159.48886693290058 360.1637085524292 1.0 162.40672154661644 368.7907174502006 1.0
0.051410409602698 -0.9986776105352932 264.4189181770572 383.15109528881413 284.4930835820892 1.0 391.910057790065 284.94398169488716 1.0 374.39213278756324 284.04218546929116 1.0
-0.4588911073283025 -0.8884925163528414 346.4227942841234 608.9500278672849 75.38728853165077 1.0 619.631036623281 69.87073116598822 1.0 598.2690191112889 80.90384589731333 1.0
0.07671785879607113 -0.9970528422013278 204.5258007422569 321.88288599472787 229.89751078066513 1.0 328.14390815758895 230.37926279407793 1.0 315.62186383186685 229.41575876725233 1.0
-0.994099387041501 -0.10847307815173375 401.73928082105857 371.85156134745796 295.7588386147653 1.0 372.5255177255901 289.5823786690385 1.0 371.1776049693258 301.93529856049213 1.0
0.09359626576221103 -0.9956102344970996 246.3304230420332 405.1290482236757 285.50227715482157 1.0 414.5384025272617 286.3868406069983 1.0 395.71969392008964 284.61771370264483 1.0
0.03513528249567151 0.9993825653492006 -374.46201672542475 598.1220185390507 353.66519578383213 1.0 588.1124174268396 354.0171032264276 1.0 608.131619651262 353.31328834123667 1.0
0.18169739344256422 0.9833544921421664 -471.66884071971816 558.8904322842552 376.3850258591924 1.0 552.4657443259593 377.572134948572 1.0 565.3151202425511 375.1979167698129 1.0
-0.9979485666693221 0.06402076446470857 535.6006516033121 556.3878501169663 306.8661565884611 1.0 555.6665323665251 295.62233560030666 1.0 557.1091678674076 318.10997757661545 1.0
0.995989524522513 -0.08946992255176403 -594.4882294141943 610.0702084399809 146.81254929770745 1.0 610.6371589339165 153.12390776072533 1.0 609.5032579460454 140.50119083468957 1.0
0.07907909144366917 -0.9968683450167548 365.81277844632285 111.18794679603957 375.78224058478304 1.0 128.1052278935662 377.1242465031945 1.0 94.27066569851294 374.4402346663715 1.0
-0.9975531382089102 0.06991234833385766 502.22006762715847 512.91429743344 135.0147668436537 1.0 512.0800100334282 123.11063211089215 1.0 513.7485848334519 146.9189015764152 1.0
-0.9999699101211996 0.007757502961641932 129.41681229302313 131.99526045953888 331.86921846581225 1.0 131.69462865310769 293.1167021028729 1.0 132.29589226597008 370.6217348287516 1.0
0.0720971117049388 -0.9973976170433764 227.0599928576761 322.52053613406156 250.9659013628714 1.0 329.4047433582691 251.46352783476425 1.0 315.636328909854 250.46827489097853 1.0
0.1032781947099211 -0.9946525094209835 195.16263044896507 341.27362346472 231.64748693656048 1.0 348.2036994588109 232.36706058775343 1.0 334.3435474706291 230.92791328536757 1.0
0.12046212314250372 -0.9927179241295083 148.4724907231493 339.435589945356 190.75068350774632 1.0 345.6696359939199 191.50715863983044 1.0 333.2015438967921 189.9942083756622 1.0
0.10997763937932638 -0.9939340616140242 376.2711899858913 611.8727253230421 446.27055762353405 1.0 638.146824823111 449.177755949289 1.0 585.5986258229732 443.3633592977791 1.0
0.9967614137366104 -0.08041569551893159 -514.9073089409284 540.5779371593402 297.45337377832436 1.0 541.6340166552646 310.5435955886684 1.0 539.5218576634157 284.36315196798034 1.0
0.061043851267728766 -0.9981350851575168 261.027680165643 336.93635935175917 282.1217061297498 1.0 346.9752583460875 282.7356641663063 1.0 326.8974603574308 281.5077480931932 1.0
-0.10975848511924086 -0.9939582863200696 389.9571696538007 386.83207954930276 349.6113180901068 1.0 400.62098812187145 348.0886689636771 1.0 373.043170976734 351.1339672165366 1.0
0.9972990843977768 -0.07344750682872862 -535.2855794138501 545.9851342082961 125.59847740498621 1.0 546.7243686917362 135.63609345653214 1.0 545.245899724856 115.56086135344029 1.0
-0.12451733344972278 0.9922174326580694 -309.2242117528177 515.688937548896 376.36551309678407 1.0 510.61202504439694 375.7283910442877 1.0 520.765850053395 377.0026351492804 1.0
0.12370082625512573 -0.9923195581987685 157.3401971605517 340.0378317948218 200.946515932351 1.0 346.8843504889968 201.79999101751199 1.0 333.19131310064677 200.09304084719 1.0
-0.05652615529956182 0.9984011186727756 -250.13432459709622 371.1975800735646 271.5508742774297 1.0 349.32193048905367 270.31234765464643 1.0 393.0732296580755 272.789400900213 1.0
0.011879403153527967 0.9999294374008179 -420.4703499468228 414.3521592595122 415.57741782220717 1.0 406.8606417642268 415.6664188589099 1.0 421.8436767547976 415.4884167855045 1.0
0.9981426510227747 -0.060920014849206484 -456.554809484561 472.8567694492283 253.17951687527932 1.0 473.3957881094375 262.0110563255522 1.0 472.31775078901904 244.3479774250064 1.0
-0.12321879525397755 0.9923795284547936 -362.58273489558815 475.7719830691019 424.4412277637471 1.0 470.6950476642075 423.8108501247128 1.0 480.8489184739963 425.0716054027815 1.0
0.996962243355252 -0.07788636160498982 -517.6691514802211 529.3986159736528 129.9493277317136 1.0 530.3244983232662 141.80082169461065 1.0 528.4727336240395 118.09783376881656 1.0
-0.04267098079528731 -0.9990891789014473 389.5710150671086 628.1505376391178 363.097932796992 1.0 638.1589745850761 362.6704736374589 1.0 618.1421006931596 363.5253919565251 1.0
0.17020332991087284 -0.9854089640790012 100.57919481208143 339.3646797133645 160.68475031726905 1.0 345.6432722376727 161.76921107797418 1.0 333.08608718905634 159.60028955656392 1.0
-0.08335248214136885 -0.9965201271027458 385.39170061606586 300.6015062424617 361.59412051510975 1.0 311.7733453343215 360.659668221509 1.0 289.42966715060186 362.5285728087105 1.0
-0.13190185651565697 0.9912627806226375 -117.19922746908632 321.2036873143094 160.9730469707438 1.0 314.28486249878256 160.05239721377285 1.0 328.12251212983625 161.89369672771477 1.0
0.9982757096424396 -0.05869929759276023 -493.2450424547878 505.26821235318573 189.98422892935724 1.0 505.966218093046 201.85493614169482 1.0 504.5702066133254 178.11352171701964 1.0
-0.0930397176189428 0.9956623980774745 -181.72113568030414 341.1897007981727 214.39529052140293 1.0 334.3163158801976 213.75300675826242 1.0 348.06308571614784 215.03757428454344 1.0
0.017024070984475916 0.9998550800026549 -386.3805950142919 527.4779586972825 377.4554736489239 1.0 520.5730356956283 377.5730405860466 1.0 534.3828816989367 377.33790671180117 1.0
-0.9999718082530873 -0.007508841392042925 101.73482344618435 99.11426613061957 349.36834897735525 1.0 99.1987734539842 338.1142903891542 1.0 99.02975880725494 360.6224075655564 1.0
-0.9996756402036018 0.025467908895688802 467.03785309064006 475.6120527828344 330.6094072378222 1.0 475.48434915819496 325.5967380296586 1.0 475.7397564074738 335.62207644598584 1.0
0.9993822250847453 -0.03514495959114991 -471.2156818867587 483.1127610806639 330.0224095801464 1.0 483.31110133031086 335.6624137890556 1.0 482.91442083101697 324.3824053712372 1.0
0.09955330660772484 -0.995032230203358 186.39152515739204 341.2906859470027 221.46834521410156 1.0 348.22137221448656 222.161762687471 1.0 334.35999967951886 220.77492774073212 1.0
0.10919659354280771 -0.9940201728127286 172.86337187053994 340.61717059994396 211.32127128552509 1.0 346.86048601017546 212.0071213254508 1.0 334.3738551897124 210.63542124559933 1.0
-0.16665447782222675 0.986015357396527 -95.16257833627797 339.2521189630154 153.85202870743638 1.0 331.7550169822124 152.5848825048765 1.0 346.74922094381844 155.11917490999622 1.0
-0.11159702967340629 0.9937535423675594 -370.1032025865971 486.78019174189495 427.0942522405235 1.0 481.7731487623323 426.5319688371003 1.0 491.7872347214576 427.65653564394665 1.0
0.999346417470052 0.036148829715116466 -119.89027316041333 109.7034962328292 283.784490315222 1.0 109.36400573910244 293.16981789967514 1.0 110.04298672655597 274.3991627307689 1.0
-0.03838757330871768 -0.9992629254683013 341.4566643193363 491.93494457158306 322.8104109039219 1.0 496.95155109191415 322.61769350627605 1.0 486.9183380512519 323.0031283015677 1.0
-0.16902073095999365 0.9856124961189106 -94.56844033094039 321.18096045292407 151.02759109008656 1.0 314.2941293237754 149.84658208702464 1.0 328.06779158207274 152.20860009314845 1.0
-0.053186233895521455 0.9985846105984264 -237.1778426319414 341.8366096103464 255.72078899924094 1.0 334.32463107975144 255.32068885459026 1.0 349.34858814094133 256.1208891438916 1.0
-0.1679212530558998 -0.9858004122397883 331.3254550752931 103.19230614797299 318.52012823547085 1.0 116.96843197480568 316.1735028107142 1.0 89.41618032114029 320.8667536602275 1.0
-0.06895328932623729 0.9976198894825083 -237.93660552806588 379.3938594863341 264.7271399398609 1.0 368.15435500951116 263.9502901474255 1.0 390.6333639631571 265.5039897322963 1.0
0.9975973685625595 -0.06927835330791834 -615.3771824268188 635.4337682043199 267.46987687832825 1.0 637.997268032899 304.38387037258155 1.0 632.8702683757408 230.55588338407495 1.0
0.27587675804057565 0.961193016190308 -318.59057066498747 298.19445958041996 245.86700684422055 1.0 288.2926124037952 248.70898493986624 1.0 308.0963067570447 243.02502874857487 1.0
-0.11463671342376755 0.9934074813164018 -143.15270138207302 321.18746346530446 181.16692291079096 1.0 313.0268875598935 180.22521306962707 1.0 329.3480393707154 182.10863275195487 1.0
-0.07499135158065152 0.9971841841847007 -229.45797221449268 323.07595070985246 254.4022242278564 1.0 315.57139086234986 253.83785799049753 1.0 330.580510557355 254.9665904652153 1.0
0.15273530008069489 -0.9882671339821335 116.8242332406198 339.3695479653403 170.66027715377297 1.0 345.662426612609 171.63283272656545 1.0 333.0766693180716 169.68772158098048 1.0
0.035670024619727715 -0.9993636221834513 289.60420492695556 348.78167398172025 302.23759312438483 1.0 370.67340046737127 303.018968797241 1.0 326.88994749606917 301.45621745152874 1.0
-0.0878522885178963 0.9961335128396034 -204.09033121331868 340.577012890913 234.9191129463133 1.0 333.0255073144313 234.25312084977355 1.0 348.12851846739466 235.5851050428531 1.0
0.9998727465012162 -0.01595276791390368 -368.568148416597 373.0521845675919 278.10621825775894 1.0 373.1319382569337 283.10494580373836 1.0 372.97243087825 273.1074907117795 1.0
-0.05192992191440704 0.9986507313420262 -251.7753053987029 336.82920747845924 269.6306239917329 1.0 326.8237622372982 269.11033999875553 1.0 346.83465271962035 270.1509079847102 1.0
0.16935906883581056 -0.9855544154449654 66.95885154468067 319.3212304835629 122.81290195857349 1.0 325.49628525613633 123.87403213048896 1.0 313.1461757109895 121.75177178665803 1.0
0.11833338663602208 -0.9929739219170107 179.8522519132085 321.935758524101 219.49015546937693 1.0 329.4041763255439 220.38017196603508 1.0 314.4673407226581 218.60013897271875 1.0
0.09487059125206927 -0.9954896136652972 231.02616331643256 351.8176976892944 265.60128069608936 1.0 359.42727451159874 266.32647666237574 1.0 344.20812086699 264.876084729803 1.0
0.12930309678806554 -0.9916051175548743 145.2552077052336 321.29805399472303 188.38148147051396 1.0 328.13824487801173 189.27342711316217 1.0 314.45786311143434 187.48953582786578 1.0
-0.16401756507995155 0.9864574184146236 -105.89933708797274 339.26889181186255 163.76317073062705 1.0 331.7684095944939 162.51607094988296 1.0 346.76937402923113 165.01027051137117 1.0
0.9999349359388445 0.01140718584835451 -487.188282486204 484.1610974380678 268.1368197250723 1.0 484.08980716525207 274.3860064507662 1.0 484.23238771088353 261.88763299937847 1.0
-0.9996227861339855 -0.0274642575309867 127.34015074072659 119.57589981241112 284.34617636959916 1.0 119.85043878873338 274.35371922401646 1.0 119.30136083608886 294.33863351518187 1.0
0.13220607704461843 -0.9912222521677329 154.5270131074067 321.9469323177609 198.8356835358212 1.0 329.47965097350254 199.84037363511882 1.0 314.41421366201934 197.83099343652358 1.0
-0.9998903895045876 -0.014805707560392933 218.63776131227527 214.33073147427035 292.4900899196798 1.0 214.39563635044067 288.10679640601427 1.0 214.2658265981 296.8733834333454 1.0
0.03094862753998581 -0.9995209764949364 291.1938084731291 259.3753244529344 299.3645214250304 1.0 270.65321625856 299.713723974188 1.0 248.09743264730886 299.0153188758727 1.0
0.07493116746110552 -0.9971887083912031 216.05843001374294 321.9045885465895 240.85623375350372 1.0 329.40917876897305 241.42014678415526 1.0 314.39999832420585 240.29232072285214 1.0
-0.9999954208856577 0.003026253081962493 322.33100484536885 323.2176687977274 292.5016109763183 1.0 323.1930748801493 284.37479398724076 1.0 323.2422627153055 300.6284279653959 1.0
-0.11191676408494715 0.9937175845866643 -185.19859161148062 341.13294874052536 224.78930716536493 1.0 334.27455206954687 224.0168849257543 1.0 347.99134541150386 225.56172940497555 1.0
-0.10793514901459979 0.994157936953277 -166.08061337850035 321.79426940277784 201.9935850574729 1.0 314.3145790100557 201.18151942170917 1.0 329.2739597955 202.80565069323666 1.0
-0.11300216990403275 0.9935947411278806 -211.44615535056613 615.6587192693911 282.82851641238267 1.0 608.114142495223 281.97046683623375 1.0 623.2032960435592 283.6865659885316 1.0
0.0395845762977127 -0.9992162235068697 250.71493355286393 330.5405726080275 264.00616389405764 1.0 345.51706852781746 264.59946715661744 1.0 315.56407668823755 263.41286063149784 1.0
0.1775756524052007 -0.9841071525361795 98.4293023823394 321.2742324667033 157.9907060048301 1.0 328.1508841565146 159.23155249907063 1.0 314.3975807768921 156.74985951058954 1.0
-0.9998268161762783 0.01861014924191654 82.83025184482928 88.97508432949573 329.35917706348323 1.0 88.85879104033879 323.11134167382573 1.0 89.09137761865267 335.60701245314067 1.0
-0.09372607759966038 0.9955980224858738 -201.84806762000753 359.34492855550434 236.56943159726632 1.0 353.09151122969723 235.98073187679256 1.0 365.59834588131145 237.15813131774007 1.0
-0.12560855014896066 0.9920798819296135 -362.5068609107548 456.9377518595827 423.25437404641775 1.0 444.4013199912121 421.6671197741464 1.0 469.47418372795323 424.8416283186891 1.0
-0.04202973327603791 0.9991163603508577 -295.8099405286544 114.36416744813273 300.8825076963693 1.0 99.33817418264996 300.25041066121116 1.0 129.3901607136155 301.51460473152747 1.0
-0.15600430381642671 0.987756375423997 -118.73151175591138 339.88024289708244 173.88325370848932 1.0 332.9799443217857 172.793434090871 1.0 346.7805414723792 174.97307332610765 1.0
-0.1894648994569975 0.9818874945092996 -76.9836227078071 339.2327828512281 143.86202960434414 1.0 331.76946844289336 142.42190930349668 1.0 346.6960972595628 145.3021499051916 1.0
0.0387892349377661 -0.9992474144339543 298.58608353041325 622.5057966054653 322.97567395546633 1.0 638.1557372096919 323.5831803788913 1.0 606.8558560012387 322.36816753204135 1.0
-0.11270595606014798 0.9936283849954006 -154.03649619824458 321.7731910288414 191.52255934048756 1.0 314.22847597645284 190.6667722715777 1.0 329.3179060812299 192.3783464093974 1.0
0.9988268866630068 0.04842365619286441 -91.98403950339002 76.69845185137152 317.5217411831418 1.0 75.69648898050659 338.18906648530304 1.0 77.70041472223645 296.85441588098047 1.0
0.06407794597741481 -0.9979448966948604 242.7092713868662 231.25430796448705 258.05790809951174 1.0 260.66856035708906 259.94659442079217 1.0 201.84005557188505 256.1692217782313 1.0
0.027804662665127898 -0.9996133756278367 291.33338625632047 143.77238709139863 295.44515527762456 1.0 150.65944322938594 295.6367216145118 1.0 136.88533095341128 295.2535889407373 1.0
0.12848219805835492 -0.9917118153889737 354.3592427427578 479.36841479163564 419.42582905679086 1.0 485.67451346387577 420.24282186257335 1.0 473.0623161193955 418.60883625100837 1.0
-0.12814126526590555 0.9917559256873905 -100.84789259504869 391.20383949049324 152.232261641994 1.0 384.2828721806172 151.33802800549034 1.0 398.12480680036924 153.12649527849766 1.0
-0.9979437866673215 0.06409523111813722 547.2145724304631 553.9236888043342 86.90398649781568 1.0 553.1190105854022 74.37538468390508 1.0 554.7283670232662 99.43258831172628 1.0
-0.158447061801908 0.9873674739459177 -127.56716965528044 339.90057415157435 183.7445750661991 1.0 333.00261742344884 182.6376305851942 1.0 346.7985308796998 184.851519547204 1.0
-0.12848667951348605 0.991711234779358 -109.54486361526935 358.6620406587766 156.92890513806805 1.0 351.82090029086623 156.0425630466083 1.0 365.50318102668695 157.8152472295278 1.0
0.6287087756558787 0.7776408395996741 -251.42502379554628 271.6860452561152 103.66433810406124 1.0 268.5740047200369 106.18036747854279 1.0 274.79808579219355 101.14830872957971 1.0
0.15726739482431387 -0.9875560574089823 115.46884939618752 321.2565835541639 168.08365876203305 1.0 328.1556819095141 169.1823338365694 1.0 314.3574851988137 166.9849836874967 1.0
-0.11668308363503925 0.993169199076078 -153.06272344036037 340.5080722048706 194.12025210528017 1.0 332.96532671402053 193.2340880923754 1.0 348.0508176957207 195.00641611818494 1.0
-0.17138410218851385 0.9852042882149047 -112.38913864232164 357.3916077720384 176.24809447861992 1.0 350.5074833410988 175.0505464177113 1.0 364.275732202978 177.4456425395285 1.0
0.03095617277070895 -0.9995207428399823 291.3928869619424 383.7796191087791 303.4186507177903 1.0 393.14563519034846 303.70872575032087 1.0 374.41360302720983 303.1285756852597 1.0
-0.9980195446762552 0.06290459795754202 489.7550709975229 497.42411164580994 106.25478319932255 1.0 496.7546008345338 95.6325886901599 1.0 498.09362245708616 116.87697770848519 1.0
0.9998079120222199 0.019599465752130233 -129.31028589208356 123.7234746709243 286.2617320373996 1.0 123.58875422702788 293.13409108137745 1.0 123.85819511482072 279.3893729934218 1.0
0.0 1.0 -358.125 171.25 358.12500000000017 1.0 161.875 358.12500000000017 1.0 180.625 358.12500000000017 1.0
-0.13695813181339617 0.9905768370652447 -125.34722155800756 321.2050984711293 170.9497592082276 1.0 314.28947204770674 169.99359786886353 1.0 328.1207248945519 171.90592054759165 1.0
0.15286969871166267 -0.9882463535049373 126.642174193433 339.37189206854555 180.64509163328432 1.0 345.6646760665358 181.61850882872207 1.0 333.07910807055526 179.6716744378466 1.0
0.16836800778605363 -0.9857242078564143 100.99457433171087 357.0345302963086 163.4410168934367 1.0 363.3148121599011 164.51372925788945 1.0 350.75424843271605 162.36830452898397 1.0
0.14134579754422594 0.9899602848178236 -440.1718455969368 629.3433997663018 354.77867770463877 1.0 620.5058502067916 356.0404964967487 1.0 638.180949325812 353.5168589125289 1.0
0.998749329902262 -0.04999776014766027 -459.65797952882485 474.5628897163967 286.24059417143684 1.0 475.7831856541211 310.61708116775975 1.0 473.34259377867227 261.86410717511393 1.0
-0.9933888217318667 -0.11479829640797616 522.3823701521027 487.4188431713411 332.6350742044833 1.0 488.37012281124527 324.40332695569555 1.0 486.467563531437 340.86682145327103 1.0
0.9962637178642152 -0.08636321246555902 -540.764049848273 553.1940076016813 119.99401793113722 1.0 554.0099608741808 129.40664418317766 1.0 552.3780543291817 110.5813916790968 1.0
-0.09850597759826508 0.995136459174022 -190.05085766106154 321.780279870992 222.83189069934366 1.0 314.23052196596814 222.08455974165582 1.0 329.33003777601584 223.5792216570315 1.0
-0.06604075869725953 0.9978169261897146 -222.0463638100854 341.2422319029887 245.1173690132439 1.0 334.3560310361486 244.66160411504313 1.0 348.12843276982875 245.57313391144464 1.0
-0.11304510469978614 0.9935898571862609 -144.51543018739085 358.67818874631723 186.25617225182344 1.0 351.75064512993845 185.46799502984214 1.0 365.6057323626961 187.04434947380477 1.0
0.025051722410997002 -0.9996861563532039 292.0396645776171 170.6523694276301 296.40782607837247 1.0 184.4093924942429 296.7525713975671 1.0 156.89534636101735 296.0630807591778 1.0
0.03164103587715317 -0.9994992970725997 290.95109308286123 230.6559068081418 298.39869400507564 1.0 243.14339236874957 298.7940089190489 1.0 218.168421247534 298.0033790911023 1.0
-0.08851022834486007 -0.9960752679784499 281.23158641204594 268.10422716698486 258.51622695931144 1.0 274.4705696313822 257.9505202869743 1.0 261.7378847025875 259.08193363164855 1.0
-0.14543872672717112 0.9893672608126769 -112.75731988354596 358.59445175104895 166.68313869835035 1.0 351.68500926742144 165.66743850589808 1.0 365.5038942346765 167.69883889080262 1.0
-0.056367351151552995 0.9984100969662504 -225.23458911719976 321.83896009981993 243.76335889922737 1.0 314.29244252122754 243.33730430741542 1.0 329.38547767841226 244.18941349103932 1.0
-0.07163147021480773 0.9974311667853903 -179.18528800298304 340.5993446651461 204.107237265979 1.0 334.33675917410636 203.6574837180576 1.0 346.86193015618585 204.55699081390037 1.0
-0.0703643028023319 0.9975213606189802 -200.48383509644066 359.3253756158117 226.3285013673686 1.0 353.01858284140405 225.8836256042926 1.0 365.6321683902193 226.7733771304446 1.0
0.0668879005628222 -0.9977604966916148 241.42218483257207 379.381899537538 267.39708025004586 1.0 398.1731461484215 268.6568084502782 1.0 360.5906529266545 266.13735204981356 1.0
0.1711292732419703 -0.9852485837795836 76.16771370383026 355.0685228408134 138.98049103850565 1.0 360.73954952504266 139.965499990546 1.0 349.3974961565841 137.99548208646527 1.0
0.14170535125456765 -0.9899088813753616 120.88751474429736 356.95124543795487 173.2173734228968 1.0 363.1634150129571 174.10664483791388 1.0 350.7390758629527 172.32810200787975 1.0
0.9952381179507195 -0.09747352757497645 -592.5460883907895 611.9748326294809 169.4264348428265 1.0 613.4477877225706 184.46581108315863 1.0 610.5018775363914 154.3870586024944 1.0
0.09610389431706799 -0.9953713083553763 208.0447755384275 341.3016378527436 241.96517425322534 1.0 348.1729275499264 242.6286027580826 1.0 334.4303481555608 241.3017457483681 1.0
-0.26348583661300945 0.9646632645147957 -47.01735447924225 356.1432629737663 146.01578111178486 1.0 347.9469015925422 143.777046399729 1.0 364.3396243549904 148.2545158238407 1.0
-0.09147809286054376 0.9958070890120223 -182.00766612968008 321.7754782644709 212.3333681229197 1.0 314.28130599217155 211.6449289718001 1.0 329.26965053677026 213.0218072740393 1.0
0.0903028061787719 -0.9959143553520248 210.03641240754047 359.39894295276576 243.48594253182182 1.0 365.6541853858685 244.05312578608675 1.0 353.14370051966296 242.91875927755692 1.0
-0.18638843097784477 0.9824761334493664 -68.09692231471374 339.27055522740034 133.67554112427655 1.0 331.8022073501847 132.25869892787253 1.0 346.738903104616 135.0923833206806 1.0
-0.11733210683266271 0.9930927331856823 -162.62066462535049 358.6902938337988 206.13034982607377 1.0 351.7642886656125 205.31205486613547 1.0 365.6162990019851 206.9486447860121 1.0
0.9999683103820635 0.00796104463253306 -158.7258028111307 156.44688378295572 286.88154326083225 1.0 156.3871778403302 294.38106792409496 1.0 156.50658972558125 279.3820185975696 1.0
-0.10928385193704711 0.9940105832966778 -196.51081857043917 321.81171396218315 233.07562933818494 1.0 314.3333928485091 232.25344519743467 1.0 329.29003507585725 233.8978134789352 1.0
-0.9989367388898147 -0.04610197063230794 357.61564239386496 345.2204093233877 276.8274833182237 1.0 345.452002454197 271.8093271815797 1.0 344.98881619257844 281.8456394548677 1.0
0.999909496966378 0.013453545125549126 -353.6794881028737 349.9862151056924 276.87481452751655 1.0 349.91884034432513 281.88231724284617 1.0 350.0535898670597 271.8673118121869 1.0
-0.10609487307424711 0.9943560116514403 -365.6039967025464 111.84958511028663 379.61319669734894 1.0 94.2828270597909 377.7388750822988 1.0 129.41634316078236 381.4875183123991 1.0
0.1238868448085803 -0.9922963517434571 167.05177874899815 358.8252192433713 213.147516492622 1.0 365.67153487502736 214.00226965248126 1.0 351.9789036117152 212.29276333276275 1.0
0.2201521990008436 -0.9754655346423535 38.2367996135176 371.41413588521243 123.02273540873358 1.0 377.16916696707426 124.32158473041117 1.0 365.65910480335054 121.72388608705599 1.0
-0.09380962655861808 0.9955901536098741 -133.6216656368015 391.9438323075943 171.1444910937708 1.0 385.63208891966894 170.5497661580046 1.0 398.2555756955196 171.739216029537 1.0
0.0933693429782769 0.9956315411796699 -381.4540184741693 495.66204261914726 336.6449990308865 1.0 489.40842816866825 337.23145682006907 1.0 501.91565706962626 336.0585412417039 1.0
0.10896796674769718 -0.9940452616570701 172.68546036263814 321.9828761391507 209.01591478515104 1.0 329.46152043770843 209.8357292288964 1.0 314.50423184059287 208.1961003414057 1.0
0.17687542304542495 -0.9842332471129503 88.92740937246948 321.25723609786377 148.08473432614744 1.0 326.92386678937595 149.10307800001073 1.0 315.5906054063516 147.06639065228413 1.0
0.1850861563729214 -0.982722297863999 61.44489405235623 355.225364715616 129.42841709219215 1.0 360.885030102028 130.49435984631984 1.0 349.56569932920405 128.36247433806443 1.0
0.19283380906721204 -0.9812314314577525 30.076009754691402 318.71825775388993 93.28651985867481 1.0 325.57412996132484 94.63385129329227 1.0 311.862385546455 91.93918842405736 1.0
0.11874343257074593 -0.9929249705900828 234.77974946679154 111.82114908805838 249.82529787330776 1.0 121.97490735850424 251.03958107318522 1.0 101.66739081761253 248.61101467343033 1.0
0.12396515251434947 -0.9922865719952548 186.90276344428239 358.8208738894364 233.18268565910302 1.0 365.6671038936979 234.03797683261962 1.0 351.97464388517494 232.3273944855864 1.0
0.9999774069943858 -0.0067220161249698825 -185.88712643869448 187.84914193530065 291.2476530092554 1.0 187.87857833235174 295.6266564878485 1.0 187.81970553824956 286.8686495306623 1.0
0.5425516534808622 0.8400224421437694 -250.01783660619918 285.922858600504 112.96116882586875 1.0 278.06695077289316 118.03512348187309 1.0 293.77876642811486 107.88721416986441 1.0
-0.15194450158693718 0.9883890268702386 -139.36408267618842 357.44976128089 195.95179957598793 1.0 350.54575996280494 194.89045124985995 1.0 364.3537625989751 197.01314790211592 1.0
0.04914200343398643 -0.998791801877896 283.67163120890183 405.6754513046892 303.9745971674656 1.0 414.43499725414955 304.4055795166591 1.0 396.9159053552288 303.5436148182721 1.0
0.024858479804918652 -0.9996909802442895 292.3102748795754 200.01866629823047 297.3743293989823 1.0 213.13555578299145 297.70049612330405 1.0 186.90177681346947 297.04816267466055 1.0
0.10316254316199691 -0.9946645111233984 169.8811314666683 374.3497533870859 209.61842081071273 1.0 379.42480598622825 210.14478455140465 1.0 369.2747007879436 209.0920570700208 1.0
0.5824894518458616 0.8128382609648168 -249.87228124418053 284.9056022389643 103.2404319508569 1.0 276.6952026729544 109.12410078426534 1.0 293.1160018049742 97.35676311744847 1.0
-0.9998670763292425 0.016304283879169837 310.11032847249857 314.60519328378757 273.121246364407 1.0 314.4625497630659 264.3735723740441 1.0 314.7478368045093 281.8689203547699 1.0
0.21686021097465746 -0.9762026679414613 31.12913533822646 336.9070391934248 106.73077462108243 1.0 343.1277363946797 108.1126820382362 1.0 330.68634199216984 105.34886720392866 1.0
-0.19780443031627531 0.9802415046034594 -45.00923958195258 338.7697075990636 114.27733683579575 1.0 331.9213327830632 112.89539282229542 1.0 345.6180824150641 115.65928084929607 1.0
-0.17523538628247926 0.9845265661191831 -72.21257807522163 374.87602836294275 140.07151097713438 1.0 367.9964871507069 138.84702491118253 1.0 381.7555695751785 141.29599704308626 1.0
-0.9999492866437053 0.010070955304481582 149.4483756119505 152.37046205295945 289.38259930332634 1.0 152.32010983009678 284.3831064240301 1.0 152.42081427582215 294.3820921826226 1.0
-0.1865867014228611 0.9824384982542858 -77.06919344660862 374.9463645698298 149.65740764785363 1.0 368.08157747679627 148.35363343508064 1.0 381.8111516628634 150.96118186062662 1.0
-0.197171141445199 0.9803690840602826 -54.73058369027575 338.71024365274855 123.94767544811471 1.0 331.740080887237 122.54584120947992 1.0 345.6804064182601 125.3495096867495 1.0
-0.9989314281067067 0.04621690102868947 625.731588238896 637.7934008439131 246.23642541681704 1.0 637.2438266027015 234.35793574302082 1.0 638.3429750851246 258.1149150906133 1.0
-0.08387526745950333 0.9964762613873933 -185.29476894960098 358.7063993470989 216.14299555355086 1.0 351.77529074680115 215.55959120146784 1.0 365.63750794739667 216.7263999056339 1.0
-0.023970218108477742 -0.9997126730435261 364.93643213170446 170.00815256689788 360.9650146134986 1.0 175.65987476654274 360.8295026634484 1.0 164.35643036725298 361.1005265635488 1.0
0.10601223149411378 0.9943648257926456 -391.690686738019 390.46843071409415 352.2814242657663 1.0 379.14721207395036 353.488413511708 1.0 401.78964935423795 351.07443501982465 1.0
-0.9995659117900403 -0.02946163585657415 106.8922160229912 98.83255379389169 275.0208547450235 1.0 99.55145442225356 250.63020089358028 1.0 98.11365316552981 299.4115085964667 1.0
0.18636923848230846 -0.98247977431982 32.65544210931608 337.544116934588 97.26742945192746 1.0 344.2947641744548 98.5479779357145 1.0 330.7934696947211 95.98688096814041 1.0
-0.18479191366043252 0.9827776699975002 -69.00745515292527 320.6469848183557 130.50807827907124 1.0 313.17608349558583 129.10332296731656 1.0 328.1178861411255 131.91283359082595 1.0
0.43246564718818487 0.9016504111916682 -331.91122641771113 438.30978175105565 157.88525266203993 1.0 404.2918108581319 174.20155842270995 1.0 472.32775264397947 141.56894690136988 1.0
-0.19026547191331125 0.9817326775643178 -57.30518495330153 320.04402139224675 120.39785821307488 1.0 313.18441563315133 119.06842693639412 1.0 326.90362715134216 121.72728948975565 1.0
0.1318789935703331 -0.9912658226000107 154.16357829069216 358.7336078343067 203.2482113862127 1.0 364.4241863702968 204.0052916295231 1.0 353.04302929831664 202.49113114290228 1.0
-0.2286851214287355 0.9735004443949291 -32.90275329113964 355.52185496953496 117.31408292925859 1.0 347.8575189369131 115.51365271232103 1.0 363.1861910021569 119.11451314619615 1.0
-0.18381258723361965 0.9829613078725342 -49.84892017508495 320.6169607224184 110.66799106456664 1.0 313.14451290017155 109.27065227190529 1.0 328.0894085446653 112.06532985722798 1.0
0.9998273346812089 0.018582271773656366 -140.80947534515136 135.8623102475182 267.4927945995328 1.0 135.71113954551734 275.6266009448729 1.0 136.01348094951905 259.3589882541926 1.0
-0.09748151370738743 0.995237335757314 -220.37823964805983 359.9569114850075 256.6899121149427 1.0 351.848484703572 255.8957078703457 1.0 368.065338266443 257.48411635953966 1.0
0.033973306064725886 -0.9994227406233223 313.09384318274 123.7506346328965 317.48133044374583 1.0 129.43280551679715 317.6744840740409 1.0 118.06846374899587 317.2881768134508 1.0
-0.20490181243634106 0.9787825331810446 -59.9297785699369 391.24808158134897 143.13416397295197 1.0 385.6085529217225 141.95356500998457 1.0 396.88761024097545 144.3147629359194 1.0
-0.07800912786192914 0.9969526447982479 -269.14290841279626 623.1756594958896 318.72757424617413 1.0 611.8969062582992 317.8450391448079 1.0 634.45441273348 319.61010934754034 1.0
0.09976452337351842 0.9950110752529614 -386.55070511867456 298.0478123298229 358.6051613429089 1.0 286.7856996241248 359.73435410689615 1.0 309.30992503552096 357.47596857892165 1.0
-0.21825625727298426 0.9758914930263449 -28.10074882906715 338.7115036567294 104.54712910355849 1.0 331.8977567084056 103.0232476909492 1.0 345.52525060505315 106.07101051616776 1.0
-0.2261404877731169 0.9740946975472851 -24.273416818018717 373.65380231927827 111.66436918983439 1.0 366.71735730189783 110.05404212041137 1.0 380.59024733665876 113.27469625925741 1.0
0.14386318810511828 0.9895975864502861 -444.62357417030825 234.3180506909294 415.23326046225884 1.0 226.79531698795785 416.32688121133253 1.0 241.84078439390095 414.1396397131851 1.0
0.1239682892924307 -0.9922861801163555 137.13935186916632 321.22357132795247 178.33654446980933 1.0 328.1466804130925 179.20146227988008 1.0 314.30046224281244 177.4716266597386 1.0
-0.19943249222485548 0.979911567971816 -25.942875540597353 389.95644630871453 105.83900106593637 1.0 384.3108884701358 104.69001200758932 1.0 395.60200414729326 106.98799012428343 1.0
-0.43170605985480465 -0.9020143446113481 333.82189219518904 438.0363364762667 160.43974485144332 1.0 471.82417705784934 144.26880963781082 1.0 404.2484958946841 176.61068006507585 1.0
-0.2839993943495444 -0.9588244594340989 229.21257687146866 513.1782535024688 87.05479179439695 1.0 524.5420232441967 83.6888954695544 1.0 501.81448376074104 90.4206881192395 1.0
0.04017038748083039 0.9991928442346051 -461.0332767729739 32.52906433421673 460.0979423611027 1.0 4.449448522570609 461.22682259075515 1.0 60.60868014586285 458.9690621314502 1.0
-0.16059432609551288 0.9870204974700009 -87.02266873837333 320.6710155602235 140.34218614070977 1.0 313.166307227487 139.12112378148979 1.0 328.17572389296004 141.56324849992976 1.0
-0.19260258532210545 0.9812768437740906 -56.03880073017236 357.42397486188463 127.262334923114 1.0 350.56776261222535 125.91661458620827 1.0 364.2801871115439 128.60805526001974 1.0
-0.21487430132651664 0.9766417125176671 -29.50001622894321 320.4681594141062 100.71286820924588 1.0 312.9209631438412 99.05238360699934 1.0 328.0153556843712 102.37335281149242 1.0
-0.21528463943329476 0.9765513422365851 -10.019036913801436 381.26415006211425 94.31081398939168 1.0 366.7670081407625 91.11486121521035 1.0 395.76129198346604 97.50676676357301 1.0
-0.004328827940057802 -0.9999906305804397 243.02410180086702 436.2495147859379 241.1379120346947 1.0 465.6320808114576 241.01071877020578 1.0 406.8669487604181 241.26510529918363 1.0
-0.08063078735587272 0.9967440374190217 -216.67228809818985 359.97974938973505 246.50033458927584 1.0 353.0992158310079 245.94373949821792 1.0 366.86028294846216 247.05692968033375 1.0
-0.9991629726413577 0.04090665107883381 510.26521874236005 522.8985737159921 298.1342701003225 1.0 522.4366673985708 286.8520048201096 1.0 523.3604800334134 309.4165353805355 1.0
0.34348245442653524 0.9391590938180405 -261.4018044972309 518.1540545698097 88.82944179710535 1.0 512.0365845404747 91.06680885705086 1.0 524.2715245991448 86.59207473715982 1.0
-0.9963162209013453 0.08575539615010656 544.2320023898083 556.410367740064 118.1111967528076 1.0 555.0081872641421 101.82050000940004 1.0 557.8125482159859 134.40189349621517 1.0
0.9996717127785789 -0.025621605537951033 -304.83370733108245 307.0806028434142 83.76074915732076 1.0 307.4812192958998 99.39150011202933 1.0 306.6799863909287 68.1299982026122 1.0
0.21252181304346704 -0.9771563226939269 51.581458215732845 337.5124145939412 126.19291880541776 1.0 343.2727342256936 127.44573121978655 1.0 331.7520949621887 124.94010639104897 1.0
0.04014063926705131 0.999194039753657 -316.86565055049914 282.50591037025856 305.7721228870034 1.0 276.8899737691879 305.9977320042333 1.0 288.12184697132926 305.54651376977347 1.0
-0.9990948513631017 -0.04253795928040659 380.2255404299935 368.70529418745843 278.6682656505808 1.0 368.94435362804654 273.05344396421685 1.0 368.4662347468704 284.28308733694473 1.0
-0.2029138138177183 0.9791966013839858 -24.349665431239806 338.613024936078 95.03599746756163 1.0 331.77273064888436 93.61851889432289 1.0 345.45331922327154 96.45347604080038 1.0
-0.07463702011639006 0.9972107677056771 -358.1181667503751 36.25312638310125 361.8332290010014 1.0 33.052498722851375 361.59367551963186 1.0 39.45375404335111 362.07278248237105 1.0
-0.11855940058955525 0.9929469615905199 -191.1371847961631 377.491883999519 237.5679723242339 1.0 370.63994428049796 236.74984014055548 1.0 384.34382371854 238.3861045079123 1.0
-0.11268994935650008 0.9936302004840782 -203.4808565993253 378.106037765903 247.66719723963865 1.0 370.6312978654405 246.8194693219226 1.0 385.58077766636546 248.51492515735467 1.0
-0.9954887150842551 -0.09488001970857124 415.34575885467524 390.6768945100605 278.5762398335659 1.0 391.213813333999 272.94284481753607 1.0 390.139975686122 284.2096348495958 1.0
0.050811575384840546 -0.9987082576042469 234.84980639799957 341.2492164116781 252.5154015324596 1.0 348.13818263779984 252.8658935045215 1.0 334.36025018555637 252.16490956039772 1.0
-0.11893212632247113 -0.9929023866062645 331.94141931499576 21.927432832089377 331.6877344097667 1.0 26.930513573775045 331.08845391774827 1.0 16.92435209040371 332.28701490178514 1.0
0.9999356047188094 -0.01134841026880267 -306.01077025789783 307.60515695961215 138.7488065588277 1.0 307.8392833404945 159.3782426386833 1.0 307.37103057872974 118.11937047897212 1.0
0.022901582253694465 0.9997377243708859 -388.7534129780071 333.1387215299802 381.2239949080954 1.0 323.14396635467745 381.4529506653634 1.0 343.13347670528293 380.9950391508274 1.0
0.9997788113178088 -0.021031605738734253 -396.06522372654234 403.8050395840528 363.7619898347706 1.0 404.1073020447205 378.13063136344635 1.0 403.50277712338516 349.3933483060949 1.0
-0.9994653780182483 0.03269492533773352 435.1732358674664 445.1786560294631 298.7441557299803 1.0 444.8307900678093 288.11009000655304 1.0 445.5265219911169 309.3782214534076 1.0
-0.09206596768739214 0.9957529099097747 -221.52234797687268 395.5978514950101 259.0436286178531 1.0 389.3435305380312 258.4653625586718 1.0 401.85217245198896 259.62189467703433 1.0
0.9978828371203595 -0.06503724610269056 -588.5931856293283 601.9398542470014 185.620773109361 1.0 602.5130126282473 194.41488641935487 1.0 601.3666958657554 176.82665979936715 1.0
-0.05097849115343023 -0.9986997513966445 16.502640618579022 70.022960679044 12.949813714261069 1.0 76.91191401296801 12.598168040875533 1.0 63.13400734511999 13.301459387646602 1.0
-0.9998932501262185 -0.01461124060535638 150.10834198280193 145.28381696331667 331.25414736066915 1.0 145.43917825264512 320.62228462387367 1.0 145.12845567398819 341.88601009746463 1.0
-0.017379690550866366 0.999848961771905 -276.2304020998765 170.62738087674146 279.23802879610525 1.0 158.131156547287 279.02081547669025 1.0 183.12360520619592 279.45524211552026 1.0
-0.03640090520208873 0.9993372674430133 -361.6259804996178 236.23285861718648 370.4705933153568 1.0 228.09588896440948 370.1742038274306 1.0 244.36982826996348 370.766982803283 1.0
0.08529833837009058 -0.9963554553829178 289.1380717289021 19.376750450283026 291.8545532864743 1.0 38.20279773979527 293.46625776723613 1.0 0.550703160770778 290.24284880571247 1.0
0.9984273423145515 -0.056061057060149015 -432.1332318554143 449.5198485924683 297.5269601946124 1.0 450.1864909637614 309.39962200208276 1.0 448.8532062211752 285.65429838714203 1.0
0.9993284519314536 -0.036642122758983445 -277.34210281670323 287.9091989111457 283.10999600736267 1.0 288.6423883806153 303.1060290515396 1.0 287.17600944167623 263.1139629631857 1.0
0.9997815863740268 0.020899271457019496 -115.04071851984561 108.24592076378931 326.25252770795305 1.0 108.1022696547362 333.1245248485645 1.0 108.38957187284241 319.3805305673417 1.0
0.09225199623404098 -0.9957356924359168 260.8104745195508 464.32214478282765 304.9455006766082 1.0 468.1550539239791 305.3006084851773 1.0 460.48923564167615 304.59039286803915 1.0
-0.2151128192230162 -0.9765892048379021 70.94556428761045 128.6001254338936 44.319585490683636 1.0 133.16657286906096 43.313736381614675 1.0 124.0336779987262 45.32543459975259 1.0
0.9998604624310253 0.01670495935991152 -104.86764398134945 99.70292736112111 310.00547877773585 1.0 99.58809679093648 316.87856027002374 1.0 99.81775793130575 303.13239728544795 1.0
-0.10296653784589511 0.9946848204753252 -350.4482996123508 266.19804447031544 379.8769045779158 1.0 255.55766780165735 378.7754473882661 1.0 276.8384211389735 380.9783617675655 1.0
0.9990939214601811 0.04255979442287592 -83.03261985264177 69.9291731837099 309.37198289152184 1.0 69.71543493911413 314.38950198095677 1.0 70.14291142830568 304.35446380208685 1.0
-0.14074750128924596 0.9900455246506767 -371.08825603097546 278.8270269856197 414.4581770781609 1.0 269.37646985156715 413.11466077583884 1.0 288.2775841196722 415.8016933804829 1.0
0.0 1.0 -320.625 611.875 320.625 1.0 603.125 320.625 1.0 620.625 320.625 1.0
0.30737803107938727 0.951587487312522 -302.6132811263947 238.26121406454496 241.04669441635696 1.0 220.58652920781228 246.75590129816928 1.0 255.93589892127767 235.3374875345446 1.0
0.5452747702697301 -0.8382573739057074 82.03137644683898 56.062561156259456 134.32733204291156 1.0 61.575665892598046 137.91353004385888 1.0 50.549456419920865 130.74113404196427 1.0
-0.9996654259293904 -0.025865734116980035 122.56838233177872 113.66662368301911 345.6228426885728 1.0 113.8609699314927 338.1116997850127 1.0 113.47227743454553 353.1339855921329 1.0
0.9999934111836281 0.003630094947994788 -309.0711694288165 308.2881987361114 216.24832360651953 1.0 308.23147064027484 231.87538650107996 1.0 308.34492683194793 200.62126071195908 1.0
0.04945107019962386 0.9987765474099358 -341.45043300429666 431.2137866413299 320.5185890680095 1.0 374.32352371226443 323.33531959004245 1.0 488.1040495703954 317.7018585459765 1.0
0.3420251787619348 -0.9396907880217122 -44.51774012814254 177.23547133799858 17.134629650982767 1.0 183.55783346921416 19.43581964421353 1.0 170.913109206783 14.833439657751999 1.0
-0.13044916467794615 0.9914549991980605 -359.4798258918028 389.90083860144 413.87865805961655 1.0 372.9896640248244 411.65359630792153 1.0 406.81201317805557 416.1037198113116 1.0
-0.9995393897187306 0.0303481202170349 219.18953127458101 219.51869823279134 7.514613334944237 1.0 219.34634179576025 1.8379174917716334 1.0 219.69105466982242 13.19130917811684 1.0
-0.07505522245389783 -0.9971793788393319 346.04202728518726 426.2453641676377 314.9384085972399 1.0 436.8572876995164 314.13967539211086 1.0 415.633440635759 315.7371418023689 1.0
0.9994944901700369 0.031792516725449985 -99.45590838196343 88.5523244095393 344.36871221694787 1.0 88.39281045548583 349.383518674659 1.0 88.71183836359276 339.35390575923674 1.0
0.9994973686258714 0.031701894422241896 -92.24472272633913 83.70814242261096 270.60384872019006 1.0 83.0731669588638 290.62335596806025 1.0 84.34311788635813 250.58434147231992 1.0
0.41226653813477276 0.911063280751875 -289.1061891519211 523.1187250474981 80.61113305159611 1.0 514.4474040161575 84.53500483764346 1.0 531.7900460788386 76.68726126554877 1.0
-0.019338027152861436 -0.999813002868954 468.03238631521447 28.114384241739668 467.57614498702 1.0 35.61157954703343 467.4311369045405 1.0 20.617188936445906 467.72115306949945 1.0
0.31819001272226977 -0.9480269594287929 107.36588920631749 38.37059587011416 126.13041053857447 1.0 43.99169222828873 128.0170411917769 1.0 32.74949951193958 124.24377988537202 1.0
-0.16978579407309574 -0.9854809912580599 146.25821498571474 67.98712060134032 136.69971204182895 1.0 74.37067676336767 135.59990680804518 1.0 61.60356443931297 137.7995172756127 1.0
0.3545349242346495 -0.935042773084703 -54.61682889009266 200.77954531090862 17.717405525658226 1.0 207.48709642793972 20.260670064489368 1.0 194.07199419387752 15.174140986827082 1.0
-0.11289393395897959 0.9936070449001787 -359.37741022917027 391.8789672499146 406.21508326598456 1.0 378.0938886641769 404.6488184538888 1.0 405.6640458356522 407.7813480780803 1.0
-0.15473188035325586 -0.9879564996508428 549.4500099008393 538.7339444147493 471.77248576849286 1.0 545.6354289341382 470.69158830257066 1.0 531.8324598953604 472.853383234415 1.0
-0.10738506356350434 0.9942175054400633 -362.1584951669779 443.78265621348964 412.197654608235 1.0 426.9020684451232 410.374388591919 1.0 460.6632439818561 414.020920624551 1.0
0.4444022888149658 -0.8958273302908433 -28.332728756983418 84.03488420074355 10.060606343860442 1.0 93.04735558040498 14.531515830067544 1.0 75.02241282108211 5.589696857653341 1.0
-0.9987389563358027 0.05020455255523957 436.7924125925496 452.6125256103772 303.74434356907364 1.0 452.20355270501 295.608484331475 1.0 453.0214985157444 311.88020280667223 1.0
0.9981853108746548 -0.060216983933676305 -84.24735377491105 104.94939827881325 340.6280526225927 1.0 105.3273377622081 346.89295690839714 1.0 104.57145879541838 334.36314833678824 1.0
-0.03554806885475802 -0.9993679676679144 371.08039637377567 28.113974905804323 370.3150499426649 1.0 40.59817909081304 369.8709799260912 1.0 15.629770720795603 370.75911995923866 1.0
-0.11191980961358183 0.9937172415813563 -366.4598964623217 33.741324250816945 372.57703052369914 1.0 26.882930399026826 371.8045873154825 1.0 40.599718102607056 373.3494737319158 1.0
0.0029644563074151323 0.999995605989747 -322.32343172942427 303.7486641936006 321.42439442807154 1.0 293.1237575661133 321.4558916379381 1.0 314.37357082108787 321.3928972182049 1.0
0.47585457562431305 -0.8795239751464453 10.7539500342004 455.8524358371125 258.8598194823173 1.0 465.1972110911243 263.915684005012 1.0 446.50766058310074 253.80395495962253 1.0
0.15979654042329017 -0.9871499712144796 323.4646347218201 5.552307601861437 328.57406040230853 1.0 10.621811868053955 329.3946948216177 1.0 0.48280333566891875 327.7534259829993 1.0
-0.03088852170216891 -0.9995228357706765 265.6284005211784 414.3695868340285 252.9498351586877 1.0 421.86243107823134 252.71828178765384 1.0 406.8767425898256 253.18138852972157 1.0
1.0 0.0 -276.875 276.875 321.25 1.0 276.875 331.875 1.0 276.875 310.625 1.0
-0.9790263772943315 0.20373353322891447 171.34732338486285 258.1271730264468 399.3745477973157 1.0 256.8286606921789 393.1346431221147 1.0 259.42568536071474 405.6144524725167 1.0
0.13654457710773704 -0.9906339275748985 367.2113291939864 388.0667546748452 424.1725711225092 1.0 398.1339336295498 425.560186319985 1.0 377.99957572014057 422.78495592503344 1.0
0.045413786775050716 0.9989682617434602 -352.6314816296872 57.51731615336776 350.38090388091985 1.0 46.88587494890738 350.86421653704787 1.0 68.14875735782815 349.89759122479177 1.0
0.999998491828777 0.00173676140309648 -93.79271565368943 93.18498952057638 350.00010418764106 1.0 93.1708783554583 358.12507967987716 1.0 93.19910068569445 341.87512869540495 1.0
0.2443182757054681 -0.9696950964897711 139.60796183876985 210.73427938626878 197.0662719675542 1.0 217.05542220087275 198.65890734185132 1.0 204.4131365716648 195.4736365932571 1.0
0.9997620898596147 -0.021812007691536798 -308.3591413226172 314.81384214293377 292.4904256939784 1.0 314.9637640193906 299.36215481868163 1.0 314.6639202664769 285.61869656927524 1.0
0.07591299313858645 -0.9971144455240537 178.70818957694203 246.3088122182126 197.9775036205455 1.0 255.77171227338476 198.69793954461022 1.0 236.84591216304045 197.25706769648076 1.0
-0.9999797566162156 -0.006362889105905645 290.711932535954 288.72142193457216 313.74981815725766 1.0 288.75723776523046 308.12106916783296 1.0 288.68560610391387 319.3785671466824 1.0
-0.15093488702475055 -0.9885437066102973 3.72612179817956 6.9077657276249855 2.714598191807543 1.0 13.295143100635622 1.739347349853757 1.0 0.5203883546143496 3.689849033761328 1.0
-0.04615154457122127 -0.998934449768197 257.2823492939808 458.13150317628066 236.39075903374504 1.0 465.64434241814723 236.04366004721206 1.0 450.6186639344141 236.73785802027803 1.0
-1.0 0.0 275.6249999999995 275.6249999999999 330.0 1.0 275.6249999999999 315.625 1.0 275.6249999999999 344.375 1.0
