-0.032120025068239993 -0.9994840188765479 268.53434168331466 15.6666008528443 268.1695004713159 1.0 20.7015716874694 268.0076935925949 1.0 10.6316300182192 268.33130735003704 1.0
0.06249367166798449 -0.9980453601923382 315.61146106279097 308.2093169036013 335.5284301445412 1.0 363.2284098551173 338.97350916351456 1.0 253.19022395208526 332.0833511255678 1.0
-0.9998938823097105 -0.014567914044739054 13.504822334788813 9.390379838250361 282.5002240759401 1.0 9.56362073995964 270.6095362771963 1.0 9.217138936541081 294.3909118746838 1.0
0.06816127885810795 -0.9976743156283153 314.38992344329534 136.37366826538886 324.4398718142654 1.0 174.53404965921112 327.04699555872907 1.0 98.21328687156658 321.8327480698018 1.0
0.053635916817008265 -0.9985605582172765 319.39820593578924 463.1392163431369 344.7353288545978 1.0 474.4572747961378 345.3432583754663 1.0 451.8211578901361 344.12739933372933 1.0
0.05386628652334364 -0.9985481576650097 319.29554814418924 530.6446786232891 348.38520683716933 1.0 585.6531796516297 351.3526187289915 1.0 475.6361775949485 345.4177949453472 1.0
0.29928955984497935 -0.9541623338655737 395.46775747657836 62.799118536944235 434.16393973954143 1.0 125.41214499589735 453.8036011098908 1.0 0.18609207799112681 414.524278369192 1.0
-0.1253063462947758 -0.9921180975963769 367.41211373241845 33.80511538383193 366.0613782950545 1.0 43.18831049725647 364.8762634391893 1.0 24.42192027040739 367.2464931509198 1.0
-0.9999168870409343 -0.012892595175815685 41.39610837558263 38.09555199105884 256.24962030718456 1.0 38.86119398059533 196.86837515638254 1.0 37.32991000152234 315.6308654579866 1.0
0.9986948903131365 0.05107363373045014 -36.38678035915035 22.022021901459446 281.8185932836305 1.0 21.38443468850538 294.2859868328501 1.0 22.65960911441351 269.3511997344109 1.0
0.05230973162705119 -0.998630908783173 319.35513688496576 398.12383372917793 340.6472649601647 1.0 434.4705354939715 342.5511577779441 1.0 361.77713196438435 338.7433721423853 1.0
0.049959902321147553 -0.9987512243597307 316.5619230782466 91.20522829091374 321.5200337608577 1.0 99.30994835721422 321.9254510589563 1.0 83.10050822461324 321.11461646275905 1.0
0.03997914297481547 -0.9992005144749473 321.51723495003 243.0649915339141 331.49979428582594 1.0 258.06598354346204 332.1000009466771 1.0 228.0639995243662 330.89958762497474 1.0
-0.015568108337981388 -0.9998788096578388 326.09501970191695 20.003084355808493 325.823096130076 1.0 39.3928462916543 325.52119762842835 1.0 0.6133224199626852 326.1249946317236 1.0
0.1538522751639033 0.9880938606361698 -372.011524267419 36.18915658407787 370.8592420104367 1.0 26.751029317198846 372.32881632027085 1.0 45.62728385095689 369.38966770060244 1.0
0.1269222107904938 -0.9919126737813433 342.3588788205082 314.3275730495917 385.37064744535843 1.0 450.6645485242863 402.8159234229009 1.0 177.99059757489715 367.925371467816 1.0
-0.999999968418506 0.00025132247600057674 171.389867286844 171.45160381145246 245.62510640898176 1.0 171.44060837452096 201.8747950192774 1.0 171.46259924838398 289.37541779868616 1.0
0.13537032901280613 -0.9907950716585971 340.1111233793174 126.26405757238646 360.5221105888449 1.0 176.96727998105922 367.4495894346789 1.0 75.5608351637137 353.5946317430109 1.0
0.05595821538069266 -0.998433111495912 315.9260377551611 51.84263847494134 319.32740973219484 1.0 80.60737022452489 320.93955884471717 1.0 23.077906725357792 317.7152606196725 1.0
-0.9993685076463763 0.03553288511582719 574.15566366405 580.6739237330646 173.1232605001327 1.0 579.8733604573209 150.6072806254742 1.0 581.4744870088084 195.63924037479117 1.0
-0.9992503362475538 0.0387138929733322 573.6694287911719 579.0632791948578 128.11286264384353 1.0 578.2384155098933 106.82217727859226 1.0 579.8881428798225 149.4035480090948 1.0
-0.9995276950589854 0.030730877144527054 575.0315387440855 585.3144304275472 325.6153327112523 1.0 584.5831460857924 301.8301687177426 1.0 586.0457147693021 349.40049670476196 1.0
-0.9999914571877618 -0.004133467248752635 172.89610184833958 171.62653108784315 307.49897295311536 1.0 171.69630410872475 290.6190944818752 1.0 171.55675806696152 324.3788514243555 1.0
0.5076752871740625 0.8615484912602036 -43.719447165002 74.85818331974866 6.634330520919806 1.0 63.31010892586681 13.439138426329707 1.0 86.40625771363051 -0.1704773844900942 1.0
-0.9999708895276646 -0.007630209515551721 172.70924962990907 172.2851509329172 56.2388225693292 1.0 172.70960536941098 0.6122923201159747 1.0 171.86069649642337 111.86535281854243 1.0
-0.9991087261292669 0.042210820560055415 456.23903966045003 469.23937402219065 298.0779193964007 1.0 468.5518323441475 281.8041563897532 1.0 469.9269157002338 314.35168240304824 1.0
0.056454517898934076 0.9984051719661707 -331.7905220182406 34.98401794674609 330.34235540004255 1.0 0.43675252881287374 332.2958200541319 1.0 69.53128336467931 328.3888907459532 1.0
-0.9996427935080965 0.026726118074446917 576.3691627870564 584.1615176189284 283.755707594113 1.0 583.7097826209741 266.8593654458597 1.0 584.6132526168828 300.6520497423663 1.0
0.9996452746747254 -0.026633152657784216 -452.8615398514501 459.38359742931436 238.76642256926493 1.0 460.2002783852266 269.41961894389493 1.0 458.56691647340205 208.11322619463496 1.0
0.9996902953041468 -0.024886009618011327 -474.73079652893415 482.14433047942396 291.8994125117907 1.0 482.39388764430703 301.92431725492355 1.0 481.8947733145408 281.8745077686578 1.0
-0.9999943506596141 -0.0033613462863670324 191.00751101762216 190.83841150004946 50.627818207303136 1.0 191.0064849265539 0.6262823101853776 1.0 190.67033807354505 100.6293541044209 1.0
-0.9995689408305379 0.02935868741814596 575.5708393907543 582.2070332707234 217.4902477351892 1.0 581.6006939432759 196.84634255344847 1.0 582.8133725981709 238.13415291692996 1.0
0.1953244531101256 0.9807386797803125 -205.9444921192282 126.94121656126025 184.70747830384738 1.0 82.94472843528607 193.46984299807667 1.0 170.93770468723443 175.94511360961812 1.0
0.9999351308312177 -0.011390089093408256 -248.78967255712539 251.66074754641937 250.63455978035313 1.0 251.8316688836673 265.63973211230217 1.0 251.48982620917147 235.62938744840412 1.0
-0.9992754307522721 0.038060655470724986 573.7834188200976 576.8181160147652 68.75216661162396 1.0 575.4120247338261 31.835501539521427 1.0 578.2242072957043 105.66883168372651 1.0
-0.12365453120251907 0.992325328162637 -337.20009223781585 296.960665409971 376.81253666780367 1.0 258.1129515112833 371.9716888993342 1.0 335.8083793086587 381.6533844362731 1.0
0.9999659463453716 -0.008252645006630765 -480.04706970017827 482.63724700826526 311.86870923180976 1.0 482.70954032572394 320.6284287579681 1.0 482.56495369080653 303.1089897056514 1.0
0.2086747453268554 0.9779850973623125 -200.20827576777864 19.366014970199693 200.58289032721572 1.0 0.41208256464501547 204.62713090750574 1.0 38.31994737575437 196.5386497469257 1.0
-0.1185989720077024 0.992942235902329 -338.8497701069448 351.23972163259464 383.21105323418954 1.0 340.4697650457057 381.92466845410024 1.0 362.00967821948365 384.4974380142789 1.0
-0.9982537991263971 0.059070741740007426 567.8410238372702 583.2597195221476 243.77901189207864 1.0 582.9302076604583 238.21049424528277 1.0 583.5892313838369 249.34752953887454 1.0
-0.12172940842821743 0.9925633234830491 -337.052263631976 93.23089297949787 351.0115645408035 1.0 75.68814846934501 348.86009686019787 1.0 110.77363748965074 353.1630322214091 1.0
-0.43583372545574955 -0.9000272016752395 278.6523795356567 6.655678970429313 306.3814178741206 1.0 13.695748877438557 302.97229880601947 1.0 -0.3843909365799314 309.7905369422217 1.0
-0.0020525237350277575 -0.99999789357094 281.42837098362463 475.00349751969014 280.4540057872116 1.0 480.6297566470204 280.44245773248815 1.0 469.3772383923599 280.465553841935 1.0
0.07098769682594663 0.997477191167471 -350.82788805460797 35.56692741050927 349.18399826957256 1.0 25.57306456124243 349.8952338871344 1.0 45.56079025977612 348.4727626520107 1.0
0.11550642865876358 -0.9933067325547018 347.9786273419503 545.005894250725 413.6993119214534 1.0 638.2509032678487 424.54228482079293 1.0 451.7608852336012 402.8563390221138 1.0
0.9999257579197165 0.012185181520215593 -188.872360844882 188.31513313554768 46.87731697878698 1.0 187.7514247321385 93.13568018736925 1.0 188.87884153895686 0.6189537702047154 1.0
0.29092102209258297 0.9567470715422164 -135.34034091887347 451.2140599839561 4.256804673812082 1.0 437.0119218149381 8.575292469516294 1.0 465.4161981529741 -0.06168312189212821 1.0
-0.12981895295364682 0.9915377145898279 -335.31581627597876 231.12714725736987 368.438330843741 1.0 204.30281935978655 364.9263049166283 1.0 257.9514751549532 371.9503567708537 1.0
0.0491267094718273 -0.9987925542456104 318.54756493636427 215.64764894753066 329.53952543538253 1.0 223.1602153154261 329.90903926863507 1.0 208.13508257963522 329.17001160212993 1.0
-0.9992185885860256 0.03952483047593046 461.16742749378534 474.7292446773247 333.7359875897244 1.0 474.3570361746483 324.326265897673 1.0 475.10145318000104 343.1457092817758 1.0
-0.12081210810448352 0.9926753923289076 -337.9467036426261 373.6388283356801 385.9134628740948 1.0 362.79413369745856 384.5936251596541 1.0 384.48352297390164 387.23330058853554 1.0
0.9999719868720391 -0.007485016445290854 -249.62430343189843 251.86276007534315 298.11573508594154 1.0 252.09680035047634 329.38269630688336 1.0 251.62871980020995 266.84877386499966 1.0
0.9999987470682326 -0.0015829914608992606 -335.9454308369761 336.52265587339394 364.37555775844254 1.0 336.54640071555673 379.3755201705131 1.0 336.49891103123116 349.375595346372 1.0
-0.11989088465807524 0.9927870747425673 -337.76836695752996 179.37392437247968 361.88390700825545 1.0 158.13180283557173 359.31866738350044 1.0 200.61604590938762 364.44914663301046 1.0
-0.9996868171590705 -0.02502533912591766 42.79372672640682 41.47749464766282 53.11504917732648 1.0 42.10371502263866 28.099433990261765 1.0 40.85127427268699 78.1306643643912 1.0
-0.03069574995419099 -0.999528774440611 338.2177476048631 7.5198468929254965 338.1462634270828 1.0 13.15872265776612 337.9730923039231 1.0 1.8809711280848729 338.3194345502425 1.0
0.04855844639631085 -0.9988203428462882 318.6182250189024 190.58804621714285 328.26011884238585 1.0 206.89066965564655 329.05268386374087 1.0 174.28542277863917 327.4675538210308 1.0
-0.9997260454074427 -0.023405856831055952 42.65893217752282 40.4319294304391 95.62047977955541 1.0 40.608110058274725 88.09533922969902 1.0 40.25574880260347 103.1456203294118 1.0
-0.9999914816122054 -0.004127554121580488 172.37554381272312 171.59793443034908 188.7488563871243 1.0 171.64697001389536 176.8688992992709 1.0 171.54889884680279 200.6288134749777 1.0
0.9995236365397204 0.030862598698306914 -63.194426482122715 60.966315819214756 73.13553891351111 1.0 59.8842581782788 108.17932115577666 1.0 62.04837346015071 38.09175667124556 1.0
-0.11392627647942878 0.9934892065480796 -340.7411783897452 444.9005506659869 393.99224365083796 1.0 384.21353050694626 387.03308778705764 1.0 505.5875708250275 400.9513995146183 1.0
-0.04791417618272294 0.9988514562840317 -336.5802021170583 593.134859100634 365.41947049264763 1.0 579.356601983653 364.75853754326806 1.0 606.9131162176151 366.0804034420272 1.0
-0.9864748947539922 -0.16391242179926463 616.8198292396073 583.4507927590294 251.7214339559805 1.0 583.9221996866879 248.8843634384225 1.0 582.9793858313709 254.55850447353853 1.0
-0.9990193205125725 -0.04427637341289275 594.6785274714259 583.7428284278731 259.9165824627777 1.0 583.9989902752425 254.1367361254609 1.0 583.4866665805038 265.6964288000945 1.0
-0.9841959746887853 0.17708270216594305 13.451356194368026 74.54004625219494 338.3202116715852 1.0 72.97586267467302 329.6267415480677 1.0 76.10422982971686 347.0136817951027 1.0
0.9989400774998303 -0.04602957271833968 -3.3050699944469137 17.332721718467184 304.35390890995416 1.0 17.622750026288863 310.64814288134835 1.0 17.0426934106455 298.0596749385599 1.0
0.9995932420208592 -0.028519300591495968 -451.63889340856343 460.82757811809984 315.6192202628024 1.0 461.6125565600392 343.1324877490542 1.0 460.0425996761605 288.1059527765507 1.0
-0.06941993853519458 0.9975875260516093 -323.5646314914463 520.6283748219212 360.5765026904046 1.0 486.8678892255515 358.2271841856972 1.0 554.3888604182908 362.92582119511195 1.0
-0.019301818985115276 -0.9998137025385608 281.9544336891525 30.003431386286724 281.4277421615454 1.0 35.63839712451174 281.31895680644334 1.0 24.368465648061708 281.5365275166474 1.0
0.9999792560645727 -0.006441074486758439 -249.87459038290507 251.24853065559807 212.50000946435307 1.0 251.39755520224938 235.63612683142836 1.0 251.0995061089468 189.36389209727778 1.0
0.012984355617861697 -0.9999156997013242 337.3074868370442 442.51678753682893 343.0822041055718 1.0 449.4068575328706 343.1716747670359 1.0 435.62671754078724 342.9927334441078 1.0
-0.9981966854099611 -0.06002813704061662 47.09253721975011 39.62206168118894 125.63985744510342 1.0 39.921661118315335 120.65787433128624 1.0 39.32246224406255 130.62184055892058 1.0
0.504053335424184 0.8636725276676079 -43.806892851854215 21.06271849276438 38.429101631966255 1.0 -0.03589097008742215 50.74259329909452 1.0 42.16132795561618 26.115609964837983 1.0
0.9999675834610942 -0.008051833765021452 -250.26703777876003 250.89413816969864 76.87283287394703 1.0 250.95460600537567 84.38241109968524 1.0 250.83367033402163 69.36325464820884 1.0
-0.9999756047419162 -0.006984978241843697 40.92156407191984 40.13245247067725 113.11282804648435 1.0 40.19356953929035 104.36325495829344 1.0 40.07133540206416 121.86240113467527 1.0
0.999558193991334 -0.029722328724086516 -452.17182269516115 455.8653879311647 117.49285195283844 1.0 458.0400815199878 190.62752509057788 1.0 453.69069434234166 44.358178815098995 1.0
0.9988831155709817 -0.04724956536528691 -461.4515977561122 477.783666313249 334.36158190352717 1.0 478.2570295697555 344.3687546849185 1.0 477.31030305674244 324.35440912213585 1.0
0.9996248582865005 -0.027388733006358988 -452.4174987783131 460.2236513293519 278.7096234102528 1.0 460.47985553719957 288.06047928601186 1.0 459.9674471215043 269.3587675344938 1.0
-0.9999995710404839 -0.0009262390880857243 39.53244082964022 39.40625923935907 136.24829225450662 1.0 39.41147094059248 130.62156038275498 1.0 39.401047538125674 141.8750241262583 1.0
-0.2916419006922355 -0.9565275750131933 156.33848770714025 126.28500419938837 124.93993082411167 1.0 172.43695893138607 110.86836179640625 1.0 80.13304946739065 139.0114998518171 1.0
-0.16714324944159895 0.9859326215143221 -327.9894129737496 152.2285503019594 358.47620802540683 1.0 146.55470519466206 357.5143320438561 1.0 157.90239540925668 359.4380840069576 1.0
0.9999999870698731 -0.00016081123505931708 -187.60883352482384 187.64260632290382 210.00007757432397 1.0 187.66120012171712 325.62507458423215 1.0 187.6240125240905 94.37508056441577 1.0
-0.9999970173059779 0.002442412567056241 338.5167334112618 339.41075637959796 365.62643918031614 1.0 339.3771695786073 351.8749947009781 1.0 339.44434318058865 379.3778836596542 1.0
-0.9990955147781659 0.04252237470028727 62.8822378974044 79.45795299475375 388.12146944834274 1.0 79.29863831785084 384.3782500196558 1.0 79.61726767165665 391.8646888770297 1.0
-0.9999904807486569 0.004363302885436047 189.15554179184346 190.463621736673 299.37570414894503 1.0 190.34906232821885 273.12074983057425 1.0 190.57818114512713 325.63065846731575 1.0
0.9999978314176727 -0.0020825849206891757 -228.72114021096604 229.12904383802453 195.62551222570485 1.0 229.40499116306177 328.12754077751674 1.0 228.85309651298732 63.123483673892956 1.0
-0.9998960068896892 0.014421352435001523 360.1353496910528 364.6349510524186 309.3802650470577 1.0 364.25655990331256 283.14473680941273 1.0 365.0133422015246 335.6157932847027 1.0
-0.07083276136314139 0.9974882054027868 -366.41464393973087 595.6067482858061 409.63202611738416 1.0 589.2997877313009 409.18416174218225 1.0 601.9137088403113 410.0798904925861 1.0
-0.06796891171552032 0.9976874395521915 -324.1971242524944 630.5971405512256 367.90893728343565 1.0 623.0046418556142 367.39168723789646 1.0 638.189639246837 368.4261873289748 1.0
0.02392828538291464 0.9997136775890555 -284.39252968569826 30.000141777682714 283.75592341182505 1.0 24.363411547303805 283.8908393308553 1.0 35.63687200806162 283.62100749279483 1.0
-0.13290156152354887 0.9911292423012261 -282.1808391005435 613.2012705496776 366.931203281246 1.0 608.0426047550043 366.23947236439966 1.0 618.3599363443509 367.62293419809225 1.0
-0.10972567236261442 0.9939619091416794 -339.10267853078346 118.82942773927077 354.2804952053199 1.0 111.83270745088296 353.5081116452301 1.0 125.82614802765858 355.0528787654097 1.0
-0.9999999998004396 -1.9978013974830778e-05 190.28457498517108 190.2802422912509 216.87500559868442 1.0 190.28126616471633 165.62499313288063 1.0 190.27921841778542 268.1250180644882 1.0
0.9990342499181155 0.04393822357069687 -254.85053774119197 250.64140232090259 101.30569725793768 1.0 250.33720555372406 108.22229434422476 1.0 250.9455990880811 94.38910017165058 1.0
-0.9997153247027877 0.023859370368887207 69.43944128811698 78.5437469410864 380.6448388222255 1.0 78.45287659896714 376.83734213756566 1.0 78.63461728320566 384.45233550688533 1.0
-0.07159131723728726 0.9974340495973807 -322.4671190601719 456.88648883470864 356.0899337325972 1.0 428.0606928853545 354.020948115693 1.0 485.7122847840627 358.15891934950145 1.0
-0.9999979058838399 -0.002046516048086014 190.79836470337628 190.52120799024857 135.623508512333 1.0 190.5800478210613 106.87234985403458 1.0 190.46236815943587 164.37466717063137 1.0
0.07176724418475504 0.9974214067595129 -343.21238842198875 9.396483547038482 343.4235784107042 1.0 4.243280769592823 343.7943656823189 1.0 14.54968632448414 343.05279113908944 1.0
-0.9986928587533925 -0.051113343414183963 94.34193304317745 75.49380442099473 370.68226068238334 1.0 76.2660338215035 355.5938329628711 1.0 74.72157502048596 385.7706884018956 1.0
-0.1529722703321186 0.9882304814715225 -133.61959694669542 315.4824661213023 184.04579645066113 1.0 252.93327973584147 174.36355002312416 1.0 378.0316525067631 193.7280428781981 1.0
-0.04725912671598271 0.9988826632503152 -336.5011073674859 567.4420746608531 363.7243268349912 1.0 555.5640926319433 363.1623558663413 1.0 579.320056689763 364.28629780364116 1.0
0.9970907988954988 -0.07622295427189783 -61.592742365491084 62.96782792498469 15.637015074153709 1.0 63.35509638027782 20.702966888325456 1.0 62.580559469691565 10.57106325998196 1.0
-0.9976631835822414 0.06832402304129295 52.72872592451182 81.27300792935031 414.99842432363846 1.0 79.68211901229027 391.76836217169824 1.0 82.86389684641037 438.22848647557873 1.0
-0.13328987435265727 0.9910770955859352 -325.4617928311519 630.7795964791798 413.2254976066829 1.0 623.2477172317863 412.2125358068434 1.0 638.3114757265732 414.23845940652245 1.0
-0.12997134357762738 0.9915177506472722 -335.87918171499837 136.8177072411752 356.68707163282807 1.0 129.20277219062422 355.688881394549 1.0 144.4326422917262 357.68526187110706 1.0
0.9999826464521294 -0.005891247286913306 -250.44662758024214 250.73083091485495 47.503058606541984 1.0 250.85972140463315 69.38098136106825 1.0 250.60194042507678 25.625135852015717 1.0
-0.09707394513106839 0.9952771720363581 -349.97193951881763 546.9381028835593 404.97802042776345 1.0 505.714508049064 400.95729424665194 1.0 588.1616977180545 408.9987466088749 1.0
0.9994605443262038 -0.03284235581026994 -451.7073289874929 458.5439131470114 200.6317720309642 1.0 458.79212035125295 208.18522857622872 1.0 458.29570594276976 193.07831548569968 1.0
-0.999683203312876 -0.025169287119565134 54.19749762701769 51.79180999117878 96.23216971375716 1.0 54.199840267245754 0.5891183783161935 1.0 49.38377971511181 191.87522104919813 1.0
0.2878293918825104 -0.9576817013854573 398.3045119707105 144.39663070986032 459.3030291186187 1.0 159.5321890360224 463.85199203867774 1.0 129.26107238369823 454.75406619855966 1.0
0.9999957661661891 -0.002909922627213109 -206.95600942390297 207.82623653266853 298.7526880915967 1.0 207.90808305233634 326.8792686328909 1.0 207.74439001300073 270.6261075503025 1.0
-0.9997177316573237 -0.023758304020603655 85.94635551274845 82.01996014590611 166.238591847044 1.0 82.6296531965145 140.58352181204202 1.0 81.41026709529771 191.89366188204596 1.0
0.99999225594163 -0.003935486852910227 -228.91296453694414 229.09429959177402 45.62610470132105 1.0 229.1582507578884 61.875853020398544 1.0 229.0303484256596 29.376356382243554 1.0
-0.07832476392165717 0.9969278967691778 -320.4127844667212 154.96463501694188 333.5751301557022 1.0 78.07321946789348 327.5340694230265 1.0 231.8560505659903 339.6161908883779 1.0
0.07618448935819101 -0.997093738612991 450.23891213149807 290.6244765604999 473.7568507153162 1.0 341.90935610730634 477.67535126222043 1.0 239.3395970136934 469.838350168412 1.0
0.9971228559381546 0.07580244168717759 -591.3078495227825 571.3946812434199 284.3859988367554 1.0 570.7225444368648 293.22744189869684 1.0 572.0668180499749 275.54455577481394 1.0
-0.9999854131441082 0.005401249763457911 230.3905056099482 232.01426083478827 299.9992478064769 1.0 231.8623164342087 271.8683168474162 1.0 232.1662052353678 328.13017876553755 1.0
0.9999237620978448 -0.012347873990790209 -250.71579877037726 250.87380050752634 11.246927608451532 1.0 251.0051772540485 21.885741280554026 1.0 250.74242376100418 0.6081139363490373 1.0
0.99920626666132 0.03983511848541764 -64.44653734134344 59.589788235544454 123.10864618519076 1.0 59.03951479147045 136.91145874359515 1.0 60.140061679618455 109.30583362678637 1.0
0.051374198248112624 -0.9986794739827005 457.3941992947328 201.30250039303246 468.3544280653428 1.0 238.14430884807797 470.2496491254497 1.0 164.46069193798692 466.4592070052359 1.0
0.07311207468604213 -0.9973237310598313 231.24947333092663 553.1309313685588 272.41909004570323 1.0 571.8262783330366 273.78961353870767 1.0 534.435584404081 271.04856655269873 1.0
0.9998054253906321 -0.01972590579561246 -52.34649023602186 57.670824421333364 269.3469674968993 1.0 57.84412209694033 278.1305416493201 1.0 57.497526745726404 260.5633933444786 1.0
0.3848892215826845 0.9229627766651671 -126.35930665267871 31.6046027617484 123.72658853034892 1.0 26.4572052645499 125.87312993587747 1.0 36.7520002589469 121.58004712482035 1.0
-0.9999666263227106 0.00816983725520174 229.37368382430526 231.52091029460252 261.8778929518153 1.0 231.4901909945602 258.1179312944711 1.0 231.55162959464482 265.6378546091595 1.0
-0.9940550773618874 -0.1088783870704016 392.983536093217 392.9252071958215 21.990028702307157 1.0 393.3607101293078 18.013905305492838 1.0 392.48970426233524 25.966152099121473 1.0
0.9977705359255706 0.06673797748508195 -225.0383308604905 207.85629573484647 264.39883158840036 1.0 207.52056607351284 269.41818004243254 1.0 208.19202539618013 259.3794831343682 1.0
0.03488148829649377 0.9993914557240429 -331.2428951249384 563.1220367050428 311.7900984718364 1.0 559.3330240716814 311.92234534974284 1.0 566.9110493384042 311.65785159393 1.0
0.9999901655832193 0.004434944965342514 -99.36407476783643 98.16204829070053 271.2529361766092 1.0 97.94860637025944 319.3797614319924 1.0 98.37549021114161 223.12611092122603 1.0
-0.9999965364176803 0.0026319484499116594 230.75323223120506 231.31167704881722 211.8748376686247 1.0 231.19323544931945 166.87350442840994 1.0 231.430118648315 256.87617090883947 1.0
0.07569857684826352 -0.9971307464235308 449.80695664159055 351.80409551475174 477.80898112942157 1.0 361.8411444924281 478.5709577569517 1.0 341.7670465370754 477.0470045018914 1.0
0.9997103437542605 0.024067168315744285 -51.84641022460625 49.51484681723453 97.47327401514568 1.0 47.182567150714384 194.3523117381932 1.0 51.84712648375467 0.5942362920981559 1.0
-0.9999952126863659 0.003094285757604599 363.00876409301924 363.75506796451543 240.6249843181945 1.0 363.7163835935841 228.1231700814087 1.0 363.79375233544675 253.12679855498033 1.0
-0.4315261753603996 0.9021004156848758 154.8017375696923 376.1505677247703 8.332862006846378 1.0 358.4811121338677 -0.11944824517125308 1.0 393.820023315673 16.78517225886401 1.0
-0.9986188049046572 0.05254029397323945 572.3339095590076 573.8469375244451 13.712016727926246 1.0 573.1548480231348 0.557663403646802 1.0 574.5390270257553 26.86637005220569 1.0
0.9999962681742383 0.0027319658850609905 -207.32552413409928 207.20506860243196 44.3741942544765 1.0 207.08554087622795 88.12557519263777 1.0 207.32459632863598 0.6228133163152361 1.0
0.14336672554701851 -0.9896696327592992 141.82227567078056 306.22630445839735 187.66357183207228 1.0 359.4121935212661 195.368250755069 1.0 253.0404153955286 179.95889290907556 1.0
-0.3206208373290903 -0.9472076217336899 147.34137130945896 19.440775232147246 148.97288666019017 1.0 38.72216001141581 142.44631994878807 1.0 0.15939045287868492 155.4994533715923 1.0
0.999986905691817 0.005117464695036215 -59.12857192216842 58.00027764567112 220.6275601867133 1.0 57.86592958865192 246.88007111358792 1.0 58.134625702690315 194.37504925983868 1.0
-0.9999999992481124 3.877854090961769e-05 231.2656010199357 231.26909126247722 89.99999925966868 1.0 231.26625558073547 16.874975133044224 1.0 231.27192694421896 163.12502338629315 1.0
0.9992079251718959 -0.039793495368899943 -61.549252221482085 62.821140069148896 30.711773183422146 1.0 63.07460092589723 37.07613234403323 1.0 62.56767921240056 24.347414022811062 1.0
0.1461454534477718 -0.9892631128453871 350.8160894282547 323.75697449045737 402.45278945750545 1.0 339.31932860266454 404.7518414174048 1.0 308.1946203782502 400.15373749760613 1.0
-0.15239224101973559 0.9883200923167468 -133.70880360851885 496.87067529021874 211.9030473437598 1.0 460.521196402722 206.29820475214538 1.0 533.2201541777155 217.5078899353742 1.0
-0.9999084285454072 0.01353272048976561 231.2059838459238 231.34556229750388 8.748706663705834 1.0 231.23550455303567 0.616737455912858 1.0 231.45562004197205 16.88067587149881 1.0
0.24470332322059202 -0.9695980010317671 43.80376700174239 314.78036379436855 124.62027353421952 1.0 376.9541338624741 140.3114446552705 1.0 252.60659372626293 108.92910241316855 1.0
-0.9993727182143459 0.03541426391822222 354.50535348242215 364.14019616865033 265.6111728163631 1.0 363.9182120048728 259.3468913486713 1.0 364.36218033242784 271.87545428405485 1.0
0.9999700402436078 -0.007740711543349415 -205.9446397137145 207.71673714066253 228.12816033971097 1.0 207.93935082839513 256.88611327906597 1.0 207.4941234529299 199.370207400356 1.0
0.9999231822414745 0.012394741468991347 -49.810666111998295 46.90150066333827 235.00032849410502 1.0 46.42879540800767 273.1349636016578 1.0 47.37420591866886 196.86569338655224 1.0
0.9999629400219368 0.008609214986552868 -59.77470689698381 57.592199800004536 253.75617475610287 1.0 57.54358946394588 259.40228007889834 1.0 57.64081013606319 248.1100694333074 1.0
0.9998704092176578 0.01609859530870547 -61.431293071294775 58.77273573400498 165.61530313468847 1.0 58.34987841471379 191.87862069580095 1.0 59.19559305329618 139.35198557357603 1.0
-0.16025269726865185 0.98707602190415 -182.57420310423583 551.3353191049325 274.47447722175957 1.0 544.3402849874591 273.338827018598 1.0 558.3303532224058 275.61012742492113 1.0
0.9993063725266674 -0.03723941228850388 -243.80639533128232 250.72980644698748 181.24609436045125 1.0 250.9873832905842 188.15807726789785 1.0 250.4722296033908 174.33411145300462 1.0
-0.3922319267137507 -0.9198663575033164 120.7411719975807 259.91709292902596 20.430565482577872 1.0 267.08740605069266 17.373136859483477 1.0 252.74677980735925 23.487994105672268 1.0
-0.06553729919869729 0.9978501202153259 -325.1893820269939 363.80522328743575 349.7841877498737 1.0 338.1267951833736 348.09766710763034 1.0 389.48365139149786 351.47070839211705 1.0
-0.9883117381250349 -0.15244641118856267 404.09077441024937 377.6962595040801 202.09808454158667 1.0 378.89886854956364 194.30155704867906 1.0 376.49365045859656 209.8946120344943 1.0
-0.9998420863551869 0.01777082870625503 375.5121774984422 377.026653851661 81.87230455973268 1.0 376.00459780784934 24.36825316696244 1.0 378.0487098954727 139.37635595250293 1.0
-0.9998706578510875 -0.01608314547697721 53.482523332024236 48.64395659264417 301.2382410015954 1.0 48.89554657161065 285.5971813507917 1.0 48.392366613677694 316.8793006523991 1.0
0.1547368293005977 -0.987955724543361 347.1542744691952 358.0329445784418 407.46275070624574 1.0 374.2760457661473 410.0067978870605 1.0 341.7898433907363 404.918703525431 1.0
-0.07557695574777844 0.9971399719998684 -320.97384274039774 408.7217279250797 352.8730133837156 1.0 390.55895417529746 351.496389051636 1.0 426.88450167486195 354.24963771579525 1.0
-0.029526134060085432 0.9995640086595085 -295.1005864753143 548.138417457573 311.4207716323309 1.0 543.105884844384 311.27211558698366 1.0 553.1709500707619 311.56942767767816 1.0
-0.0809350003817932 0.9967193816281488 -319.7561370027332 283.79239324226756 343.8529246800664 1.0 233.09566358537376 339.73627970479373 1.0 334.4891228991614 347.969569655339 1.0
-0.3614419424190901 -0.932394617241174 108.62932658266277 31.67688858880992 104.22622422346475 1.0 35.901595525644744 102.58852034447935 1.0 27.452181651975096 105.86392810245016 1.0
-0.9999533514442908 -0.009658930340926635 541.4561023439927 536.9776657264504 466.25099168736097 1.0 537.092360173669 454.377099564718 1.0 536.8629712792318 478.1248838100039 1.0
-0.030111050478072717 -0.9995465595154168 285.63485192225 612.4943731128893 267.31321356900816 1.0 638.1149504298344 266.5414011011208 1.0 586.8737957959443 268.0850260368955 1.0
-0.9998846934761382 -0.015185511256757425 52.77827977046234 49.25321156603679 232.50764240611983 1.0 49.85121625144387 193.13223242119227 1.0 48.655206880629706 271.8830523910474 1.0
-0.1685715600772609 -0.985689418190699 211.6711711749286 18.797800965893263 211.52950685298688 1.0 36.927001753231195 208.4290701400869 1.0 0.6686001785553297 214.62994356588686 1.0
-0.9999870162300853 -0.0050958189970758015 160.76068786027184 160.53344648235344 45.00271838201354 1.0 160.67041106937785 18.125231409594583 1.0 160.39648189532906 71.8802053544325 1.0
-0.9999878554461872 0.004928383115751505 621.5586447950976 623.491372756079 390.626274629622 1.0 623.3927911102242 370.62368020678554 1.0 623.5899544019338 410.6288690524585 1.0
-0.1452829452384059 0.9893901484363257 -349.1229241444504 303.1425453975928 397.38051423723357 1.0 269.2963651555763 392.41051048451624 1.0 336.9887256396093 402.3505179899509 1.0
0.9991642718426011 -0.04087490517719269 -627.9534918171724 637.5032466595505 220.59929899831218 1.0 638.2710990731672 239.36902321927386 1.0 636.7353942459339 201.8295747773505 1.0
0.9999410208010505 0.010860705288014453 -108.18941856952242 107.26582475540623 85.62245654167158 1.0 106.81777336337358 126.87437844170597 1.0 107.71387614743888 44.37053464163719 1.0
0.9999885547079063 -0.004784396847323205 -206.5385369600106 207.249574893957 148.12021758229253 1.0 207.30341304898593 159.37295027849942 1.0 207.1957367389281 136.86748488608563 1.0
-0.17319275200170586 -0.9848879482733431 203.0673644392035 613.665590703139 98.26999319694487 1.0 630.5674610647227 95.29779575353953 1.0 596.7637203415552 101.2421906403502 1.0
0.9998654278802779 0.01640506415071162 -62.161527658499004 57.237696675010376 300.6104417729009 1.0 56.95031027883518 318.1262356362377 1.0 57.52508307118557 283.0946479095641 1.0
0.9999941435746494 -0.003422399217426942 -206.78644932803928 207.15985244325515 108.75116412754963 1.0 207.22189038630142 126.87809081973633 1.0 207.09781450020887 90.62423743536294 1.0
0.13726962705403328 -0.9905337195110759 354.75310154188213 493.79174391548065 426.57377709471916 1.0 526.9724221510941 431.1720045321967 1.0 460.61106567986724 421.9755496572416 1.0
-0.1601958039610914 0.9870852569019858 -344.62095048311295 234.42765556186973 387.17554999862455 1.0 224.38779454986047 385.54616328128634 1.0 244.46751657387898 388.8049367159627 1.0
-0.12624368346699646 0.9919992602742629 -330.54984066684136 613.819155523599 411.331588825912 1.0 606.8971835626872 410.4506857121746 1.0 620.7411274845106 412.21249193964934 1.0
0.9999446985145938 0.010516649302817383 -163.3685615642787 162.7136727513428 63.12724724566746 1.0 162.22723549450984 109.37870454203444 1.0 163.2001100081758 16.87578994930048 1.0
0.16495609905334271 0.9863009101613482 -195.70471254666882 622.5913577284397 94.29624358376242 1.0 614.3823875022489 95.66917114755829 1.0 630.8003279546305 92.92331601996655 1.0
0.14196463730817457 -0.9898717299498749 142.47896086727053 486.78533780243254 213.75018438605613 1.0 513.0332718276887 217.51458973398246 1.0 460.5374037771763 209.9857790381298 1.0
0.15077114571919217 -0.9885686934242466 348.3120152533691 417.4419372196277 416.0057031289406 1.0 431.86278469171816 418.2050927212587 1.0 403.02108974753713 413.8063135366225 1.0
0.9999997562034075 -0.0006982786876475974 -207.7591166719116 208.05593587116527 425.000048226021 1.0 208.08430343593506 465.62502841755025 1.0 208.02756830639552 384.37506803449173 1.0
0.1424043469935698 -0.9898085683390173 351.3071980394786 570.0802552197723 436.94217079140014 1.0 580.7540778208621 438.47781999272405 1.0 559.4064326186825 435.4065215900762 1.0
-0.9999361732248233 -0.0112982067823181 20.595786245408778 19.1353326848837 129.37229201627298 1.0 19.318916826764674 113.12436632026603 1.0 18.951748543002722 145.62021771227992 1.0
0.9999489225351755 -0.010107043125542656 -277.04952244950385 277.3416482205656 27.501600550015784 1.0 277.3985612794852 33.13234252251374 1.0 277.284735161646 21.87085857751783 1.0
0.9999700447281634 0.007740132192347804 -134.047666347754 133.46633386586652 75.62280432085115 1.0 133.1276757826995 119.37502071153222 1.0 133.80499194903354 31.87058793017007 1.0
0.9999157291277598 0.01298208931183433 -50.19355351274963 46.286593551370245 301.2504751007893 1.0 46.08366016565836 316.8809548690564 1.0 46.489526937082125 285.6199953325222 1.0
-0.1497352068450463 0.9887261338869682 -347.1009203913817 370.67132330102845 407.19411964427195 1.0 351.87906292866256 404.348171815544 1.0 389.4635836733944 410.04006747299985 1.0
0.2361953208867269 0.9717055986209074 -163.34468832180013 586.8342807325165 25.45748127000607 1.0 576.8183822394201 27.89207500076498 1.0 596.8501792256129 23.022887539247165 1.0
-0.1410594385151324 0.9900011286891524 -349.6697053859763 191.88680589300418 380.54214239385635 1.0 176.83614986256165 378.3976629307372 1.0 206.9374619234467 382.6866218569754 1.0
-0.06773547236369881 0.9977033155120145 -460.6557823199538 220.55270718549852 476.68983026099704 1.0 190.52140024860094 474.6509628648052 1.0 250.5840141223961 478.72869765718895 1.0
0.9995430514915855 -0.030227276008422434 -203.02416787260955 207.12427052673297 132.5113624705569 1.0 207.2570254855536 136.9012484994291 1.0 206.9915155679123 128.1214764416847 1.0
-0.1834290037954295 -0.9830329600611651 366.0176772388226 518.2432127714371 275.6335260412386 1.0 533.3020096441928 272.82363031957794 1.0 503.1844158986813 278.44342176289933 1.0
-0.9999948808781356 0.0031997214759207277 395.4148240689404 396.85273084674924 448.75007125545267 1.0 396.806735085992 434.3752184298296 1.0 396.8987266075065 463.1249240810758 1.0
0.002820862133030836 0.9999960213604985 -307.09531945345805 504.375137553945 305.67376289279696 1.0 490.6252469663137 305.7125495928072 1.0 518.1250281415763 305.63497619278667 1.0
0.014525757253075419 0.9998944956225255 -271.4221295518685 552.4952715093937 263.42450979336934 1.0 545.6126444776058 263.5244957118486 1.0 559.3778985411816 263.32452387489 1.0
0.9998448155474718 0.017616606450783178 -6.057989043822061 4.286010763581139 100.62343206832503 1.0 3.404929201184801 150.62993216796713 1.0 5.167092325977476 50.61693196868293 1.0
-0.0033423984560246502 0.9999944141706798 -268.3453441491752 218.12599967964155 269.0759111658373 1.0 209.37609743138162 269.0466653427101 1.0 226.87590192790145 269.1051569889644 1.0
-0.9987975974521629 0.04902406882121393 628.9160275174489 632.3424205731121 54.38273448463258 1.0 631.9124736546701 45.62316067736825 1.0 632.7723674915541 63.14230829189692 1.0
-0.18374694144277748 -0.9829735812881365 211.28784357309263 136.98547187584387 189.3409809141704 1.0 169.6299277998628 183.23876306693023 1.0 104.34101595182493 195.44319876141054 1.0
0.9688375171495673 0.2476971242535161 -594.2525091658334 540.8830198638623 283.51054677846787 1.0 538.6298253653686 292.32364612370475 1.0 543.136214362356 274.69744743323105 1.0
-0.08405843894932384 -0.9964608265463339 305.1386002090058 551.2789462675994 259.71814010702565 1.0 556.9689022005243 259.23815253433816 1.0 545.5889903346743 260.1981276797131 1.0
-0.9999931865968047 -0.0036914441575309127 104.78998950879325 104.45615446125068 90.62760674752113 1.0 104.59460822415937 53.121196340383236 1.0 104.31770069834198 128.134017154659 1.0
0.13753273130856447 -0.990497222519481 353.7617046140641 272.50096671750606 394.9930377954714 1.0 288.0858392553624 397.1570318365401 1.0 256.91609417964975 392.8290437544028 1.0
-0.9980870137997001 0.06182485652548791 527.0263446540886 543.7160128500789 253.1271052780354 1.0 543.0965580402449 243.1267617903618 1.0 544.3354676599128 263.127448765709 1.0
-0.9127152212741352 -0.40859628590395497 612.850646584779 545.6923111602184 280.9349277432452 1.0 547.8700043918237 276.0704347747041 1.0 543.5146179286131 285.7994207117864 1.0
-0.9996789395768324 -0.02533806951091094 4.934013478637188 1.5136907323451423 135.00668355993213 1.0 1.8465473832313684 121.87427883408071 1.0 1.180834081458916 148.13908828578354 1.0
-0.05413926659873163 0.9985333944401416 -216.38719167636833 18.216213702199543 217.69267341157706 1.0 0.6323575913635682 216.73929811224414 1.0 35.80006981303552 218.64604871090998 1.0
-0.24983804032423643 -0.9682876399123069 173.65128693619036 603.5525177364821 23.6096256213899 1.0 626.7460465788043 17.62522020783504 1.0 580.3589888941597 29.59403103494476 1.0
0.9999999528793497 0.0003069874566371341 -207.49605266066516 207.44061271384186 180.62536550318606 1.0 207.43524037470303 198.1255557211147 1.0 207.44598505298066 163.12517528525746 1.0
-0.13282605747833548 -0.9911393637903612 246.55763913310085 603.713951193067 167.85600615762297 1.0 613.0881117212103 166.59974207346772 1.0 594.3397906649238 169.1122702417782 1.0
0.13410719609393942 -0.99096683090597 133.615994028033 218.12795661497069 164.35315249700955 1.0 226.88670986847774 165.53847152432013 1.0 209.3692033614636 163.167833469699 1.0
-0.9999965141090937 0.002640410888621404 532.9088159865637 533.6829926419666 292.49852666501647 1.0 533.6351353614363 274.37365302834155 1.0 533.7308499224971 310.6234003016914 1.0
0.24804690343206562 -0.9687480238419915 41.62182262859185 494.91979569836167 169.68823817246135 1.0 530.7558363115438 178.86401834088153 1.0 459.08375508517946 160.51245800404118 1.0
0.999972755860003 -0.007381567431843184 -559.0983420038172 560.9728726245901 251.87704569014187 1.0 561.046720342575 261.88111416871897 1.0 560.8990249066051 241.87297721156474 1.0
0.9992435175999664 -0.038889491311222206 -628.5076154340663 636.1106709372326 183.13042253843076 1.0 636.7916674442379 200.62824321413765 1.0 635.4296744302274 165.63260186272387 1.0
-0.9988788543777957 0.04733956354786531 629.1672462903043 635.9744510579401 128.7334385716629 1.0 634.4643929281094 96.87076342798487 1.0 637.4845091877708 160.59611371534092 1.0
0.9984972576995752 -0.05480170039723374 -625.966974811988 630.6498499568683 68.15793874129696 1.0 631.2673196334413 79.40835203690209 1.0 630.0323802802952 56.90752544569183 1.0
0.9997309290027122 0.02319632719578423 -24.228774973978105 22.596562474060697 70.62724049759606 1.0 21.870863414291488 101.9039072334973 1.0 23.322261533829906 39.350573761694825 1.0
0.1398618696573897 -0.9901710243265752 352.91710376312415 594.4094906438021 440.3808188219069 1.0 607.0111917883586 442.1608118126532 1.0 581.8077894992456 438.6008258311607 1.0
0.9991372275882769 0.04153071691184107 -26.896545233295548 21.463787942750475 131.25888643349919 1.0 20.91808957218593 144.38718273097643 1.0 22.00948631331502 118.13059013602194 1.0
0.9999751332906094 -0.007052148639104522 -286.21256469713114 289.1992976704302 422.50123910975685 1.0 289.38000448561166 448.1249647067459 1.0 289.01859085524876 396.87751351276785 1.0
-0.9989272543312301 0.046307024891153535 268.5554437528616 273.5379219000978 101.25983125228433 1.0 273.1029190382129 91.87602360171138 1.0 273.97292476198265 110.64363890285729 1.0
-0.9999028205741463 -0.013940925645980786 132.2448977603031 131.15981343045627 78.74874259354567 1.0 131.49971193891017 54.36976762856567 1.0 130.81991492200234 103.12771755852569 1.0
0.999513480582411 -0.031189776113889348 -608.3290078751069 621.2046586293908 403.12641487556243 1.0 621.4390761433409 410.63860298560854 1.0 620.9702411154407 395.61422676551626 1.0
0.9992332710007799 -0.0391518853324111 -160.08434800971395 173.84820068254092 348.14564101253325 1.0 174.23941934700645 358.1303123112824 1.0 173.4569820180754 338.160969713784 1.0
0.23652237732935194 0.9716260417580787 -163.01677666706414 611.893131511142 18.824483643369753 1.0 604.381806583589 20.652961218490578 1.0 619.404456438695 16.996006068248924 1.0
0.4830838558792045 0.8755740906336139 -57.21388620620635 101.03063398434014 9.602406088839956 1.0 83.17006818768657 19.456684653647464 1.0 118.89119978099373 -0.2518724759675506 1.0
-0.406260683665521 0.9137572198935686 131.67712324600365 348.5712731891888 10.87124707715505 1.0 321.4338202545737 -1.1941899362365227 1.0 375.70872612380396 22.936684090546624 1.0
-0.1637563960373035 0.9865008072763418 -343.2766424321808 258.0931683248036 390.81676028563163 1.0 249.17394515846235 389.3361939947585 1.0 267.01239149114497 392.29732657650476 1.0
-0.99998194595623 -0.006008973422432589 342.34394366680226 339.95776026048924 398.12474617794544 1.0 339.98782715252105 393.1211711761683 1.0 339.9276933684574 403.12832117972255 1.0
-0.03471301277555942 -0.9993973217614923 320.6709945841274 503.7367180346191 303.3676085113914 1.0 516.8675850556335 302.9115216831305 1.0 490.6058510136047 303.8236953396523 1.0
-0.9992990381921781 0.03743570846381451 461.0482779228117 465.727369075918 116.26957878288715 1.0 465.4225412576222 108.13258450290246 1.0 466.0321968942138 124.40657306287183 1.0
0.18083701797841245 0.983513077151837 -204.60944993904752 602.568232927763 97.24609645744806 1.0 591.6237335703399 99.25844451162395 1.0 613.5127322851861 95.23374840327217 1.0
-0.28097709877263327 -0.9597144731456921 145.52326094407158 485.4779401327578 9.497697557460281 1.0 517.9401676720797 -0.006319281838851332 1.0 453.01571259343586 19.001714396759414 1.0
0.9993310189854512 -0.03657204524633427 -524.8046468418771 532.4067781019824 198.1284115977664 1.0 533.0471966852829 215.62784733115663 1.0 531.766359518682 180.62897586437614 1.0
-0.11980792354317704 0.992797089770247 -363.4143805341823 573.7899026955574 435.29434340524557 1.0 563.1687320953031 434.0126108051744 1.0 584.4110732958117 436.57607600531674 1.0
0.9998115998225836 0.0194104317367242 -83.59203529213906 82.06672141040845 79.37872209659285 1.0 80.92610243436664 138.13084562956567 1.0 83.20734038645026 20.626598563620036 1.0
0.4403175995131772 -0.8978420860925118 -155.04509497046536 557.7089502769329 100.82393401322486 1.0 576.0261546622841 109.80701421149377 1.0 539.3917458915816 91.84085381495596 1.0
-0.00698345899035709 0.9999756153529594 -196.51955090585602 126.25502080105767 197.4060613430764 1.0 103.13114857723292 197.24457279186174 1.0 149.37889302488242 197.56754989429106 1.0
-0.9996047966172558 -0.02811139590583871 393.92889866355654 393.87461346285187 7.468351305836132 1.0 394.06928465022514 0.5460962419713011 1.0 393.6799422754786 14.390606369700961 1.0
-0.9999485522810972 0.010143608378580115 636.198648981471 638.076286025999 181.86915407947893 1.0 637.9113965621673 165.614486658261 1.0 638.2411754898307 198.12382150069686 1.0
0.998891515363922 -0.0470716531892348 -627.1017009122651 634.0702614823095 133.1099080333617 1.0 634.5418410699921 143.11713779988756 1.0 633.598681894627 123.10267826683582 1.0
-0.5608991442010067 -0.8278841404656683 33.92196329853369 12.93088821171402 32.21349203745299 1.0 20.68335155757524 26.961126587261646 1.0 5.1784248658528 37.46585748764433 1.0
-0.9999283268092474 -0.011972520388749932 131.9105958682028 131.45614262816537 38.744984862124795 1.0 131.5833415398905 28.121507862847174 1.0 131.32894371644025 49.368461861402416 1.0
-0.9863278840559772 -0.16479473636514874 391.7768958180477 391.0350758834861 36.94351509340982 1.0 392.76233221396336 26.605556981161666 1.0 389.3078195530089 47.28147320565798 1.0
-0.014873506511859836 -0.9998893832839918 278.57744243151836 448.1260013773516 271.94231879814765 1.0 456.874065691887 271.8121900121803 1.0 439.3779370628163 272.072447584115 1.0
0.11225416387759707 0.993679527157595 -232.14093231913583 594.3300525987311 166.47712333425252 1.0 583.0823829878402 167.74775205632517 1.0 605.5777222096218 165.20649461217988 1.0
0.019897737190907868 0.9998020204293856 -277.01003872603485 614.9965257544006 264.82542950807397 1.0 591.8682477794828 265.2857210332157 1.0 638.1248037293186 264.3651379829323 1.0
-0.6375060829709538 -0.7704453219891931 100.93235252583605 102.34320954260298 46.321176692349745 1.0 107.08898892683898 42.39427475714527 1.0 97.59743015836698 50.24807862755422 1.0
-0.4176572711980789 0.9086046465957426 135.5971802800811 492.6743656481384 77.23034559494816 1.0 456.3439134429767 60.530367682386206 1.0 529.0048178533001 93.93032350751011 1.0
-0.9999999997504941 2.233856577540147e-05 290.69718095143196 290.7068703768294 433.74999817113314 1.0 290.7066330295681 423.12499817643516 1.0 290.7071077240907 444.3749981658312 1.0
-0.9996749393269478 -0.025495405108825742 22.48568213233417 20.404615485160804 81.88531919007033 1.0 20.78732850829106 66.87913997682324 1.0 20.021902462030543 96.89149840331744 1.0
-0.3225707660246689 0.9465453506865154 61.40228598212323 240.73733173532833 17.17037595154713 1.0 233.06357141963127 14.555254825518897 1.0 248.4110920510254 19.78549707757536 1.0
-0.14710649537492693 0.9891206594842242 -348.2814202569188 163.10712373871877 376.3701971354325 1.0 153.05070306030936 374.8745607963956 1.0 173.1635444171282 377.8658334744694 1.0
-0.07387597927494756 0.9972674363911456 -213.4754318153247 281.8793309112059 234.9415361155548 1.0 265.6719715735167 233.74092081534445 1.0 298.08669024889514 236.14215141576514 1.0
-0.4376608049050276 0.8991401558432831 157.36859987755486 499.1577871689176 67.94624690308507 1.0 455.17975245579265 46.53972652291612 1.0 543.1358218820426 89.35276728325401 1.0
0.9997121456745903 0.023992202706434942 -91.04063863121932 83.83707029488114 301.2520896096677 1.0 83.40197703065809 319.3816472024905 1.0 84.2721635591042 283.1225320168448 1.0
0.9996707597130482 -0.025658764092158948 -629.9047596202641 632.8876419179858 108.13109232086924 1.0 633.1120821846772 116.87533156434029 1.0 632.6632016512943 99.38685307739819 1.0
-0.4248376993873896 -0.9052695339948373 78.19333526663952 33.716183800212306 70.55294242255943 1.0 38.806684809530296 68.16400006195174 1.0 28.625682790894313 72.9418847831671 1.0
-0.9991812305960711 0.04045823061530086 629.3125501945212 631.1201347795018 31.905565537301143 1.0 630.7643690282492 23.11935675519828 1.0 631.4759005307544 40.691774319404004 1.0
-0.5707601247030216 -0.8211168492053924 35.23436964807598 33.49251781085722 19.629576498558947 1.0 38.74964262128349 15.975337500440798 1.0 28.235393000430953 23.2838154966771 1.0
-0.12251059609483562 -0.992467205425191 239.90128877190938 389.36375406220293 193.65889584400344 1.0 398.21040368760697 192.5668614542262 1.0 380.51710443679883 194.75093023378065 1.0
0.9999872076957167 -0.005058106851736992 -285.4034321803363 285.8022483125958 78.12410344762662 1.0 285.9034091555337 98.12359175872815 1.0 285.7010874696579 58.124615136525094 1.0
0.9984609638496437 -0.055459026933771784 -625.455886793248 634.9927479321597 154.34068749260274 1.0 635.3426780210356 160.64068143653307 1.0 634.6428178432838 148.04069354867244 1.0
-0.9999926534006051 0.0038331638129903483 144.05698770910882 145.73028368086284 436.25199217242323 1.0 145.65121607481925 415.6248995087524 1.0 145.80935128690646 456.879084836094 1.0
0.2056689353637989 0.9786216270992184 -199.91906941189035 558.1481050554567 86.98493933977036 1.0 541.8307051031433 90.4142343636758 1.0 574.4655050077699 83.55564431586494 1.0
-0.119991180536318 -0.9927749576784766 238.85556521909643 416.2093841869075 190.28895561787346 1.0 433.1392305023696 188.24273937321607 1.0 399.27953787144537 192.3351718625308 1.0
-0.9999103856790271 -0.013387330249868669 85.38390752690778 81.35824575147501 301.2514492514968 1.0 81.58424871744495 284.3711072677153 1.0 81.13224278550507 318.13179123527834 1.0
-0.06957751954554069 0.997576547826727 -302.5682894406015 630.639766970339 347.2882766820524 1.0 623.1326941409383 346.7646842743767 1.0 638.1468397997398 347.81186908972813 1.0
-0.9999195301252288 -0.012685947900798657 319.3566432213223 318.08986458540994 101.87455423809064 1.0 318.26428233254217 88.12676707061009 1.0 317.9154468382778 115.62234140557118 1.0
0.9999999986648227 -5.16754751949855e-05 -435.1671042559778 435.1790224946767 230.62502304609953 1.0 435.1800560041792 250.62502299269244 1.0 435.1779889851742 210.62502309950662 1.0
-0.9970614490776663 0.07660591859082629 537.6399870288169 558.8162164434716 254.99491247858128 1.0 558.3829066056303 249.35518459900015 1.0 559.2495262813128 260.6346403581624 1.0
-1.0 0.0 280.625 280.625 102.5 1.0 280.625 93.125 1.0 280.625 111.875 1.0
0.342354307284494 0.9395709277557253 -151.53775971333496 267.31961489876 63.879943874462384 1.0 253.0211271590987 69.08992719846773 1.0 281.61810263842125 58.669960550457034 1.0
0.17497324856900603 0.9845731878764568 -202.8398438780171 421.8396158124491 131.05089343586923 1.0 410.6110280446092 133.04637990937218 1.0 433.068203580289 129.05540696236628 1.0
-0.9999027400488959 0.013946700065250141 203.7040416835905 209.83475873147933 438.1185872591668 1.0 209.6430102568434 424.3712617777541 1.0 210.0265072061152 451.8659127405795 1.0
0.999752280485424 -0.0222570812146203 -429.95485963222364 432.2321301137433 97.5059634790835 1.0 432.88607952600813 126.88031899001108 1.0 431.5781807014785 68.13160796815592 1.0
0.9999594656399609 -0.009003725731259396 -432.5408987392414 434.11723564886756 173.121693376907 1.0 434.21857412446445 184.3764084727721 1.0 434.0158971732707 161.86697828104187 1.0
-0.006745579955357833 -0.9999772483167135 276.3523028676358 78.12639347065038 275.831570666392 1.0 95.62559717079404 275.71352570295596 1.0 60.627189770506725 275.94961562982803 1.0
-0.9999912087484008 -0.004193140340172498 283.80966680960614 283.62083944560715 45.62707914265989 1.0 283.8095291020821 0.6278703518259476 1.0 283.4321497891322 90.62628793349383 1.0
0.9998121165898637 -0.01938379529650898 -430.534338600514 436.5283080043381 304.99460432085596 1.0 437.1462852262571 336.8697404745297 1.0 435.91033078241907 273.11946816718216 1.0
-0.18144986933610122 0.9834001957076842 -116.86283475097017 551.2637163319002 220.55066187275622 1.0 544.3920219143192 219.28274667441684 1.0 558.1354107494811 221.81857707109558 1.0
-0.05524798666910638 -0.9984726636062754 295.2971039231486 412.4889207441479 272.92476946186946 1.0 421.8353050563574 272.40761067054086 1.0 403.1425364319384 273.4419282531981 1.0
0.9983171421405453 -0.057990375997524116 -362.2713724638429 370.07022053116134 123.74592102065274 1.0 370.7597991724244 135.61716976813972 1.0 369.38064188989824 111.87467227316577 1.0
-0.03672871939409167 0.9993252729575441 -291.7741341994566 525.0223258320402 311.2675525156958 1.0 519.4049139504497 311.0610928670677 1.0 530.6397377136309 311.4740121643239 1.0
0.2929987897531796 0.9561128119647659 -130.25705238724765 415.08689392883105 9.033552019813323 1.0 403.3559052046272 12.628489202734986 1.0 426.8178826530349 5.438614836891659 1.0
-0.394870910913964 -0.9187366128080323 97.01474608322599 123.49001237313182 52.52009306692658 1.0 131.25509361128167 49.18267877529669 1.0 115.72493113498197 55.85750735855646 1.0
-0.9994583788502691 -0.03290818964926325 223.06019212284068 209.5995213592109 412.4868138310304 1.0 209.90854538240606 403.1014099987255 1.0 209.29049733601576 421.87221766333533 1.0
0.25026170033680695 0.9681782280884703 -170.59413233597556 419.44722586738726 67.77941755456422 1.0 409.31635402397166 70.39811847126754 1.0 429.5780977108029 65.16071663786089 1.0
-0.07939888981406583 0.9968429245855608 -297.109507252858 596.8776293894557 345.5919883510828 1.0 589.3259754903196 344.9904964599699 1.0 604.4292832885918 346.1934802421957 1.0
0.9999324212626637 -0.011625528279900483 -319.0762345851746 319.9043872673647 69.37611162364928 1.0 320.22415216057 96.87966038283601 1.0 319.58462237415944 41.872562864462566 1.0
0.17970735510581723 -0.9837201159480636 106.82779203963369 445.62445007239523 190.00301030999424 1.0 455.6329685004816 191.83138033728173 1.0 435.6159316443089 188.17464028270672 1.0
0.09513610618677852 -0.9954642742457501 193.2695480840747 115.5468314837153 205.19292253699604 1.0 130.64782979045904 206.6361186572438 1.0 100.44583317697156 203.74972641674825 1.0
0.9759265722021055 -0.2180993481646578 -231.64859664313852 257.77280343530975 91.32870862764955 1.0 259.02953793194996 96.95220360732397 1.0 256.51606893866955 85.70521364797514 1.0
-0.999701939197615 0.024413782265930998 375.2154527644927 379.5554844563507 173.13585554130782 1.0 379.1279980900709 155.63103204876558 1.0 379.98297082263053 190.6406790338501 1.0
-0.9986701014372906 -0.051556071371192724 532.4266269453149 518.4218050510796 285.0153224797406 1.0 518.7791041975022 278.0942370418628 1.0 518.0645059046569 291.93640791761834 1.0
0.9983691272535037 -0.057088402912302535 -422.3513089937151 434.62175810025883 202.5216284993008 1.0 435.01563770941976 209.40984434665953 1.0 434.22787849109795 195.63341265194202 1.0
-0.07128323491010008 0.9974561145337429 -306.25003012131265 421.2314617794291 337.13440266998737 1.0 406.8406280877247 336.105961254219 1.0 435.6222954711334 338.1628440857558 1.0
0.04086299942931715 0.9991647588249095 -239.95872078172954 489.9538512968704 220.12159145250138 1.0 463.0471726319658 221.22199815241532 1.0 516.8605299617751 219.02118475258746 1.0
-0.447010443829723 0.8945287379995982 162.68404849700465 561.0597676161549 98.50497082647513 1.0 546.0580650081102 91.00837797690414 1.0 576.0614702241995 106.00156367604612 1.0
-0.9960376542627652 0.08893250975165508 558.7470779585193 574.9768064910124 156.87707086243717 1.0 573.9753369269474 145.66068443420738 1.0 575.9782760550775 168.09345729066692 1.0
-0.005866382267946006 0.9999827926314964 -273.3983366244381 74.999454275028 273.8430242109325 1.0 60.621282556789296 273.75867490788966 1.0 89.3776259932667 273.92737351397545 1.0
-0.99886628406508 0.047604060310217695 524.2504931122769 531.36986735704 136.89907365748923 1.0 529.3433231304347 94.37650965913384 1.0 533.3964115836453 179.42163765584462 1.0
0.3933222082628805 -0.919400696370854 -114.81579796530812 332.5494311242402 17.384453485986526 1.0 345.6780791616193 23.000926105543023 1.0 319.4207830868611 11.76798086643003 1.0
-0.26159880044895933 -0.9651767027874562 177.3831599843278 403.16191846648167 74.51121180100833 1.0 415.7533283152918 71.09847120864107 1.0 390.5705086176716 77.92395239337559 1.0
-0.4156356718013373 0.9095311915081588 121.03590543520623 443.10674311130936 69.41495135848679 1.0 434.45070593417927 65.45933349640104 1.0 451.7627802884394 73.37056922057253 1.0
0.1529249568752945 0.9882378041568181 -401.0810569775424 448.7746241190858 336.409126972287 1.0 438.1147391507424 338.0586919274249 1.0 459.43450908742915 334.7595620171491 1.0
0.9997425674069219 -0.02268918056291003 -429.63804089897087 433.0539934266068 145.64079588519235 1.0 433.3378569212824 158.14853798602735 1.0 432.7701299319311 133.13305378435737 1.0
-0.9994215329248507 0.03400881541808996 370.5716079088192 379.57019964642836 258.139625461239 1.0 379.1870989192958 246.8813939918843 1.0 379.95330037356086 269.3978569305938 1.0
0.019612866696740443 0.9998076492305586 -278.2639668794826 421.875818316454 270.04171542400695 1.0 409.3683709393631 270.28706951617875 1.0 434.3832656935449 269.79636133183516 1.0
0.5031714857125268 -0.864186586314465 -211.4749509277837 445.9266406722513 14.930362935966727 1.0 452.69164523914907 18.869277810004508 1.0 439.1616361053535 10.991448061928946 1.0
-0.03641253189417904 0.999336843872503 -24.451040808441626 264.339513403301 34.098924681974964 1.0 258.0523146254187 33.869839936997934 1.0 270.6267121811833 34.32800942695199 1.0
1.0 0.0 -378.1249999999997 378.1249999999999 300.625 1.0 378.1249999999999 326.875 1.0 378.1249999999999 274.375 1.0
0.10266082327361165 0.9947164195713188 -271.5529540128337 571.215672917821 214.04239296266564 1.0 563.0486562722859 214.88527907173506 1.0 579.3826895633562 213.19950685359623 1.0
0.39876406775539047 -0.9170535525623215 -116.62638294002353 304.8359524650962 5.377266626653145 1.0 314.3200926580916 9.501272593321284 1.0 295.35181227210086 1.2532606599850065 1.0
-0.09096510830400979 0.995854080210168 -207.6603418989885 308.0869366105205 236.66670462913194 1.0 299.35272232223383 235.86888819751502 1.0 316.8211508988072 237.46452106074887 1.0
1.0 0.0 -350.625 350.625 72.5 1.0 350.625 96.875 1.0 350.625 48.125 1.0
-0.001311021469906758 -0.9999991406109835 99.4830714555859 331.875390764462 99.04806081377566 1.0 341.8761929644036 99.03494953610756 1.0 321.8745885645204 99.06117209144377 1.0
0.05673007389359563 -0.9983895525875794 78.78831591123395 355.63929673589655 99.12339250549846 1.0 360.6232052294767 99.4065860709629 1.0 350.6553882423164 98.84019894003403 1.0
-0.9999381739516794 0.011119724555090828 376.66541991691594 380.0734754337568 304.3741829228984 1.0 379.7398270415916 274.37094297295727 1.0 380.4071238259221 334.37742287283953 1.0
0.9999329833756683 -0.011577078968180863 -374.1482154219123 376.99546101085775 243.75584147919605 1.0 377.2921875460615 269.3846421817314 1.0 376.69873447565396 218.1270407766607 1.0
0.0007382082682844042 0.9999997275242392 -270.3217782684654 448.1249933873198 269.9910422591367 1.0 439.374536775603 269.9975019203188 1.0 456.8754499990366 269.98458259795456 1.0
-0.999918002270908 0.012805808625638758 347.3850109233431 348.4060860023303 77.50440445799339 1.0 347.7577426063391 26.879703413568794 1.0 349.05442939832153 128.12910550241799 1.0
-0.2705915563134442 0.9626942451536044 4.775780709911785 75.03387683711117 16.129475041367737 1.0 67.01535588234577 13.875650345307845 1.0 83.05239779187654 18.38329973742763 1.0
0.2769438148829292 0.9608861136461958 -133.69924837012292 301.20109260026317 52.330310558545875 1.0 286.76438691274785 56.491216092159114 1.0 315.6377982877785 48.169405024932644 1.0
-0.3010870336098793 -0.9535966643146375 106.83562442512041 267.70080475243765 27.510984684585154 1.0 274.6703515923046 25.310431492498616 1.0 260.7312579125707 29.711537876671688 1.0
-0.9999977546817664 -0.0021191109989235 318.0345625584831 317.9293217397609 49.99958533511543 1.0 318.00746378239205 13.124750927149247 1.0 317.85117969712974 86.8744197430816 1.0
-1.0 0.0 84.375 84.37499999999997 116.25 1.0 84.37499999999997 98.125 1.0 84.37499999999997 134.375 1.0
0.10958088219982011 0.9939778821766152 -235.25489472722737 339.3631151393258 199.26719571511273 1.0 320.56596213898 201.3394838872724 1.0 358.1602681396717 197.1949075429531 1.0
0.3347997600231263 0.9422892977681838 -146.49627565362712 383.11470907580645 19.34603633607432 1.0 376.77658149459074 21.598002476635354 1.0 389.4528366570222 17.094070195513286 1.0
-0.9998149741823601 0.019235836366700308 463.51122219233207 466.23016794894653 136.86335693409188 1.0 466.0859258696439 129.36613206459734 1.0 466.37441002824914 144.36058180358646 1.0
0.9967982385530942 0.07995793655071846 -89.44393476266198 60.74883059248148 361.31006727007036 1.0 60.097256613934796 369.4329356446237 1.0 61.400404571028176 353.18719889551704 1.0
-0.9994402612764623 -0.03345391067778024 84.57518109085076 71.31569644838177 397.5440398422683 1.0 71.71343875055771 385.6614329256587 1.0 70.91795414620582 409.42664675887795 1.0
0.9997859356098922 -0.02069016569900959 -429.7675539653424 430.37677512415803 24.992202791145147 1.0 430.674400140656 39.37397768406284 1.0 430.0791501076601 10.610427898227458 1.0
-0.9999151846211669 -0.013023961149272649 531.8237673932466 528.8568134488437 231.25139125220753 1.0 528.9790087434187 221.86984218779702 1.0 528.7346181542686 240.63294031661803 1.0
-0.10959502884205065 0.9939763224811294 -182.5044647660575 160.68536536131364 201.32751403756401 1.0 154.3742659713184 200.63165730131394 1.0 166.99646475130885 202.0233707738141 1.0
-0.9992490498463408 0.03874708222802465 314.2648483370393 320.14852365839386 145.64347594249978 1.0 319.80974128876295 136.90661263583513 1.0 320.4873060280247 154.3803392491644 1.0
0.0 1.0 -281.875 70.0 281.87499999999994 1.0 60.625 281.87499999999994 1.0 79.375 281.87499999999994 1.0
1.0 0.0 -281.875 281.875 43.125 1.0 281.875 56.875 1.0 281.875 29.375 1.0
0.030759146897651173 0.9995268254940077 -226.81150039063854 113.134610663443 223.4373011166091 1.0 100.60800648684949 223.82279117867535 1.0 125.6612148400365 223.05181105454284 1.0
-0.26474616514367233 -0.9643181363231325 156.17062505110644 545.6957456888646 12.132685888676878 1.0 559.4393741065759 8.359477875995243 1.0 531.9521172711533 15.905893901358516 1.0
0.017561041571481924 0.9998457930195658 -224.90306410278043 144.38425297250598 222.40182214749936 1.0 135.63695138659037 222.55545756594188 1.0 153.13155455842156 222.24818672905684 1.0
-0.9992010025557179 0.0399669424856123 357.3756347684173 361.0116945860061 83.7595319547826 1.0 360.4865492450645 70.63053787811005 1.0 361.5368399269477 96.88852603145517 1.0
1.0 0.0 -315.625 315.625 25.0 1.0 315.625 38.125 1.0 315.625 11.875 1.0
0.3948453643135415 -0.9187475922581276 -121.97195367534304 328.0768852088262 8.236956103675638 1.0 336.82309727294216 11.99577007817704 1.0 319.3306731447102 4.478142129174237 1.0
