0.9999959998136929 0.0028284901648496256 -64.73162540316659 64.09546874600753 225.00097715885914 1.0 64.08308915081432 229.37770995658045 1.0 64.10784834120075 220.62424436113787 1.0
0.8543105400123469 0.5197629279044556 -173.83672829001392 62.81981481360029 231.19982576983926 1.0 61.15466876003858 233.93675014024996 1.0 64.48496086716199 228.46290139942855 1.0
0.9992582306873683 0.03850958846248827 -640.5372762395837 630.1024152040367 283.10486053573413 1.0 629.715751236217 293.13813193073804 1.0 630.4890791718564 273.07158914073017 1.0
-0.9997889397190547 -0.020544488687926122 127.63517114414971 121.8311408563695 283.76194176218144 1.0 122.05017136987367 273.10291353379114 1.0 121.61211034286534 294.42096999057173 1.0
0.6222923451101218 -0.7827849239844524 132.7007746203191 58.07302742171317 215.6903765887741 1.0 63.729432902058335 220.18706236210363 1.0 52.41662194136801 211.19369081544454 1.0
-0.4221144379250279 0.9065425534938986 56.13127622489709 190.63725930946498 26.848671628572802 1.0 184.54422630031178 24.01156575416592 1.0 196.7302923186182 29.68577750297968 1.0
0.999978218741205 0.006600154783556324 -257.4884163847097 255.42726060575478 313.13194523414654 1.0 255.22920582248452 343.1388883866314 1.0 255.62531538902505 283.1250020816617 1.0
-0.9997312533450827 -0.02318234425312027 128.3384693731048 121.14109056798526 311.87247454534713 1.0 121.54768022884363 294.338424200444 1.0 120.7345009071269 329.40652489025024 1.0
0.9045792261340797 0.4263055519772989 -651.9788732848202 603.0831238523568 249.68571796034217 1.0 595.3262278459011 266.1451024421466 1.0 610.8400198588125 233.22633347853775 1.0
-0.9759136096768649 -0.21815734332694836 665.0937051984164 618.2438535136173 283.01185517682234 1.0 620.1959884917388 274.2790980574808 1.0 616.2917185354958 291.74461229616395 1.0
0.9537513307921095 0.3005967381930154 -120.8432725704752 111.74528731440374 47.45911805422058 1.0 109.18999818682077 55.56669240995419 1.0 114.3005764419867 39.351543698486964 1.0
0.9852940113216243 -0.1708675254509854 -563.0147607520307 615.0078126212351 251.35703128095508 1.0 615.9913027265559 257.02824884209804 1.0 614.0243225159143 245.68581371981213 1.0
-0.4424075208619016 0.896814130957372 60.2294189743514 177.09203735924842 20.20199014794307 1.0 170.07480277272484 16.740317043599617 1.0 184.10927194577198 23.66366325228653 1.0
0.19305909733742688 0.9811871304370323 -143.3502348997567 287.0460597283942 89.61937940947239 1.0 265.7593422284894 93.8077695119577 1.0 308.33277722829905 85.43098930698707 1.0
0.38989581626877584 0.9208589753355858 -239.3928288075143 57.80419433211637 235.49231867518802 1.0 54.39986522174541 236.9337268743663 1.0 61.20852344248732 234.0509104760097 1.0
0.8840262398183788 0.46743727634044985 -190.7129658281843 203.1634556294061 23.770333779541705 1.0 199.77627723906457 30.176229773653212 1.0 206.5506340197476 17.364437785430198 1.0
-0.44766016251486224 0.8942037681072292 61.569946841027225 227.2354086856285 44.90508156245784 1.0 220.73678355195014 41.65171170737044 1.0 233.73403381930686 48.15845141754524 1.0
0.8789271756653783 0.47695599364813657 -123.08464972067367 103.34539552362389 67.61959917599096 1.0 99.61025330624051 74.50266185588926 1.0 107.08053774100729 60.73653649609265 1.0
-0.45143769412548024 0.892302643906578 63.501511429728836 320.95298979444715 91.21206438370285 1.0 308.9804481454451 85.15486324039588 1.0 332.9255314434492 97.26926552700982 1.0
0.9996748386945951 0.025499350598303657 -60.2681598882255 52.475656136551464 306.2653213233164 1.0 50.73745218660962 374.40975294629317 1.0 54.2138600864933 238.1208897003397 1.0
-0.9404009660200178 -0.34006767430706725 658.2661842029526 606.9959398848952 257.1447466835905 1.0 611.3548333249914 245.0909470679777 1.0 602.6370464447989 269.1985462992032 1.0
-0.9285085977490527 -0.3713108992557151 214.2699532705313 227.94706282313263 7.053780572720165 1.0 230.70503539270214 0.15713076164693862 1.0 225.18909025356308 13.950430383793393 1.0
-0.9836002798235367 0.18036210669389577 82.14385405468836 103.57534253369391 109.4070268194499 1.0 101.92139784103966 100.38728041967893 1.0 105.22928722634816 118.42677321922086 1.0
0.9999974923556284 0.0022394826311125985 -256.164271893875 255.560249627879 270.001254672457 1.0 255.53365270377094 281.8775947891124 1.0 255.58684655198707 258.1249145558016 1.0
0.27715135966460597 0.9608262714122986 -99.22574035388145 94.15495877397281 76.1121627149275 1.0 89.20615527038827 77.5396503477494 1.0 99.10376227755735 74.68467508210563 1.0
0.9998160971983114 0.01917737685755359 -596.7123246178385 590.6721870757007 320.6259050907822 1.0 590.4799888601295 330.6461946855561 1.0 590.8643852912718 310.60561549600834 1.0
0.7590711708797617 -0.6510076478346682 -315.2826791752742 532.595664161279 136.70397808861708 1.0 538.1120767692432 143.1360834430026 1.0 527.0792515533147 130.27187273423155 1.0
-0.846605990949667 0.5322201575364578 -85.94288837050141 42.984751287343556 229.85607477948238 1.0 38.36614043789892 222.50922111444225 1.0 47.60336213678819 237.2029284445225 1.0
-0.8295705257212094 -0.5584019545583954 137.94973510208393 108.1998715835619 86.30039769049836 1.0 114.49151812959175 76.95343088596832 1.0 101.90822503753206 95.64736449502838 1.0
0.006221026947964328 0.99998064922463 -258.41623667034685 450.6288434801546 255.61780889432765 1.0 440.62534242531353 255.6800421482255 1.0 460.63234453499564 255.55557564042977 1.0
-0.9982292287667828 -0.05948450920763987 615.5465434319211 598.6196062614334 302.3804985279242 1.0 600.5909644666939 269.2984842846685 1.0 596.648248056173 335.4625127711799 1.0
0.10359229098617705 0.9946198455933981 -212.04650343944184 453.2279678432259 165.98862434024255 1.0 436.95916195956954 167.68306355796386 1.0 469.49677372688217 164.29418512252127 1.0
-0.9794838120119745 -0.20152285728048516 224.41320232318031 223.7398507830429 26.119321898503113 1.0 226.43210187905245 13.033876396196723 1.0 221.04759968703334 39.2047674008095 1.0
-0.9516248238861686 -0.30726241970605267 221.67824681162284 214.13903618092627 58.25061273655772 1.0 217.35805349933366 48.28096922582013 1.0 210.92001886251884 68.22025624729531 1.0
0.8926555203971852 -0.4507395277812122 -10.696706419933832 48.99953432293772 73.30841063126566 1.0 60.0866716135683 95.26564690162634 1.0 37.91239703230714 51.35117436090498 1.0
0.05091908590265903 0.9987027819580946 -345.74466781170986 575.0318976820793 316.87562599594855 1.0 568.1429397156137 317.2268610668938 1.0 581.920855648545 316.5243909250033 1.0
-0.9081976586997308 -0.4185415304749665 136.75988398740583 141.236905095973 20.281995546807103 1.0 144.03198510772776 14.216922100754065 1.0 138.44182508421818 26.34706899286014 1.0
-0.9991964132016581 0.04008151500307016 433.6274337355605 445.86049641564375 296.2656244493613 1.0 445.28378356160607 281.88868747086565 1.0 446.4372092696815 310.64256142785706 1.0
0.9902588167624073 -0.13923891634279836 -579.8755730763248 628.4588393023266 304.9530593195418 1.0 629.7757226897154 314.31865493936994 1.0 627.1419559149377 295.5874636997136 1.0
0.8988981788399394 -0.43815757904918196 -30.921198867539854 56.56381960348802 45.472032243518456 1.0 78.72706207864752 90.94082988783039 1.0 34.40057712832852 0.003234599206525246 1.0
0.8440734452046781 0.5362275814430895 -208.91240555940362 150.9071559797357 152.05424958955047 1.0 147.00003427009432 158.2044324529827 1.0 154.81427768937712 145.9040667261182 1.0
0.8602667014214733 0.5098442923338631 -208.36243429435297 161.8398407742897 135.60416258932065 1.0 155.82918758308466 145.74601348759535 1.0 167.85049396549473 125.46231169104598 1.0
0.9946476581723599 -0.1033249054789808 -223.9924296230937 233.63261135227663 81.1972688699731 1.0 234.4809778839245 89.36399092080558 1.0 232.78424482062874 73.03054681914061 1.0
-0.43195704561705145 0.9018941793479923 57.70811752059386 244.91005342123165 53.312801765630546 1.0 235.3364077821755 48.72755908336723 1.0 254.4836990602878 57.89804444789386 1.0
0.9844156661623359 0.17585731777257543 -655.8550916270309 615.9836487361574 281.3140694850063 1.0 614.9712100611263 286.9815077545824 1.0 616.9960874111886 275.6466312154302 1.0
0.16214153344750895 -0.9867675121989427 246.06824721277118 128.05764593808954 270.4099060783176 1.0 132.0090513953021 271.05918458838687 1.0 124.10624048087698 269.7606275682483 1.0
0.9999978413281627 0.0020778207368246982 -615.178504298068 614.540900297379 307.5003447118222 1.0 614.5006372108327 326.87785833369315 1.0 614.5811633839255 288.12283108995126 1.0
-0.9993528208062922 -0.0359713712069325 90.11454154540232 87.74375354993506 67.48627716128769 1.0 87.94757898784023 61.823620457131895 1.0 87.53992811202988 73.14893386544348 1.0
-0.8854126981191683 0.4648057164120665 24.712235698207003 48.469401719078675 39.16300383441615 1.0 41.4475424684699 25.78699935476651 1.0 55.49126096968746 52.53900831406579 1.0
-0.3565984725323209 0.9342577424820281 0.0863342848058185 415.8213024991762 158.62315107937252 1.0 405.0898511322803 154.5270446287871 1.0 426.5527538660722 162.7192575299579 1.0
0.9995782387877404 0.029040395004184413 -150.72892931611875 141.3503323768308 325.0029149212556 1.0 141.07766640937973 334.38815115798184 1.0 141.6229983442819 315.6176786845293 1.0
-0.49579491901109635 0.8684396342192015 69.66010665364588 166.648406246688 14.927147396277245 1.0 163.21515073177 12.96709102287877 1.0 170.08166176160606 16.88720376967572 1.0
0.3517501798173982 -0.9360939114204451 20.316560854802553 319.42830744033864 141.73313576453512 1.0 327.91886379074515 144.92357925163503 1.0 310.93775108993214 138.5426922774352 1.0
0.9767595432436798 -0.21433803834690177 -513.6302408998246 580.8663554682369 250.70918614072355 1.0 582.260973985988 257.06460003227505 1.0 579.4717369504857 244.35377224917207 1.0
-0.9538693509641716 0.3002220199971845 31.935775820561762 40.219621890527236 21.41244938742377 1.0 38.84409226203489 17.042098558479637 1.0 41.59515151901957 25.782800216367903 1.0
0.8389785499151701 -0.5441644905561538 -4.256233825861614 27.592765827894915 34.72020898913259 1.0 37.9727287027519 50.723763708442505 1.0 17.212802953037933 18.716654269822666 1.0
-0.8933628410541349 0.4493359925753606 45.65676308503835 56.91195344518333 11.542056323968922 1.0 51.0078955721017 -0.19629983355527791 1.0 62.81601131826495 23.28041248149312 1.0
0.9963759001590577 0.0850591886995614 -176.6506475554901 139.30467329754538 444.99399630977246 1.0 137.53859779087625 465.68165039640735 1.0 141.07074880421453 424.3063422231376 1.0
0.8931740304112528 -0.4497111866508532 -5.339411054356028 10.557084365761723 9.094509230383702 1.0 14.956500617774227 17.832215700464282 1.0 6.157668113749218 0.3568027603031221 1.0
-0.9995978362588489 0.02835781632332998 405.3653555764734 410.51088146726863 175.62823745437703 1.0 410.1565513192958 163.1382895262099 1.0 410.86521161524144 188.1181853825442 1.0
-0.44321853288433566 0.8964135943345891 60.32072039509832 357.71079041984115 109.57367442044571 1.0 341.92708677078014 101.76965402290719 1.0 373.49449406890216 117.37769481798423 1.0
0.9132223077730869 -0.40746167498992775 -25.7856403377916 88.180329438371 134.35031310235962 1.0 92.73148543293289 144.5505783923206 1.0 83.62917344380912 124.15004781239865 1.0
0.9159000801106304 -0.40140633185506763 -12.906727384779225 135.00713310742572 275.8957890176109 1.0 137.70775128745265 282.05786522603495 1.0 132.3065149273988 269.73371280918684 1.0
-0.9999310414405806 -0.011743609477316206 89.08957878187151 88.52304114149301 48.76201502418368 1.0 88.66257308262246 36.881313483716575 1.0 88.38350920036356 60.64271656465078 1.0
-0.2816547149055383 0.9595158266393942 -75.81987822794729 147.88759487451262 122.42957681253831 1.0 133.4706015042999 118.19763603079615 1.0 162.30458824472535 126.66151759428048 1.0
0.14718590906769102 0.9891088454623775 -177.97219189900997 285.61466024441654 137.4305154700452 1.0 268.03882833707587 140.04591498726776 1.0 303.19049215175716 134.81511595282265 1.0
-0.9922978463467153 0.12387487289870652 590.6610027737104 633.7114868004344 308.1298078484889 1.0 632.760809183226 300.514418786518 1.0 634.6621644176427 315.74519691045987 1.0
-0.21759128751707021 0.9760399743845862 -117.60554316113036 179.5382947565601 160.51751566283386 1.0 175.83310601638857 159.6915077024775 1.0 183.24348349673164 161.3435236231902 1.0
0.33476579793110717 -0.9423013639677855 25.333540342204724 248.11407086833339 115.03076340456543 1.0 259.4833992218594 119.06987702972518 1.0 236.74474251480737 110.99164977940569 1.0
0.9394466171521637 -0.34269527793851473 -35.63914042937645 96.36910223120725 160.1845435103172 1.0 101.73104640958276 174.88349223828124 1.0 91.00715805283176 145.48559478235322 1.0
0.2878535111770682 -0.9576744520467452 69.15277393009353 150.45732317999864 117.43285252039877 1.0 159.51606362184853 120.1556882788919 1.0 141.39858273814872 114.71001676190562 1.0
0.981471829143759 -0.19160649414151898 -198.2361201863492 202.82030646882095 4.3124686081462205 1.0 203.59435484599408 8.277400381433392 1.0 202.04625809164781 0.3475368348590502 1.0
0.9999601015242396 -0.008932824840568622 -553.675675791131 556.5787420866159 322.5026465256402 1.0 556.6401528071029 329.37709793254277 1.0 556.5173313661289 315.62819511873766 1.0
-0.880269428770713 0.47447416449337115 23.586471875053554 66.33912759100832 73.3650779738443 1.0 56.517690294162634 55.143830862880634 1.0 76.16056488785402 91.58632508480795 1.0
-0.23840506485381754 0.9711658071884774 -113.13439037481527 136.85325446648085 150.08858250820214 1.0 125.51913653699978 147.30624492996577 1.0 148.18737239596194 152.8709200864385 1.0
0.7723630092641172 -0.6351813771833029 14.935351158369562 67.26419801631222 105.30492857110836 1.0 73.57414267512556 112.9776469788533 1.0 60.95425335749889 97.63221016336342 1.0
-0.9999959164134882 -0.002857823708369625 269.9965509636215 269.656497125029 119.37580447244288 1.0 269.7100811007452 100.62595760662441 1.0 269.6029131493127 138.12565133826135 1.0
0.9999845984992876 -0.00555002380341393 -365.9478787972093 367.63586846949613 303.120777096844 1.0 367.8439911566731 340.6196219931858 1.0 367.4277457823192 265.62193220050216 1.0
-0.2856548715989528 0.9583325593611989 -75.24815017395451 343.24905945165153 180.8337977096324 1.0 310.83458897155515 171.17185800770676 1.0 375.66352993174786 190.49573741155803 1.0
0.106021431618422 0.9943638448966154 -201.977444735593 291.3362902429202 172.05930710345444 1.0 273.2173553302662 173.99119091912186 1.0 309.45522515557417 170.12742328778705 1.0
-0.9982811033733593 -0.058607496514255286 601.1686828902742 583.3064141760124 321.88565053786186 1.0 583.5301080603953 318.07539773743287 1.0 583.0827202916296 325.69590333829086 1.0
0.19955397107448578 0.9798868366441114 -139.5646306504241 116.12876904458406 118.7797093286782 1.0 106.6382475275529 120.7124541982567 1.0 125.6192905616152 116.84696445909968 1.0
0.9999489792116151 -0.010101434237221037 -434.5731899076075 436.6093390652761 199.36505625632734 1.0 436.92512032818325 230.6244936869684 1.0 436.293557802369 168.10561882568626 1.0
0.8733901997882447 -0.48702110725701575 -20.48403634066166 166.05583327823888 255.73327152840446 1.0 170.2837335647492 263.3152974835369 1.0 161.82793299172857 248.15124557327204 1.0
0.33907337941138016 -0.9407599286611577 23.8348799206614 214.54186886415613 102.66202192424595 1.0 222.37578812031254 105.48556212328602 1.0 206.70794960799972 99.8384817252059 1.0
0.9999906488012761 0.0043246167463541945 -256.895768683425 255.91699723966684 226.87896569870304 1.0 255.86292834689803 239.38143478001925 1.0 255.97106613243562 214.37649661738683 1.0
0.9999588694747772 0.009069694522176626 -267.4103367997105 266.276289201507 126.2445696525975 1.0 265.9985412311551 156.86705045973653 1.0 266.55403717185885 95.62208884545846 1.0
-0.9783897254718428 -0.20676930403503396 610.862145147818 570.3175836268632 255.69211696146215 1.0 571.9150037434904 248.1334542447503 1.0 568.720163510236 263.25077967817396 1.0
-0.9897314290088849 -0.14293949220572572 215.82865239131814 205.58619411449502 86.42492368799671 1.0 206.78673098712105 78.11225196805051 1.0 204.385657241869 94.7375954079429 1.0
-0.2531284997440304 0.9674326656761888 -84.68205296828238 244.47334194252673 151.4991465986539 1.0 233.02585694083425 148.50391519172663 1.0 255.92082694421921 154.4943780055812 1.0
-0.8646822564908009 -0.5023192165445961 230.43974449497674 176.83482800728433 154.3516629143174 1.0 181.89698297818836 145.6377705550773 1.0 171.77267303638033 163.06555527355744 1.0
-0.003254163714753419 -0.9999947051952413 253.01269367877842 381.87873036801204 251.77133085101897 1.0 394.38266568134924 251.73064078298472 1.0 369.37479505467485 251.81202091905323 1.0
-0.35666703191332816 0.9342315710497784 -15.610960233577458 364.5184418464919 155.8742772961562 1.0 349.5523084124908 150.1605693071125 1.0 379.48457528049295 161.58798528519995 1.0
-0.23748618344743194 0.9713909165066208 -113.11427401317368 208.16463467989604 167.3378820718293 1.0 184.16812029434413 161.4712010882757 1.0 232.16114906544792 173.20456305538295 1.0
0.9994369102176366 0.0335538745098664 -155.28618701118543 142.1967024400275 392.48981745804815 1.0 141.46101374578197 414.40306730472696 1.0 142.93239113427305 370.5765676113694 1.0
-0.9565010750875512 0.2917288010402105 66.41496969832384 113.0910157348124 143.1353650578087 1.0 110.78545966270428 135.576060478409 1.0 115.39657180692053 150.69466963720845 1.0
-0.1351552406390809 -0.9908244349670593 177.58788892621564 286.8884896246018 140.0988925742783 1.0 303.09274270518915 137.88852144575827 1.0 270.6842365440144 142.30926370279832 1.0
-0.9994222315943309 0.03398827731744805 447.44475004426346 457.65056316428183 292.49487965904734 1.0 457.0766203630065 275.61814330961016 1.0 458.2245059655572 309.3716160084845 1.0
0.058239577935050905 0.9983026352574389 -222.24457830277498 448.1020032945387 196.48080635234203 1.0 441.8005264421154 196.84842568869485 1.0 454.4034801469619 196.11318701598918 1.0
-0.9994095725048061 -0.034358498013746915 240.0640145845589 237.34754278301062 83.14124545203302 1.0 237.86409159317023 68.11603028305466 1.0 236.83099397285105 98.1664606210114 1.0
0.9999169713472519 0.012886054933108272 -445.04526484132595 441.240558261793 298.10071496388935 1.0 441.0150710239198 315.5978090816839 1.0 441.4660454996663 280.6036208460948 1.0
0.9989501856367345 0.04580967819504685 -115.87288329869162 111.38125130141833 100.60235776086088 1.0 110.57780037875214 118.12283552824617 1.0 112.18470222408452 83.0818799934756 1.0
0.9961194961539201 -0.0880110753374837 -102.52603054348754 128.04681415236402 284.3266868189558 1.0 128.49968554756109 289.45233747458514 1.0 127.59394275716697 279.2010361633265 1.0
-0.25373152872000715 0.9672746824627471 -108.6534790762486 247.5606985957889 177.2686049689455 1.0 233.0374087534249 173.45891512534857 1.0 262.0839884381529 181.07829481254242 1.0
0.9911386418775217 -0.13283144423359255 -469.7950373638201 495.60618656899743 161.25252135786604 1.0 496.2042297101278 165.7148959868863 1.0 495.0081434278671 156.79014672884583 1.0
-0.9192448179367626 0.39368637860155636 49.544282450716494 71.64373862618693 41.438703256565276 1.0 67.24985216848718 31.1791220864205 1.0 76.03762508388668 51.698284426710046 1.0
0.781517316816765 -0.6238835496433003 13.511150109427648 77.74907534866983 119.05009981970147 1.0 81.95130427404689 124.31408646638921 1.0 73.54684642329276 113.78611317301373 1.0
0.08021382108940865 -0.9967776797793159 222.3675746602728 449.38507085971105 259.24985438245096 1.0 456.9367581145975 259.8575623023562 1.0 441.83338360482463 258.6421464625458 1.0
-0.9999580452752346 -0.00916011404579669 264.44262568217823 263.42886451117187 111.87778355035988 1.0 263.8182579095522 69.36989996498683 1.0 263.03947111279155 154.38566713573294 1.0
0.9999580354466729 0.009161186911661439 -202.51319295610386 201.46241962812363 115.62122011547598 1.0 201.34790959729182 128.1201710236556 1.0 201.57692965895544 103.12226920729637 1.0
-0.9363525872534514 0.35106100943250285 461.04533263054003 587.7240990377187 254.2909799038681 1.0 583.0759462153906 241.89339143862674 1.0 592.3722518600468 266.6885683691095 1.0
-0.3480449572886545 0.9374778438480231 -18.33401684356724 234.47450286977792 106.60698365940198 1.0 206.63502350150173 96.27138962776229 1.0 262.3139822380541 116.94257769104165 1.0
0.9898869119908631 0.14185873772592658 -199.0699850778106 140.92114859416006 419.95287295471155 1.0 140.26906080716466 424.5031260879584 1.0 141.57323638115548 415.40261982146467 1.0
-0.36586449695756845 0.9306681308962854 -14.891129141474254 167.72196575252372 81.93537442484288 1.0 153.3558540307606 76.28776485938239 1.0 182.08807747428682 87.58298399030335 1.0
-0.3800652542612315 0.9249596761499095 -6.909525885941112 317.3486243255264 137.86840093449277 1.0 310.3681370755118 135.00012383014678 1.0 324.32911157554094 140.73667803883876 1.0
0.9998132555431896 -0.01932495899423199 -372.9040562821779 375.8004446522379 146.24660890602172 1.0 376.0545041907071 159.39085900945162 1.0 375.5463851137687 133.10235880259185 1.0
0.9992488790070759 -0.03875148775340359 -569.9939279503363 580.722399043771 265.5969849195872 1.0 581.0137554476288 273.10992382399985 1.0 580.4310426399132 258.0840460151746 1.0
0.03597588167923087 -0.9993526584431555 352.03327722651966 485.0325041801203 369.72208567802716 1.0 505.67575072507424 370.4652257386474 1.0 464.3892576351664 368.9789456174069 1.0
-0.8361960981803452 0.5484305656944792 18.761784507716335 25.688895684102302 4.958093147942309 1.0 22.554630055087465 0.1792553996775509 1.0 28.82316131311714 9.736930896207067 1.0
-0.32622148201736056 0.9452933643427299 -27.499424583474838 332.66593651152436 143.894165070687 1.0 324.63466520543477 141.12256703902435 1.0 340.697207817614 146.66576310234962 1.0
-0.4056157211332675 0.9140437006891625 23.493507269850703 395.4453387575111 149.77986159287934 1.0 387.78895525123073 146.38226745724745 1.0 403.1017222637915 153.17745572851123 1.0
-0.9993054622931307 -0.037263830064988124 186.80637312727725 171.06415572989914 425.64137599823925 1.0 172.04512337188694 399.3347316929812 1.0 170.08318808791134 451.94802030349734 1.0
-0.9999048187702256 0.013796861965027421 267.15194452840456 269.28173328212756 152.50991077007984 1.0 269.22125878541556 148.12712134822848 1.0 269.3422077788396 156.8927001919312 1.0
-0.999968054340977 0.007993140654378632 309.0443557942268 310.14831533740943 136.8738144567739 1.0 309.8784356639487 103.1109840943623 1.0 310.41819501087014 170.63664481918553 1.0
-0.4368577693221388 0.8995305939115605 57.818831271294485 379.14232067637624 119.8541082701698 1.0 374.1141269077288 117.4121618501609 1.0 384.17051444502374 122.29605469017869 1.0
-0.8921710800986564 -0.4516976464800285 136.30137973306248 149.9419361293211 5.595602820113526 1.0 152.5944901519979 0.35640796073491965 1.0 147.28938210664433 10.834797679492132 1.0
0.9999618556736283 0.008734254275760746 -279.62720009981126 279.1138113776898 59.997718625137296 1.0 278.9991786630749 73.12171735566677 1.0 279.22844409230464 46.87371989460781 1.0
-0.4834568410731181 0.8753681984282967 90.92161600123693 378.3530302788939 105.09377081897085 1.0 370.0110770110446 100.48659593816627 1.0 386.69498354674323 109.70094569977542 1.0
-0.48612072012175034 0.8738916668948793 84.27683149602551 475.88501760055556 168.28257039873836 1.0 469.7844234213182 164.88898587570597 1.0 481.9856117797929 171.67615492177072 1.0
0.014410281855488836 -0.9998961664977246 337.45068894734607 428.76023339025335 343.66492869208025 1.0 433.15233587625886 343.72822669929553 1.0 424.36813090424783 343.6016306848649 1.0
-0.9998598552330916 -0.01674126319191245 207.03435918917225 205.08551516566104 118.12643183255906 1.0 205.42046867417403 98.1215754073046 1.0 204.75056165714807 138.13128825781354 1.0
0.9190850898035693 -0.39405912970107015 -434.26889377515573 585.2351291712296 262.9351274109231 1.0 587.5635120640954 268.36573880624854 1.0 582.9067462783638 257.5045160155976 1.0
0.9998906878543008 0.014785545044168496 -107.7454332986956 103.4596205031753 290.6299480874084 1.0 103.27454812769106 303.1456953441359 1.0 103.64469287865955 278.11420083068094 1.0
0.9962667322606724 -0.0863284321104109 -347.4094935373642 361.49067836074903 147.479144756265 1.0 362.0959442289553 154.464169665504 1.0 360.8854124925428 140.49411984702596 1.0
0.46030609431240577 -0.8877602714352893 -80.20925311303738 247.06696901248063 37.754762749759855 1.0 257.9765071984433 43.41138771340418 1.0 236.15743082651798 32.09813778611553 1.0
0.999710306228631 -0.024068727017789452 -452.50431600902095 459.6627325747528 291.88311994988914 1.0 460.0540981494496 308.1387448625959 1.0 459.27136700005593 275.62749503718237 1.0
0.9997236632581419 0.023507384408339896 -60.12393056910764 55.584411821696094 193.76374179070706 1.0 55.15811284526042 211.8934140231598 1.0 56.010710798131775 175.6340695582543 1.0
0.47480002297319945 -0.8800937098881285 -83.51329499355592 199.78845843935594 12.892115391521909 1.0 205.45122532187412 15.947110349108042 1.0 194.12569155683775 9.837120433935773 1.0
-0.21512353624660233 -0.9765868441427812 155.6623412632046 287.7942809239983 95.9986491744908 1.0 304.99921659131235 92.20872857106849 1.0 270.5893452566843 99.7885697779131 1.0
-0.9998111081138744 0.01943574264355217 436.0274626225677 439.7060068477708 184.99356542065365 1.0 439.4995410892577 174.37257899413228 1.0 439.91247260628387 195.61455184717502 1.0
0.9935373094696552 -0.11350601169893339 -441.27503127166545 483.8360326252799 347.4187685487861 1.0 485.6303113100093 363.12439321290674 1.0 482.0417539405506 331.71314388466544 1.0
0.9959687843049574 -0.08970050551755776 -458.5869265988296 487.28487972897005 298.03179503584715 1.0 487.970008093503 305.6389591246061 1.0 486.59975136443717 290.4246309470882 1.0
-0.9317274677090627 -0.3631582656590067 591.4834427304863 556.4949925444055 200.96409592076253 1.0 559.9502469149429 192.09921328038124 1.0 553.039738173868 209.82897856114386 1.0
0.9986132891198852 -0.05264502629085219 -529.5978798916531 545.3293131528771 284.4564857218412 1.0 546.716257499938 310.76516393567096 1.0 543.9423688058164 258.1478075080115 1.0
-0.9219147690226515 0.38739277052871224 51.184250395649414 80.77392451630985 60.100304752929915 1.0 77.6263725212812 52.609781203604804 1.0 83.92147651133848 67.59082830225502 1.0
-0.8723133710479208 0.4889472187169208 15.827682716293582 161.3845843619252 255.54956306227763 1.0 157.97177256211916 249.46088671464813 1.0 164.79739616173126 261.6382394099071 1.0
-0.9994761655644537 0.03236347429706604 343.5812493005242 347.93116303547595 128.77651429815728 1.0 347.3011760796129 109.32072468725227 1.0 348.56114999133905 148.23230390906227 1.0
-0.9995711926797042 0.02928191873620407 627.0072306151825 635.2054627521927 270.67390822622275 1.0 635.0225292369734 264.4292671685032 1.0 635.3883962674121 276.9185492839423 1.0
0.7728373326717528 0.6346041736616695 -213.7465587081774 140.845782275934 165.29308247490644 1.0 135.4055280489951 171.9183644070187 1.0 146.2860365028729 158.6678005427942 1.0
-0.9997973164165982 -0.02013271184337786 444.02009517591904 439.9063379627564 208.76069944269702 1.0 440.0950438809426 199.38949937475485 1.0 439.71763204457017 218.1318995106392 1.0
0.9997180008862312 -0.023746972523615278 -512.2876268192088 519.4539140526374 295.60827945715477 1.0 519.9594522630487 316.8908092020035 1.0 518.9483758422261 274.32574971230605 1.0
0.34386528574663244 -0.9390189908933615 66.97081722774746 204.0543362823721 146.04392585378372 1.0 212.02584927165915 148.96306446384136 1.0 196.08282329308508 143.12478724372608 1.0
0.1699296165191227 0.9854562016800461 -337.6208746708758 447.6779822342887 265.4071549601622 1.0 440.7921825038999 266.5945251402043 1.0 454.5637819646775 264.2197847801201 1.0
0.08585082190029014 0.9963080027677408 -257.1199244074735 456.2506963626321 218.7580813630886 1.0 438.09890821406793 220.32220202375285 1.0 474.4024845111963 217.1939607024243 1.0
-0.21023124162805523 -0.9776516890199323 133.4204623576812 280.7278895229131 76.10347368012235 1.0 287.2154895005912 74.708399939841 1.0 274.240289545235 77.4985474204037 1.0
0.20926963836231813 -0.9778579745851156 98.25015035337064 191.56033259302157 141.4703520093209 1.0 196.46926117576456 142.52090304633924 1.0 186.65140401027858 140.4198009723025 1.0
-0.20207217406102543 -0.979370632840423 366.39770188446795 315.920470407383 308.93203803892817 1.0 323.7326702840023 307.3201577554758 1.0 308.10827053076366 310.54391832238053 1.0
0.9999675275402973 0.008058775648008104 -326.94733094253314 324.4093158748434 316.2452396545764 1.0 324.34379985900495 324.37474855689857 1.0 324.4748318906819 308.11573075225425 1.0
-0.23658915838327754 0.971609782852917 -114.12955914593218 320.0551427677839 195.39854307780413 1.0 309.4501902330889 192.81621338212022 1.0 330.6600953024788 197.98087277348804 1.0
0.9712240638749442 0.23816762531930785 -199.3540777706274 185.49713458604205 80.593644308625 1.0 183.98051650794136 86.77826310886859 1.0 187.01375266414274 74.40902550838142 1.0
0.9859433355486538 0.16708003796742052 -125.92217519754007 77.36033486753541 297.15859059573995 1.0 75.78108285051523 306.477794854219 1.0 78.93958688455561 287.8393863372609 1.0
0.3248473221795505 -0.9457664707911649 70.23818913201457 225.6595691321581 151.77435479258338 1.0 230.9000144821313 153.57431777662 1.0 220.41912378218493 149.97439180854673 1.0
0.967310904826028 -0.2535934017372117 -55.32387712685481 108.10957255775905 194.21519245750613 1.0 113.07075781239145 213.13922030993828 1.0 103.14838730312665 175.29116460507396 1.0
0.09940464754140803 0.9950470923766214 -222.20814475312184 300.5787021301391 193.286555262478 1.0 294.3286399639038 193.91093297435353 1.0 306.8287642963744 192.66217755060248 1.0
-0.0054527569994245175 0.9999851336100478 -268.48701196240256 383.75704196705806 270.58356845991017 1.0 369.3824693725922 270.50518624332136 1.0 398.131614561524 270.661950676499 1.0
-0.21654441697310095 -0.9762727669446586 135.36174472129346 293.1005404276083 73.63972602133589 1.0 298.2624700371061 72.494772402233 1.0 287.9386108181105 74.7846796404388 1.0
-0.10492545057580863 0.9944800902086796 -205.25830632818696 532.4263806171725 262.57276217374806 1.0 525.4966370602077 261.84161986909237 1.0 539.3561241741374 263.3039044784037 1.0
0.857820667079912 -0.5139491250411606 -426.7287643878323 617.0651786567714 199.63551604662578 1.0 620.0950086354942 204.69253559749774 1.0 614.0353486780486 194.57849649575383 1.0
-0.9999959212892908 -0.0028561170813624333 419.22895710109464 418.6880081669918 189.998037862888 1.0 418.75407599862075 166.86608623929337 1.0 418.6219403353628 213.1299894864826 1.0
0.996334176110285 0.08554653420589024 -338.3250897336754 326.47439270063063 152.51926664597113 1.0 325.9812357946069 158.26291347184588 1.0 326.96754960665436 146.77561982009635 1.0
0.9978749626799073 -0.06515795313370193 -118.1880760054601 142.10617226535197 362.4440947669532 1.0 142.63710909630652 370.5752367825258 1.0 141.57523543439743 354.3129527513806 1.0
0.995184622021263 -0.09801820286250966 -394.76336617822636 414.4018848562531 179.99735204379584 1.0 415.2064572577249 188.1662233132538 1.0 413.5973124547813 171.82848077433792 1.0
0.9976845945071502 -0.06801066006960375 -560.5298698189764 581.8100243019373 293.0868239846145 1.0 582.8307130253199 308.0598504787515 1.0 580.7893355785549 278.11379749047745 1.0
-0.32826802475819145 0.9445846197781094 -20.829868170682087 144.07236639707867 72.12082208801205 1.0 134.56857111908099 68.81800300934931 1.0 153.57616167507635 75.42364116667478 1.0
-0.998520415136804 -0.05437812570349001 228.49984535332035 225.29773260340573 65.016214131117 1.0 225.7407492740486 56.88130355521918 1.0 224.8547159327629 73.1511247070148 1.0
0.9997578657806983 -0.02200476788388017 -371.80410942929876 375.74616883330253 175.0110893729925 1.0 376.03521411150126 188.14348376910155 1.0 375.4571235551038 161.87869497688345 1.0
-0.17007123227883175 -0.985431771332323 245.19628332391153 452.0147890478934 170.80996984165182 1.0 463.25362951923864 168.87030897019176 1.0 440.77594857654805 172.7496307131119 1.0
0.9999960394254449 0.00281445082103173 -304.60216777823433 304.2234180669012 135.00133241714423 1.0 304.12666675239257 169.37781915297913 1.0 304.32016938140987 100.6248456813093 1.0
-0.9988112517699241 -0.04874508526813051 225.95168131112194 210.93986865700262 313.1098646290959 1.0 211.3673661808888 304.35022589603017 1.0 210.51237113311643 321.8695033621616 1.0
0.9984358143357818 -0.055909969161540556 -226.3145777173129 232.23471966743674 99.38985505127101 1.0 232.4499152096184 103.23280005055726 1.0 232.01952412525506 95.54691005198475 1.0
0.9999794854077702 -0.0064053699043408 -328.18689365513507 330.027225690656 286.25382904412197 1.0 330.07926825347494 294.3784956854176 1.0 329.9751831278371 278.1291624028263 1.0
0.9995412742765007 -0.030285987150977828 -408.31871377293 414.62324151241285 201.88641573940737 1.0 414.92653572994504 211.89616338809878 1.0 414.3199472948807 191.87666809071595 1.0
0.980642417089072 0.19580717506185186 -191.11578332161727 171.73197858105513 115.97185214091195 1.0 170.31601180916812 123.06330360208784 1.0 173.14794535294214 108.88040067973607 1.0
0.14628008967185632 0.989243213454403 -165.50752275759132 83.8293048978831 154.91131244143037 1.0 76.92053198478042 155.93291755077666 1.0 90.7380778109858 153.8897073320841 1.0
-0.9999855023274903 0.00538471306913708 364.3285701023666 365.12473967640113 146.87432830289617 1.0 365.0843367919169 139.37118036953038 1.0 365.1651425608854 154.377476236262 1.0
0.9748707293785593 -0.22277131996941532 -104.20363060483199 169.47284396818546 273.87046237670097 1.0 170.78749417796772 279.6235099820393 1.0 168.1581937584032 268.11741477136263 1.0
0.23556238344962935 -0.9718592302918823 94.15993850473082 217.00016704494482 149.48359858574779 1.0 219.79069322245067 150.15997534584136 1.0 214.209640867439 148.8072218256542 1.0
-0.11206464916588679 -0.9937009179865574 382.54798317863134 280.6473237647491 353.32294953796077 1.0 305.7509569177447 350.4918865982387 1.0 255.54369061175353 356.1540124776829 1.0
-0.11848674937891182 0.9929556335615499 -216.39928602324866 394.3756807163581 264.9942953862252 1.0 383.06302304143077 263.64438609578616 1.0 405.6883383912854 266.3442046766643 1.0
0.9994436779764785 0.03335167991044937 -393.09860779744326 386.4971000536091 204.38324578920796 1.0 386.3297392163316 209.39851731996646 1.0 386.6644608908866 199.36797425844946 1.0
-0.05236525979605499 -0.9986279985893104 345.89235540349637 531.3028324408986 318.5075373428988 1.0 540.6848084459505 318.01557275588647 1.0 521.9208564358465 318.99950192991105 1.0
0.9997932128104651 -0.020335476835524394 -322.8492964086401 326.3099725113241 166.86106787637829 1.0 326.4629739637424 174.3833804788916 1.0 326.15697105890575 159.338755273865 1.0
-0.27009090955628173 0.9628348251777459 -79.72130956916298 222.60703283323528 145.24344351057317 1.0 211.78191851330757 142.2068219673295 1.0 233.43214715316302 148.28006505381686 1.0
-0.9998454622716925 0.017579862761285148 381.9323821877475 384.9914446191236 170.6251504256681 1.0 384.63970854170486 150.62034574090646 1.0 385.34318069654245 190.62995511042976 1.0
-0.9993683566131593 -0.035537132696847606 335.33790154417886 329.6821280717108 165.01092134943747 1.0 330.05947160941946 154.3993395323158 1.0 329.3047845340021 175.6225031665591 1.0
-0.9236403294565263 -0.3832604099061625 221.05060545541377 208.45170675316456 74.4042473918124 1.0 210.8101486960809 68.72050851126207 1.0 206.09326481024826 80.08798627236274 1.0
-0.230965042165239 0.972962049258659 -116.26519357526266 356.9115561812682 204.2210036345483 1.0 350.71406122224295 202.74982119159407 1.0 363.10905114029356 205.69218607750258 1.0
-0.9103468356649592 0.41384615353388965 42.0771126125033 118.70779719056972 159.45093210413455 1.0 115.58247088212437 152.57608044484348 1.0 121.83312349901509 166.3257837634256 1.0
-0.006762107364802262 -0.9999771366906279 347.01459466680126 351.8768125943069 344.6430455614284 1.0 356.8765839638269 344.6092357976251 1.0 346.877041224787 344.6768553252316 1.0
0.9989180777224617 0.04650455890836977 -442.4322229064321 435.7256381517532 154.3505883720548 1.0 435.2016762288652 165.60529219243188 1.0 436.2496000746411 143.0958845516777 1.0
0.9994318783292183 0.03370342088469179 -340.5726089196603 332.272589510131 251.86733113169606 1.0 332.1034581935644 256.88270419957496 1.0 332.44172082669763 246.85195806381714 1.0
0.11474549290508342 0.99339492240396 -226.16858527848203 288.1268820662385 194.3912937558384 1.0 283.0502302194228 194.9776898661192 1.0 293.2035339130542 193.80489764555762 1.0
0.9989719135770759 0.04533338597717031 -63.221688994383435 57.301382324935034 131.89434924720848 1.0 56.67868910903008 145.61609140380133 1.0 57.924075540839986 118.1726070906156 1.0
-0.04886364303114397 -0.9988054587304401 371.12381539378475 233.10243770427567 360.1638116249012 1.0 250.68266691457828 359.3037502014987 1.0 215.52220849397307 361.02387304830376 1.0
-0.08438927371613908 -0.9964328630076703 375.0522365844919 317.405852759758 349.51334919406725 1.0 328.0602966031458 348.6110096474981 1.0 306.75140891637017 350.4156887406363 1.0
0.9528829074719553 0.30333836659379776 -200.96690993378047 189.41251460576194 67.51194230597065 1.0 187.31030603008682 74.11565235490168 1.0 191.51472318143706 60.90823225703962 1.0
-0.22041414271689044 0.9754063797671092 -120.80676548715327 373.8446745856414 208.33103325994335 1.0 363.3327499733119 205.9556368100202 1.0 384.35659919797104 210.70642970986654 1.0
0.24584154914892364 -0.9693100292022452 92.01259999088005 240.24861978499376 155.8590010505214 1.0 248.7676575452051 158.0196445774972 1.0 231.72958202478245 153.69835752354564 1.0
0.9999979475059291 0.0020260759928816085 -343.962935190589 343.62934100987286 164.99848923512036 1.0 343.6002162272537 179.3734302259764 1.0 343.65846579249194 150.62354824426436 1.0
-0.07108088286011574 -0.997470554999909 367.78941463886497 397.928337249242 340.36525229776043 1.0 423.3337831091104 338.55483141654 1.0 372.5228913893736 342.1756731789808 1.0
-0.9623545215733441 0.2717973046358994 112.78082741054058 209.9920745716444 328.57571993836723 1.0 208.33608495611963 322.712346508989 1.0 211.64806418716915 334.4390933677455 1.0
0.9999970637142311 0.002423337144497367 -485.072405416942 484.4619347961093 252.50021067293915 1.0 484.42407026440793 268.12511891414357 1.0 484.49979932781065 236.87530243173472 1.0
-0.011597457113254165 -0.9999327472327858 319.6299647053213 575.0055951161187 312.9824109093041 1.0 581.8724224984445 312.90276781701516 1.0 568.1387677337927 313.06205400159314 1.0
-0.12632884507455708 -0.9919884187338724 387.2812851735259 364.56375788632454 343.98220809798516 1.0 372.02238852763173 343.0323581028041 1.0 357.1051272450173 344.93205809316623 1.0
0.9997971007532308 -0.02014341891124427 -431.3210159756712 436.9239085855286 273.74901461393927 1.0 437.03769952371067 279.3969063937671 1.0 436.8101176473465 268.1011228341114 1.0
0.143668661177003 0.9896258463659928 -164.4161119321274 120.60764985854502 148.630487865055 1.0 116.66846826103605 149.20235747448908 1.0 124.54683145605397 148.0586182556209 1.0
0.9494890040763433 -0.31380030455388935 -76.11802466858539 178.32874078740846 297.0142235914685 1.0 179.6306854907289 300.9536148596688 1.0 177.02679608408803 293.0748323232682 1.0
-0.32562904509414153 0.9454976070784512 125.51643338688947 431.9563179255578 16.013884993719486 1.0 425.7917543638665 13.8908114597543 1.0 438.1208814872491 18.136958527684676 1.0
-0.9999900495329239 0.004461035209495217 331.9742440080167 333.4134515951612 321.8737131944734 1.0 333.3744179254852 313.1238873267809 1.0 333.45248526483715 330.6235390621659 1.0
-0.20882118203265448 -0.9779538403904782 423.76343021949305 469.6234047245881 333.0383319571199 1.0 480.8933776986604 330.6318696265643 1.0 458.3534317505159 335.44479428767545 1.0
0.06230094406905409 0.9980574093548449 -335.54048416964355 134.9777130381575 327.76796420012124 1.0 130.54196929799966 328.044853104577 1.0 139.41345677831535 327.49107529566544 1.0
-0.9999985955629807 0.0016759689932144236 210.84013180902846 211.29713173635372 272.5009684906522 1.0 211.28141603801907 263.12389986552853 1.0 211.3128474346884 281.87803711577584 1.0
-0.9999185963852854 0.01275933395129276 362.46411811084977 364.7028143144968 173.12879220010566 1.0 364.54323387292766 160.62285327308206 1.0 364.86239475606595 185.63473112712927 1.0
0.9996110012509833 -0.02788989383282846 -376.7292641027507 381.41010166311327 162.51297101096586 1.0 381.8815328501317 179.40969366258577 1.0 380.93867047609484 145.61624835934595 1.0
-0.9999898360988162 0.00450862496363971 467.8248299673862 468.6411351910832 179.9976729163406 1.0 468.6045029855835 171.87283807889548 1.0 468.67776739658285 188.12250775378573 1.0
-0.463901555278541 0.8858867574414637 83.54672521277291 244.1550092918781 33.54510390538215 1.0 232.7575351094029 27.576727072695814 1.0 255.55248347435327 39.51348073806849 1.0
0.9988067177502519 0.048837901029516476 -556.045345837375 544.9426407619671 240.65275550350293 1.0 544.6957612181004 245.70180433015446 1.0 545.1895203058339 235.6037066768514 1.0
-0.9994605224336041 -0.03284302204041686 172.64388639021752 169.36885396132283 102.49979803656151 1.0 169.88174933580427 86.89165216307319 1.0 168.85595858684135 118.10794391004984 1.0
0.28100642970590445 -0.9597058853961148 81.9245322943297 263.38823116770214 162.4855293004237 1.0 268.73760741932614 164.0518520087626 1.0 258.03885491607815 160.91920659208483 1.0
0.9999874262721805 -0.005014708121157773 -257.47197907879104 257.96104230036565 96.87895644233083 1.0 258.0425459997748 113.13168195191304 1.0 257.87953860095644 80.62623093274861 1.0
0.013238902632079153 -0.99991236188833 385.23697893167093 13.119115569887676 385.4444412483043 1.0 21.892402737136635 385.5606001228192 1.0 4.345828402638716 385.3282823737894 1.0
-0.9999205943273277 0.012601787178159731 122.8336893413313 123.89102815318434 83.12322265209593 1.0 123.7491700516306 71.86713371721889 1.0 124.03288625473807 94.37931158697297 1.0
0.9997912163076857 -0.02043339898299722 -402.987332609179 406.43163603204664 164.40960840725165 1.0 406.5337816961592 169.4075207882817 1.0 406.3294903679341 159.41169602622165 1.0
-0.9971359731226133 -0.07562969724135446 645.115380080349 625.3463531759719 285.0736741513628 1.0 626.0533509111818 275.75229775547047 1.0 624.639355440762 294.39505054725515 1.0
-0.07736939748812785 0.9970024956499979 -237.61568037936897 303.7479414852035 261.90152656549014 1.0 299.30270848577135 261.55656755048165 1.0 308.1931744846357 262.2464855804986 1.0
0.9998499333633473 0.01732370495333449 -121.65686554717227 116.58542212041678 293.7558116259801 1.0 116.33624366332499 308.13732322467825 1.0 116.83460057750857 279.3743000272819 1.0
-0.10046210876607627 -0.9949408850289916 202.288847378049 451.83155059347087 157.69469257845532 1.0 466.9300457125239 156.17015309909704 1.0 436.73305547441777 159.21923205781363 1.0
0.9998071684047767 -0.019637362511868962 -460.8537955261677 465.0309644441314 208.1489432601425 1.0 465.2029992487048 216.90784001746624 1.0 464.858929639558 199.39004650281873 1.0
-0.9994320070107054 0.033699604783336404 595.1662216434128 604.9675376361201 280.6471688135533 1.0 604.5886324201243 269.40994502638205 1.0 605.3464428521161 291.8843926007246 1.0
0.9971213057098083 -0.07582283099151021 -392.3883920171792 407.20681239091016 179.9747684111323 1.0 407.7409664968151 186.99925473754993 1.0 406.6726582850053 172.95028208471467 1.0
-0.9999885655077088 0.004782139043863106 269.29103666816843 269.43160268481006 28.74972931499584 1.0 269.3628602220987 14.375058054769713 1.0 269.50034514752144 43.12440057522196 1.0
-0.045736319567438365 0.9989535470042764 -223.27297516973803 414.9996655466829 242.50730498935258 1.0 401.930675851769 241.90895135128537 1.0 428.0686552415967 243.10565862741976 1.0
0.09651702234740471 0.9953313339773798 -221.1455343905887 273.2520930957752 195.68564694579885 1.0 264.34343799078835 196.54951693009585 1.0 282.160748200762 194.82177696150188 1.0
-0.9998359035922088 -0.01811534951226412 135.45710988520193 134.55030963040878 51.27582421977974 1.0 134.6748322212421 44.40308036025941 1.0 134.42578703957545 58.14856807930008 1.0
-0.10403159114912494 -0.994573993246848 379.3929545818782 341.7537304210398 345.7156255438994 1.0 346.8289514550459 345.1847617537881 1.0 336.67850938703367 346.24648933401073 1.0
0.9991075275576681 0.04223918059815457 -265.28121065704187 259.60012540415124 139.98309453706952 1.0 258.9923639890714 154.35882333119991 1.0 260.2078868192311 125.60736574293915 1.0
-0.999936397616147 -0.011278329771843587 173.0814515484812 172.42990504959775 58.74215999128337 1.0 172.54972968180658 48.11851149895933 1.0 172.31008041738892 69.36580848360742 1.0
-0.09673768328884899 -0.9953099118525377 204.86869216545128 293.7291519018245 177.28549911418264 1.0 313.22372459852716 175.39075278750838 1.0 274.23457920512175 179.18024544085688 1.0
0.9998706135273485 -0.01608590079677829 -94.56727539582913 95.5044411302414 57.49188455999296 1.0 95.75591253253816 73.12289388148528 1.0 95.25296972794465 41.86087523850064 1.0
0.9997146663819974 -0.023886938287097134 -163.45105346754153 171.63629494927207 340.6157699627461 1.0 172.05455370987005 358.1207097874712 1.0 171.2180361886741 323.1108301380211 1.0
0.9996896829772945 -0.02491059511044112 -278.366651753744 278.88943271296284 17.51209952477476 1.0 279.12289707166974 26.88128198338017 1.0 278.655968354256 8.142917066169352 1.0
0.22072135168988255 -0.9753369084107252 110.52380322094194 16.81850088285688 117.1246617287834 1.0 23.30220811547669 118.59194202137196 1.0 10.33479365023707 115.65738143619484 1.0
-0.21231698017356476 0.9772008493293373 -136.09989536191102 11.282252883440018 141.726554288945 1.0 0.6175211133023817 139.4094219968981 1.0 21.946984653577655 144.04368658099196 1.0
-0.12993715992181046 -0.9915222309517088 217.6325107211191 256.287006021382 185.90738490745395 1.0 266.8936615535027 184.5174022594705 1.0 245.6803504892613 187.2973675554374 1.0
-0.9999206960532941 -0.012593712887623959 246.5763898885052 244.10863175476823 197.48877347393457 1.0 244.16402225721092 193.09085601690995 1.0 244.05324125232553 201.8866909309592 1.0
-0.022657421809033688 -0.9997432876678729 364.7761528987793 194.31473885276145 360.4660179690054 1.0 214.417729704348 360.0104190678014 1.0 174.2117480011749 360.9216168702094 1.0
-0.281539684485243 0.9595495849928496 -87.8324548317769 397.08262390531615 208.04237175730668 1.0 390.48380484429515 206.1062243549513 1.0 403.6814429663372 209.97851915966203 1.0
-0.9999961217611059 -0.002785042683228727 481.4437746104742 480.73023034167795 256.87529307212975 1.0 480.76852453005773 243.1253997234925 1.0 480.6919361532981 270.62518642076697 1.0
-0.23489361367257583 -0.9720210852938523 414.9988170662363 332.4358450479177 346.6095182562652 1.0 335.9592270056937 345.7580759028716 1.0 328.91246309014167 347.46096060965874 1.0
0.9999616698302713 0.008755505139944686 -232.8514500437283 231.73311991719282 128.74328532011845 1.0 231.58532851941231 145.62246368264533 1.0 231.88091131497333 111.86410695759153 1.0
-0.9998468400255982 0.01750132825890845 107.81399697111934 112.9286151315395 291.25343752253883 1.0 112.72081868943795 279.3820747933674 1.0 113.13641157364106 303.12480025171027 1.0
0.9999913805303671 0.0041519712150305125 -404.3769212981557 403.78098184656744 144.36993862808998 1.0 403.74983155657253 151.87240429624475 1.0 403.81213213656235 136.86747295993524 1.0
0.49568995612972605 -0.868499549448421 -150.08650504549183 511.6886662336532 119.2314118501398 1.0 519.70075035931 123.80425202176313 1.0 503.67658210799635 114.6585716785165 1.0
-0.5258127804166006 0.8506003291502794 131.99503524573143 319.767107894501 42.490692283362264 1.0 313.00881952434105 38.312943607528936 1.0 326.5253962646609 46.668440959195586 1.0
-0.9634710464489036 -0.26781251399935485 219.78300954280544 197.69797802947954 109.4300312269237 1.0 199.4451446914262 103.14449786267454 1.0 195.95081136753288 115.71556459117286 1.0
0.9976683404578995 0.06824868092483913 -410.01923178365774 403.49362105287486 109.40021669737287 1.0 403.23246289392716 113.21786157348885 1.0 403.75477921182255 105.58257182125689 1.0
0.6013119152487031 0.7990143807090937 -556.1532672136748 617.9417586492318 231.00651160289462 1.0 611.8496099749647 235.5912621102039 1.0 624.033907323499 226.42176109558534 1.0
-0.8005120467249364 -0.5993166634161389 235.2158553238877 168.02065600160205 168.04688112943057 1.0 172.8150596222659 161.64295797914411 1.0 163.2262523809382 174.45080427971706 1.0
-0.9999963037299616 -0.0027189200823683353 303.70415368988466 303.5608345017424 53.1244856722268 1.0 303.601622772559 38.122897241352696 1.0 303.5200462309258 68.1260741031009 1.0
-0.061175020368533325 -0.9981270544789924 250.36590921753887 454.4047457245309 222.98532901551272 1.0 469.4630983081898 222.06240540384613 1.0 439.34639314087207 223.9082526271793 1.0
-0.07712139634979273 -0.9970217100068876 297.42501783751 70.03066885920899 292.89648553967857 1.0 75.67027030826668 292.4602523721935 1.0 64.3910674101513 293.33271870716356 1.0
-0.9962397939183836 -0.08663875006864039 35.288140771516716 25.534389360645363 113.6877663774244 1.0 26.024591240418495 108.05104355655402 1.0 25.04418748087223 119.32448919829478 1.0
0.12663015667129693 0.9919500004644402 -288.4001900026212 451.86624277735893 233.05640080348036 1.0 448.0193612845676 233.547485239087 1.0 455.71312427015033 232.56531636787372 1.0
-0.06488079200253861 -0.9978930217358589 390.6881643111544 524.4102449897467 357.4170823056249 1.0 535.6938180335544 356.68344940134097 1.0 513.126671945939 358.1507152099088 1.0
-0.18304883893071355 0.9831038208480922 -161.16043650176263 385.60581515877004 235.72803638540205 1.0 369.2254668684909 232.67810038451287 1.0 401.98616344904923 238.77797238629122 1.0
0.2359195966712392 -0.9717725782848989 110.20695171838597 5.086652513155558 114.64307104067582 1.0 9.648011382856051 115.75044324777367 1.0 0.5252936434550654 113.53569883357797 1.0
-0.9737720870894809 0.22752565219200274 196.02963778175993 223.65775825723097 95.64655264354062 1.0 222.45290275671385 90.48997076331497 1.0 224.8626137577481 100.80313452376626 1.0
-0.9992551786877164 -0.03858870127096415 131.10256524170842 121.56864855961001 249.41144131463938 1.0 121.76144835752923 244.41888675396825 1.0 121.37584876169079 254.40399587531047 1.0
-0.9999544564789372 0.009543844503825076 357.78776905587796 359.981412028194 228.13114258328233 1.0 359.8382608805409 213.132508857801 1.0 360.12456317584713 243.1297763087636 1.0
-0.9967808960691389 -0.08017384381208466 191.35199428833226 156.12388703312558 445.66512686361807 1.0 157.23076348296445 431.9036150407072 1.0 155.01701058328672 459.4266386865289 1.0
0.2690214805102239 -0.9631341770615802 86.6209770240783 364.0930045597336 191.63458275071957 1.0 386.90790039459876 198.00721202850872 1.0 341.27810872486833 185.26195347293043 1.0
-0.9975143273513257 -0.07046393920887528 258.28748388468955 244.2268709461666 208.15868593757483 1.0 244.58141811998445 203.13958127814246 1.0 243.87232377234875 213.1777905970072 1.0
0.9999941738965293 0.0034135279401005304 -323.8442112635997 323.46207724881424 112.49901716191812 1.0 323.425801443148 123.12602680011284 1.0 323.49835305448056 101.87200752372338 1.0
-0.9999927687223261 0.003802959775781201 332.45740259603537 333.5484147285057 286.25076662622257 1.0 333.45095554988103 260.6237603951912 1.0 333.6458739071304 311.87777285725394 1.0
0.4500421812788628 0.893007298441487 -470.7338067318088 121.91027995493167 465.6950051207492 1.0 117.91506994219866 467.70844110490685 1.0 125.90548996766466 463.6815691365915 1.0
0.24637192243894437 -0.9691753586599996 109.38694095093378 407.1623001168956 216.36982172692834 1.0 426.99296961735456 221.41093232102608 1.0 387.3316306164367 211.3287111328306 1.0
0.9169599044204921 0.3989793649866644 -613.5714850883085 565.5416280459636 238.08872394352386 1.0 562.2008254417649 245.76677024232484 1.0 568.8824306501624 230.41067764472288 1.0
-0.9561332915922999 -0.2929319523522042 134.51358710599158 123.1412430804511 57.262940741077315 1.0 125.34911942995024 50.05640671662503 1.0 120.93336673095197 64.4694747655296 1.0
-0.9815838125430784 -0.19103198411102415 351.9895746752979 336.9628083419137 111.1454538705908 1.0 338.085998833409 105.37413965855109 1.0 335.8396178504184 116.91676808263051 1.0
-0.9892196579787602 0.1464392989206951 518.4204069763534 545.7449688671043 146.41728434936073 1.0 544.5411706370758 138.28544486255012 1.0 546.9487670971326 154.54912383617133 1.0
0.9981348541122148 -0.06104762899890422 -592.138819473289 610.8619622699393 288.0340548530425 1.0 611.5521256566753 299.3182954145515 1.0 610.1717988832032 276.7498142915335 1.0
0.9996597872731853 -0.026082747342445256 -356.5801572224083 361.18605303242924 171.87666848023667 1.0 361.5132520338816 184.41705312198727 1.0 360.8588540309769 159.33628383848608 1.0
0.9998251743760986 -0.018698146533919373 -479.11239679841464 485.1338253503361 317.4974972764492 1.0 485.26257114689264 324.3817779327598 1.0 485.0050795537796 310.61321662013864 1.0
0.8531807302190826 0.5216154153999218 -117.89431453893295 124.47416910512084 22.42140800122933 1.0 120.67240781790748 28.63976232010326 1.0 128.27593039233417 16.203053682355407 1.0
-0.09384368014078338 0.9955869443185936 -322.23412494738045 135.66504101506635 336.45020515204084 1.0 130.59228726813447 335.972049142888 1.0 140.73779476199823 336.92836116119366 1.0
0.9999879920903706 0.004900579054451079 -368.62756213889253 367.4405224772777 243.1247085221979 1.0 367.39762791565425 251.8775612101715 1.0 367.48341703890105 234.37185583422428 1.0
0.8891148208074482 -0.4576842092759364 -400.4709684605209 565.6003179652316 223.76270542038196 1.0 568.6748513002156 229.73541127257934 1.0 562.5257846302478 217.7899995681846 1.0
-0.9969368834817472 0.07821029570140364 556.0069976229406 583.6011121561639 329.9626487161448 1.0 583.3498075668069 326.7593004629342 1.0 583.8524167455208 333.16599696935543 1.0
-0.19805129060312268 -0.980191657937588 382.3745377104402 36.66166858411392 382.69418423838204 1.0 50.47898496714791 379.90234519326157 1.0 22.84435220107993 385.48602328350256 1.0
0.9997681343124264 0.021533174718332108 -189.75749983186992 183.1919517168129 306.87644201737015 1.0 183.08431080724304 311.8741236293029 1.0 183.29959262638275 301.8787604054374 1.0
-0.999997037449356 0.0024341512917842906 211.24408142967718 211.8228239096626 237.50164835393838 1.0 211.80608546592643 230.6251677488991 1.0 211.83956235339878 244.37812895897767 1.0
-0.9989096136552983 0.04668601232727924 281.993263041314 294.10003632442124 252.4544297529634 1.0 293.7184016041247 244.28884498773678 1.0 294.4816710447177 260.62001451819003 1.0
0.46703307473659356 -0.8842398470449538 -80.54156612984468 473.59014517632437 159.05265523467702 1.0 479.2787496993049 162.05723195693938 1.0 467.90154065334383 156.04807851241466 1.0
-0.2617919366522906 0.9651243349454219 -196.63111488815636 205.59019280229614 259.50332050507285 1.0 200.93286789277693 258.2400116612948 1.0 210.24751771181533 260.7666293488509 1.0
-0.02561547463055006 0.999671869895043 -169.79297013725918 9.949299502200311 170.10364229224848 1.0 0.5164332587125242 169.86193563506424 1.0 19.3821657456881 170.3453489494327 1.0
-0.8971971619607225 -0.4416302215311188 218.55867306662066 145.36854310681997 199.56611766119 1.0 148.2068247914402 193.7999853900385 1.0 142.53026142219974 205.33224993234148 1.0
-0.003276792125180597 0.9999946313022728 -328.7744249075979 495.62368844207964 330.4002545260339 1.0 481.87178809678767 330.35519216535 1.0 509.3755887873716 330.4453168867178 1.0
-0.04813131356217987 -0.998841016706252 25.322186976533136 494.3283206297194 1.5312903135295786 1.0 500.6539833528878 1.226474581170694 1.0 488.00265790655106 1.8361060458884633 1.0
-0.9125949873664835 -0.40886475640921655 135.07758746819977 127.77035513815835 45.1860952686029 1.0 129.94943925364564 40.32233235025224 1.0 125.59127102267107 50.049858186953564 1.0
0.0022211986176828204 0.9999975331353077 -324.752873670204 309.37153824778454 324.0664974652981 1.0 300.6215814178634 324.08593290525806 1.0 318.12149507770573 324.04706202533805 1.0
-0.9982852783795969 -0.05853633888936454 193.43753616006612 171.70181817159857 376.34978931611863 1.0 172.18303508324675 368.14306221769795 1.0 171.22060125995037 384.55651641453926 1.0
-0.9985170068923591 0.054440673643189226 187.03111390073298 201.00443998522326 251.19523639652377 1.0 200.62886304119817 244.30663747022038 1.0 201.38001692924834 258.08383532282716 1.0
-0.19400492961814877 0.9810005541710245 -158.73609572345487 266.1139948267769 214.4377204129018 1.0 257.93795484859436 212.82080791088708 1.0 274.2900348049595 216.05463291491648 1.0
0.09875854821211535 -0.9951114254971828 291.1497800213645 444.39401611461915 336.6833897215107 1.0 450.7059029964524 337.3098047831381 1.0 438.0821292327859 336.0569746598833 1.0
-0.23240830311591704 -0.9726183118997811 149.73694431035872 117.24797380470102 125.93587862373066 1.0 125.80791034963546 123.8904715993633 1.0 108.68803725976657 127.98128564809802 1.0
-0.176099710376266 -0.9843723340308764 406.64459153939674 494.315881330625 324.66953504674655 1.0 503.11956104115706 323.09459699366073 1.0 485.512201620093 326.2444730998323 1.0
0.9999950090787754 -0.0031594014527935605 -315.7475547569735 316.11839507610625 116.87739043062618 1.0 316.1736843255845 134.37721574881922 1.0 316.06310582662803 99.37756511243315 1.0
0.9983779274697375 0.05693429494805103 -606.7599619449215 591.0660299537265 292.4895087776002 1.0 590.2428491788239 306.9244906585553 1.0 591.8892107286289 278.05452689664503 1.0
-0.15145488125588347 0.9884641718058204 -166.36330222019953 73.80913574198402 179.6140529658757 1.0 64.36848295732393 178.16753321608388 1.0 83.2497885266441 181.0605727156675 1.0
-0.9999509330267123 -0.009906136431903174 128.80283368804382 127.47176269441826 134.9997202636726 1.0 127.57707156178772 124.3695718797947 1.0 127.36645382704882 145.62986864755052 1.0
-0.9999959842367486 0.002833991950635123 506.36928136013086 507.3596746162806 348.7503976826049 1.0 507.311846174468 331.8737619764862 1.0 507.40750305809325 365.6270333887236 1.0
-0.1808204718638497 0.9835161193162698 -101.8537179271248 12.3472462472159 105.83085602310746 1.0 0.527062041912667 103.65770273812988 1.0 24.16743045251913 108.00400930808505 1.0
0.3165757602610206 -0.9485672290434436 71.17918775693312 253.83245840083185 159.75292695586052 1.0 258.70741182243916 161.37989870697055 1.0 248.95750497922458 158.1259552047505 1.0
-0.9986345813067347 0.05223957329767087 457.6331096766053 468.8189193161518 201.87139476167243 1.0 468.10331156368153 188.1915232934292 1.0 469.5345270686221 215.55126622991565 1.0
0.9891183188713049 -0.14712223242325964 -350.33476062895073 381.8915364745188 186.2475403518455 1.0 382.5552483301238 190.70974530902907 1.0 381.22782461891376 181.78533539466187 1.0
-0.17692966115951098 -0.9842234985012197 277.40933524689865 450.66402489766716 200.84208751974612 1.0 459.5754598041721 199.2401168689194 1.0 441.7525899911622 202.44405817057284 1.0
0.07316976857079333 -0.9973194999433714 317.14677825051604 553.0461899206864 358.57419813437684 1.0 558.1562464149016 358.9491047225731 1.0 547.9361334264712 358.1992915461805 1.0
0.44509722311157224 -0.8954822510683097 -57.66629186889489 189.48203376402597 29.78466089884755 1.0 198.24233070825758 34.138944681533985 1.0 180.72173681979436 25.430377116161118 1.0
-0.99980286626934 0.019855190747319184 510.6863383407183 516.682533098606 296.86641027949895 1.0 516.3597034606644 280.6104094463555 1.0 517.0053627365475 313.12241111264245 1.0
0.962408515989784 -0.2716060535966412 -73.75797504529635 83.32557645055223 23.693394330709047 1.0 85.54163109016841 31.545759286582257 1.0 81.10952181093604 15.841029374835841 1.0
0.8006976224668322 -0.5990687083932548 -91.84655442226898 268.39964533915133 205.41951490303578 1.0 273.4896346719948 212.22264499494162 1.0 263.3096560063078 198.61638481112993 1.0
0.924736918232063 -0.38060692592051787 -50.62923499164976 153.6524433637266 240.29739275540254 1.0 156.8742828092081 248.12529518425967 1.0 150.43060391824508 232.4694903265454 1.0
-0.999964207781984 -0.008460682889053675 412.51878455798357 409.9213605633751 308.733470284612 1.0 410.0537329597382 293.08843782125194 1.0 409.788988167012 324.37850274797205 1.0
0.99997555114286 -0.006992647319384178 -266.43629747325053 266.57828149697343 19.372704387145074 1.0 266.6307556303499 26.87670795649429 1.0 266.525807363597 11.868700817795856 1.0
0.3340577006821707 -0.9425526259127079 61.559162079480764 327.2613187802475 181.29844536579864 1.0 334.54985737816645 183.88163528900995 1.0 319.9727801823285 178.71525544258733 1.0
-0.9999729971306252 -0.0073488100801833225 411.8274703373734 409.76706820841974 281.87788131260584 1.0 409.840621831094 271.8692355981503 1.0 409.6935145857455 291.8865270270614 1.0
0.3740971675615146 -0.9273895132156995 96.28887197751384 70.15092456202288 132.1258569477576 1.0 77.58161264470331 135.12330227698604 1.0 62.72023647934246 129.12841161852913 1.0
-0.9999850924868273 0.00546029340890279 242.8447940466305 244.05311910201686 220.62675759034698 1.0 244.0189555084523 214.37011866786082 1.0 244.08728269558142 226.88339651283317 1.0
-0.2152587820604013 0.9765570422386358 -134.33279054497893 396.8667587806102 225.03738765384912 1.0 366.8116382815011 218.4124509082331 1.0 426.9218792797194 231.66232439946515 1.0
0.2950283807143404 -0.9554884900264756 67.54411777146107 249.14504064806113 147.61975382137643 1.0 256.69696811236844 149.9515798499715 1.0 241.59311318375381 145.28792779278135 1.0
-0.9989216658851644 -0.04642742104842639 229.5822612144639 223.84455729306728 128.7834432524137 1.0 224.51392617851022 114.3814569469305 1.0 223.17518840762438 143.18542955789687 1.0
0.9997892704431186 0.02052838782799773 -244.87149555823785 240.67538150683518 206.87603446910487 1.0 240.29002857801552 225.64378802071448 1.0 241.06073443565484 188.10828091749528 1.0
0.16114806272318452 0.9869302416486002 -481.11115362681056 108.09757352955272 469.8320301674827 1.0 100.49413520953986 471.0735357000911 1.0 115.70101184956557 468.59052463487427 1.0
0.9992420937446606 -0.03892605925067458 -172.5244649891661 174.96930437601551 59.40054300591358 1.0 175.4574053854624 71.93022322598733 1.0 174.48120336656862 46.87086278583983 1.0
0.9865260481511156 0.16360426742399733 -486.7281062769342 463.6150220470406 179.45626465406355 1.0 462.3376071207238 187.15901666017461 1.0 464.89243697335735 171.75351264795248 1.0
-0.15049255126771838 -0.9886111429742906 394.6901670438545 606.8719834510064 306.85518377704847 1.0 611.9447166774684 306.08298070147515 1.0 601.7992502245443 307.6273868526218 1.0
-0.9999853138737935 -0.005419597469426295 238.72320601265463 237.51067162869904 224.3750578367813 1.0 237.59198275437 209.37211121865943 1.0 237.42936050302808 239.37800445490316 1.0
0.15815747335470706 0.9874139018780599 -360.0732113477614 42.04375891402977 357.9286011624637 1.0 35.7548864690465 358.93591144466325 1.0 48.33263135901305 356.92129088026405 1.0
-0.997771513803241 0.0667233560516009 411.86373430785244 434.6413351590967 326.8571895339728 1.0 434.1364601714909 319.30736125082666 1.0 435.14621014670246 334.4070178171189 1.0
-0.9788759376433146 0.2044551263796577 427.42073494541324 466.9278836582388 144.98895433566926 1.0 465.447442512138 137.90100188039966 1.0 468.4083248043396 152.07690679093886 1.0
-0.9999780664392659 0.006623189593180536 415.6009629621209 416.4586843961105 128.12361781336313 1.0 416.4089841470374 120.61980741046415 1.0 416.50838464518364 135.62742821626213 1.0
-0.06885779685647903 -0.9976264851195921 271.8497617435337 447.4388181266511 241.6135839360461 1.0 454.4100229563297 241.13242008046805 1.0 440.46761329697244 242.09474779162414 1.0
-0.9998662393286589 0.016355532726417207 476.52393585380867 481.4642727058591 298.12149498691406 1.0 481.0757135724671 274.3676273532451 1.0 481.8528318392511 321.875362620583 1.0
-0.14581752539280143 -0.9893115026564281 381.44530546905463 114.11793029539723 368.74625463353414 1.0 140.73082370698535 364.8237021812477 1.0 87.50503688380911 372.6688070858206 1.0
-0.13154860607735563 0.9913097216506578 -202.39832402912307 179.3129230588175 227.96779268226055 1.0 148.03318174852137 223.8169140234918 1.0 210.59266436911358 232.11867134102934 1.0
-0.9062642440251832 0.42271162747369906 385.30924132254046 485.8951981314484 130.2074499735582 1.0 482.71914802198506 123.39822007694751 1.0 489.0712482409117 137.0166798701689 1.0
-0.08521447799623708 0.9963626311438165 -209.28213770178573 390.02962116788416 243.4036571546925 1.0 378.0816555887714 242.38180063567364 1.0 401.9775867469969 244.42551367371138 1.0
-0.16828635330441602 0.985738151484207 -139.94227567078198 67.94296206198908 153.56628812729858 1.0 57.915128256274734 151.854324782707 1.0 77.97079586770343 155.27825147189014 1.0
0.9993660620629176 -0.035601601043450636 -592.6911554675958 603.3763458228742 289.38831112536957 1.0 603.9108234716912 304.39153591031544 1.0 602.8418681740573 274.38508634042375 1.0
-0.9999828374425183 -0.005858738807111914 281.5669098566975 280.6526574277258 156.87150026582628 1.0 280.7332351567609 143.1183105831968 1.0 280.5720796986907 170.62468994845577 1.0
-0.9996402822694538 -0.026819881883536352 383.4349471770015 378.8273958086327 176.87707649339728 1.0 379.162973303629 164.36931142276507 1.0 378.4918183136364 189.38484156402953 1.0
0.904221273706246 0.42706426703372663 -204.0033686051554 179.17329737954776 98.32492361426411 1.0 176.67254475153615 103.61975603429028 1.0 181.67405000755934 93.03009119423794 1.0
-0.9907772760995806 -0.13550051352188822 242.02212523659492 241.60688081511455 19.509283817235975 1.0 242.97233959854353 9.52507417176129 1.0 240.24142203168557 29.493493462710656 1.0
0.2097824349464144 -0.9777480912729788 108.4607446047397 314.92010795639965 178.49735859693445 1.0 319.35896299428623 179.44974482661212 1.0 310.481252918513 177.54497236725678 1.0
-0.13345442790132797 -0.9910549508849292 384.62594634278963 82.51496310078528 376.9861184945082 1.0 87.14269566057979 376.3629528459271 1.0 77.88723054099077 377.6092841430893 1.0
-0.13288463660687136 -0.9911315116339807 166.66961239779957 122.56413056133105 151.7283233172547 1.0 128.1721188181672 150.9764397651147 1.0 116.9561423044949 152.48020686939475 1.0
-0.9997914171527106 -0.020423569418068475 32.52160013183042 25.595441606938763 339.3871635801079 1.0 25.77437126565944 330.6280513308685 1.0 25.41651194821809 348.14627582934725 1.0
0.999516330113513 0.03109832529919986 -129.39422499936265 126.98710679666652 79.37848802068154 1.0 126.17117059230354 105.60310149247566 1.0 127.8030430010295 53.153874548887444 1.0
0.4649211987870134 -0.885352064954076 -80.40961938529514 327.3058437998972 81.0545417182376 1.0 333.7484665808388 84.43772906846223 1.0 320.86322101895564 77.67135436801298 1.0
-0.9998474854813192 0.01746441458174928 327.9103237950049 333.83400342040954 336.270366553862 1.0 333.7355904423962 330.6361686169777 1.0 333.9324163984229 341.9045644907463 1.0
-0.005337781317017719 0.9999857539438308 -229.85298159585454 462.4975979516523 232.32500234839915 1.0 455.61612170193604 232.28827000974894 1.0 469.37907420136867 232.36173468704933 1.0
-0.22042244420167298 0.97540450383016 -181.43478593605158 607.3295102260654 323.2544444666468 1.0 601.3059285142359 321.89323217107477 1.0 613.353091937895 324.61565676221886 1.0
-0.9995417928687298 -0.03026886698846147 93.89169945936332 85.22824317574525 287.50691182937715 1.0 85.51245640572965 278.1215918712857 1.0 84.94402994576085 296.8922317874686 1.0
0.18573340617280526 0.9826001739423049 -484.2649639780415 85.81302412001227 476.61971891910235 1.0 78.11549666324568 478.07472374361595 1.0 93.51055157677887 475.16471409458876 1.0
-0.999868025472148 -0.016245972991117765 134.60230361385473 133.03573715917017 97.50870472021955 1.0 133.35062630208893 78.12866600262879 1.0 132.7208480162514 116.88874343781032 1.0
-0.9968182890946671 -0.07970758136075072 189.30918345533905 159.08394506302022 385.55175041758457 1.0 159.89039724655615 375.4663071999486 1.0 158.27749287948427 395.63719363522057 1.0
0.994476639725224 0.10495814899676373 -232.34814283867942 231.73421087331332 18.044177780504636 1.0 230.94448753521718 25.526792699777232 1.0 232.52393421140943 10.561562861232039 1.0
-0.9998921013289574 -0.014689646012131123 237.09575243733124 235.22047699984842 129.38742109805915 1.0 235.47751806767826 111.89119734780847 1.0 234.96343593201857 146.8836448483098 1.0
0.9942621555168922 0.10697086569203476 -238.5015744250237 237.87800630320265 18.588941157728485 1.0 236.86660518775213 27.98961157985185 1.0 238.8894074186532 9.188270735605117 1.0
-0.7798940090658542 -0.625911602882699 237.46965493341173 156.10772353316753 184.88581462304822 1.0 161.6673984168125 177.9583873088094 1.0 150.54804864952254 191.81324193728705 1.0
0.1195437399704589 0.9928289350305395 -235.73855744866407 213.72973164822966 211.7066682570919 1.0 190.49012990390466 214.5048833472425 1.0 236.96933339255466 208.90845316694129 1.0
-0.9999740360641823 -0.007206052838373613 245.42707057141462 243.59135614308695 255.62385677430194 1.0 243.7264985802269 236.8703267431672 1.0 243.456213705947 274.3773868054367 1.0
-0.11219659095397307 -0.9936860293766371 381.7893181253518 63.48713999891629 377.04694075561565 1.0 75.4913770704703 375.69154837148744 1.0 51.48290292736228 378.4023331397438 1.0
-0.9999726573254679 0.007394903748012202 358.07424432671706 360.2101509496666 287.50306785268043 1.0 359.9004978221948 245.63035777036583 1.0 360.5198040771384 329.375777934995 1.0
-0.9800733158625838 -0.19863608819678244 616.4381388999053 569.8970191197402 291.4741132722178 1.0 572.4784543481055 278.7372747303605 1.0 567.3155838913748 304.210951814075 1.0
-0.9998406617649629 0.017850800581516193 537.1507815445358 541.7554267148113 253.1159762906834 1.0 541.4651982685555 236.85999939808966 1.0 542.0456551610671 269.3719531832771 1.0
0.9998299509741025 -0.01844096350855228 -305.23585880830325 306.20999130250914 50.00073792441378 1.0 306.5213421871549 66.88152290003399 1.0 305.89864041786336 33.11995294879357 1.0
-0.9998691079326327 -0.01617921512315176 248.07149947434252 242.81478227519585 326.86998026365166 1.0 243.0173232013513 314.3530309794364 1.0 242.6122413490404 339.38692954786694 1.0
-0.03599306822241336 0.9993520395936242 -332.5932166853345 223.76375719175525 340.86802985078316 1.0 213.13004079811884 340.48504160995304 1.0 234.39747358539165 341.2510180916133 1.0
-0.08391311540351863 -0.9964730749314181 368.7803133540234 294.2429872273133 345.3073407265156 1.0 331.7924986676857 342.14529193050714 1.0 256.6934757869409 348.469389522524 1.0
0.07756398979847123 0.996987375790959 -256.97472825953395 334.4126913303312 231.73447456886433 1.0 314.38802043314087 233.29236126522815 1.0 354.43736222752153 230.1765878725005 1.0
-0.7294005315865737 0.6840868837517817 307.3325510536151 458.1872120070492 39.277825066802734 1.0 454.54178220753306 35.39092342202075 1.0 461.8326418065653 43.16472671158473 1.0
-0.9993070163782203 0.03722213074583005 341.849806703824 348.41947617514427 170.01231133257522 1.0 348.02339917130814 159.3787844218718 1.0 348.8155531789804 180.6458382432786 1.0
-0.9997940845482362 0.020292572590840535 404.4822416516297 409.8300879973146 259.37844866178125 1.0 409.62694668913474 249.36988630053196 1.0 410.03322930549444 269.3870110230306 1.0
0.9999634611894114 0.00854846688550975 -242.1020561897208 239.6103675031306 292.50201210482635 1.0 239.46611739535757 309.3757789424985 1.0 239.7546176109036 275.62824526715417 1.0
-0.0883958682685286 -0.9960854232810823 221.49539872809015 291.273719950696 196.51728734715834 1.0 306.94172230657597 195.12685773147413 1.0 275.60571759481604 197.90771696284256 1.0
-0.9996690034515405 0.025727097352861612 503.57076793754135 512.6001396626616 344.3724228441201 1.0 512.4389848493726 338.1104855026261 1.0 512.7612944759508 350.63436018561407 1.0
0.9732318346002459 0.22982557760318975 -146.24472692764982 124.12258513983772 110.71298478628142 1.0 122.90518017946746 115.86827374666974 1.0 125.339990100208 105.55769582589309 1.0
-0.0151120026545732 0.9998858071678827 -183.72146807706693 224.98650593233572 187.14283512231273 1.0 211.85505939992112 186.94437000416258 1.0 238.1179524647503 187.34130024046289 1.0
-0.9999309210588736 0.011753855127261396 387.46332035861747 389.5030568152215 171.2484947347637 1.0 389.319242824093 155.61096207313372 1.0 389.68687080635 186.88602739639367 1.0
0.07187818656485823 0.9974134179447093 -427.95140072369696 60.070783745988635 424.73222647781677 1.0 51.94295367749661 425.3179551992474 1.0 68.19861381448067 424.1464977563861 1.0
-0.46285838681663216 -0.8864322386699983 479.1739849113069 126.35961428823367 474.58492519888745 1.0 133.30032605533796 470.96077152787336 1.0 119.41890252112938 478.20907886990153 1.0
0.9999690059815605 0.007873187172288834 -241.99307769994616 240.01253611481206 252.5000987022375 1.0 239.84027674147046 274.37866332441365 1.0 240.18479548815367 230.62153408006134 1.0
-0.08078006525336871 0.9967319504549162 -355.74148122998497 6.827490871921479 357.46120732411623 1.0 0.5176296503137634 356.9498251004517 1.0 13.137352093529195 357.97258954778084 1.0
0.9996354029936292 -0.027001131120094352 -559.3918861324685 568.4923863725676 329.3650765343167 1.0 568.7632105648049 339.39152503173466 1.0 568.2215621803301 319.3386280368987 1.0
-0.0663705767301691 -0.9977950423531402 349.28702760120643 191.23923655132012 337.33818558975196 1.0 208.16407171004516 336.21239219244416 1.0 174.31440139259507 338.46397898705976 1.0
-0.9997522248112745 0.02225958186729718 455.37438895331894 461.958310208842 290.63706077661413 1.0 461.3738312827275 264.38615857090844 1.0 462.5427891349566 316.88796298231983 1.0
-0.058314675851058116 0.9982982513159012 -223.09243707887737 276.1999567488537 239.60669841048434 1.0 258.1002080002541 238.5494182040241 1.0 294.2997054974533 240.6639786169446 1.0
-0.03836491236013919 0.9992637957514516 -219.3626375054853 90.58173193652414 223.00197271240523 1.0 66.81876793097284 222.08963701549897 1.0 114.34469594207545 223.91430840931153 1.0
0.9993504261544717 -0.03603783768313092 -272.45802604905185 278.3378457407848 158.13986280278195 1.0 278.7888377999544 170.64613774874994 1.0 277.88685368161526 145.63358785681396 1.0
-0.9998507789444542 -0.01727483268133393 217.58305626616777 211.59011709656755 348.74507796103757 1.0 211.68764655525595 343.1001662540203 1.0 211.49258763787915 354.38998966805485 1.0
-0.999930793100918 0.01176473580533127 489.8659719664052 493.37811863381455 295.62937538883114 1.0 493.2456880101342 284.3735800391748 1.0 493.510549257495 306.88517073848755 1.0
-0.9974986595198971 -0.07068538926828043 18.727779343888248 3.71659791068821 212.49763303974112 1.0 4.557010075730892 200.6378977146295 1.0 2.876185745645528 224.3573683648527 1.0
-0.9970755155394362 -0.0764226164938579 268.8435686621552 242.7123502305848 351.2183717285373 1.0 243.24351969918348 344.28827569100633 1.0 242.18118076198613 358.1484677660683 1.0
-0.10945750033947133 -0.9939914766331926 359.2111935807839 263.8004442069203 332.33308749120727 1.0 270.7290749922927 331.57011253179337 1.0 256.8718134215479 333.09606245062116 1.0
-0.9999459737578679 -0.010394689289707262 308.7974297546123 308.3073256366948 48.75189532074005 1.0 308.443748562806 35.62831347128631 1.0 308.1709027105837 61.87547717019378 1.0
-0.03519950404630478 0.9993803054467774 -302.71608959880325 471.86976335152895 319.523678326309 1.0 463.13060464602364 319.215873529137 1.0 480.60892205703425 319.831483123481 1.0
0.999070304402609 -0.043110635124970716 -541.8761099358106 555.0311922075427 293.1775924730187 1.0 555.6245739229936 306.92895682577995 1.0 554.4378104920919 279.42622812025746 1.0
-0.9999883027181683 -0.00483677855984912 286.93692051183643 286.1754541209791 158.12463943387297 1.0 286.2298818648011 146.8718796699357 1.0 286.1210263771571 169.37739919781023 1.0
0.23367192532076198 -0.9723154998851392 117.6440256194347 339.953594741433 202.6930935953 1.0 371.93416089803753 210.3788298275668 1.0 307.97302858482846 195.00735736303326 1.0
0.9793293288989395 -0.2022722560272486 -307.18501870287616 343.349540166624 143.70362311254087 1.0 344.01971760091584 146.94838059860857 1.0 342.6793627323322 140.45886562647317 1.0
-0.9989055767978441 0.04677230635928388 528.6329267926917 542.8487035596145 291.2336724610436 1.0 542.3509244040545 280.60271552932795 1.0 543.3464827151744 301.86462939275935 1.0
-0.20549796410850232 0.9786575431412465 -138.64936605523974 304.50863725612066 205.61356980802918 1.0 273.1956605081284 199.03848844582427 1.0 335.82161400411286 212.18865117023412 1.0
-0.06487096054747198 0.997893660906636 -190.73754512956438 347.4608103214431 213.72784496290507 1.0 336.79960498723403 213.03478250773765 1.0 358.12201565565215 214.42090741807252 1.0
-0.9996311042750443 0.027159811594625084 520.5060497820648 528.6109886184577 291.2367957697014 1.0 528.1179765609811 273.0912285326373 1.0 529.1040006759343 309.3823630067656 1.0
0.9995121027085948 0.031233900477580144 -31.152985174211068 21.324028184970018 315.0218440344056 1.0 21.108180441194023 321.92916041012734 1.0 21.539875928746017 308.1145276586838 1.0
-0.20148412619924502 0.9794917798990079 -139.61313892774993 188.85110467836807 181.38349129785578 1.0 165.67812355458165 176.6167459826076 1.0 212.02408580215447 186.15023661310397 1.0
0.23885879271324154 -0.9710543121492086 116.02286033753946 217.38826689503372 172.95423872470784 1.0 260.5172478663516 183.56305452097448 1.0 174.25928592371582 162.3454229284412 1.0
0.032924275907145105 0.9994578490641763 -456.9663510859701 243.1194116172182 449.2053576045042 1.0 230.59182868404312 449.61804293918607 1.0 255.64699455039323 448.7926722698223 1.0
1.0 0.0 -356.875 356.875 228.125 1.0 356.875 241.875 1.0 356.875 214.375 1.0
0.9241007003741747 -0.3821490488905603 -11.239182804419789 80.24668827687461 164.63952538310835 1.0 83.03964941641826 171.39337536039636 1.0 77.45372713733094 157.88567540582034 1.0
-0.999614826538113 0.027752451516547594 385.38720547948674 388.9553278172316 123.17135535115189 1.0 388.7472646021662 115.67713184039073 1.0 389.163391032297 130.66557886191305 1.0
-0.20836656581467927 0.9780508035120655 -462.2393419512268 20.598136247500353 477.0010956363843 1.0 13.169019581720756 475.41837670079684 1.0 28.027252913279952 478.5838145719718 1.0
-0.05921472597988942 0.9982452685723716 -309.4789901080447 346.25371589833355 330.5623571714022 1.0 338.08331674143915 330.07769877886733 1.0 354.424115055228 331.04701556393707 1.0
-0.9402606758238485 0.3404553737265425 31.841092653520768 118.80304196415346 234.58209808658052 1.0 115.16721198565136 224.5407587023684 1.0 122.43887194265555 244.62343747079265 1.0
-0.9989419292805758 -0.04598936752338644 133.18313814258502 128.9227717687486 95.60418028093339 1.0 129.78680381215895 76.83641105763066 1.0 128.05873972533826 114.37194950423613 1.0
0.9999815137965976 0.00608046585920605 -185.8698801652635 184.12515924318672 287.4984808237241 1.0 184.03775416227862 301.8729493502888 1.0 184.21256432409484 273.1240122971594 1.0
-0.8721396257808571 -0.4892570624353076 493.01768133274675 423.6724725810594 252.45650829737832 1.0 426.2873261217563 247.7953238944314 1.0 421.0576190403626 257.1176927003252 1.0
0.26792221261965093 0.9634405471979008 -482.01375323857104 196.1156838498457 445.7670029989792 1.0 186.60699576519661 448.4112645033956 1.0 205.62437193449483 443.1227414945628 1.0
-0.060733984966960954 0.998153987654226 -411.2314157316671 625.0366216424889 450.0231287658864 1.0 611.8842574030936 449.22285596041206 1.0 638.1889858818842 450.8234015713607 1.0
-1.0 0.0 499.375 499.375 300.0 1.0 499.375 286.875 1.0 499.375 313.125 1.0
-0.991936497172546 0.1267358890648574 98.01475555789196 152.56233668528915 420.69688931512985 1.0 151.7565469916613 414.39013428265514 1.0 153.368126378917 427.0036443476045 1.0
-0.9999169409801023 0.0128884111121018 288.123354735882 288.872508632815 56.26453277934404 1.0 288.7193676435689 44.38345076126003 1.0 289.02564962206117 68.14561479742804 1.0
-0.1268042313175901 0.9919277629545183 -433.34522072967735 304.2766542858948 475.7693106387298 1.0 299.12121215597494 475.1102587391846 1.0 309.43209641581456 476.428362538275 1.0
-0.006141826747024948 0.9999811388042323 -238.71402587751726 316.249779403631 240.66091638405675 1.0 304.37522735280606 240.5879835670619 1.0 328.124331454456 240.73384920105158 1.0
0.027276752724133293 -0.999627920158709 448.642811026309 275.62279801803146 456.33069738644036 1.0 283.1342594859841 456.53566192667216 1.0 268.1113365500788 456.12573284620856 1.0
0.23061756880994802 -0.9730444681288665 129.4728747305331 418.2017940708607 232.17598285671954 1.0 423.35662391111134 233.39770947284595 1.0 413.04696423061 230.95425624059317 1.0
0.012192977020263469 0.9999256628926889 -464.4399989605142 225.63839032797785 461.7231184133573 1.0 219.37407941899465 461.79950469065324 1.0 231.902701236961 461.6467321360614 1.0
0.21785011635634904 -0.975982236930327 135.727229171089 390.4901641397289 226.22907314316296 1.0 411.7947565536888 230.98449569153163 1.0 369.18557172576897 221.47365059479432 1.0
-0.9995286059405338 0.03070123623850858 541.4069968875343 550.6856071847722 293.7673357291113 1.0 550.2822543054426 280.63552767922374 1.0 551.0889600641017 306.8991437789989 1.0
0.23662625643544616 -0.9716007486438792 116.45745123995606 137.44860551922466 153.33602863540884 1.0 145.6934362589468 155.34399686269498 1.0 129.20377477950254 151.3280604081227 1.0
-0.1696356935108491 0.9855068398986855 -414.12869477319134 251.9043659617542 463.579397012091 1.0 243.09270118078106 462.0626415664777 1.0 260.7160307427273 465.0961524577043 1.0
0.9999683481029827 0.007956305184707352 -280.33097489970066 277.88824904237487 308.12311627750495 1.0 277.7986643136684 319.38234918778346 1.0 277.97783377108135 296.86388336722644 1.0
-0.9992524994950943 -0.03865801666933659 175.53036520879374 159.77618462199263 410.61634126898025 1.0 160.0668370467683 403.10340638601235 1.0 159.48553219721694 418.1292761519482 1.0
0.9999694595467111 0.0078153678005816 -407.9502142681604 405.95994218717715 256.2477330222748 1.0 405.89640608812834 264.3771212031845 1.0 406.0234782862259 248.11834484136511 1.0
0.9999846908850182 0.005533353015544522 -185.5175619618813 183.73586888058415 322.4999218063307 1.0 183.67705876859833 333.128054782818 1.0 183.79467899256997 311.87178882984335 1.0
-0.11395532300155371 -0.9934858752693022 462.53057894540456 100.58496521511219 454.0259685352308 1.0 114.43944275959134 452.43682519369014 1.0 86.73048767063304 455.61511187677144 1.0
0.07777625801026673 -0.9969708389365863 256.77870035594026 178.10911371300764 271.4536375273833 1.0 183.1273308947059 271.8451215498163 1.0 173.0908965313094 271.0621535049503 1.0
-0.02297477372896954 -0.9997360450499435 475.21953662288854 61.864619678519546 473.9233053863495 1.0 76.85670207510108 473.5787747449937 1.0 46.872537281938 474.26783602770524 1.0
0.12819985733688943 0.9917483534540409 -399.7002493059488 470.5855632097258 342.19491875706944 1.0 460.5115239987624 343.49715473775325 1.0 480.6596024206893 340.8926827763857 1.0
0.08762555004611276 0.9961534836455255 -374.0872138195991 273.0928395309018 351.5093901600509 1.0 256.8585002613227 352.9374260315173 1.0 289.3271788004809 350.0813542885844 1.0
-0.999558290459457 -0.029719084335957956 277.7349575146721 270.34999563106277 252.5104061461708 1.0 270.6661734405831 241.87622417768404 1.0 270.0338178215424 263.14458811465755 1.0
-0.9997577452545505 -0.022010243150344663 156.48649987582937 148.24160732939845 376.2250477069238 1.0 148.4760150729631 365.5776888578808 1.0 148.00719958583377 386.87240655596685 1.0
-0.9999069955587143 -0.013638190229841167 275.5984110978497 271.22520824842354 322.5081865156518 1.0 271.3019159336474 316.884232766961 1.0 271.14850056319966 328.13214026434264 1.0
-0.995406571901337 0.09573795807112435 123.15632926870904 130.4049371958252 69.45627793164859 1.0 129.7921376981433 63.084879799288 1.0 131.01773669350706 75.82767606400918 1.0
-0.9999451597984609 -0.01047269762909366 150.98101431196915 146.72786108403955 406.8865505640953 1.0 146.91112324186383 389.3884699185188 1.0 146.54459892621526 424.38463120967174 1.0
0.0436656544818537 0.9990462004425378 -489.1272248464992 321.84341180048204 475.5272793381514 1.0 314.384976974717 475.8532677037876 1.0 329.30184662624714 475.20129097251527 1.0
-0.9999804344236713 0.006255459203387854 298.37071134173476 299.3500506556236 155.62124633416113 1.0 299.27183448874587 143.11782588327688 1.0 299.42826682250126 168.1246667850454 1.0
-0.9982542828079323 -0.05906256729622323 446.7362077522746 438.7166426193688 148.7480263820829 1.0 439.12416915385853 141.8601593787421 1.0 438.30911608487907 155.63589338542369 1.0
-0.09344986232935369 -0.9956239868698548 424.15071420826735 58.79658104744696 420.4962790422127 1.0 68.14786090554956 419.61856232699944 1.0 49.445301189344356 421.373995757426 1.0
-0.9635453474828664 0.26754506787478294 54.3461380735199 127.96233016358661 257.7187101835909 1.0 125.32184335257934 248.20917669808972 1.0 130.60281697459388 267.228243669092 1.0
0.9959779091442724 -0.08959913223130885 -227.30039576171532 239.23460664864098 122.45640431901842 1.0 239.8531406015699 129.33198601084231 1.0 238.61607269571203 115.58082262719452 1.0
-0.2909573490119763 -0.9567360247507789 522.5880418641812 303.7764119068179 453.83684854608725 1.0 310.59134325932564 451.7643287404901 1.0 296.9614805543102 455.90936835168435 1.0
-0.022784982593303475 -0.9997403885850682 436.6894573834468 69.99048958983778 435.2077101858762 1.0 79.36062250766487 434.9941564294537 1.0 60.62035667201069 435.4212639422987 1.0
-0.05469766378959356 -0.9985029622269332 335.35880721539513 36.880003043242674 333.8413302900316 1.0 44.39169914713788 333.42984204861057 1.0 29.368306939347466 334.25281853145265 1.0
0.1430839341477908 0.9897105575817562 -469.96404188069624 16.77379572264436 472.42497073139003 1.0 4.175679174668474 474.2462992649981 1.0 29.37191227062024 470.603642197782 1.0
0.9882212881128565 0.15303164940810962 -230.4495797720835 213.25553699774056 128.77021439156727 1.0 211.9975269292764 136.8939739872128 1.0 214.51354706620472 120.64645479592173 1.0
0.12155373655295129 -0.9925848523577295 419.20754256408566 254.9466702234388 453.5604808819162 1.0 265.5654980425076 454.8608817455343 1.0 244.32784240436993 452.2600800182981 1.0
-0.2115577366583848 -0.9773655017750429 461.7120770064855 262.02387560848297 415.68778332612806 1.0 274.6105710137437 412.9633032957716 1.0 249.43718020322223 418.4122633564846 1.0
0.8543665814115258 -0.5196708040357692 -15.884722129979066 34.78682498551351 26.624506329015997 1.0 38.01948836915754 31.939177737317905 1.0 31.55416160186948 21.30983492071409 1.0
0.18014855373780728 -0.9836394149210249 205.90499013226773 161.23017751420457 238.8582338876751 1.0 168.2143119757299 240.13734257655904 1.0 154.24604305267925 237.57912519879122 1.0
-0.8442723371879798 -0.5359143781045124 213.9890281033512 170.4907327740014 130.7082279134021 1.0 175.6029725641435 122.65447378358299 1.0 165.37849298385927 138.76198204322125 1.0
0.16506491627895564 -0.9862827046105094 167.96331762367222 195.63895335057455 203.04162705405056 1.0 220.56829520615977 207.21381795534663 1.0 170.70961149498933 198.8694361527545 1.0
-0.3070868954184893 -0.9516814796255277 505.2015545795317 237.45336720058958 454.23048204041237 1.0 243.27853869557833 452.35082601266214 1.0 231.6281957056008 456.1101380681626 1.0
1.0 0.0 -283.125 283.12499999999994 126.875 1.0 283.12499999999994 135.625 1.0 283.12499999999994 118.125 1.0
-0.17428244198656864 -0.9846957044768695 424.1566157653135 6.29594649726349 429.6345976850875 1.0 11.96460963333637 428.63129438066323 1.0 0.6272833611906092 430.63790098951176 1.0
0.16555583644028826 -0.9862004182824893 167.68574397842607 159.3894036786619 196.78919865208843 1.0 168.10366629152492 198.2520828783448 1.0 150.6751410657989 195.3263144258321 1.0
-0.999801809378548 -0.01990833904125124 289.1355780925444 286.77831932049276 121.26052004512867 1.0 287.03981219753143 108.12828178752608 1.0 286.51682644345414 134.39275830273127 1.0
0.17040639391615955 -0.9853738685963266 166.80396429674906 309.4326147453214 222.79184310851923 1.0 338.1873325345891 227.76456252264984 1.0 280.6778969560537 217.8191236943886 1.0
-0.12100589114823145 -0.9926517890516404 425.86541310358206 34.279213900183514 424.83923459265594 1.0 41.81954160040679 423.9200562030346 1.0 26.738886199960245 425.75841298227726 1.0
0.0005680366479443937 -0.9999998386671703 360.523310543933 626.249855660936 360.8791016343646 1.0 638.1248518292816 360.88584706847064 1.0 614.3748594925904 360.8723562002585 1.0
-1.0 0.0 275.625 275.625 160.625 1.0 275.625 150.625 1.0 275.625 170.625 1.0
0.9999928414576049 -0.0037837856104046687 -266.48889153160775 267.6212115251028 298.7495413582923 1.0 267.71817928542663 324.3765393333852 1.0 267.52424376477893 273.12254338319934 1.0
-0.32846526427498823 0.944516050771379 0.2535065036380493 396.4340801613238 137.5956695474095 1.0 391.75549463128146 135.96864284807134 1.0 401.1126656913661 139.2226962467477 1.0
-0.06486859157043097 -0.9978938149060093 355.41052120113966 75.00228171038961 351.28510026393485 1.0 95.66186550491615 349.9421135822222 1.0 54.34269791586308 352.62808694564757 1.0
0.9988522450443166 0.047897730321265104 -118.00863506725165 106.42537466559851 244.38340970071368 1.0 105.58669257462365 261.8731630529049 1.0 107.26405675657337 226.89365634852246 1.0
-0.004727753395134227 -0.9999888241114673 325.33112424963895 389.37674390975496 323.4938623579804 1.0 406.8763527558421 323.4111275982103 1.0 371.8771350636679 323.57659711775045 1.0
-0.24920124779069994 -0.9684517221315465 490.0814387659068 269.03856383275416 436.81753389200435 1.0 277.8485262350759 434.55056118342617 1.0 260.22860143043243 439.0845066005825 1.0
0.15403744445261885 0.9880650108704924 -438.23991468130106 239.36973049444828 406.2161990363529 1.0 228.10129211294844 407.97292701696307 1.0 250.6381688759481 404.4594710557428 1.0
-0.08690922612839365 -0.9962162347672134 357.6345963132759 284.35848565075014 334.1857006176192 1.0 293.15062050939576 333.41868075796003 1.0 275.5663507921045 334.95272047727843 1.0
0.0 -1.0 328.12500000000057 309.375 328.1250000000001 1.0 321.875 328.1250000000001 1.0 296.875 328.1250000000001 1.0
0.9993551865208932 -0.035905586943968754 -417.37153677154475 424.8043851136208 199.38202819918797 1.0 425.29857434549547 213.13672806713433 1.0 424.3101958817461 185.62732833124164 1.0
0.015108137941169227 -0.9998858655706413 276.0112116962872 93.12575798515812 277.44983507240454 1.0 99.38377289469686 277.54439281719 1.0 86.86774307561937 277.3552773276191 1.0
0.9999667898653412 -0.008149795482379714 -495.1875155782857 497.5980782992842 293.7542944467152 1.0 497.6846670005666 304.37858874307216 1.0 497.5114895980019 283.1300001503582 1.0
0.1346766566470078 -0.9908895993774403 170.89979744151944 94.41863186604695 185.30397656992864 1.0 103.17673822283588 186.49433368280208 1.0 85.66052550925804 184.11361945705522 1.0
0.11333489467319288 0.9935568436931107 -416.62453804778426 128.85019878169095 404.6283983570623 1.0 118.29129685152104 405.83285087099415 1.0 139.40910071186087 403.4239458431304 1.0
-0.9995224054555428 0.030902443145575633 412.2366514089515 420.85834387437126 272.4927856586588 1.0 420.68340694890213 266.8345477088567 1.0 421.0332807998404 278.1510236084609 1.0
1.0 0.0 -285.625 285.625 57.5 1.0 285.625 69.375 1.0 285.625 45.625 1.0
-0.015814810305246414 -0.999874938067261 369.929299901407 78.75956672689864 368.72984636114205 1.0 86.92206667875683 368.60074182672423 1.0 70.59706677504043 368.8589508955599 1.0
-0.10555048025277286 -0.9944139460598936 386.0962536866226 363.8450379486246 349.6453731076442 1.0 372.07631973504294 348.77167684755574 1.0 355.6137561622063 350.5190693677327 1.0
-0.9900525685173037 -0.14069794444941075 569.8160695209028 535.0510153806467 284.91843013325087 1.0 536.2323043450363 276.6060260115576 1.0 533.8697264162571 293.2308342549441 1.0
0.08362780455720195 -0.9964970598576508 336.8695651527579 476.879254673917 378.0743019089594 1.0 483.1897131900274 378.60388680460073 1.0 470.5687961578066 377.54471701331806 1.0
0.9993919894361201 0.03486619352487239 -193.03630269425153 184.62858456782214 244.36204227923244 1.0 184.19226235427922 256.8686247576653 1.0 185.06490678136504 231.85545980079957 1.0
-1.0 0.0 283.125 283.125 59.375 1.0 283.125 49.375 1.0 283.125 69.375 1.0
-1.0 0.0 299.375 299.375 116.875 1.0 299.375 101.875 1.0 299.375 131.875 1.0
-0.2886244158291855 0.9574423985740663 -203.12248262565123 55.005230791536576 228.73264810140597 1.0 51.62241610911663 227.71288658569918 1.0 58.38804547395652 229.7524096171128 1.0
-0.9997151441288656 -0.02386693527458982 125.04188569234185 118.7957119578829 263.1260913152076 1.0 118.91536866019727 258.1140268828059 1.0 118.67605525556851 268.1381557476093 1.0
-1.0 0.0 81.875 81.875 295.625 1.0 81.875 283.125 1.0 81.875 308.125 1.0
